13138
13136
13136
13139
13137
13142
13139
13140
13133
13126
13134
13135
13132
13142
13139
13135
13142
13147
13147
13144
13143
13134
13137
13138
13132
13131
13126
13123
13133
13128
13132
13133
13128
13132
13123
13119
13115
13121
13125
13127
13132
13142
13142
13145
13150
13147
13145
13144
13139
13133
13141
13127
13131
13137
13131
13124
13131
13137
13135
13134
13141
13137
13139
13145
13140
13139
13143
13139
13139
13133
13141
13139
13134
13140
13136
13132
13137
13141
13142
13145
13142
13143
13142
13138
13145
13147
13144
13150
13148
13141
13144
13135
13139
13142
13146
13143
13142
13141
13138
13136
13132
13136
13131
13133
13131
13131
13134
13127
13133
13130
13132
13136
13135
13143
13144
13144
13146
13145
13147
13138
13139
13141
13155
13149
13150
13149
13149
13145
13139
13132
13135
13128
13121
13129
13120
13118
13119
13126
13126
13130
13134
13132
13141
13142
13139
13142
13150
13144
13149
13144
13146
13145
13144
13138
13135
13139
13139
13139
13133
13131
13126
13131
13136
13132
13130
13125
13129
13135
13123
13115
13122
13117
13112
13118
13122
13124
13125
13131
13132
13136
13135
13136
13129
13132
13128
13132
13134
13128
13138
13132
13127
13127
13123
13127
13127
13132
13137
13126
13131
13129
13134
13137
13133
13118
13128
13134
13134
13138
13129
13124
13134
13126
13125
13127
13117
13127
13137
13137
13130
13130
13134
13133
13135
13138
13132
13134
13135
13133
13145
13135
13127
13133
13137
13131
13133
13132
13133
13136
13134
13140
13142
13141
13141
13141
13141
13139
13135
13133
13132
13135
13148
13138
13139
13142
13141
13146
13141
13142
13132
13131
13123
13124
13118
13123
13135
13137
13140
13140
13141
13136
13132
13135
13132
13129
13133
13132
13139
13136
13136
13129
13126
13124
13124
13128
13137
13134
13140
13144
13147
13140
13143
13138
13141
13146
13141
13145
13142
13145
13145
13138
13135
13130
13138
13139
13135
13140
13132
13134
13137
13131
13130
13138
13131
13132
13121
13123
13120
13117
13125
13129
13122
13123
13118
13124
13134
13132
13133
13134
13136
13137
13137
13131
13130
13126
13121
13126
13131
13132
13132
13135
13131
13133
13131
13129
13135
13138
13142
13139
13142
13137
13133
13140
13140
13140
13136
13130
13134
13136
13138
13135
13125
13131
13126
13130
13130
13130
13129
13135
13134
13131
13132
13127
13122
13123
13122
13123
13127
13124
13130
13135
13131
13128
13134
13133
13133
13133
13142
13133
13137
13136
13130
13129
13123
13129
13131
13135
13138
13139
13140
13147
13143
13141
13151
13147
13149
13155
13164
13160
13155
13141
13136
13138
13136
13141
13133
13133
13128
13124
13130
13125
13127
13131
13134
13131
13129
13126
13125
13126
13126
13124
13127
13129
13131
13132
13128
13125
13131
13135
13130
13136
13125
13123
13125
13124
13128
13132
13134
13134
13131
13124
13140
13130
13132
13135
13133
13135
13133
13133
13121
13115
13118
13117
13114
13125
13121
13121
13126
13126
13132
13130
13129
13131
13135
13137
13134
13124
13126
13135
13140
13141
13141
13138
13133
13129
13130
13137
13142
13143
13147
13132
13137
13128
13125
13125
13123
13118
13121
13124
13125
13130
13128
13129
13134
13135
13141
12835
12145
11521
10915
10553
10382
10305
10317
10323
10400
10458
10467
10512
10613
10709
10833
10940
11068
11175
11300
11405
11520
11613
11713
11799
11894
11963
12045
12107
12175
12231
12294
12337
12389
12436
12486
12532
12570
12612
12650
12681
12708
12728
12757
12772
12795
12819
12836
12847
12857
12873
12892
12907
12927
12944
12954
12969
12978
12983
12995
12998
13002
13005
13006
13008
13026
13031
13039
13053
13055
13072
13078
13086
13085
13089
13092
13094
13098
13098
13099
13101
13100
13099
13106
13101
13100
13104
13103
13108
13109
13106
13107
13112
13110
13112
13098
13099
13109
13109
13116
13116
13107
13115
13119
13116
13122
13119
13126
13126
13122
13121
13121
13122
13128
13127
13128
13126
13134
13127
13124
13124
13123
13119
13132
13122
13124
13130
13125
13122
13117
13123
13127
13127
13128
13135
13130
13132
13136
13134
13141
13143
13141
13140
13138
13132
13144
13134
13140
13149
13142
13144
13150
13145
13140
13139
13137
13129
13133
13133
13129
13132
13131
13128
13132
13124
13122
13129
13130
13129
13121
13121
13120
13124
13126
13127
13123
13130
13133
13128
13129
13134
13133
13137
13136
13135
13139
13139
13134
13138
13136
13132
13138
13133
13131
13126
13123
13127
13133
13138
13133
13132
13138
13141
13152
13142
13133
13138
13142
13139
13132
13136
13147
13147
13149
13151
13147
13143
13143
13138
13145
13146
13145
13154
13148
13141
13146
13133
13135
13138
13135
13140
13145
13140
13142
13142
13139
13132
13131
13137
13141
13137
13140
13138
13144
13138
13142
13140
13145
13143
13141
13140
13140
13138
13132
13131
13124
13128
13133
13131
13132
13134
13145
13154
13150
13141
13143
13139
13142
13145
13138
13135
13144
13138
13142
13132
13131
13129
13131
13134
13137
13136
13149
13145
13151
13140
13142
13148
13148
13141
13136
13131
13130
13125
13122
13123
13122
13129
13125
13128
13137
13137
13132
13139
13136
13136
13142
13146
13146
13141
13150
13147
13148
13145
13144
13136
13131
13133
13136
13141
13136
13135
13127
13131
13137
13131
13132
13146
13143
13143
13142
13137
13133
13136
13133
13138
13129
13132
13136
13129
13139
13137
13143
13148
13146
13135
13139
13129
13126
13139
13130
13133
13127
13122
13119
13124
13128
13122
13121
13128
13126
13131
13129
13129
13137
13133
13125
13129
13134
13129
13131
13132
13133
13133
13132
13131
13117
13126
13123
13122
13130
13132
13136
13137
13132
13137
13142
13134
13131
13130
13122
13124
13119
13126
13126
13126
13128
13132
13136
13139
13131
13130
13128
13118
13124
13114
13119
13129
13125
13128
13131
13130
13132
13127
13129
13135
13132
13133
13129
13133
13140
13138
13139
13138
13131
13128
13134
13127
13135
13142
13138
13135
13141
13138
13133
13136
13129
13123
13122
13122
13117
13118
13127
13122
13129
13119
13114
13132
13129
13134
13143
13140
13145
13139
13135
13138
13139
13142
13149
13144
13144
13140
13140
13145
13144
13144
13149
13147
13149
13146
13134
13141
13139
13136
13130
13137
13132
13130
13133
13131
13132
13134
13135
13135
13141
13140
13135
13138
13135
13134
13138
13143
13141
13140
13137
13145
13135
13143
13146
13140
13141
13140
13141
13141
13133
13130
13137
13134
13133
13136
13134
13132
13131
13135
13137
13135
13134
13136
13138
13131
13126
13125
13133
13137
13143
13144
