13127
13133
13134
13141
13145
13140
13141
13142
13148
13146
13149
13144
13145
13136
13137
13138
13134
13139
13129
13134
13131
13131
13135
13138
13129
13136
13141
13138
13148
13147
13144
13154
13154
13144
13151
13143
13134
13141
13128
13127
13121
13131
13136
13130
13143
13130
13128
13128
13125
13127
13139
13132
13135
13131
13134
13137
13140
13139
13134
13133
13131
13128
13128
13134
13133
13135
13137
13134
13134
13137
13134
13140
13135
13124
13142
13138
13139
13137
13136
13136
13135
13136
13139
13135
13135
13136
13140
13138
13135
13141
13134
13137
13134
13132
13127
13129
13122
13120
13121
13122
13128
13125
13124
13134
13133
13141
13145
13145
13150
13151
13153
13146
13144
13141
13149
13144
13144
13150
13149
13147
13143
13141
13138
13127
13129
13124
13122
13124
13129
13132
13137
13140
13149
13144
13146
13145
13142
13142
13138
13138
13139
13138
13129
13129
13121
13126
13127
13125
13126
13136
13143
13151
13143
13140
13146
13133
13139
13141
13136
13137
13132
13136
13129
13126
13121
13126
13135
13137
13136
13137
13133
13130
13142
13136
13136
13138
13130
13130
13123
13128
13128
13125
13120
13124
13120
13123
13126
13122
13124
13129
13126
13135
13129
13127
13138
13131
13132
13130
13124
13123
13130
13126
13122
13119
13119
13119
13122
13117
13114
13121
13122
13124
13135
13125
13123
13131
13133
13139
13135
13133
13131
13131
13126
13134
13127
13134
13133
13137
13137
13143
13140
13142
13141
13138
13139
13132
13126
13132
13126
13132
13131
13133
13138
13135
13141
13137
13141
13142
13145
13143
13143
13129
13130
13125
13128
13130
13130
13127
13133
13136
13139
13137
13136
13131
13133
13142
13146
13140
13142
13140
13135
13139
13127
13123
13131
13135
13142
13141
13139
13133
13137
13141
13135
13138
13145
13140
13142
13150
13141
13131
13125
13124
13124
13123
13126
13122
13129
13133
13132
13134
13127
13129
13123
13130
13114
13122
13124
13117
13122
13131
13134
13140
13133
13138
13144
13138
13137
13138
13139
13134
13142
13138
13133
13133
13140
13137
13145
13141
13138
13138
13144
13137
13146
13141
13141
13139
13140
13144
13136
13143
13138
13138
13141
13146
13142
13148
13153
13145
13144
13147
13144
13151
13147
13142
13152
13144
13144
13143
13137
13137
13141
13138
13134
13129
13139
13132
13133
13130
13130
13129
13131
13135
13139
13140
13133
13139
13131
13137
13138
13136
13135
13133
13138
13147
13141
13136
13136
13135
13133
13136
13133
13136
13131
13133
13134
13128
13133
13130
13130
13132
13136
13135
13129
13130
13132
13135
13143
13147
13144
13147
13146
13143
13151
13145
13146
13152
13148
13149
13144
13138
13138
13133
13131
13135
13126
13134
13142
13139
13141
13140
13142
13153
13147
13142
13149
13139
13137
13136
13131
13137
13136
13139
13141
13138
13133
13131
13124
13118
13119
13125
13126
13126
13138
13136
13136
13145
13140
13145
13137
13141
13143
13153
13145
13151
13138
13141
13143
13147
13145
13140
13142
13146
13144
13137
13138
13133
13133
13139
13140
13136
13135
13135
13129
13130
13134
13135
13135
13136
13137
13133
13128
13135
13139
13137
13131
13137
13140
13144
13141
13141
13140
13138
13140
13142
13136
12954
12271
11532
11044
10647
10444
10352
10354
10393
10488
10577
10708
10829
10964
11084
11221
11332
11453
11544
11645
11730
11817
11895
11975
12050
12127
12188
12257
12304
12354
12401
12444
12483
12525
12560
12593
12625
12654
12696
12720
12757
12781
12798
12812
12830
12849
12876
12892
12905
12925
12939
12954
12963
12969
12986
12998
13003
13015
13024
13021
13025
13040
13049
13046
13052
13047
13061
13073
13078
13085
13094
13099
13097
13097
13093
13100
13101
13096
13100
13092
13097
13103
13106
13113
13111
13108
13126
13121
13125
13132
13131
13125
13135
13125
13122
13125
13123
13119
13123
13123
13121
13126
13128
13134
13132
13129
13127
13130
13127
13127
13133
13136
13129
13127
13122
13121
13122
13123
13132
13121
13125
13132
13133
13125
13129
13126
13133
13135
13136
13134
13126
13125
13132
13122
13121
13120
13124
13126
13122
13124
13121
13125
13132
13128
13130
13127
13130
13134
13131
13129
13132
13123
13138
13136
13134
13137
13134
13135
13138
13137
13142
13151
13145
13147
13145
13142
13150
13142
13137
13142
13134
13132
13143
13137
13137
13134
13135
13133
13127
13122
13119
13127
13122
13124
13122
13120
13118
13122
13122
13133
13137
13139
13134
13135
13137
13134
13135
13132
13146
13142
13141
13141
13138
13141
13141
13134
13135
13133
13127
13131
13124
13128
13134
13122
13127
13131
13129
13132
13134
13133
13130
13133
13128
13126
13128
13119
13119
13131
13125
13128
13138
13144
13147
13143
13145
13153
13151
13138
13150
13143
13138
13137
13134
13136
13133
13134
13138
13137
13139
13146
13141
13142
13144
13135
13133
13138
13142
13143
13135
13139
13133
13140
13148
13151
13151
13148
13150
13161
13148
13146
13150
13143
13143
13143
13147
13143
13137
13145
13149
13142
13147
13143
13140
13143
13137
13134
13133
13127
13133
13140
13129
13134
13135
13131
13132
13129
13132
13129
13125
13128
13131
13131
13127
13124
13122
13126
13121
13124
13119
13128
13134
13131
13133
13133
13138
13137
13142
13144
13141
13136
13143
13145
13137
13135
13133
13126
13130
13127
13126
13134
13136
13135
13140
13142
13136
13134
13136
13138
13138
13144
13147
13143
13143
13149
13137
13134
13125
13132
13132
13132
13135
13127
13132
13133
13135
13132
13138
13137
13136
13132
13136
13138
13141
13146
13139
13145
13147
13142
13133
13142
13138
13142
13137
13123
13128
13134
13139
13142
13138
13137
13131
13129
13133
13134
13138
13134
13136
13141
13131
13129
13131
13131
13131
13134
13136
13139
13144
13141
13140
13134
13138
13141
13140
13141
13143
13148
13153
13138
13132
13127
13129
13126
13134
13131
13131
13135
13135
13138
13134
13137
13135
13147
13145
13141
13141
13141
13143
13148
13139
13135
13134
13134
13129
13128
13133
13129
13132
13131
13137
13134
13138
13141
13143
13147
13149
13152
13159
13156
13149
13157
13153
13142
13148
13142
13138
13149
13140
13139
13139
13143
13137
13129
13136
13134
13136
13138
13137
13145
13141
13135
13140
13136
13136
13132
13131
13132
13137
13133
13134
13133
13135
13134
13129
13129
13129
13127
13134
13132
13137
13133
13124
13125
13135
13125
13136
13137
13129
13129
13135
13138
13134
13138
13139
13139
13139
13136
13137
13142
13136
13129
13134
13126
13129
13131
13127
13131
13123
13125
13135
13125
13129
13122
13121
13122
13127
