13128
13123
13125
13134
13137
13136
13136
13141
13133
13133
13135
13129
13138
13134
13130
13141
13132
13127
13134
13133
13130
13133
13129
13133
13141
13143
13139
13139
13137
13133
13131
13136
13129
13126
13126
13130
13137
13135
13132
13141
13140
13143
13141
13146
13150
13142
13142
13135
13124
13130
13132
13129
13130
13132
13131
13130
13126
13132
13137
13131
13135
13132
13136
13131
13134
13128
13134
13136
13142
13133
13134
13132
13135
13132
13136
13134
13148
13139
13144
13140
13137
13127
13008
12914
12864
12834
12818
12813
12807
12823
12835
12850
12864
12880
12891
12906
12918
12923
12946
12951
12964
12980
12985
12998
13015
13019
13025
13030
13038
13050
13054
13074
13075
13082
13082
13091
13095
13097
13094
13099
13105
13101
13101
13099
13100
13104
13107
13116
13114
13112
13120
13125
13129
13125
13125
13129
13126
13124
13128
13121
13128
13131
13128
13126
13131
13127
13122
13120
13120
13120
13124
13127
13118
13116
13118
13122
13122
13124
13118
13126
13131
13132
13128
13128
13124
13134
13137
13133
13129
13131
13129
13123
13137
13133
13132
13136
13130
13128
13134
13131
13128
13136
13140
13151
13148
13146
13142
13145
13152
13148
13145
13145
13137
13134
13135
13135
13134
13135
13127
13133
13125
13131
13124
13128
13127
13129
13125
13133
13120
13125
13133
13129
13134
13138
13135
13133
13131
13124
13134
13125
13128
13133
13133
13133
13131
13137
13143
13136
13140
13137
13134
13132
13141
13137
13131
13128
13136
13135
13134
13137
13134
13143
13141
13134
13131
13130
13134
13126
13128
13130
13132
13124
13126
13127
13129
13133
13136
13124
13132
13130
13130
13126
13123
13127
13133
13136
13136
13138
13141
13139
13136
13140
13131
13130
13132
13132
13134
13119
13122
13122
13125
13127
13129
13129
13133
13134
13134
13138
13133
13139
13143
13141
13140
13130
13129
13137
13131
13131
13137
13133
13134
13145
13145
13146
13142
13138
13132
13134
13125
13123
13125
13131
13136
13138
13142
13140
13141
13139
13131
13131
13131
13128
13129
13132
13143
13140
13137
13136
13127
13135
13137
13133
13142
13138
13138
13147
13137
13129
13146
13137
13135
13139
13137
13135
13135
13134
13133
13130
13133
13128
13125
13122
13119
13119
13126
13125
13134
13129
13128
13137
13137
13133
13132
13126
13127
13133
13133
13137
13130
13131
13135
13129
13131
13138
13141
13144
13144
13146
13155
13153
13148
13154
13149
13146
13146
13140
13145
13144
13142
13137
13145
13144
13138
13139
13135
13137
13142
13127
13129
13131
13137
13134
13132
13131
13134
13144
13149
13149
13155
13162
13160
13151
13137
13138
13135
13139
13143
13145
13143
13140
13137
13145
13138
13140
13144
13140
13141
13146
13143
13142
13139
13139
13133
13134
13129
13134
13132
13125
13133
13135
13136
13139
13134
13139
13135
13138
13133
13134
13123
13129
13130
13125
13124
13128
13127
13133
13136
13138
13139
13135
13138
13138
13128
13129
13139
13138
13134
13127
13129
13129
13139
13138
13130
13133
13134
13142
13142
13136
13133
13137
13137
13134
13136
13133
13132
13130
13126
13125
13125
13128
13127
13127
13132
13130
13121
13136
13131
13130
13137
13132
13130
13107
12761
12234
11756
11315
11070
10918
10867
10854
10912
10972
11063
11152
11270
11367
11495
11580
11681
11777
11870
11939
12024
12082
12157
12223
12285
12333
12383
12431
12474
12505
12543
12572
12612
12647
12668
12689
12728
12756
12785
12811
12822
12842
12867
12887
12899
12912
12925
12933
12948
12967
12975
12987
12999
13010
13025
13027
13024
13029
13044
13043
13049
13049
13054
13069
13068
13078
13075
13084
13090
13097
13100
13100
13107
13107
13096
13102
13106
13104
13104
13107
13103
13111
13117
13118
13118
13122
13129
13126
13129
13131
13126
13126
13124
13120
13131
13125
13131
13138
13130
13129
13124
13132
13128
13130
13128
13130
13132
13125
13134
13135
13134
13139
13148
13154
13144
13143
13143
13130
13122
13122
13120
13118
13125
13132
13132
13129
13135
13130
13136
13139
13131
13129
13121
13122
13119
13112
13107
13109
13107
13110
13108
13112
13116
13120
13120
13129
13128
13130
13138
13136
13140
13136
13138
13141
13139
13135
13134
13134
13133
13129
13128
13132
13134
13135
13134
13133
13119
13124
13124
13129
13134
13134
13137
13139
13145
13144
13135
13132
13130
13138
13136
13132
13134
13138
13137
13139
13128
13127
13134
13127
13132
13138
13131
13135
13129
13118
13123
13122
13124
13136
13141
13142
13142
13141
13145
13146
13144
13144
13142
13143
13141
13140
13136
13143
13153
13151
13143
13139
13135
13143
13140
13136
13130
13134
13130
13136
13127
13136
13135
13129
13132
13134
13136
13138
13124
13125
13128
13127
13126
13126
13126
13134
13134
13133
13133
13131
13130
13128
13135
13139
13136
13134
13131
13132
13140
13127
13129
13132
13135
13139
13137
13140
13138
13144
13144
13147
13140
13132
13136
13135
13135
13132
13124
13126
13124
13124
13123
13118
13121
13121
13125
13129
13135
13136
13140
13138
13141
13139
13143
13142
13136
13144
13141
13133
13140
13137
13133
13136
13134
13136
13135
13132
13127
13124
13122
13125
13121
13127
13132
13129
13136
13133
13135
13139
13139
13133
13145
13136
13133
13139
13138
13141
13148
13145
13147
13140
13138
13136
13132
13140
13143
13138
13140
13137
13137
13131
13130
13128
13119
13117
13115
13117
13125
13126
13128
13134
13129
13132
13138
13138
13134
13138
13130
13139
13133
13129
13137
13125
13128
13138
13133
13132
13126
13129
13126
13135
13134
13137
13134
13138
13140
13144
13150
13139
13139
13137
13135
13142
13140
13141
13132
13132
13133
13134
13134
13135
13126
13127
13129
13126
13121
13127
13130
13138
13141
13134
13146
13134
13134
13131
13123
13123
13126
13133
13142
13140
13133
13136
13139
13142
13136
13138
13141
13137
13139
13135
13124
13132
13128
13128
13127
13136
13136
13138
13137
13142
13133
13134
13138
13140
13145
13139
13139
13140
13134
13128
13136
13132
13140
13139
13131
13135
13130
13134
13129
13137
13130
13129
13122
13127
13134
13134
13134
13138
13146
13138
13137
13138
13136
13139
13140
13143
13141
13144
13144
13138
13133
13130
13128
13123
13128
13130
13132
13134
13128
13129
13137
13136
13139
13139
13132
13139
13135
13132
13139
13132
13121
13119
13119
13119
13123
13131
13132
13133
13143
13137
13136
13137
13128
13132
13130
13135
13134
13135
13133
13128
13122
13127
13135
13133
13146
13146
13147
13144
13143
13145
13156
13144
13146
13144
13134
13132
13132
13130
13131
13134
13137
13134
