13140
13139
13137
13138
13141
13136
13134
13129
13124
13127
13123
13126
13123
13125
13129
13127
13124
13123
13130
13137
13137
13139
13134
13136
13128
13132
13133
13131
13131
13132
13128
13129
13137
13129
13129
13128
13130
13130
13134
13135
13134
13137
13134
13136
13141
13136
13138
13141
13138
13132
13126
13132
13130
13135
13141
13140
13141
13144
13146
13142
13142
13140
13138
13137
13131
13129
13141
13137
13136
13137
13137
13135
13140
13143
13145
13139
13136
13129
13131
13141
13134
13133
13123
13124
13133
13127
13125
13120
13123
13122
13126
13126
13122
13128
13127
13136
13136
13140
13148
13145
13147
13148
13147
13147
13140
13130
13141
13134
13137
13138
13131
13130
13134
13130
13125
13125
13134
13134
13139
13137
13136
13129
13139
13136
13152
13141
13143
13147
13155
13153
13146
13145
13149
13148
13154
13141
13137
13128
13134
13134
13132
13126
13131
13135
13136
13129
13134
13131
13130
13138
13138
13137
13139
13141
13149
13149
13151
13142
13138
13133
13132
13133
13126
13120
13131
13128
13125
13132
13137
13131
13136
13131
13134
13133
13136
13142
13134
13132
13138
13136
13139
13136
13134
13139
13134
13129
13128
13132
13129
13126
13122
13124
13126
13122
13124
13132
13132
13133
13139
13142
13138
13140
13141
13139
13137
13135
13134
13136
13136
13138
13134
13127
13127
13130
13128
13125
13126
13126
13127
13124
13123
13117
13112
13122
13124
13118
13137
13129
13135
13137
13133
13133
13138
13130
13133
13132
13143
13132
13133
13136
13123
13120
13121
13128
13134
13131
13123
13136
13135
13135
13135
13123
13132
13131
13131
13132
13123
13128
13139
13136
13137
13133
13136
13138
13132
13129
13130
13123
13126
13129
13133
13141
13142
13138
13139
13134
13137
13133
13137
13138
13141
13137
13137
13132
13135
13131
13133
13131
13124
13125
13125
13123
13122
13119
13117
13119
13110
13127
13130
13127
13133
13142
13147
13151
13153
13153
13151
13142
13142
13137
13132
13127
13124
13124
13123
13120
13125
13128
13130
13137
13138
13137
13125
13122
13131
13129
13131
13136
13133
13134
13136
13137
13138
13139
13147
13148
13145
13148
13147
13142
13141
13134
13127
13134
13125
13126
13128
13122
13121
13123
13126
13135
13142
13144
13147
13145
13149
13146
13151
13149
13143
13138
13146
13147
13150
13142
13132
13138
13138
13136
13133
13132
13135
13138
13138
13138
13134
13135
13140
13136
13131
13129
13129
13141
13138
13133
13139
13136
13141
13133
13134
13137
13145
13147
13155
13150
13148
13138
13140
13135
13131
13137
13126
13127
13127
13123
13131
13135
13136
13130
13129
13128
13131
13130
13130
13146
13141
13137
13136
13136
13133
13131
13130
13138
13137
13145
13144
13143
13139
13140
13136
13125
13129
13137
13139
13139
13144
13138
13134
13129
13131
13132
13137
13138
13135
13127
13130
13132
13124
13128
13131
13131
13130
13139
13142
13148
13148
13152
13152
13145
13139
13138
13135
13136
13134
13124
13135
13138
13140
13136
13137
13126
13134
13128
13130
13128
13129
13122
13124
13126
13124
13117
13120
13118
13133
13122
13132
13133
13130
13140
13139
13139
13130
13129
13132
13131
13124
13125
13127
13123
13126
13130
13134
13140
13079
12590
12068
11643
11407
11148
11018
10964
10986
11017
11101
11180
11289
11381
11480
11571
11671
11749
11838
11912
11994
12065
12146
12207
12272
12324
12377
12417
12467
12507
12548
12583
12616
12652
12689
12716
12752
12776
12799
12816
12831
12850
12877
12883
12902
12916
12932
12945
12958
12969
12982
13000
13005
13007
13012
13021
13030
13030
13034
13035
13037
13036
13045
13055
13062
13071
13079
13086
13086
13094
13092
13099
13093
13092
13098
13105
13111
13114
13114
13116
13121
13115
13122
13117
13117
13122
13117
13125
13127
13119
13120
13114
13120
13109
13116
13118
13121
13124
13126
13126
13128
13124
13123
13134
13132
13137
13141
13142
13138
13136
13135
13134
13123
13130
13127
13128
13130
13125
13125
13131
13131
13126
13138
13132
13129
13132
13136
13130
13133
13127
13131
13129
13126
13122
13126
13125
13128
13124
13125
13125
13130
13130
13135
13138
13139
13138
13136
13133
13134
13132
13131
13133
13137
13146
13154
13150
13156
13151
13145
13150
13151
13140
13140
13137
13129
13136
13130
13130
13135
13139
13135
13132
13128
13127
13131
13132
13137
13137
13142
13138
13141
13140
13139
13135
13127
13126
13129
13137
13129
13126
13123
13129
13128
13132
13132
13130
13133
13137
13143
13145
13143
13133
13133
13144
13139
13136
13137
13130
13136
13130
13133
13140
13145
13150
13150
13155
13154
13147
13144
13140
13138
13131
13130
13129
13125
13134
13131
13135
13134
13136
13134
13136
13132
13127
13125
13126
13135
13136
13133
13130
13129
13132
13140
13132
13130
13127
13124
13133
13124
13129
13132
13139
13136
13132
13137
13140
13135
13137
13140
13142
13149
13150
13146
13145
13148
13141
13139
13137
13138
13138
13144
13145
13140
13136
13135
13133
13133
13133
13134
13138
13142
13139
13149
13145
13141
13144
13146
13145
13148
13145
13143
13142
13145
13138
13145
13144
13144
13143
13142
13140
13134
13131
13135
13139
13139
13141
13145
13141
13142
13141
13146
13140
13140
13138
13137
13137
13141
13133
13124
13124
13125
13123
13130
13119
13116
13126
13126
13123
13124
13120
13127
13135
13138
13138
13141
13141
13142
13138
13132
13128
13129
13127
13122
13131
13128
13135
13131
13131
13133
13137
13138
13133
13128
13124
13131
13132
13132
13141
13145
13149
13143
13132
13137
13129
13130
13143
13142
13142
13144
13145
13144
13142
13144
13137
13134
13140
13135
13138
13145
13142
13147
13151
13155
13148
13146
13135
13132
13128
13123
13121
13123
13129
13123
13129
13133
13135
13142
13143
13143
13153
13151
13147
13153
13148
13147
13134
13138
13140
13147
13140
13146
13140
13141
13138
13132
13138
13138
13135
13132
13128
13134
13134
13120
13126
13121
13112
13110
13115
13116
13120
13125
13126
13128
13132
13135
13132
13136
13139
13134
13139
13136
13131
13142
13133
13132
13127
13129
13132
13141
13134
13138
13131
13137
13137
13140
13142
13146
13153
13151
13148
13160
13144
13136
13147
13146
13140
13142
13138
13138
13136
13141
13134
13133
13132
13134
13132
13129
13130
13134
13136
13137
13125
13140
13133
13129
13130
13124
13134
13141
13138
13141
13141
13144
13145
13145
13136
13131
13132
13130
13136
13143
13130
13138
13133
13139
13139
13134
13137
13139
13138
13133
13138
13138
13139
13132
13128
13128
13127
13122
13127
13127
13127
13136
13135
13139
13138
