13126
13128
13138
13132
13126
13135
13132
13130
13133
13129
13129
13126
13126
13123
13126
13126
13128
13125
13130
13135
13132
13128
13127
13133
13128
13133
13131
13136
13136
13137
13139
13147
13144
13141
13136
13134
13137
13133
13133
13137
13142
13135
13142
13127
13131
13127
13125
13121
13130
13126
13124
13132
13130
13127
13127
13129
13134
13138
13143
13137
13143
13132
13139
13135
13131
13132
13135
13133
13130
13134
13132
13132
13124
13125
13128
13121
13117
13126
13127
13134
13137
13130
13135
13132
13135
13142
13139
13138
13138
13137
13147
13147
13141
13142
13139
13140
13133
13133
13126
13122
13125
13123
13115
13126
13119
13126
13129
13131
13143
13139
13135
13137
13125
13119
13119
13120
13122
13124
13128
13130
13128
13132
13139
13133
13133
13136
13127
13120
13125
13129
13126
13129
13123
13120
13120
13121
13130
13132
13133
13138
13147
13141
13146
13148
13139
13144
13147
13145
13140
13139
13137
13136
13135
13135
13137
13132
13135
13127
13126
13125
13117
13115
13130
13130
13130
13132
13126
13132
13135
13134
13130
13122
13127
13131
13129
13130
13128
13132
13129
13134
13137
13136
13126
13131
13126
13127
13122
13119
13125
13131
13127
13121
13119
13115
13119
13123
13121
13128
13135
13142
13135
13138
13151
13138
13130
13134
13129
13132
13138
13129
13129
13123
13133
13125
13121
13126
13121
13124
13121
13124
13134
13127
13119
13131
13130
13126
13133
13136
13136
13137
13134
13138
13135
13134
13127
13130
13131
13136
13128
13132
13124
13117
13131
13127
13125
13129
13128
13128
13133
13129
13131
13135
13137
13127
13130
13133
13128
13132
13127
13129
13133
13124
13127
13130
13132
13129
13126
13131
13129
13134
13137
13139
13131
13128
13131
13131
13127
13130
13130
13138
13137
13136
13140
13132
13128
13131
13131
13133
13139
13141
13146
13147
13148
13144
13151
13145
13142
13143
13147
13142
13140
13127
13124
13134
13130
13127
13125
13125
13127
13126
13121
13119
13114
13123
13133
13128
13132
13128
13135
13139
13134
13133
13134
13136
13129
13133
13129
13126
13126
13129
13128
13138
13139
13140
13138
13141
13133
13133
13133
13135
13136
13135
13132
13136
13137
13145
13136
13131
13132
13137
13135
13142
13132
13139
13142
13132
13133
13137
13134
13133
13137
13130
13140
13137
13139
13141
13146
13148
13149
13143
13146
13136
13126
13124
13125
13133
13129
13128
13130
13131
13141
13133
13132
13138
13139
13142
13137
13135
13132
13140
13146
13143
13141
13141
13147
13142
13142
13141
13142
13139
13138
13135
13140
13136
13138
13138
13139
13139
13134
13129
13135
13133
13140
13131
13134
13135
13130
13127
13121
13121
13135
13132
13134
13143
13150
13151
13149
13147
13149
13141
13136
13138
13134
13140
13144
13142
13140
13143
13142
13144
13136
13132
13129
13135
13141
13145
13141
13144
13150
13153
13148
13147
13145
13140
13139
13141
13136
13136
13133
13132
13133
13126
13128
13130
13132
13142
13141
13136
13142
13140
13140
13139
13138
13136
13141
13137
13137
13136
13137
13134
13138
13129
13136
13134
13121
13134
13126
13135
13137
13139
13144
13145
13147
13148
13146
13145
13137
13126
13122
13117
13120
13058
12776
12370
12010
11757
11614
11538
11525
11548
11595
11654
11724
11786
11867
11903
11924
11949
12003
12051
12117
12161
12236
12268
12325
12373
12427
12471
12522
12557
12592
12621
12656
12677
12711
12735
12761
12781
12805
12818
12852
12870
12884
12902
12912
12924
12902
12808
12756
12722
12706
12706
12717
12736
12760
12763
12791
12812
12828
12849
12864
12872
12894
12896
12906
12919
12929
12943
12958
12969
12984
12993
13002
13007
13018
13025
13030
13039
13044
13042
13053
13063
13068
13076
13077
13079
13085
13089
13086
13091
13091
13097
13095
13096
13092
13100
13108
13109
13107
13115
13116
13126
13139
13137
13132
13144
13129
13130
13111
12985
12908
12847
12821
12808
12806
12808
12819
12827
12840
12849
12876
12875
12903
12918
12932
12949
12955
12968
12979
12994
13011
13020
13025
13029
13037
13039
13054
13061
13070
13075
13072
13074
13082
13078
13078
13084
13081
13082
13087
13096
13093
13090
13094
13095
13100
13109
13110
13119
13115
13106
13112
13109
13109
13124
13122
13118
13118
13112
13115
13119
13115
13122
13113
13117
13121
13122
13116
13119
13118
13118
13117
13117
13126
13121
13121
13125
13126
13127
13135
13134
13136
13135
13137
13135
13129
13133
13140
13132
13134
13134
13145
13141
13132
13135
13138
13135
13141
13131
13131
13135
13137
13133
13125
13130
13142
13139
13133
13135
13137
13136
13124
13119
13127
13119
13135
13140
13140
13140
13139
13141
13141
13134
13131
13132
13134
13131
13127
13125
13122
13127
13142
13138
13134
13134
13130
13140
13142
13144
13139
13139
13135
13140
13133
13139
13138
13141
13149
13149
13142
13141
13140
13132
13143
13141
13145
13144
13141
13145
13142
13145
13146
13138
13141
13138
13137
13136
13128
13129
13128
13135
13148
13139
13134
13137
13134
13137
13132
13134
13131
13127
13131
13130
13131
13135
13136
13134
13133
13130
13127
13127
13124
13131
13141
13136
13134
13134
13132
13126
13129
13122
13126
13132
13132
13132
13136
13138
13136
13132
13130
13121
13133
13128
13126
13122
13119
13119
13118
13117
13126
13129
13137
13137
13133
13131
13132
13136
13137
13134
13134
13138
13135
13130
13143
13139
13140
13140
13133
13129
13128
13121
13014
12916
12864
12824
12811
12802
12819
12819
12832
12849
12875
12876
12888
12903
12917
12931
12942
12946
12957
12966
12988
12990
12996
13003
13021
13023
13034
13043
13046
13060
13067
13069
13069
13064
13068
13079
13083
13083
13086
13086
13086
13091
13099
13092
13103
13111
13110
13109
13108
13105
13115
13113
13110
13118
13119
13130
13126
13129
13126
13126
13124
13120
13121
13116
13117
13121
13125
13125
13128
13130
13122
13122
13128
13114
13122
13128
13128
13128
13132
13129
13141
13138
13133
13131
13138
13138
13141
13137
13128
13126
13132
13130
13125
13129
13128
13126
13129
13123
13126
13128
13118
13129
13128
13129
13134
13136
13142
13142
13151
13156
13160
13154
13157
13146
13137
13138
13134
13137
13139
13136
13141
13137
13139
13137
13133
13137
13131
13130
13135
13134
13140
13130
13133
13133
13137
13137
13141
13137
13134
13127
13129
13125
13121
13131
13134
13137
13135
13134
13133
13138
13137
13139
13141
13138
13129
13133
13130
13131
13137
13131
13133
13137
13142
13139
13138
13136
13136
13139
13143
13149
13152
13146
13137
13139
13132
13133
13134
13140
13148
13152
