13134
13134
13141
13133
13129
13131
13125
13127
13128
13131
13134
13132
13134
13137
13136
13129
13126
13134
13135
13138
13141
13140
13133
13138
13134
13138
13135
13130
13133
13125
13125
13131
13131
13136
13131
13134
13134
13143
13144
13145
13137
13136
13144
13138
13137
13142
13139
13138
13138
13138
13136
13131
13135
13131
13134
13141
13139
13147
13151
13140
13150
13145
13135
13139
13140
13145
13141
13142
13134
13133
13140
13138
13133
13141
13141
13141
13137
13144
13146
13143
13135
13132
13142
13132
13136
13139
13144
13140
13145
13143
13142
13143
13132
13135
13133
13134
13130
13139
13138
13136
13142
13139
13130
13133
13135
13133
13133
13131
13125
13133
13128
13137
13132
13138
13138
13141
13149
13145
13142
13138
13133
13132
13141
13140
13140
13143
13132
13138
13140
13149
13149
13153
13151
13157
13145
13146
13150
13144
13147
13147
13143
13143
13136
13138
13134
13135
13131
13135
13134
13130
13131
13141
13132
13136
13138
13142
13149
13152
13151
13156
13145
13145
13143
13134
13125
13139
13141
13142
13142
13144
13148
13146
13152
13144
13143
13144
13142
13145
13141
13133
13137
13125
13125
13129
13117
13121
13126
13134
13134
13134
13130
13127
13118
13122
13123
13126
13135
13139
13141
13146
13137
13130
13131
13128
13130
13134
13132
13134
13128
13128
13135
13144
13145
13146
13140
13145
13142
13144
13137
13141
13141
13133
13131
13138
13135
13143
13140
13145
13145
13145
13141
13144
13135
13137
13138
13140
13137
13135
13134
13138
13131
13130
13136
13134
13136
13141
13136
13132
13131
13131
13134
13133
13139
13136
13137
13135
13136
13135
13135
13129
13136
13130
13123
13135
13130
13133
13126
13122
13119
13118
13127
13127
13124
13124
13122
13116
13126
13122
13124
13130
13133
13128
13133
13131
13132
13138
13127
13135
13133
13130
13135
13133
13128
13130
13137
13131
13137
13132
13138
13134
13141
13136
13137
13140
13143
13148
13154
13151
13155
13148
13139
13139
13130
13138
13137
13139
13135
13141
13140
13148
13140
13140
13143
13136
13134
13133
13131
13124
13124
13124
13125
13128
13133
13138
13143
13148
13147
13149
13148
13145
13148
13136
13140
13146
13152
13150
13134
13129
13122
13125
13128
13133
13124
13126
13129
13130
13129
13123
13129
13138
13135
13129
13140
13133
13132
13136
13134
13136
13140
13137
13133
13129
13128
13124
13129
13135
13131
13139
13137
13138
13149
13135
13131
13139
13145
13144
13143
13145
13146
13147
13140
13144
13144
13149
13152
13152
13153
13145
13140
13144
13140
13133
13137
13137
13130
13133
13131
13133
13133
13135
13136
13134
13132
13127
13130
13135
13125
13130
13122
13119
13127
13121
13122
13126
13122
13120
13116
13121
13122
13122
13121
13130
13129
13136
13145
13145
13146
13145
13142
13146
13142
13139
13149
13147
13143
13138
13142
13138
13142
13138
13139
13134
13136
13134
13138
13139
13141
13142
13137
13138
13145
13142
13134
13135
13134
13134
13126
13128
13121
13120
13124
13129
13126
13132
13134
13136
13140
13145
13145
13150
13147
13139
13148
13143
13140
13143
13136
13141
13141
13134
13139
13139
13132
13121
13126
13135
13135
13139
13134
13132
13139
13141
13138
13137
13131
13136
13135
13138
13095
12426
11719
11185
10726
10458
10350
10307
10327
10375
10482
10587
10715
10828
10977
11089
11222
11339
11455
11556
11657
11737
11749
11761
11803
11850
11913
11963
12026
12078
12148
12196
12257
12305
12363
12413
12464
12503
12542
12577
12611
12633
12663
12690
12716
12747
12712
12622
12591
12572
12579
12583
12598
12619
12652
12666
12693
12721
12736
12760
12779
12787
12814
12829
12853
12874
12883
12903
12918
12937
12947
12954
12971
12967
12982
12995
13005
13009
13010
13026
13033
13039
13052
13052
13055
13062
13071
13067
13075
13078
13080
13093
13087
13086
13095
13098
13103
13108
13110
13111
13117
13120
13108
13111
13109
13115
13121
13121
13122
13127
13124
13120
13128
13122
13121
13125
13132
13134
13137
13135
13139
13140
13138
13140
13135
13133
13133
13129
13121
13126
13129
13130
13120
13117
13128
13119
13120
13132
13134
13135
13138
13140
13139
13138
13137
13131
13130
13136
13131
13129
13125
13119
13128
13129
13131
13140
13139
13136
13136
13139
13124
13122
13122
13122
13122
13129
13134
13130
13132
13136
13137
13138
13132
13137
13138
13137
13144
13138
13136
13133
13138
13144
13149
13149
13149
13145
13143
13141
13132
13138
13146
13143
13142
13128
13125
13127
13120
13127
13125
13125
13130
13135
13143
13147
13136
13139
13136
13134
13130
13131
13133
13137
13127
13122
13129
13129
13123
13129
13128
13126
13123
13126
13127
13129
13132
13131
13136
13139
13140
13148
13145
13138
13149
13138
13125
13134
13136
13142
13135
13131
13132
13134
13138
13139
13128
13130
13132
13137
13140
13141
13140
13142
13141
13136
13150
13136
13133
13139
13135
13140
13133
13136
13135
13131
13131
13127
13133
13132
13130
13127
13128
13121
13123
13123
13123
13130
13126
13122
13122
13121
13114
13124
13124
13130
13119
13121
13119
13127
13126
13130
13129
13133
13126
13130
13133
13132
13133
13137
13134
13134
13138
13126
13127
13126
13130
13132
13138
13146
13146
13138
13137
13138
13148
13141
13139
13144
13140
13138
13139
13136
13131
13137
13145
13143
13143
13138
13150
13149
13154
13147
13143
13142
13136
13131
13137
13134
13132
13130
13132
13134
13131
13126
13126
13131
13126
13122
13127
13127
13124
13134
13130
13134
13141
13133
13133
13136
13140
13138
13134
13136
13134
13133
13134
13134
13129
13136
13135
13143
13142
13142
13146
13149
13142
13139
13144
13134
13134
13147
13143
13145
13141
13138
13139
13144
13142
13142
13137
13141
13137
13138
13143
13139
13142
13139
13138
13146
13141
13137
13137
13135
13134
13139
13139
13141
13135
13045
12943
12872
12840
12818
12812
12819
12826
12836
12851
12868
12878
12895
12908
12920
12939
12957
12965
12980
12982
12989
12996
13001
13009
13016
13022
13031
13046
13045
13051
13060
13061
13066
13065
13079
13085
13091
13092
13094
13097
13104
13105
13108
13103
13098
13099
13107
13105
13107
13112
13108
13102
13109
13102
13110
13110
13113
13115
13119
13125
13124
13126
13129
13129
13136
13134
13129
13127
13122
13113
13118
13127
13134
13135
13138
13140
13145
13151
13149
13142
13139
13144
13138
13136
13134
13139
13147
13142
13142
13147
13137
13134
13140
13141
13140
13137
13139
13138
13150
13143
13141
13143
13143
13138
13145
13144
13141
13138
13140
13142
13144
13148
13142
13134
13135
13134
13130
