13128
13127
13131
13133
13149
13135
13136
13131
13134
13137
13128
13131
13130
13130
13134
13136
13137
13136
13135
13135
13141
13138
13140
13144
13141
13133
13137
13131
13128
13131
13136
13138
13138
13139
13134
13138
13134
13134
13133
13130
13129
13122
13130
13131
13135
13132
13131
13139
13138
13134
13129
13122
13130
13137
13145
13145
13138
13137
13127
13127
13119
13122
13122
13122
13120
13114
13123
13126
13128
13133
13133
13136
13134
13135
13141
13138
13142
13140
13140
13135
13139
13143
13145
13143
13155
13143
13143
13139
13137
13142
13138
13134
13133
13131
13123
13137
13134
13139
13144
13141
13134
13128
13125
13127
13124
13126
13136
13132
13128
13131
13122
13132
13144
13147
13138
13147
13143
13135
13139
13139
13129
13132
13139
13140
13141
13135
13126
13123
13130
13134
13138
13134
13131
13135
13136
13139
13129
13128
13130
13134
13133
13140
13127
13132
13132
13129
13133
13137
13134
13132
13127
13115
13127
13131
13134
13131
13134
13132
13128
13135
13131
13142
13136
13132
13144
13143
13144
13149
13138
13140
13130
13127
13133
13134
13135
13138
13134
13132
13127
13130
13134
13129
13132
13134
13125
13123
13133
13127
13134
13135
13126
13129
13132
13129
13124
13119
13128
13130
13125
13125
13127
13127
13118
13125
13131
13129
13124
13125
13126
13130
13134
13128
13132
13135
13132
13135
13134
13135
13130
13129
13131
13134
13136
13148
13143
13140
13153
13151
13152
13155
13144
13146
13147
13147
13145
13140
13134
13130
13130
13128
13120
13124
13126
13125
13131
13129
13135
13139
13147
13147
13136
13129
13130
13128
13125
13127
13130
13129
13137
13132
13135
13136
13123
13135
13129
13134
13144
13140
13144
13144
13148
13145
13147
13145
13135
13138
13146
13148
13154
13150
13145
13143
13148
13139
13142
13137
13144
13146
13146
13145
13136
13136
13137
13132
13134
13137
13128
13132
13141
13135
13138
13133
13131
13135
13123
13115
13121
13116
13123
13127
13126
13124
13128
13129
13129
13125
13131
13135
13138
13138
13141
13138
13141
13136
13141
13133
13135
13138
13143
13138
13140
13141
13148
13141
13136
13138
13132
13137
13138
13131
13131
13133
13141
13149
13149
13146
13144
13147
13144
13138
13141
13136
13134
13130
13125
13125
13124
13120
13129
13129
13132
13131
13131
13127
13135
13132
13130
13130
13127
13136
13139
13134
13132
13136
13131
13132
13125
13124
13129
13133
13135
13128
13131
13136
13132
13136
13134
13131
13140
13140
13149
13140
13146
13137
13133
13138
13137
13133
13135
13132
13127
13132
13127
13121
13129
13119
13123
13131
13131
13138
13135
13137
13142
13139
13135
13138
13135
13138
13134
13131
13132
13140
13138
13143
13137
13134
13144
13142
13143
13148
13143
13149
13144
13144
13144
13139
13146
13138
13140
13143
13138
13138
13142
13138
13141
13141
13142
13142
13140
13140
13144
13144
13140
13142
13152
13146
13138
13142
13150
13144
13138
13138
13136
13150
13139
13123
13130
13129
13130
13130
13124
13132
13135
13132
13131
13137
13143
13142
13146
13154
13148
13148
13145
13143
13149
13140
13133
13131
13137
13142
13142
13136
13145
13148
13151
13156
13146
13143
13145
13143
13140
13137
13137
13132
13138
13063
12914
12500
12111
11707
11447
11311
11261
11250
11292
11340
11416
11480
11578
11664
11759
11837
11865
11857
11901
11931
11981
12035
12093
12144
12210
12272
12320
12362
12409
12452
12489
12530
12572
12606
12641
12667
12692
12724
12757
12785
12810
12820
12840
12860
12873
12893
12910
12923
12944
12952
12966
12974
12982
12991
12995
13011
13014
13021
13035
13033
13040
13039
13047
13051
13058
13062
13072
13075
13086
13092
13100
13100
13101
13109
13105
13092
12961
12877
12826
12798
12785
12781
12790
12797
12818
12827
12842
12850
12868
12880
12892
12902
12919
12929
12949
12966
12976
12991
13007
13012
13016
13027
13038
13046
13053
13055
13062
13068
13076
13089
13084
13091
13094
13097
13095
13094
13099
13102
13099
13102
13106
13101
13102
13110
13112
13113
13114
13116
13119
13120
13121
13120
13118
13114
13118
13122
13124
13117
13123
13118
13116
13116
13123
13123
13119
13126
13123
13128
13131
13139
13134
13139
13140
13144
13142
13140
13142
13141
13137
13134
13136
13129
13124
13129
13126
13132
13134
13138
13136
13140
13149
13144
13139
13149
13146
13143
13140
13135
13142
13136
13136
13144
13142
13139
13140
13135
13136
13140
13133
13135
13133
13134
13136
13132
13138
13145
13139
13148
13137
13135
13134
13134
13133
13134
13139
13135
13129
13129
13134
13141
13148
13144
13143
13147
13142
13142
13130
13127
13134
13128
13124
13135
13132
13133
13134
13128
13129
13132
13131
13139
13134
13131
13130
13129
13138
13136
13133
13138
13132
13133
13136
13132
13129
13135
13131
13133
13127
13125
13123
13123
13122
13123
13124
13132
13123
13117
13126
13129
13127
13123
13128
13130
13131
13134
13134
13134
13139
13133
13128
13132
13123
13129
13133
13128
13133
13134
13134
13138
13131
13128
13138
13133
13131
13133
13133
13132
13134
13133
13131
13123
13126
13125
13125
13127
13126
13127
13126
13130
13139
13131
13132
13136
13134
13132
13129
13128
13129
13131
13126
13132
13127
13131
13130
13133
13133
13142
13138
13138
13130
13134
13133
13131
13126
13130
13126
13124
13129
13125
13129
13125
13131
13127
13133
13146
13142
13138
13133
13131
13139
13130
13130
13129
13134
13130
13133
13122
13119
13122
13128
13133
13126
13128
13137
13138
13142
13147
13142
13144
13133
13132
13132
13126
13126
13130
13130
13125
13130
13138
13138
13137
13139
13136
13134
13129
13131
13123
13130
13127
13131
13125
13131
13132
13131
13130
13126
13132
13143
13148
13146
13152
13148
13148
13148
13134
13136
13127
13126
13142
13137
13136
13134
13128
13126
13126
13123
13123
13124
13130
13135
13137
13137
13130
13129
13134
13134
13128
13132
13131
13133
13133
13137
13141
13137
13135
13136
13129
13128
13126
13123
13119
13118
13123
13126
13129
13126
13138
13137
13145
13134
13132
13132
13130
13131
13135
13134
13143
13144
13141
13133
13132
13125
13126
13128
13128
13122
13122
13128
13134
13140
13137
13136
13133
13137
13133
13129
13131
13128
13130
13127
13128
13122
13131
13134
13139
13141
13133
13127
13134
13132
13128
13132
13132
13130
13137
13130
13130
13127
13129
13125
13126
13124
13131
13125
13129
13127
13131
13131
13128
13140
13128
13128
13130
13125
13125
13128
13128
13134
13128
13137
13134
13133
13134
13132
13130
13131
13132
13133
13133
13132
13125
13130
13129
13129
13139
