13147
13147
13147
13137
13138
13138
13137
13138
13138
13134
13126
13126
13131
13133
13136
13139
13130
13136
13133
13132
13138
13138
13134
13138
13136
13138
13141
13136
13142
13137
13139
13140
13136
13133
13137
13125
13125
13145
13141
13136
13134
13133
13136
13138
13140
13134
13134
13131
13135
13134
13131
13131
13135
13133
13128
13131
13128
13135
13134
13136
13136
13128
13131
13144
13141
13141
13140
13147
13147
13146
13142
13138
13136
13135
13139
13137
13139
13138
13134
13136
13138
13134
13136
13138
13140
13136
13133
13136
13136
13142
13150
13146
13157
13150
13149
13151
13147
13145
13134
13132
13136
13136
13139
13145
13133
13147
13145
13147
13153
13152
13150
13152
13151
13144
13148
13137
13133
13140
13130
13129
13125
13122
13125
13122
13127
13122
13121
13130
13134
13142
13146
13150
13152
13143
13143
13142
13136
13137
13123
13123
13129
13127
13127
13128
13119
13122
13126
13125
13126
13132
13134
13141
13142
13138
13140
13135
13132
13130
13121
13122
13128
13126
13134
13130
13134
13124
13120
13128
13127
13131
13126
13132
13144
13143
13142
13141
13135
13138
13138
13137
13125
13128
13125
13134
13133
13141
13145
13145
13140
13147
13142
13139
13134
13135
13146
13145
13142
13143
13141
13138
13138
13136
13134
13138
13138
13127
13127
13133
13136
13136
13135
13133
13138
13134
13129
13139
13135
13132
13134
13132
13145
13139
13143
13151
13145
13145
13143
13142
13148
13147
13142
13151
13141
13130
13136
13129
13125
13138
13141
13140
13140
13139
13139
13139
13139
13123
13128
13138
13140
13132
13131
13130
13141
13134
13141
13145
13142
13150
13157
13150
13149
13149
13150
13153
13143
13146
13141
13141
13138
13138
13137
13144
13144
13137
13142
13133
13133
13132
13125
13131
13125
13129
13132
13132
13132
13132
13124
13133
13134
13139
13143
13133
13142
13136
13126
13132
13130
13133
13133
13135
13134
13137
13142
13144
13138
13144
13136
13136
13135
13140
13143
13149
13148
13145
13153
13146
13142
13144
13138
13142
13140
13138
13135
13136
13140
13137
13134
13137
13137
13139
13142
13135
13141
13131
13131
13135
13131
13124
13126
13136
13130
13130
13126
13128
13121
13122
13120
13125
13124
13122
13129
13138
13139
13138
13142
13141
13140
13143
13137
13146
13147
13152
13146
13144
13144
13128
13127
13130
13126
13130
13130
13137
13137
13136
13134
13136
13134
13131
13132
13136
13144
13145
13148
13143
13134
13144
13139
13140
13137
13137
13127
13138
13134
13128
13131
13130
13127
13133
13126
13125
13130
13129
13129
13136
13138
13137
13143
13150
13151
13152
13146
13139
13141
13140
13136
13135
13135
13133
13130
13135
13128
13130
13130
13136
13144
13145
13149
13140
13142
13140
13140
13144
13133
13131
13139
13130
13125
13125
13126
13124
13126
13132
13125
13131
13125
13119
13120
13120
13124
13124
13124
13125
13129
13125
13128
13131
13130
13130
13136
13140
13141
13146
13142
13146
13145
13148
13152
13146
13145
13143
13144
13145
13139
13128
13129
13122
13123
13124
13129
13138
13136
13137
13132
13138
13134
13133
13132
13136
13128
13136
13126
13128
13127
13123
13119
13120
13122
13131
13125
13133
13135
13136
13133
12849
12351
11925
11590
11380
11290
11253
11283
11328
11398
11465
11555
11632
11725
11806
11893
11969
12049
12115
12182
12232
12293
12349
12405
12445
12491
12520
12561
12590
12631
12654
12688
12719
12753
12769
12802
12820
12848
12861
12881
12897
12894
12912
12923
12941
12960
12972
12979
12991
12988
12998
13015
13017
13023
13030
13037
13043
13051
13062
13059
13065
13073
13069
13070
13079
13084
13099
13102
13109
13114
13113
13111
13110
13108
13115
13105
13108
13108
13113
13111
13107
13110
13115
13116
13106
13112
13113
13120
13125
13119
13117
13121
13119
13123
13126
13125
13130
13136
13132
13124
13130
13131
13138
13141
13137
13138
13138
13141
13140
13141
13133
13133
13137
13137
13135
13138
13138
13135
13137
13136
13133
13130
13137
13134
13129
13139
13140
13142
13148
13145
13149
13152
13142
13140
13145
13136
13132
13133
13130
13134
13124
13124
13125
13127
13135
13133
13143
13137
13132
13136
13133
13129
13126
13119
13124
13121
13118
13122
13118
13119
13134
13122
13127
13129
13130
13132
13132
13131
13132
13137
13144
13148
13144
13136
13138
13139
13143
13150
13142
13141
13141
13142
13138
13132
13136
13128
13126
13126
13118
13120
13117
13113
13126
13129
13129
13125
13126
13127
13126
13133
13139
13135
13141
13136
13140
13145
13138
13130
13137
13136
13134
13142
13132
13133
13137
13123
13125
13123
13123
13119
13124
13118
13119
13126
13125
13125
13128
13138
13139
13148
13137
13141
13133
13128
13133
13132
13132
13128
13131
13125
13130
13126
13126
13126
13127
13134
13134
13131
13135
13142
13135
13138
13131
13139
13138
13136
13138
13137
13138
13138
13134
13138
13136
13137
13141
13140
13138
13137
13132
13136
13119
13124
13119
13121
13129
13129
13133
13135
13136
13133
13132
13121
13128
13120
13123
13124
13127
13125
13129
13125
13115
13122
13119
13122
13121
13120
13125
13128
13128
13136
13139
13150
13141
13130
13134
13134
13132
13135
13129
13128
13127
13128
13132
13134
13138
13147
13149
13149
13148
13137
13140
13130
13137
13143
13134
13134
13132
13133
13139
13136
13125
13123
13123
13114
13125
13124
13128
13128
13135
13137
13138
13140
13135
13141
13145
13140
13147
13141
13140
13146
13143
13148
13149
13142
13140
13139
13140
13135
13134
13135
13137
13132
13135
13138
13134
13129
13131
13130
13138
13137
13130
13132
13132
13135
13136
13125
13123
13131
13133
13132
13130
13133
13135
13131
13136
13134
13132
13137
13138
13147
13147
13140
13138
13137
13139
13138
13136
13138
13134
13138
13138
13134
13134
13129
13131
13131
13130
13123
13131
13126
13118
13122
13112
13110
13119
13116
13121
13134
13128
13130
13126
13127
13125
13136
13137
13137
13140
13139
13139
13147
13133
13130
13132
13131
13134
13138
13141
13140
13128
13134
13138
13132
13138
13138
13134
13138
13137
13134
13135
13134
13133
13139
13130
13132
13136
13124
13130
13136
13137
13133
13131
13130
13132
13135
13138
13134
13125
13123
13122
13129
13128
13129
13134
13139
13134
13135
13139
13139
13139
13131
13134
13119
13123
13127
13121
13120
13122
13122
13128
13131
13128
13135
13136
13141
13146
13141
13145
13142
13139
13143
13140
13136
13124
13123
13121
13119
13125
13124
13125
13130
13133
13134
13136
13139
13138
13136
13143
13137
13141
13142
13140
13134
13128
13133
13135
13139
13131
