13140
13133
13142
13138
13136
13139
13126
13131
13130
13132
13127
13127
13129
13132
13128
13130
13123
13122
13121
13119
13126
13117
13121
13132
13132
13126
13118
13130
13129
13132
13126
13130
13123
13131
13136
13135
13141
13142
13142
13141
13130
13121
13126
13123
13119
13123
13130
13133
13139
13143
13146
13150
13151
13153
13151
13147
13142
13142
13140
13139
13139
13133
13128
13135
13129
13132
13130
13126
13131
13132
13134
13132
13128
13127
13136
13136
13135
13137
13136
13142
13139
13127
13131
13125
13124
13131
13132
13131
13137
13135
13136
13136
13138
13127
13120
13130
13128
13137
13142
13138
13145
13146
13145
13154
13155
13147
13145
13141
13142
13137
13134
13138
13133
13138
13131
13124
13126
13120
13123
13129
13120
13117
13126
13124
13122
13129
13121
13128
13136
13133
13134
13134
13135
13138
13137
13141
13141
13138
13143
13140
13145
13140
13145
13143
13138
13140
13140
13141
13141
13139
13133
13135
13134
13136
13133
13130
13133
13126
13136
13140
13129
13125
13132
13125
13125
13124
13119
13123
13126
13121
13125
13127
13126
13128
13128
13131
13130
13126
13137
13134
13135
13133
13136
13135
13130
13132
13133
13132
13130
13128
13123
13125
13131
13122
13131
13132
13142
13141
13144
13148
13140
13141
13144
13137
13134
13136
13128
13128
13125
13125
13123
13125
13129
13128
13134
13137
13131
13138
13132
13136
13144
13144
13141
13140
13144
13139
13139
13134
13129
13127
13128
13131
13133
13135
13137
13132
13132
13133
13135
13146
13138
13136
13143
13132
13124
13123
13128
13129
13138
13137
13137
13130
13127
13122
13135
13140
13142
13146
13145
13146
13143
13139
13131
13137
13142
13139
13144
13136
13132
13127
13125
13125
13116
13128
13131
13127
13125
13125
13132
13140
13139
13141
13147
13147
13146
13157
13149
13143
13150
13143
13140
13135
13140
13132
13136
13134
13135
13135
13135
13128
13131
13128
13126
13132
13132
13134
13132
13130
13127
13124
13126
13135
13138
13142
13138
13132
13133
13137
13142
13140
13138
13129
13134
13135
13139
13142
13138
13136
13138
13124
13124
13128
13140
13142
13145
13152
13150
13159
13161
13148
13154
13149
13142
13139
13141
13139
13128
13129
13131
13134
13138
13140
13135
13142
13135
13140
13141
13149
13146
13143
13131
13132
13141
13136
13137
13142
13133
13132
13134
13136
13131
13120
13124
13120
13121
13124
13125
13133
13125
13129
13137
13134
13132
13133
13141
13138
13146
13139
13139
13142
13138
13139
13137
13143
13145
13149
13146
13146
13147
13148
13144
13134
13137
13133
13130
13135
13130
13129
13125
13131
13124
13128
13130
13126
13139
13136
13138
13138
13137
13131
13144
13134
13124
13124
13121
13127
13120
13122
13126
13131
13136
13137
13131
13137
13144
13138
13136
13137
13133
13137
13133
13129
13133
13129
13123
13126
13123
13127
13133
13130
13135
13137
13136
13128
13135
13138
13138
13139
13138
13135
13138
13127
13123
13126
13127
13124
13126
13134
13137
13129
13136
13136
13133
13137
13136
13139
13133
13135
13134
13140
13135
13124
13134
13124
13125
13136
13133
13147
13148
13149
13150
13145
13142
13136
13134
13135
13133
13136
13128
13124
13131
13126
13130
13139
13140
13133
12846
12339
11819
11381
11128
10989
10944
10953
11014
11073
11171
11267
11378
11472
11570
11650
11752
11825
11912
11983
12054
12119
12184
12239
12302
12351
12406
12447
12494
12541
12570
12608
12640
12672
12712
12726
12749
12775
12804
12832
12855
12872
12881
12898
12910
12933
12939
12947
12960
12966
12980
12987
12994
13009
13014
13022
13038
13036
13048
13063
13053
13056
13058
13053
13058
13063
13072
13073
13085
13103
13102
13103
13100
13103
13112
13103
13105
13115
13109
13115
13113
13113
13113
13119
13124
13123
13117
13121
13118
13115
13121
13115
13117
13127
13122
13120
13122
13122
13125
13128
13127
13124
13127
13129
13133
13136
13134
13133
13132
13132
13137
13137
13135
13136
13145
13142
13139
13147
13147
13148
13149
13148
13145
13150
13147
13150
13140
13143
13147
13145
13149
13149
13150
13145
13133
13133
13134
13128
13131
13132
13124
13125
13126
13130
13136
13136
13134
13131
13132
13137
13143
13143
13145
13142
13136
13126
13125
13128
13122
13128
13130
13134
13133
13137
13133
13136
13126
13135
13130
13131
13128
13126
13128
13136
13126
13124
13121
13123
13122
13131
13128
13131
13134
13132
13133
13128
13130
13128
13137
13139
13143
13144
13130
13134
13142
13127
13131
13136
13131
13136
13134
13132
13132
13124
13129
13134
13129
13136
13135
13137
13140
13143
13143
13149
13135
13130
13132
13130
13127
13132
13124
13131
13131
13134
13136
13137
13131
13130
13131
13090
12965
12894
12849
12825
12822
12814
12820
12830
12839
12846
12863
12869
12886
12897
12915
12925
12934
12944
12956
12973
12986
12998
13011
13022
13023
13029
13036
13040
13039
13055
13054
13065
13069
13071
13072
13070
13072
13082
13076
13083
13098
13101
13100
13100
13110
13104
13114
13107
13116
13119
13116
13117
13118
13116
13116
13124
13113
13118
13122
13120
13123
13130
13129
13136
13136
13130
13129
13125
13122
13120
13106
13116
13116
13122
13127
13123
13120
13118
13124
13126
13124
13120
13116
13110
13120
13106
13109
13115
13120
13118
13121
13116
13115
13118
13126
13132
13125
13121
13123
13123
13131
13132
13129
13135
13132
13132
13131
13123
13116
13114
13111
13113
13128
13132
13131
13138
13138
13138
13144
13149
13150
13147
13150
13146
13154
13147
13142
13144
13148
13146
13143
13144
13139
13142
13136
13134
13127
13131
13131
13129
13127
13133
13131
13131
13127
13125
13131
13129
13125
13131
13126
13129
13130
13133
13127
13121
13128
13129
13139
13144
13147
13144
13147
13136
13141
13138
13132
13137
13132
13135
13128
13134
13136
13141
13135
13137
13137
13143
13139
13139
13137
13140
13141
13139
13133
13131
13138
13131
13128
13128
13124
13126
13125
13129
13131
13133
13131
13138
13134
13134
13133
13139
13143
13138
13143
13138
13135
13137
13135
13132
13131
13129
13130
13136
13130
13141
13129
13132
13129
13127
13129
13131
13126
13125
13123
13128
13136
13133
13126
13138
13124
13124
13128
13132
13136
13137
13141
13138
13142
13143
13135
13140
13141
13139
13141
13140
13135
13141
13129
13124
13120
13014
12925
12877
12845
12832
12826
12831
12845
12851
12867
12878
12896
12918
12928
12935
12949
12959
12971
12989
12989
12999
13012
13017
13022
13032
13029
13033
13039
13050
13055
13060
13072
13072
13083
13086
13087
13098
13097
13099
13094
13102
13105
13106
