13117
13127
13129
13128
13127
13128
13125
13133
13132
13133
13141
13134
13139
13144
13145
13142
13147
13147
13139
13135
13141
13135
13139
13141
13143
13143
13143
13142
13139
13135
13132
13139
13135
13137
13141
13135
13134
13133
13126
13135
13129
13131
13139
13137
13136
13134
13126
13136
13142
13132
13145
13144
13140
13141
13129
13128
13128
13126
13125
13125
13126
13123
13126
13132
13133
13132
13132
13137
13143
13138
13130
13138
13139
13138
13134
13133
13126
13126
13132
13135
13119
13126
13131
13117
13126
13119
13117
13125
13115
13116
13133
13131
13136
13140
13137
13144
13141
13145
13141
13138
13135
13137
13138
13135
13146
13135
13139
13139
13148
13144
13139
13139
13139
13138
13143
13136
13131
13129
13132
13131
13118
13120
13130
13131
13139
13136
13132
13129
13125
13126
13123
13121
13129
13135
13132
13131
13131
13135
13130
13133
13138
13141
13147
13145
13137
13146
13138
13132
13134
13132
13129
13134
13139
13137
13126
13130
13132
13130
13130
13128
13119
13124
13126
13122
13128
13126
13131
13138
13139
13129
13136
13126
13125
13135
13130
13124
13128
13132
13130
13130
13124
13120
13119
13122
13125
13128
13126
13129
13131
13131
13123
13127
13125
13128
13117
13123
13126
13128
13141
13137
13134
13136
13137
13140
13140
13133
13136
13145
13144
13135
13136
13140
13141
13141
13136
13139
13138
13147
13139
13140
13137
13134
13138
13140
13144
13148
13148
13146
13156
13147
13148
13142
13142
13149
13149
13147
13145
13143
13141
13147
13147
13145
13144
13149
13150
13147
13147
13150
13142
13138
13141
13141
13135
13142
13133
13132
13143
13140
13142
13147
13151
13147
13148
13140
13134
13134
13128
13137
13135
13131
13130
13134
13134
13140
13134
13135
13133
13131
13130
13127
13121
13121
13118
13118
13125
13131
13133
13136
13135
13132
13136
13137
13132
13134
13137
13139
13143
13145
13144
13140
13149
13141
13143
13150
13142
13134
13128
13128
13134
13134
13140
13144
13142
13142
13136
13135
13129
13126
13128
13128
13125
13134
13134
13129
13131
13132
13128
13131
13121
13122
13125
13121
13120
13123
13118
13121
13129
13134
13135
13137
13133
13129
13124
13125
13121
13123
13118
13117
13128
13121
13126
13126
13130
13136
13137
13140
13144
13144
13139
13144
13136
13137
13133
13127
13128
13128
13131
13133
13128
13130
13137
13130
13134
13140
13130
13137
13134
13133
13131
13128
13131
13133
13134
13134
13133
13135
13137
13139
13151
13147
13143
13138
13144
13145
13148
13144
13145
13137
13140
13148
13136
13136
13136
13135
13140
13137
13130
13136
13137
13132
13137
13124
13122
13129
13121
13119
13119
13118
13121
13124
13129
13128
13130
13129
13138
13138
13135
13130
13133
13125
13123
13131
13125
13129
13132
13135
13136
13135
13140
13138
13137
13136
13134
13129
13132
13132
13134
13137
13133
13129
13135
13133
13133
13136
13134
13129
13131
13131
13132
13135
13136
13132
13138
13135
13131
13134
13134
13138
13151
13155
13155
13152
13153
13147
13151
13146
13152
13146
13142
13142
13137
13131
13134
13137
13144
13138
13139
13139
13126
13122
13135
13132
13136
13139
13138
13143
13143
13137
13134
13131
13126
13126
13129
13132
13129
13129
13085
12718
11969
11072
10298
9764
9509
9381
9395
9447
9557
9643
9790
9938
10113
10268
10442
10594
10763
10907
11049
11173
11304
11412
11533
11626
11729
11818
11901
11973
12054
12112
12176
12230
12291
12331
12390
12423
12362
12338
12335
12345
12368
12392
12421
12453
12484
12521
12552
12585
12615
12646
12683
12711
12743
12763
12781
12802
12821
12844
12849
12871
12881
12892
12912
12919
12934
12942
12956
12970
12985
12994
13004
13011
13021
13034
13045
13047
13061
13075
13069
13082
13087
13082
13083
13082
13086
13086
13085
13087
13083
13090
13090
13095
13097
13104
13110
13103
13105
13111
13107
13110
13110
13110
13108
13111
13109
13112
13118
13120
13118
13121
13123
13117
13120
13124
13128
13129
13130
13129
13137
13130
13137
13131
13136
13138
13130
13134
13128
13126
13128
13131
13130
13135
13130
13131
13126
13127
13136
13137
13137
13147
13146
13142
13144
13141
13134
13138
13138
13128
13133
13132
13126
13129
13126
13118
13119
13126
13132
13131
13136
13128
13137
13133
13136
13138
13133
13135
13131
13135
13138
13133
13131
13134
13129
13131
13127
13128
13137
13132
13129
13130
13129
13123
13132
13130
13123
13128
13134
13135
13143
13142
13139
13138
13138
13134
13131
13128
13126
13122
13126
13132
13142
13136
13142
13140
13138
13127
13130
13132
13136
13139
13140
13141
13139
13138
13143
13137
13142
13146
13145
13141
13138
13133
13139
13129
13132
13139
13129
13126
13131
13131
13137
13131
13142
13141
13143
13145
13141
13137
13139
13137
13145
13133
13134
13135
13138
13144
13145
13137
13137
13134
13134
13139
13131
13135
13134
13131
13126
13122
13119
13117
13119
13114
13120
13124
13118
13123
13125
13128
13130
13128
13132
13131
13137
13128
13131
13138
13134
13135
13136
13129
13141
13128
13126
13122
13126
13137
13137
13131
13134
13135
13133
13138
13130
13133
13130
13133
13141
13136
13132
13138
13136
13135
13138
13133
13128
13136
13128
13124
13134
13138
13138
13137
13133
13128
13130
13132
13130
13134
13128
13128
13133
13135
13146
13144
13135
13138
13142
13145
13141
13136
13136
13137
13138
13133
13142
13139
13137
13134
13129
13140
13133
13130
13142
13138
13139
13140
13132
13141
13147
13140
13143
13141
13144
13138
13142
13141
13141
13141
13137
13134
13137
13128
13128
13123
13131
13127
13124
13131
13136
13135
13135
13130
13128
13123
13130
13128
13136
13128
13125
13132
13126
13122
13133
13125
13134
13137
13135
13138
13145
13140
13141
13138
13145
13137
13130
13128
13129
13133
13132
13127
13133
13119
13128
13136
13140
13137
13132
13138
13145
13140
13151
13147
13142
13147
13146
13138
13134
13139
13140
13143
13142
13132
13145
13138
13143
13148
13143
13145
13144
13133
13134
13132
13138
13134
13138
13138
13142
13140
13136
13138
13150
13144
13150
13153
13146
13143
13147
13146
13143
13141
13147
13144
13137
13137
13131
13124
13125
13130
13130
13130
13126
13129
13148
13143
13150
13150
13145
13145
13148
13140
13143
13137
13143
13138
13144
13141
13146
13149
13150
13144
13149
13142
13146
13148
13146
13142
13136
13142
13143
13136
13138
13138
13136
13137
13140
13133
13139
13131
13117
13118
13116
13109
13122
13122
13121
13128
13124
13127
13136
13131
13135
13135
13138
13133
13128
13126
13130
13129
13122
13126
13136
13135
