13134
13129
13130
13122
13126
13117
13117
13120
13127
13132
13142
13143
13150
13141
13147
13143
13146
13138
13135
13132
13130
13131
13133
13132
13129
13134
13145
13136
13138
13143
13144
13145
13147
13139
13152
13138
13138
13143
13125
13124
13120
13124
13125
13122
13120
13117
13128
13128
13132
13132
13129
13132
13142
13136
13138
13138
13134
13135
13136
13130
13129
13129
13134
13138
13134
13135
13135
13126
13135
13133
13139
13148
13151
13144
13146
13151
13146
13154
13154
13143
13146
13147
13149
13148
13143
13138
13140
13134
13127
13126
13126
13128
13140
13132
13128
13131
13136
13142
13149
13140
13143
13147
13144
13139
13132
13137
13144
13139
13136
13136
13142
13148
13136
13129
13131
13119
13113
13115
13120
13124
13132
13135
13127
13120
13121
13125
13128
13136
13138
13140
13142
13143
13147
13132
13130
13132
13131
13134
13132
13132
13140
13137
13134
13136
13134
13140
13136
13137
13134
13131
13126
13138
13139
13140
13144
13138
13136
13142
13134
13138
13143
13136
13136
13133
13133
13131
13133
13137
13134
13124
13128
13130
13147
13138
13128
13137
13138
13146
13145
13148
13145
13141
13140
13141
13137
13137
13133
13131
13132
13132
13134
13132
13131
13130
13135
13136
13136
13138
13134
13137
13136
13137
13147
13137
13138
13130
13137
13138
13139
13138
13139
13140
13146
13142
13144
13140
13142
13139
13137
13138
13142
13145
13146
13147
13145
13141
13137
13133
13140
13138
13139
13144
13139
13139
13142
13140
13145
13141
13143
13139
13143
13145
13142
13140
13142
13138
13137
13138
13139
13136
13136
13136
13142
13139
13135
13135
13136
13131
13128
13126
13128
13132
13131
13130
13133
13140
13139
13136
13143
13137
13139
13139
13136
13133
13137
13136
13142
13141
13140
13134
13142
13141
13140
13138
13137
13136
13139
13143
13138
13138
13134
13134
13135
13130
13132
13138
13135
13141
13136
13140
13132
13134
13137
13138
13139
13136
13132
13128
13136
13126
13127
13130
13129
13128
13129
13127
13130
13132
13126
13126
13129
13124
13125
13131
13132
13132
13129
13133
13130
13133
13134
13136
13141
13132
13134
13138
13135
13137
13133
13129
13126
13136
13136
13136
13131
13135
13131
13124
13117
13117
13119
13125
13125
13121
13126
13126
13125
13126
13123
13123
13124
13129
13133
13135
13136
13138
13135
13138
13136
13133
13132
13130
13125
13115
13118
13131
13134
13132
13129
13126
13126
13128
13129
13135
13121
13127
13123
13118
13118
13122
13131
13137
13137
13137
13137
13135
13133
13143
13132
13134
13131
13128
13132
13130
13131
13133
13140
13144
13145
13142
13141
13132
13133
13129
13137
13143
13139
13132
13129
13127
13126
13133
13132
13138
13131
13137
13142
13146
13140
13131
13140
13139
13134
13133
13141
13140
13136
13143
13141
13134
13137
13134
13138
13134
13126
13125
13124
13126
13125
13134
13129
13123
13134
13136
13138
13148
13143
13139
13135
13136
13139
13141
13132
13138
13135
13133
13130
13128
13124
13128
13127
13134
13129
13130
13140
13135
13133
13137
13126
13134
13133
13135
13135
13132
13134
13136
13147
13145
13139
13137
13138
13137
13140
13141
13141
13144
13139
13138
13132
13131
13135
13137
13097
12402
11472
10788
10345
10089
10002
9974
10038
10126
10259
10339
10456
10560
10640
10712
10822
10924
11042
11150
11274
11389
11503
11594
11697
11781
11871
11946
12021
12086
12163
12220
12281
12335
12388
12426
12473
12511
12554
12593
12631
12663
12687
12716
12748
12767
12791
12811
12829
12852
12871
12896
12918
12921
12937
12950
12958
12971
12978
12991
12989
12996
13003
13011
13019
13028
13032
13041
13045
13050
13066
13062
13067
13077
13077
13088
13090
13100
13093
13100
13102
13107
13102
13106
13100
13097
13097
13105
13099
13110
13107
13117
13130
13126
13127
13131
13126
13126
13129
13133
13125
13125
13126
13120
13115
13116
13111
13114
13116
13115
13121
13119
13119
13124
13126
13124
13132
13133
13134
13136
13140
13138
13140
13147
13144
13135
13137
13132
13135
13134
13131
13130
13140
13133
13137
13142
13142
13140
13139
13137
13144
13142
13138
13133
13130
13138
13137
13124
13124
13120
13133
13130
13122
13135
13129
13130
13127
13134
13133
13129
13131
13130
13130
13136
13136
13134
13137
13140
13139
13142
13136
13130
13134
13131
13135
13140
13137
13136
13131
13138
13135
13134
13128
13130
13131
13137
13132
13123
13126
13132
13145
13136
13127
13129
13128
13131
13121
13118
13119
13126
13122
13131
13127
13140
13147
13147
13150
13143
13137
13142
13138
13139
13141
13137
13130
13136
13139
13141
13141
13148
13152
13149
13155
13148
13148
13148
13150
13148
13141
13143
13144
13135
13131
13131
13128
13124
13121
13119
13121
13125
13132
13139
13132
13133
13140
13136
13133
13133
13132
13135
13134
13133
13140
13137
13132
13139
13135
13138
13140
13138
13140
13140
13141
13137
13132
13141
13142
13138
13135
13134
13136
13140
13139
13143
13137
13139
13132
13137
13136
13135
13135
13138
13131
13141
13142
13141
13141
13141
13138
13145
13137
13141
13144
13138
13135
13136
13138
13136
13147
13143
13146
13141
13139
13130
13131
13129
13126
13123
13122
13119
13136
13127
13124
13132
13133
13140
13141
13142
13137
13134
13134
13137
13127
13131
13133
13123
13131
13138
13133
13140
13136
13133
13137
13132
13134
13135
13138
13136
13143
13141
13146
13144
13142
13135
13137
13140
13135
13139
13129
13124
13135
13135
13135
13134
13129
13131
13135
13136
13137
13126
13130
13131
13131
13134
13141
13139
13141
13145
13138
13142
13138
13140
13146
13138
13135
13139
13137
13140
13140
13137
13135
13139
13138
13138
13134
13143
13139
13138
13140
13139
13135
13130
13123
13129
13130
13137
13137
13140
13132
13143
13136
13136
13131
13130
13130
13133
13131
13142
13137
13140
13132
13131
13133
13129
13125
13137
13142
13132
13131
13129
13134
13138
13134
13130
13131
13134
13134
13136
13139
13137
13144
13141
13133
13139
13137
13137
13147
13135
13133
13137
13139
13137
13136
13139
13134
13132
13134
13136
13134
13137
13129
13133
13138
13137
13137
13136
13141
13141
13149
13162
13160
13156
13154
13156
13152
13143
13137
13140
13141
13138
13138
13135
13134
13142
13141
13133
13125
13133
13129
13136
13132
13139
13130
13133
13134
13135
13137
13138
13138
13140
13142
13136
13145
13139
13144
13151
13157
13151
13146
13139
13133
13139
13150
13150
13139
13136
13131
13134
13127
13122
13137
13137
13131
13137
13132
13133
13133
13133
13140
13140
13139
13143
13140
13148
13145
13133
13133
13129
