13134
13136
13140
13135
13137
13131
13135
13142
13146
13142
13140
13138
13141
13133
13131
13138
13138
13134
13138
13133
13129
13126
13121
13124
13120
13125
13120
13120
13121
13124
13125
13129
13121
13123
13135
13132
13137
13139
13144
13140
13142
13140
13137
13128
13128
13131
13132
13132
13129
13126
13126
13131
13147
13136
13134
13128
13136
13136
13139
13137
13134
13128
13133
13138
13126
13131
13130
13131
13131
13127
13136
13140
13135
13136
13145
13135
13134
13133
13129
13138
13130
13126
13128
13126
13127
13126
13134
13137
13141
13136
13139
13139
13140
13131
13130
13130
13124
13130
13129
13126
13126
13128
13127
13131
13126
13137
13135
13129
13136
13140
13138
13141
13145
13141
13142
13138
13145
13143
13135
13134
13138
13134
13134
13127
13130
13128
13129
13132
13130
13137
13138
13148
13147
13137
13135
13134
13124
13118
13112
13116
13119
13122
13121
13127
13123
13127
13137
13131
13140
13129
13134
13137
13128
13123
13125
13121
13118
13123
13118
13121
13120
13124
13121
13122
13124
13123
13118
13123
13124
13129
13126
13134
13143
13131
13138
13139
13137
13138
13134
13132
13139
13141
13142
13146
13134
13131
13130
13134
13135
13131
13126
13128
13121
13119
13125
13123
13125
13133
13128
13129
13124
13124
13129
13126
13130
13135
13134
13140
13141
13151
13145
13146
13147
13141
13136
13142
13143
13140
13139
13137
13133
13134
13127
13126
13122
13127
13127
13134
13130
13132
13128
13136
13134
13133
13139
13133
13142
13137
13131
13131
13128
13124
13128
13122
13123
13123
13119
13127
13122
13129
13125
13126
13132
13135
13129
13137
13129
13127
13134
13132
13134
13132
13127
13130
13135
13137
13145
13142
13147
13142
13142
13140
13137
13135
13135
13128
13131
13138
13140
13145
13148
13138
13140
13133
13133
13135
13129
13136
13129
13129
13127
13132
13140
13137
13137
13136
13137
13147
13136
13138
13128
13132
13130
13128
13126
13130
13130
13122
13127
13125
13128
13129
13119
13127
13133
13131
13139
13145
13145
13145
13140
13137
13142
13137
13140
13139
13141
13140
13141
13146
13150
13138
13143
13138
13136
13138
13136
13139
13133
13126
13127
13121
13123
13122
13122
13121
13127
13124
13128
13128
13128
13133
13126
13124
13134
13129
13132
13138
13139
13133
13136
13137
13142
13131
13132
13131
13130
13135
13138
13136
13139
13137
13148
13140
13137
13136
13133
13131
13127
13130
13134
13131
13124
13126
13126
13135
13140
13134
13141
13144
13142
13138
13141
13131
13144
13133
13139
13140
13129
13130
13133
13133
13133
13133
13139
13133
13137
13135
13133
13123
13126
13115
13126
13123
13126
13128
13125
13121
13122
13126
13133
13130
13132
13135
13140
13144
13142
13135
13136
13139
13134
13142
13138
13139
13147
13140
13141
13138
13134
13136
13136
13138
13132
13128
13128
13124
13127
13129
13129
13138
13142
13140
13143
13130
13133
13138
13142
13136
13132
13140
13141
13142
13125
12998
12907
12860
12842
12822
12819
12822
12833
12844
12851
12858
12876
12890
12896
12912
12921
12936
12956
12972
12979
12989
12998
13009
13020
13031
13035
13037
13043
13049
13062
13057
13061
13074
13082
13084
13085
13085
13083
13084
13094
13095
13087
13095
13096
13000
12653
12264
11770
11342
11104
10971
10938
10944
11002
11070
11168
11257
11368
11465
11540
11500
11523
11563
11624
11684
11753
11824
11903
11969
12054
12106
12170
12229
12291
12339
12392
12429
12470
12513
12558
12600
12633
12667
12701
12727
12752
12769
12790
12808
12830
12852
12876
12887
12903
12913
12932
12940
12965
12969
12979
12987
13002
13009
13018
13017
13022
13027
13036
13040
13056
13056
13061
13071
13076
13087
13085
13083
13085
13085
13083
13084
13078
13089
13097
13102
13100
13099
13103
13106
13102
13092
13100
13100
13102
13112
13110
13110
13121
13117
13115
13110
13112
13115
13120
13124
13121
13126
13132
13133
13135
13126
13123
13130
13129
13131
13124
13127
13130
13128
13125
13126
13129
13138
13137
13138
13136
13138
13130
13132
13130
13131
13142
13137
13138
13140
13149
13140
13141
13125
13126
13132
13132
13118
13121
13130
13129
13124
13124
13131
13141
13137
13145
13147
13146
13143
13141
13139
13135
13136
13131
13137
13126
13128
13129
13130
13138
13135
13128
13132
13138
13129
13131
13120
13123
13130
13133
13130
13134
13135
13131
13123
13130
13133
13135
13138
13137
13144
13140
13136
13141
13127
13119
13121
13121
13125
13126
13128
13129
13133
13133
13136
13130
13138
13139
13137
13137
13137
13141
13144
13139
13135
13140
13142
13138
13141
13140
13143
13143
13140
13137
13139
13126
13133
13142
13144
13144
13132
13129
13134
13139
13138
13139
13148
13136
13136
13124
13123
13118
13117
13118
13122
13115
13124
13121
13118
13119
13124
13130
13135
13133
13126
13133
13123
13129
13128
13126
13122
13129
13132
13141
13137
13134
13136
13132
13136
13136
13138
13134
13133
13137
13126
13121
13122
13120
13120
13123
13125
13115
13117
13122
13134
13123
13127
13132
13130
13136
13132
13134
13139
13139
13134
13146
13129
13119
13131
13123
13124
13126
13127
13125
13123
13124
13117
13118
13121
13117
13119
13125
13124
13128
13125
13121
13135
13133
13137
13134
13134
13136
13131
13131
13138
13120
13127
13132
13128
13135
13131
13135
13143
13137
13136
13140
13135
13136
13142
13137
13133
13140
13143
13136
13137
13138
13130
13133
13135
13133
13135
13130
13127
13127
13127
13132
13130
13132
13134
13131
13126
13133
13134
13132
13132
13124
13124
13127
13123
13129
13127
13127
13135
13125
13127
13134
13135
13140
13133
13116
13119
13119
13121
13121
13115
13118
13114
13124
13135
13134
13140
13145
13143
13150
13141
13138
13143
13143
13140
13135
13133
13129
13133
13137
13124
13121
13127
13137
13134
13140
13138
13136
13148
13145
13138
13146
13149
13149
13147
13136
13135
13138
13138
13136
13137
13137
13139
13138
13137
13139
13138
13136
13130
13140
13127
13124
13129
13129
13130
13126
13122
13119
13125
13134
13141
13131
13133
13129
13128
13131
13137
13128
13133
13127
13118
13128
13125
13124
13129
13120
13129
13134
13135
13134
13135
13131
13135
13133
13139
13137
13140
13140
13142
13145
13142
13132
13130
13127
13127
13131
13128
13134
13129
13122
13122
13119
13128
13130
13130
13127
13133
13136
13138
13135
13134
13136
13133
13126
13134
13138
13137
13134
13131
13126
13128
13130
13125
13123
13131
13124
13124
13132
13121
13129
13132
13135
13137
13134
13138
13134
13131
13131
13135
13137
13145
13130
13136
13128
13134
13140
13145
