13123
13130
13129
13126
13122
13121
13122
13130
13134
13137
13134
13140
13146
13138
13134
13134
13128
13134
13134
13129
13123
13124
13128
13125
13128
13129
13132
13132
13130
13128
13124
13129
13134
13138
13138
13134
13137
13138
13139
13142
13147
13139
13140
13148
13159
13151
13147
13148
13142
13146
13140
13128
13130
13138
13133
13138
13134
13138
13141
13134
13138
13134
13130
13133
13132
13133
13142
13134
13126
13133
13137
13132
13132
13137
13132
13132
13127
13124
13131
13136
13133
13135
13134
13132
13128
13132
13136
13140
13132
13131
13128
13128
13135
13135
13137
13141
13136
13133
13128
13130
13134
13138
13137
13139
13135
13133
13136
13135
13135
13141
13146
13134
13128
13133
13132
13132
13131
13133
13140
13138
13133
13134
13136
13138
13138
13141
13127
13130
13131
13129
13135
13138
13133
13142
13132
13139
13139
13139
13136
13133
13142
13141
13138
13143
13142
13134
13147
13145
13147
13147
13140
13141
13144
13144
13141
13137
13146
13135
13136
13137
13141
13143
13144
13144
13144
13136
13128
13125
13124
13124
13125
13133
13128
13134
13143
13148
13142
13147
13144
13140
13142
13134
13132
13133
13126
13124
13134
13124
13131
13131
13128
13127
13131
13130
13133
13124
13124
13125
13130
13132
13138
13138
13137
13135
13134
13125
13123
13129
13125
13126
13132
13136
13141
13137
13145
13151
13142
13145
13145
13144
13144
13140
13136
13137
13139
13129
13135
13132
13126
13134
13127
13128
13128
13129
13133
13137
13140
13146
13155
13140
13146
13147
13147
13139
13142
13131
13129
13134
13137
13142
13139
13138
13140
13133
13126
13129
13126
13129
13137
13138
13142
13136
13137
13140
13137
13132
13135
13132
13130
13140
13130
13129
13130
13132
13130
13134
13132
13127
13120
13122
13133
13138
13141
13143
13154
13153
13152
13147
13142
13138
13139
13135
13133
13130
13134
13137
13131
13132
13140
13134
13139
13137
13136
13145
13145
13140
13148
13145
13139
13136
13130
13130
13136
13137
13142
13138
13140
13136
13141
13146
13142
13142
13143
13147
13151
13137
13127
13133
13135
13136
13129
13128
13124
13130
13138
13135
13134
13138
13134
13135
13130
13128
13127
13133
13129
13121
13128
13127
13127
13127
13127
13130
13137
13135
13131
13134
13133
13125
13127
13132
13130
13131
13133
13135
13149
13136
13133
13132
13130
13124
13123
13123
13124
13126
13128
13131
13122
13124
13134
13123
13125
13123
13121
13129
13128
13130
13137
13132
13137
13137
13141
13139
13142
13144
13139
13139
13134
13131
13136
13137
13139
13137
13137
13136
13146
13139
13136
13133
13131
13133
13137
13138
13134
13137
13136
13141
13137
13135
13141
13140
13145
13133
13126
13134
13134
13131
13132
13122
13123
13128
13129
13138
13141
13143
13137
13131
13137
13142
13141
13144
13130
13124
13124
13124
13129
13122
13119
13115
13114
13114
13117
13120
13121
13131
13137
13142
13142
13151
13153
13157
13158
13151
13144
13155
13156
13144
13147
13147
13137
13141
13136
13134
13138
13142
13137
13138
13142
13137
13139
13138
13139
13145
13149
13145
13144
13136
13138
13136
13139
13137
13136
13143
13153
13146
13135
13128
13120
13118
13127
13129
13132
13135
13056
12464
12007
11618
11411
11287
11227
11207
11168
11094
11107
11140
11217
11286
11386
11469
11571
11653
11738
11821
11906
11975
12058
12118
12186
12254
12315
12365
12419
12462
12513
12544
12586
12622
12651
12678
12708
12719
12750
12780
12803
12825
12840
12851
12872
12885
12908
12914
12937
12946
12965
12977
12988
12992
13012
13014
13020
13025
13032
13037
13036
13033
13043
13038
13039
13049
13054
13059
13068
13073
13081
13091
13097
13102
13100
13100
13105
13100
13100
13099
13094
13110
13104
13106
13110
13103
13104
13108
13114
13114
13118
13116
13118
13120
13120
13132
13126
13132
13128
13130
13134
13134
13137
13136
13125
13130
13129
13134
13132
13127
13123
13120
13120
13125
13119
13116
13112
13116
13122
13125
13117
13130
13129
13130
13135
13133
13130
13138
13136
13138
13135
13137
13136
13133
13130
13121
13121
13118
13122
13128
13128
13134
13144
13140
13135
13147
13143
13147
13145
13150
13146
13147
13147
13150
13146
13141
13137
13129
13127
13130
13125
13136
13131
13137
13140
13134
13130
13142
13142
13144
13144
13146
13143
13140
13137
13137
13137
13137
13137
13137
13138
13133
13133
13130
13131
13132
13132
13139
13137
13137
13132
13129
13124
13128
13119
13126
13135
13135
13140
13137
13134
13137
13131
13129
13134
13130
13126
13134
13134
13129
13132
13131
13130
13133
13131
13136
13135
13141
13142
13139
13140
13142
13146
13138
13134
13136
13136
13138
13131
13136
13132
13130
13130
13140
13126
13128
13132
13135
13130
13138
13137
13140
13134
13130
13138
13130
13130
13134
13136
13134
13131
13126
13133
13134
13134
13132
13127
13130
13123
13127
13134
13130
13137
13135
13132
13137
13130
13138
13139
13134
13134
13135
13128
13139
13138
13143
13147
13148
13161
13151
13153
13145
13141
13132
13142
13142
13143
13143
13137
13137
13134
13134
13130
13131
13134
13129
13129
13125
13119
13123
13125
13127
13129
13133
13134
13127
13120
13129
13120
13119
13114
13119
13125
13132
13135
13142
13143
13139
13144
13149
13140
13141
13138
13137
13141
13131
13118
13125
13118
13119
13117
13110
13112
13122
13123
13122
13133
13132
13132
13133
13122
13130
13128
13121
13125
13125
13126
13128
13124
13130
13130
13134
13132
13139
13132
13139
13133
13132
13129
13127
13125
13137
13135
13132
13134
13125
13128
13132
13126
13131
13130
13131
13139
13137
13135
13131
13135
13140
13147
13144
13138
13130
13134
13137
13138
13136
13137
13135
13141
13139
13144
13142
13139
13145
13145
13143
13138
13137
13146
13141
13136
13140
13135
13128
13138
13132
13128
13132
13132
13132
13138
13136
13142
13138
13135
13128
13130
13136
13131
13133
13129
13129
13139
13126
13126
13116
13110
13116
13122
13128
13133
13127
13123
13128
13124
13126
13125
13122
13131
13128
13126
13129
13126
13120
13131
13122
13119
13124
13122
13132
13127
13129
13126
13125
13119
13121
13125
13129
13126
13128
13133
13137
13146
13146
13143
13140
13142
13138
13138
13134
13141
13145
13138
13138
13136
13147
13148
13143
13146
13146
13137
13145
13143
13138
13143
13132
13129
13130
13132
13125
13129
13125
13127
13130
13136
13140
13143
13146
13149
13146
13147
13140
13144
13135
13133
13133
13123
13133
13131
13134
13131
13133
13129
13132
13134
13138
13136
13135
13138
13144
13141
13142
13135
13138
13149
13143
13147
13150
