13123
13120
13120
13119
13126
13128
13128
13135
13134
13140
13138
13138
13148
13138
13139
13144
13146
13145
13150
13145
13149
13139
13141
13142
13137
13141
13134
13135
13129
13129
13123
13126
13128
13121
13124
13121
13124
13131
13132
13137
13144
13143
13142
13140
13138
13139
13140
13141
13139
13135
13130
13131
13141
13132
13131
13131
13128
13125
13125
13126
13134
13137
13142
13144
13140
13140
13136
13139
13135
13134
13127
13128
13129
13133
13139
13132
13143
13145
13143
13143
13149
13148
13144
13143
13142
13140
13143
13147
13145
13148
13146
13145
13142
13136
13141
13139
13131
13132
13134
13134
13140
13133
13132
13134
13126
13139
13142
13140
13140
13146
13148
13146
13135
13133
13135
13133
13129
13136
13134
13135
13138
13135
13130
13133
13138
13132
13131
13137
13136
13138
13140
13138
13141
13129
13123
13124
13129
13130
13124
13124
13125
13124
13124
13127
13125
13130
13134
13134
13148
13147
13142
13145
13135
13133
13144
13146
13144
13143
13135
13137
13140
13134
13124
13128
13133
13132
13133
13133
13138
13136
13142
13141
13143
13143
13142
13148
13155
13156
13146
13152
13145
13138
13134
13131
13131
13133
13137
13134
13139
13143
13140
13146
13146
13141
13144
13133
13125
13127
13120
13129
13131
13130
13128
13126
13132
13119
13121
13134
13135
13138
13137
13132
13134
13126
13123
13125
13125
13129
13124
13131
13129
13131
13133
13138
13138
13142
13145
13142
13145
13147
13148
13147
13149
13144
13143
13139
13142
13145
13139
13131
13124
13131
13135
13137
13135
13130
13134
13136
13130
13136
13133
13134
13140
13133
13127
13129
13127
13130
13127
13128
13130
13134
13132
13126
13126
13132
13128
13123
13130
13129
13130
13132
13131
13128
13131
13130
13137
13141
13138
13136
13130
13132
13131
13128
13135
13128
13132
13136
13131
13131
13137
13133
13141
13139
13143
13142
13148
13137
13131
13132
13131
13132
13132
13133
13129
13132
13135
13133
13132
13131
13135
13135
13132
13128
13135
13131
13137
13140
13136
13138
13138
13140
13136
13137
13151
13146
13147
13142
13137
13133
13131
13133
13135
13126
13119
13128
13133
13135
13134
13138
13139
13134
13132
13134
13118
13124
13128
13118
13120
13120
13114
13126
13115
13118
13121
13121
13129
13137
13135
13137
13147
13143
13142
13137
13141
13143
13148
13152
13149
13143
13137
13132
13139
13129
13130
13126
13130
13130
13134
13134
13133
13136
13137
13138
13131
13134
13136
13140
13147
13142
13142
13141
13132
13137
13138
13134
13129
13129
13129
13132
13138
13138
13138
13137
13139
13136
13135
13140
13134
13133
13125
13121
13130
13122
13128
13130
13148
13145
13141
13139
13137
13137
13137
13139
13139
13138
13138
13137
13142
13142
13144
13150
13141
13141
13148
13143
13141
13141
13131
13132
13138
13137
13141
13139
13142
13139
13133
13131
13122
13119
13117
13115
13121
13115
13114
13118
13121
13124
13127
13127
13135
13140
13135
13137
13129
13136
13142
13131
13130
13128
13133
13143
13137
13140
13143
13130
13136
13137
13129
13134
13139
13134
13145
13132
13132
13136
13133
13137
13136
13133
13135
13131
13132
13126
13130
13130
13134
13140
13137
13134
13134
13132
13139
12981
12349
11732
11222
10871
10710
10626
10636
10675
10772
10856
10975
11077
11199
11316
11435
11529
11634
11717
11816
11888
11977
12038
12115
12181
12245
12288
12341
12384
12445
12488
12527
12560
12593
12620
12656
12690
12732
12754
12784
12802
12824
12840
12856
12866
12888
12905
12916
12933
12945
12962
12974
12980
12995
12995
13003
13006
13017
13026
13029
13030
13042
13041
13048
13055
13061
13065
13064
13070
13082
13092
13097
13100
13102
13110
13114
13116
13120
13124
13124
13130
13126
13133
13136
13138
13135
13132
13132
13137
13133
13128
13133
13128
13130
13127
13127
13123
13127
13125
13129
13125
13128
13121
13130
13130
13122
13119
13112
13115
13117
13111
13117
13125
13128
13129
13129
13132
13132
13123
13137
13146
13139
13136
13136
13137
13143
13148
13144
13139
13144
13138
13144
13135
13127
13127
13124
13127
13123
13127
13136
13131
13133
13135
13139
13147
13147
13141
13140
13135
13134
13126
13129
13125
13130
13132
13132
13127
13135
13136
13138
13141
13130
13139
13134
13131
13142
13146
13149
13152
13145
13145
13148
13136
13136
13147
13138
13137
13134
13131
13128
13129
13128
13126
13121
13130
13129
13129
13133
13131
13134
13131
13132
13132
13135
13135
13131
13131
13135
13137
13139
13145
13139
13137
13139
13137
13134
13136
13132
13139
13132
13128
13132
13129
13125
13134
13127
13132
13126
13132
13126
13122
13117
13117
13125
13127
13124
13135
13136
13135
13146
13145
13141
13144
13141
13139
13134
13133
13132
13126
13133
13137
13134
13132
13127
13128
13133
13132
13129
13133
13122
13123
13130
13117
13114
13113
13115
13116
13111
13116
13118
13122
13123
13126
13125
13128
13129
13130
13126
13134
13141
13124
13126
13132
13135
13138
13134
13133
13130
13132
13135
13128
13127
13128
13135
13132
13142
13142
13142
13142
13138
13139
13144
13135
13133
13134
13127
13124
13122
13123
13126
13123
13129
13133
13142
13136
13140
13139
13131
13130
13141
13133
13132
13131
13133
13135
13125
13129
13128
13133
13132
13133
13123
13127
13121
13129
13137
13138
13137
13145
13143
13143
13145
13140
13134
13140
13128
13132
13134
13131
13129
13138
13131
13130
13142
13135
13134
13131
13134
13134
13144
13129
13124
13132
13127
13124
13124
13125
13126
13129
13131
13137
13131
13132
13127
13127
13126
13128
13122
13125
13117
13114
13123
13114
13112
13130
13125
13132
13139
13146
13147
13150
13161
13148
13151
13155
13153
13151
13141
13140
13143
13136
13137
13147
13154
13147
13147
13141
13137
13125
13128
13131
13128
13131
13124
13121
13130
13117
13118
13119
13116
13114
13126
13128
13128
13145
13141
13139
13134
13132
13134
13136
13140
13142
13142
13141
13138
13142
13140
13135
13129
13124
13119
13124
13128
13131
13131
13133
13135
13138
13142
13148
13139
13140
13140
13138
13138
13139
13143
13142
13147
13137
13135
13128
13126
13132
13135
13140
13148
13145
13143
13147
13140
13138
13135
13132
13133
13137
13144
13141
13142
13135
13134
13133
13135
13133
13130
13127
13128
13132
13133
13137
13130
13141
13150
13144
13150
13148
13146
13149
13138
13126
13130
13126
13132
13136
13134
13136
13132
13132
13127
13126
13130
13131
13137
13138
13138
13140
13133
13139
13153
13137
13136
13139
13137
13135
13128
13125
13124
13123
13122
13127
13125
13126
13130
13130
13138
13138
