13143
13138
13142
13133
13131
13134
13128
13129
13126
13125
13129
13128
13134
13134
13137
13139
13138
13144
13131
13132
13138
13131
13121
13135
13137
13141
13141
13139
13137
13136
13132
13131
13128
13128
13132
13138
13142
13138
13142
13143
13141
13133
13134
13136
13133
13136
13128
13129
13129
13127
13132
13125
13126
13123
13125
13131
13119
13113
13112
13113
13122
13124
13117
13121
13124
13123
13123
13123
13117
13121
13117
13117
13117
13118
13121
13120
13124
13124
13126
13125
13126
13124
13132
13126
13133
13132
13128
13138
13133
13133
13134
13135
13132
13134
13134
13130
13124
13117
13123
13122
13132
13125
13123
13130
13130
13127
13128
13124
13128
13123
13120
13122
13118
13127
13139
13136
13139
13140
13146
13153
13145
13133
13134
13134
13136
13137
13140
13137
13132
13134
13133
13134
13135
13131
13134
13139
13142
13142
13143
13139
13142
13135
13136
13141
13147
13153
13153
13147
13152
13150
13149
13143
13133
13137
13134
13133
13134
13130
13124
13131
13134
13127
13128
13120
13118
13123
13131
13126
13131
13137
13133
13138
13135
13131
13132
13135
13137
13140
13146
13143
13153
13149
13159
13161
13148
13145
13139
13137
13140
13138
13132
13132
13134
13141
13141
13145
13150
13153
13153
13146
13138
13125
13135
13129
13132
13138
13136
13138
13142
13134
13134
13131
13134
13132
13135
13143
13143
13151
13149
13148
13155
13154
13145
13147
13149
13142
13135
13130
13135
13128
13130
13133
13141
13146
13146
13143
13142
13142
13143
13143
13135
13128
13138
13137
13129
13131
13125
13122
13125
13121
13120
13122
13127
13138
13136
13138
13135
13131
13136
13134
13141
13134
13136
13139
13135
13135
13120
13126
13126
13135
13137
13135
13133
13130
13135
13133
13129
13135
13134
13132
13130
13123
13132
13128
13117
13125
13128
13124
13131
13132
13142
13148
13149
13143
13139
13140
13139
13141
13140
13136
13149
13149
13146
13145
13136
13137
13134
13135
13142
13142
13147
13148
13145
13145
13144
13142
13148
13145
13149
13146
13142
13135
13145
13134
13136
13144
13142
13136
13141
13137
13151
13139
13135
13134
13131
13130
13128
13125
13130
13128
13136
13129
13131
13139
13147
13139
13139
13129
13129
13130
13132
13132
13127
13129
13127
13136
13143
13136
13131
13134
13134
13135
13137
13127
13126
13141
13139
13135
13132
13125
13129
13132
13135
13127
13128
13127
13126
13128
13131
13131
13136
13127
13128
13132
13134
13134
13142
13140
13136
13133
13122
13122
13122
13124
13136
13136
13130
13125
13126
13125
13126
13130
13137
13130
13133
13145
13145
13148
13142
13142
13144
13139
13139
13137
13142
13148
13143
13148
13147
13139
13150
13146
13142
13142
13143
13140
13144
13141
13140
13138
13139
13138
13132
13138
13139
13136
13136
13129
13131
13129
13129
13130
13143
13143
13145
13147
13139
13146
13148
13147
13134
13126
13125
13128
13121
13123
13120
13123
13121
13129
13132
13129
13125
13132
13134
13133
13132
13130
13130
13135
13138
13143
13140
13138
13148
13145
13144
13143
13142
13146
13147
13137
13147
13138
13141
13139
13144
13146
13147
13142
13141
13143
13137
13137
13135
13138
13137
13139
13134
13140
13149
13139
13139
13140
13137
13140
13068
12492
12054
11674
11441
11308
11212
11088
11029
11005
11045
11096
11184
11271
11378
11468
11579
11672
11766
11847
11930
11995
12075
12145
12219
12269
12330
12370
12418
12465
12511
12544
12579
12616
12652
12675
12704
12741
12772
12800
12814
12832
12853
12872
12886
12895
12911
12923
12935
12945
12965
12982
12989
13011
13010
13023
13038
13040
13053
13057
13048
13053
13058
13059
13060
13064
13058
13066
13070
13076
13078
13088
13095
13093
13099
13095
13095
13106
13108
13110
13113
13112
13124
13122
13119
13117
13120
13122
13119
13125
13123
13129
13123
13125
13115
13111
13117
13114
13114
13120
13121
13116
13126
13123
13126
13124
13131
13126
13129
13132
13133
13134
13129
13133
13136
13134
13131
13139
13133
13138
13132
13136
13131
13130
13118
13122
13115
13125
13123
13123
13125
13123
13127
13126
13120
13123
13129
13127
13126
13136
13128
13126
13128
13126
13126
13125
13129
13132
13127
13132
13136
13134
13129
13125
13132
13129
13131
13134
13135
13133
13136
13137
13133
13133
13127
13137
13134
13140
13137
13133
13137
13133
13135
13138
13131
13134
13141
13135
13134
13142
13135
13138
13138
13137
13138
13137
13139
13137
13134
13136
13135
13138
13141
13141
13147
13137
13137
13142
13136
13143
13147
13142
13140
13141
13138
13136
13132
13132
13134
13127
13133
13131
13129
13130
13126
13127
13132
13126
13119
13126
13124
13124
13123
13126
13134
13134
13136
13138
13138
13138
13134
13129
13127
13126
13127
13115
13119
13128
13116
13118
13113
13117
13129
13129
13128
13131
13121
13130
13128
13130
13130
13133
13122
13137
13138
13132
13139
13128
13123
13129
13132
13130
13126
13123
13123
13128
13129
13130
13123
13132
13128
13126
13120
13129
13127
13133
13135
13149
13149
13153
13150
13149
13142
13143
13137
13137
13133
13135
13140
13128
13133
13132
13137
13137
13128
13126
13132
13126
13120
13132
13129
13132
13136
13139
13142
13142
13139
13138
13137
13138
13134
13134
13136
13135
13133
13129
13131
13142
13133
13133
13125
13132
13121
13121
13132
13126
13121
13128
13129
13129
13135
13138
13135
13143
13143
13131
13136
13135
13128
13134
13133
13138
13144
13140
13132
13142
13134
13135
13139
13144
13143
13144
13143
13141
13143
13139
13134
13134
13136
13137
13131
13130
13130
13125
13130
13132
13126
13135
13131
13129
13126
13128
13130
13130
13134
13140
13140
13135
13129
13137
13131
13125
13121
13125
13128
13127
13124
13132
13136
13148
13140
13140
13129
13130
13129
13132
13132
13137
13131
13132
13137
13135
13135
13133
13132
13140
13135
13139
13139
13137
13133
13133
13135
13131
13119
13113
13126
13122
13121
13128
13130
13133
13135
13134
13131
13139
13139
13131
13128
13125
13129
13135
13126
13127
13128
13125
13129
13130
13130
13130
13126
13120
13129
13127
13124
13122
13120
13134
13135
13138
13142
13144
13134
13138
13137
13133
13136
13134
13123
13128
13127
13128
13131
13127
13132
13139
13142
13139
13143
13142
13144
13139
13135
13127
13125
13122
13131
13133
13125
13132
13121
13133
13130
13133
13133
13138
13134
13134
13135
13133
13132
13127
13138
13138
13141
13142
13143
13140
13140
13147
13149
13145
13144
13143
13144
13146
13142
13137
13134
13138
13146
13148
13142
13140
13148
13148
13138
13138
13131
13134
13136
13139
13139
13146
