13131
13129
13133
13133
13130
13138
13125
13129
13132
13126
13119
13115
13112
13113
13116
13126
13123
13126
13126
13123
13136
13128
13126
13127
13125
13124
13130
13130
13142
13145
13149
13145
13145
13148
13144
13139
13135
13131
13131
13134
13127
13121
13118
13115
13131
13137
13129
13126
13125
13131
13131
13125
13126
13126
13129
13133
13131
13134
13131
13132
13136
13133
13134
13133
13131
13138
13136
13135
13134
13138
13145
13158
13157
13159
13160
13154
13157
13153
13150
13147
13140
13134
13138
13143
13136
13139
13129
13129
13126
13124
13128
13129
13128
13120
13126
13130
13133
13136
13134
13139
13146
13134
13128
13133
13127
13131
13127
13126
13126
13133
13138
13135
13127
13133
13136
13129
13128
13123
13127
13133
13128
13128
13134
13129
13122
13124
13124
13126
13127
13126
13129
13128
13126
13122
13126
13126
13129
13130
13129
13137
13142
13138
13135
13143
13137
13129
13124
13119
13119
13123
13129
13131
13124
13129
13134
13135
13133
13133
13137
13140
13141
13139
13139
13132
13134
13137
13130
13129
13132
13131
13136
13137
13132
13131
13133
13136
13137
13130
13131
13138
13148
13137
13135
13139
13138
13140
13142
13143
13145
13147
13139
13136
13131
13134
13132
13125
13127
13128
13133
13132
13126
13120
13125
13116
13116
13121
13122
13121
13126
13122
13130
13133
13135
13126
13128
13128
13126
13127
13123
13120
13131
13124
13126
13141
13143
13146
13147
13145
13143
13142
13139
13138
13135
13140
13141
13137
13142
13135
13137
13137
13132
13131
13134
13121
13123
13136
13134
13142
13141
13149
13151
13142
13138
13137
13130
13137
13138
13136
13133
13134
13137
13129
13127
13132
13126
13126
13135
13131
13128
13128
13132
13122
13115
13120
13128
13129
13132
13138
13135
13143
13136
13133
13142
13133
13132
13132
13134
13139
13146
13148
13150
13150
13148
13146
13149
13145
13138
13130
13128
13120
13125
13115
13113
13118
13126
13131
13133
13134
13133
13139
13142
13142
13139
13135
13135
13133
13131
13130
13124
13124
13122
13131
13135
13136
13139
13149
13141
13143
13142
13143
13135
13132
13135
13135
13140
13144
13135
13125
13126
13125
13132
13123
13119
13128
13133
13128
13129
13136
13134
13137
13141
13142
13130
13139
13141
13135
13133
13133
13128
13130
13126
13124
13130
13115
13114
13118
13123
13125
13122
13130
13128
13124
13127
13132
13136
13145
13143
13146
13147
13139
13143
13130
13131
13133
13132
13130
13133
13138
13139
13139
13138
13144
13139
13137
13140
13136
13134
13136
13136
13145
13148
13141
13147
13138
13133
13136
13138
13133
13126
13130
13131
13126
13130
13128
13131
13131
13128
13124
13128
13131
13141
13134
13133
13131
13133
13139
13137
13136
13140
13137
13136
13138
13142
13146
13147
13137
13139
13141
13138
13137
13134
13129
13134
13126
13123
13128
13125
13126
13125
13123
13122
13119
13119
13118
13113
13118
13125
13127
13131
13129
13131
13130
13127
13126
13129
13135
13131
13130
13141
13137
13136
13139
13127
13131
13134
13130
13122
13125
13127
13136
13130
13126
13128
13128
13125
13128
13123
13132
13134
13135
13141
13138
13134
13133
13135
13138
13143
13143
13142
13138
13137
13130
13126
13135
12987
12174
10876
9913
9151
8682
8476
8388
8458
8535
8686
8849
9063
9253
9475
9673
9887
10070
10279
10433
10617
10767
10930
11057
11197
11308
11433
11539
11653
11737
11833
11914
11999
12061
12131
12194
12265
12312
12371
12416
12459
12488
12529
12564
12607
12637
12671
12694
12719
12746
12774
12797
12822
12832
12850
12873
12891
12908
12934
12938
12948
12959
12965
12962
12975
12980
12991
12995
13007
13014
13016
13023
13030
13036
13046
13051
13060
13064
13064
13077
13077
13089
13084
13093
13093
13088
13090
13091
13097
13102
13108
13108
13113
13120
13126
13127
13124
13119
13121
13118
13124
13134
13134
13124
13130
13123
13129
13134
13130
13120
13122
13120
13127
13124
13125
13122
13129
13124
13120
13118
13113
13116
13118
13126
13131
13130
13127
13134
13123
13131
13134
13132
13137
13133
13137
13131
13126
13120
13125
13122
13129
13136
13129
13133
13139
13136
13142
13150
13149
13140
13138
13146
13142
13140
13134
13135
13146
13140
13140
13140
13135
13137
13143
13144
13143
13141
13142
13135
13126
13118
13123
13121
13128
13134
13128
13129
13125
13121
13127
13127
13126
13132
13135
13136
13134
13130
13124
13124
13130
13135
13142
13141
13141
13141
13140
13138
13142
13137
13127
13130
13129
13129
13127
13128
13120
13134
13141
13144
13140
13138
13144
13145
13136
13138
13137
13143
13136
13126
13130
13125
13126
13136
13138
13139
13141
13132
13129
13133
13129
13130
13133
13130
13124
13125
13129
13130
13133
13129
13123
13125
13126
13125
13131
13137
13143
13142
13145
13141
13141
13141
13139
13143
13148
13141
13143
13145
13113
12980
12905
12856
12831
12818
12821
12825
12832
12849
12865
12873
12890
12899
12916
12924
12939
12955
12972
12982
13000
12997
13005
13008
13013
13019
13027
13027
13036
13044
13055
13063
13071
13069
13079
13072
13084
13087
13090
13099
13090
13092
13103
13104
13112
13110
13111
13112
13113
13111
13109
13110
13115
13115
13125
13123
13127
13133
13136
13132
13139
13134
13129
13121
13124
13119
13127
13134
13135
13134
13125
13133
13131
13130
13134
13130
13140
13137
13138
13143
13136
13122
13125
13116
13122
13124
13127
13133
13136
13136
13136
13128
13132
13130
13136
13139
13136
13139
13141
13140
13154
13141
13136
13135
13134
13135
13136
13140
13148
13141
13139
13141
13130
13136
13140
13137
13146
13143
13138
13138
13129
13121
13133
13128
13133
13131
13129
13131
13129
13124
13131
13130
13131
13137
13139
13133
13138
13137
13136
13133
13145
13134
13132
13133
13129
13129
13126
13127
13132
13134
13131
13132
13134
13137
13140
13135
13142
13139
13143
13143
13142
13140
13152
13147
13139
13139
13135
13138
13139
13138
13133
13136
13137
13132
13127
13127
13124
13127
13128
13126
13127
13123
13123
13121
13125
13127
13133
13138
13136
13134
13133
13136
13125
13128
13130
13134
13142
13138
13137
13128
13131
13122
13128
13120
13118
13121
13123
13132
13135
13135
13139
13137
13140
13133
13128
13130
13122
13131
13126
13118
13126
13117
13126
13133
13139
13138
13138
13130
13129
13131
13124
13123
13123
13122
13133
13124
13127
13129
13125
13134
13131
13123
13137
13132
13133
13134
13131
13129
13136
13136
13137
13139
13141
13131
13126
13127
13129
13126
13129
13124
13128
13126
13133
13137
13136
13133
13137
13136
13134
13134
