13138
13137
13140
13142
13141
13137
13134
13134
13135
13129
13125
13120
13107
13115
13116
13122
13119
13123
13122
13121
13135
13146
13141
13138
13133
13131
13140
13126
13125
13136
13130
13134
13140
13139
13141
13138
13140
13137
13129
13129
13125
13127
13131
13135
13150
13140
13140
13143
13144
13138
13139
13134
13129
13128
13126
13124
13124
13131
13135
13137
13132
13137
13131
13142
13135
13137
13147
13146
13147
13151
13147
13155
13158
13151
13144
13146
13149
13146
13152
13150
13145
13141
13141
13138
13147
13135
13139
13139
13134
13137
13139
13134
13132
13131
13132
13132
13123
13124
13123
13126
13128
13127
13129
13133
13137
13133
13138
13138
13140
13143
13143
13142
13138
13138
13135
13134
13133
13130
13124
13122
13123
13127
13128
13135
13140
13133
13132
13142
13133
13133
13128
13129
13129
13127
13129
13136
13131
13130
13130
13131
13129
13129
13123
13121
13108
13114
13124
13116
13112
13117
13118
13124
13130
13132
13139
13140
13140
13143
13138
13135
13127
13138
13137
13138
13142
13142
13141
13140
13138
13138
13144
13148
13143
13145
13142
13148
13141
13144
13134
13136
13137
13134
13122
13132
13126
13131
13142
13142
13139
13132
13135
13137
13130
13130
13120
13126
13127
13133
13133
13137
13129
13138
13139
13139
13141
13133
13138
13138
13134
13134
13127
13132
13131
13136
13132
13134
13127
13136
13138
13135
13134
13132
13126
13127
13126
13122
13124
13116
13123
13132
13128
13135
13134
13137
13133
13138
13134
13133
13135
13138
13139
13145
13147
13144
13149
13137
13141
13138
13140
13134
13138
13135
13137
13137
13137
13136
13135
13133
13127
13123
13130
13133
13135
13139
13137
13133
13137
13133
13135
13141
13140
13141
13137
13136
13133
13132
13139
13138
13142
13145
13139
13137
13140
13138
13137
13124
13129
13143
13144
13140
13142
13136
13138
13134
13132
13129
13129
13135
13138
13134
13137
13139
13134
13137
13132
13139
13148
13151
13145
13145
13156
13150
13150
13138
13136
13143
13144
13140
13139
13136
13138
13136
13135
13135
13135
13126
13127
13135
13132
13136
13127
13143
13140
13138
13135
13132
13132
13137
13137
13130
13123
13124
13130
13138
13129
13122
13134
13135
13130
13132
13129
13129
13136
13136
13144
13145
13142
13143
13140
13138
13137
13136
13132
13130
13141
13135
13134
13133
13133
13136
13134
13138
13143
13140
13142
13135
13131
13137
13127
13129
13134
13136
13132
13142
13138
13130
13143
13135
13135
13141
13137
13138
13142
13142
13146
13142
13136
13136
13141
13147
13145
13145
13149
13146
13150
13139
13137
13134
13138
13145
13145
13148
13145
13147
13139
13140
13136
13135
13133
13132
13134
13139
13144
13143
13143
13142
13148
13142
13141
13132
13119
13122
13125
13124
13127
13126
13131
13129
13129
13126
13121
13122
13129
13123
13127
13122
13126
13132
13132
13134
13139
13138
13140
13136
13131
13138
13137
13138
13137
13133
13135
13133
13136
13139
13139
13134
13144
13133
13139
13139
13138
13138
13142
13140
13136
13138
13138
13136
13135
13140
13136
13137
13133
13129
13139
13138
13137
13133
13130
13135
13132
13130
13127
13134
13132
13139
13134
13139
13139
13134
13129
13135
13124
13134
13126
13123
13046
12386
11716
11055
10655
10432
10347
10329
10395
10463
10588
10688
10829
10947
11085
11203
11322
11425
11518
11518
11573
11633
11717
11772
11855
11921
12003
12062
12125
12185
12245
12294
12355
12399
12442
12491
12535
12581
12619
12644
12684
12711
12734
12762
12775
12798
12819
12831
12856
12869
12880
12897
12912
12925
12942
12955
12966
12973
12996
12991
12998
13007
13013
13027
13034
13046
13051
13059
13063
13081
13081
13080
13084
13082
13089
13087
13084
13094
13098
13094
13099
13092
13094
13102
13099
13097
13095
13100
13100
13105
13112
13110
13116
13121
13112
13108
13114
13114
13118
13115
13115
13120
13118
13129
13125
13125
13128
13125
13124
13128
13129
13137
13137
13138
13140
13140
13131
13133
13135
13131
13138
13129
13129
13138
13126
13128
13126
13132
13131
13133
13136
13134
13140
13144
13143
13145
13137
13133
13137
13127
13122
13125
13125
13125
13124
13129
13128
13135
13137
13142
13138
13140
13137
13136
13142
13138
13130
13138
13131
13127
13136
13134
13128
13138
13141
13137
13134
13137
13136
13138
13142
13147
13141
13142
13141
13143
13137
13141
13147
13137
13130
13134
13129
13124
13129
13136
13138
13145
13147
13147
13141
13150
13150
13140
13144
13139
13137
13144
13142
13137
13139
13132
13137
13145
13144
13150
13145
13139
13135
13138
13130
13135
13133
13141
13147
13148
13144
13147
13155
13150
13150
13152
13144
13146
13150
13155
13150
13145
13146
13139
13130
13131
13138
13138
13139
13138
13139
13147
13146
13138
13142
13135
13136
13140
13129
13124
13132
13131
13128
13128
13132
13135
13139
13139
13140
13140
13134
13130
13134
13129
13120
13126
13122
13129
13123
13120
13123
13129
13135
13142
13137
13140
13137
13135
13142
13134
13139
13149
13139
13140
13139
13135
13131
13136
13129
13134
13141
13133
13126
13134
13142
13135
13136
13141
13138
13133
13138
13145
13148
13135
13134
13132
13125
13127
13130
13135
13137
13140
13148
13144
13137
13145
13142
13143
13135
13134
13134
13135
13134
13140
13143
13135
13134
13138
13141
13141
13145
13145
13152
13148
13152
13149
13142
13142
13144
13138
13134
13137
13143
13142
13141
13145
13139
13137
13139
13143
13136
13145
13141
13142
13134
13137
13140
13138
13146
13148
13146
13153
13144
13139
13137
13127
13125
13127
13125
13127
13135
13139
13145
13156
13161
13162
13090
12978
12904
12859
12833
12818
12821
12821
12838
12854
12873
12888
12896
12915
12928
12937
12958
12967
12969
12981
12984
12996
13008
13010
13015
13031
13031
13040
13051
13043
13056
13059
13069
13074
13083
13084
13093
13098
13102
13100
13105
13108
13111
13120
13114
13115
13116
13102
13105
13116
13115
13118
13114
13123
13127
13133
13126
13129
13117
13123
13121
13118
13110
13115
13115
13118
13120
13121
13125
13121
13122
13128
13127
13126
13128
13126
13122
13123
13125
13122
13129
13132
13125
13128
13126
13131
13137
13129
13132
13134
13132
13132
13127
13125
13126
13130
13128
13123
13119
13130
13135
13129
13135
13129
13131
13132
13129
13127
13139
13140
13144
13148
13141
13137
13133
13131
13134
13137
13137
13139
13141
13143
13147
13148
13135
13137
13135
13128
13119
13133
13131
13130
13132
13136
13139
13140
13138
13140
13136
13132
13134
13129
13134
13123
13129
13127
13122
13117
13125
13128
13131
13138
