13130
13126
13136
13133
13136
13140
13138
13136
13137
13133
13133
13136
13135
13128
13129
13134
13128
13120
13130
13132
13109
12980
12901
12860
12832
12818
12816
12824
12843
12853
12874
12887
12896
12903
12919
12930
12950
12957
12964
12969
12981
12986
12997
12898
12826
12773
12749
12743
12747
12758
12768
12781
12801
12816
12834
12849
12869
12879
12898
12910
12924
12937
12952
12965
12977
12989
12990
12999
13006
13023
13024
13039
13042
13051
13054
13056
13061
13065
13066
13075
13076
13072
13080
13076
13081
13093
13094
13098
13100
13098
13098
13096
13101
13101
13110
13110
13114
13108
13113
13120
13125
13119
13122
13127
13129
13127
13126
13056
12945
12885
12846
12835
12823
12828
12837
12839
12857
12866
12878
12900
12905
12912
12931
12937
12946
12955
12969
12980
12993
13000
13006
13020
13022
13034
13044
13050
13055
13070
13076
13084
13092
13080
13083
13088
13092
13098
13095
13086
13093
13100
13104
13106
13103
13105
13108
13108
13108
13109
13114
13128
13127
13120
13117
13116
13115
13118
13114
13119
13123
13118
13122
13127
13126
13123
13117
13117
13123
13128
13131
13133
13132
13120
13117
13123
13118
13124
13123
13127
13134
13141
13133
13135
13124
13128
13123
13122
13116
13118
13117
13123
13129
13122
13134
13130
13129
13137
13134
13132
13132
13133
13125
13126
13127
13129
13131
13138
13139
13140
13143
13142
13137
13136
13135
13138
13139
13138
13137
13138
13132
13129
13126
13130
13125
13132
13137
13136
13135
13134
13139
13138
13130
13130
13134
13138
13130
13124
13119
13125
13123
13126
13130
13127
13128
13132
13137
13138
13136
13146
13142
13140
13143
13136
13140
13138
13139
13135
13136
13140
13136
13142
13139
13141
13138
13139
13139
13135
13137
13135
13136
13143
13142
13141
13151
13147
13142
13138
13132
13131
13126
13120
13131
13122
13133
13138
13140
13138
13134
13140
13137
13142
13142
13137
13138
13137
13133
13137
13136
13133
13135
13136
13131
13139
13133
13140
13142
13136
13145
13139
13135
13138
13133
13132
13137
13126
13132
13132
13135
13132
13132
13129
13133
13136
13134
13135
13135
13139
13144
13139
13136
13133
13135
13124
13125
13136
13136
13134
13134
13135
13142
13135
13143
13136
13129
13131
13126
13123
13129
13130
13128
13136
13135
13138
13149
13153
13144
13147
13140
13143
13147
13142
13142
13139
13134
13136
13130
13137
13139
13142
13135
13136
13139
13131
13128
13133
13129
13122
13123
13131
13133
13132
13130
13131
13130
13132
13132
13125
13125
13125
13118
13124
13115
13116
13126
13124
13126
13135
13132
13131
13130
13129
13139
13137
13137
13136
13140
13139
13130
13131
13131
13130
13130
13128
13122
13129
13128
13120
13122
13123
13122
13131
13126
13125
13123
13128
13127
13127
13133
13135
13134
13135
13133
13131
13136
13126
13130
13141
13139
13145
13152
13149
13147
13140
13149
13145
13141
13138
13134
13136
13136
13129
13137
13134
13149
13143
13146
13142
13138
13130
13126
13124
13130
13130
13124
13127
13122
13122
13130
13132
13132
13136
13133
13139
13140
13133
13137
13136
13127
13126
13127
13131
13127
13125
13131
13131
13126
13128
13126
13128
13131
13132
13140
13135
13133
13136
13141
13144
12871
12112
11484
10895
10523
10212
10086
10050
10098
10169
10301
10417
10565
10699
10846
10971
11115
11220
11350
11456
11569
11660
11757
11839
11936
12005
12088
12138
12200
12255
12317
12365
12414
12460
12509
12530
12576
12618
12656
12678
12714
12737
12760
12777
12801
12819
12833
12859
12874
12887
12909
12920
12934
12954
12964
12965
12974
12977
12993
13000
13008
13008
13020
13019
13029
13036
13045
13049
13057
13063
13073
13081
13076
13080
13083
13090
13083
13086
13093
13093
13091
13094
13093
13099
13100
13107
13104
13110
13115
13108
13112
13116
13129
13123
13124
13120
13125
13127
13122
13130
13130
13128
13137
13138
13145
13138
13137
13133
13135
13131
13130
13132
13133
13143
13144
13133
13137
13136
13135
13130
13133
13135
13142
13134
13137
13145
13143
13148
13151
13141
13147
13146
13150
13155
13145
13138
13137
13131
13125
13125
13129
13137
13142
13146
13145
13131
13130
13129
13131
13127
13128
13126
13126
13120
13129
13118
13117
13127
13126
13132
13126
13124
13131
13125
13135
13141
13130
13139
13145
13142
13140
13134
13132
13134
13131
13128
13135
13137
13138
13136
13135
13138
13138
13140
13143
13138
13136
13133
13139
13151
13144
13142
13139
13136
13139
13137
13132
13132
13132
13132
13135
13138
13142
13143
13145
13141
13132
13130
13132
13132
13130
13134
13134
13134
13134
13132
13139
13141
13139
13145
13139
13141
13148
13153
13148
13142
13138
13137
13135
13136
13131
13138
13141
13143
13151
13146
13143
13147
13156
13155
13148
13140
13141
13143
13136
13134
13132
13137
13134
13137
13147
13143
13147
13151
13141
13139
13132
13130
13130
13134
13134
13138
13138
13141
13139
13139
13139
13135
13141
13136
13134
13135
13137
13137
13135
13136
13132
13136
13133
13136
13141
13147
13145
13150
13144
13148
13146
13147
13142
13144
13133
13135
13135
13136
13142
13131
13137
13130
13137
13138
13137
13131
13136
13146
13144
13137
13141
13141
13140
13142
13144
13138
13136
13137
13143
13137
13133
13142
13149
13154
13146
13145
13140
13138
13142
13142
13132
13133
13134
13137
13134
13131
13129
13136
13126
13121
13124
13118
13123
13129
13125
13130
13140
13146
13153
13144
13145
13139
13142
13138
13139
13126
13128
13124
13137
13131
13126
13134
13137
13140
13139
13138
13138
13139
13140
13136
13130
13130
13133
13140
13146
13151
13146
13146
13136
13135
13147
13138
13139
13144
13134
13136
13134
13136
13133
13130
13140
13139
13146
13148
13142
13144
13143
13140
13150
13137
13136
13137
13136
13135
13129
13127
13123
13130
13129
13137
13133
13135
13137
13134
13131
13135
13131
13131
13126
13118
13125
13120
13120
13119
13126
13129
13133
13126
13128
13127
13133
13127
13131
13137
13133
13135
13138
13139
13146
13135
13133
13129
13123
13127
13123
13129
13125
13077
12959
12884
12842
12810
12805
12792
12769
12764
12765
12773
12788
12806
12830
12830
12846
12868
12885
12903
12922
12938
12950
12963
12974
12980
12982
12992
12997
13006
13012
13018
13030
13039
13046
13053
13062
13071
13073
13074
13078
13084
13091
13099
13087
13087
13089
13093
13097
13097
13105
13111
13110
13108
13109
13105
13107
13111
13108
13108
13112
13111
13116
13113
13119
13114
13117
13122
13120
13132
13134
13129
13128
13125
13119
13126
13127
13124
13124
13119
13120
13120
