13135
13141
13144
13144
13144
13143
13137
13137
13136
13136
13137
13132
13135
13135
13134
13137
13126
13129
13127
13126
13117
13118
13121
13123
13121
13131
13132
13130
13134
13136
13135
13141
13131
13126
13129
13128
13121
13130
13131
13133
13138
13141
13147
13146
13155
13154
13150
13149
13150
13144
13141
13140
13141
13130
13128
13125
13117
13130
13133
13138
13141
13142
13145
13145
13140
13143
13137
13130
13135
13132
13136
13138
13127
13126
13129
13126
13123
13125
13119
13122
13124
13130
13126
13125
13124
13124
13123
13127
13121
13116
13119
13127
13133
13122
13118
13131
13137
13134
13135
13136
13134
13135
13135
13135
13123
13126
13129
13128
13125
13130
13129
13144
13138
13137
13143
13136
13137
13138
13131
13130
13133
13129
13126
13134
13135
13137
13134
13130
13125
13131
13135
13138
13139
13134
13134
13141
13141
13147
13134
13136
13133
13137
13142
13141
13136
13136
13139
13138
13135
13138
13138
13144
13136
13126
13132
13131
13123
13123
13122
13124
13128
13129
13124
13128
13124
13131
13132
13135
13135
13138
13136
13137
13138
13131
13126
13131
13133
13132
13137
13134
13129
13132
13123
13128
13125
13128
13135
13131
13131
13134
13142
13151
13147
13140
13143
13140
13135
13129
13123
13124
13126
13119
13114
13118
13120
13120
13131
13132
13131
13136
13134
13133
13132
13132
13131
13130
13131
13137
13145
13141
13145
13151
13141
13142
13135
13141
13140
13133
13131
13129
13134
13139
13138
13137
13146
13139
13136
13140
13142
13139
13133
13133
13137
13138
13134
13129
13126
13123
13123
13116
13112
13119
13124
13124
13125
13138
13136
13137
13133
13130
13135
13132
13134
13140
13138
13146
13142
13141
13138
13138
13141
13137
13136
13134
13140
13140
13135
13134
13130
13129
13129
13121
13124
13129
13131
13129
13127
13135
13132
13131
13131
13127
13134
13137
13130
13137
13142
13144
13139
13139
13134
13134
13131
13133
13126
13129
13129
13133
13128
13133
13130
13133
13125
13125
13132
13125
13117
13131
13123
13128
13129
13129
13133
13124
13126
13132
13139
13137
13137
13139
13132
13129
13133
13127
13119
13129
13130
13127
13121
13124
13131
13135
13136
13138
13135
13137
13135
13138
13137
13139
13139
13139
13131
13129
13125
13117
13110
13118
13112
13115
13105
13100
13105
13115
13119
13118
13122
13125
13126
13131
13131
13134
13133
13131
13136
13133
13133
13132
13128
13125
13123
13129
13124
13128
13120
13130
13128
13124
13126
13124
13127
13134
13131
13139
13139
13136
13140
13148
13142
13137
13132
13133
13128
13126
13127
13129
13135
13138
13141
13134
13135
13133
13135
13130
13133
13137
13140
13142
13138
13138
13134
13130
13128
13133
13132
13133
13137
13138
13130
13129
13125
13126
13120
13117
13128
13127
13132
13136
13138
13135
13132
13132
13133
13130
13132
13131
13131
13136
13134
13139
13144
13145
13143
13142
13137
13143
13134
13140
13135
13137
13137
13134
13135
13130
13124
13127
13120
13122
13131
13133
13130
13139
13133
13131
13132
13100
12977
12905
12860
12832
12819
12813
12826
12832
12839
12849
12865
12887
12909
12924
12942
12947
12967
12965
12970
12986
13001
13007
13025
13035
13035
13045
12856
12165
11406
10706
10166
9798
9644
9578
9636
9709
9848
9982
10154
10302
10478
10628
10794
10928
11074
11201
11336
11441
11555
11656
11762
11845
11930
11999
12069
12128
12208
12252
12305
12356
12397
12435
12489
12529
12569
12605
12639
12670
12693
12716
12741
12755
12777
12799
12819
12845
12866
12889
12913
12924
12942
12960
12970
12982
12991
12995
12996
12995
13009
13013
13012
13023
13028
13040
13043
13050
13057
13062
13066
13068
13067
13079
13077
13090
13092
13099
13104
13106
13093
13099
13102
13108
13110
13105
13096
13101
13102
13104
13098
13094
13100
13118
13114
13115
13119
13130
13125
13137
13139
13138
13140
13135
13129
13127
13128
13128
13133
13137
13133
13129
13129
13126
13120
13123
13123
13130
13123
13130
13118
13122
13124
13124
13119
13126
13125
13138
13133
13127
13139
13133
13131
13138
13138
13135
13127
13126
13123
13126
13125
13124
13122
13125
13130
13130
13132
13134
13140
13139
13135
13135
13131
13126
13122
13122
13121
13123
13118
13130
13127
13131
13124
13122
13133
13139
13147
13146
13139
13141
13143
13137
13139
13141
13133
13140
13140
13140
13138
13139
13137
13133
13136
13139
13130
13129
13126
13126
13128
13122
13118
13127
13119
13122
13128
13128
13131
13126
13127
13132
13129
13129
13129
13133
13135
13138
13143
13143
13136
13128
13135
13130
13125
13123
13120
13116
13119
13114
13119
13122
13126
13119
13122
13126
13129
13136
13126
13131
13136
13134
13128
13134
13134
13137
13138
13141
13143
13136
13126
13133
13122
13123
13126
13131
13133
13139
13133
13144
13137
13136
13138
13131
13132
13136
13132
13122
13125
13120
13119
13121
13120
13126
13129
13133
13128
13136
13125
13127
13128
13126
13115
13127
13125
13129
13122
13124
13126
13140
13134
13135
13125
13132
13140
13147
13145
13148
13148
13150
13147
13142
13142
13134
13131
13132
13129
13135
13131
13129
13125
13132
13127
13129
13131
13134
13136
13138
13142
13141
13137
13130
13132
13136
13123
13122
13116
13117
13121
13130
13132
13130
13129
13129
13131
13127
13131
13130
13129
13129
13121
13118
13124
13123
13120
13131
13127
13140
13141
13138
13139
13132
13130
13117
13125
13122
13119
13124
13121
13122
13137
13131
13135
13133
13129
13136
13132
13138
13140
13141
13134
13139
13128
13136
13134
13139
13145
13144
13130
13137
13133
13136
13142
13137
13137
13136
13126
13131
13129
13129
13128
13130
13127
13123
13122
13132
13131
13132
13136
13136
13138
13137
13132
13139
13136
13133
13134
13138
13134
13135
13128
13137
13132
13126
13128
13132
13132
13134
13135
13136
13132
13128
13135
13137
13139
13139
13139
13142
13137
13138
13139
13137
13134
13131
13138
13144
13141
13143
13142
13139
13143
13140
13138
13134
13134
13134
13136
13139
13137
13142
13142
13144
13142
13140
13142
13135
13137
13141
13139
13140
13141
13137
13149
13139
13132
13131
13120
13120
13120
13124
13125
13131
13135
13132
13130
13137
13136
13140
13141
13140
13142
13139
13140
13146
13144
13142
13143
13138
13134
13138
13138
13136
13126
13123
13126
13124
13130
13127
13128
13141
13140
13144
13146
13142
13143
13146
13144
13137
13135
13133
13137
13134
13136
13127
13129
13132
13132
13125
13126
13127
13133
13128
13126
13137
13134
13137
13137
13138
13139
13135
13136
13135
13137
13137
13135
13130
13130
13132
