13133
13136
13137
13138
13132
13133
13126
13128
13126
13130
13125
13133
13134
13137
13134
13142
13140
13139
13135
13137
13149
13141
13137
13138
13132
13133
13129
13138
13138
13139
13142
13147
13142
13147
13149
13145
13145
13146
13141
13142
13137
13133
13139
13134
13132
13136
13134
13128
13128
13133
13134
13142
13144
13139
13135
13125
13122
13123
13117
13115
13119
13119
13130
13132
13131
13131
13129
13126
13129
13125
13124
13127
13126
13132
13129
13129
13133
13142
13144
13145
13148
13140
13145
13142
13132
13132
13135
13135
13134
13134
13129
13137
13145
13143
13148
13149
13142
13138
13135
13135
13128
13128
13125
13135
13128
13134
13136
13139
13139
13140
13138
13146
13136
13138
13097
12973
12908
12864
12842
12826
12827
12828
12842
12852
12868
12881
12892
12909
12930
12937
12950
12963
12976
12989
13003
13017
13018
13026
13032
13037
13054
13047
13052
13055
13053
13056
13058
13064
13064
13066
13068
13083
13078
13087
13092
13093
13094
13097
13091
13094
13093
13097
13111
13109
13117
13130
13132
13130
13128
13124
13117
13124
13121
13122
13117
13123
13118
13118
13118
13115
13125
13128
13126
13127
13128
13129
13126
13124
13124
13132
13126
13132
13125
13124
13134
13135
13133
13133
13129
13137
13136
13128
13128
13128
13126
13130
13129
13138
13133
13135
13134
13139
13145
13142
13149
13146
13143
13140
13134
13128
13127
13122
13127
13131
13128
13126
13130
13121
13127
13137
13128
13132
13129
13131
13134
13132
13131
13132
13128
13134
13134
13134
13142
13142
13148
13146
13148
13142
13137
13139
13138
13134
13138
13133
13135
13133
13126
13129
13132
13132
13134
13129
13125
13118
13118
13123
13120
13126
13130
13130
13141
13142
13137
13140
13132
13133
13144
13142
13142
13145
13135
13133
13139
13127
13124
13127
13127
13135
13135
13139
13130
13132
13133
13134
13139
13144
13141
13141
13142
13140
13138
13125
13126
13130
13134
13133
13134
13131
13131
13136
13128
13130
13129
13131
13127
13133
13137
13139
13131
13129
13132
13131
13135
13136
13134
13137
13132
13138
13145
13138
13135
13134
13138
13137
13134
13138
13138
13138
13140
13137
13138
13128
13123
13124
13120
13118
13114
13119
13133
13136
13134
13141
13135
13130
13134
13134
13135
13134
13132
13133
13143
13141
13146
13139
13139
13149
13147
13146
13135
13126
13131
13133
13132
13133
13130
13142
13145
13140
13141
13134
13139
13133
13129
13121
13121
13123
13122
13126
13126
13133
13138
13138
13138
13137
13137
13135
13139
13143
13146
13146
13145
13137
13142
13133
13138
13136
13134
13130
13134
13133
13134
13140
13145
13141
13141
13139
13146
13145
13142
13146
13144
13137
13142
13139
13138
13133
13125
13131
13130
13138
13134
13138
13137
13136
13142
13142
13141
13142
13141
13151
13150
13140
13151
13145
13143
13146
13141
13147
13149
13148
13144
13137
13137
13132
13126
13130
13132
13137
13121
13123
13128
13132
13132
13136
13132
13137
13146
13142
13147
13151
13152
13148
13134
13141
13141
13143
13141
13145
13140
13140
13138
13134
13133
13132
13134
13136
13126
13122
13128
13132
13133
13135
13130
13129
13132
13135
13128
13133
13128
13120
13125
13124
13117
13095
12517
11666
11078
10637
10420
10310
10322
10352
10444
10537
10665
10781
10921
11043
11181
11290
11406
11506
11620
11698
11791
11879
11969
12044
12115
12175
12237
12292
12346
12398
12444
12492
12531
12559
12598
12632
12667
12688
12718
12749
12776
12784
12806
12824
12853
12864
12881
12894
12897
12923
12946
12956
12972
12981
12998
13009
13015
13021
13030
13022
13025
13038
13047
13058
13065
13073
13071
13071
13072
13072
13074
13084
13082
13094
13099
13100
13108
13108
13108
13114
13115
13110
13103
13098
13096
13100
13097
13105
13097
13113
13106
13103
13110
13109
13113
13125
13123
13122
13125
13121
13125
13127
13101
12981
12908
12866
12846
12828
12815
12821
12837
12854
12867
12878
12887
12902
12913
12918
12927
12948
12957
12964
12980
12987
12999
13007
13021
13029
13033
13039
13049
13057
13063
13066
13067
13075
13069
13069
13078
13086
13090
13092
13086
13094
13095
13105
13103
13105
13107
13103
13105
13111
13112
13107
13113
13107
13121
13109
13110
13119
13116
13115
13125
13122
13125
13126
13121
13122
13118
13124
13119
13113
13111
13116
13126
13135
13135
13130
13132
13137
13131
13133
13126
13131
13130
13135
13136
13131
13137
13137
13141
13137
13131
13131
13140
13136
13139
13135
13131
13133
13127
13134
13129
13133
13136
13135
13134
13137
13137
13135
13134
13129
13135
13135
13130
13136
13134
13130
13140
13138
13132
13129
13117
13125
13135
13137
13132
13134
13136
13136
13138
13138
13133
13135
13132
13131
13138
13134
13140
13138
13135
13136
13133
13128
13131
13132
13132
13133
13126
13125
13122
13121
13132
13125
13129
13132
13129
13128
13126
13122
13124
13127
13118
13116
13123
13126
13124
13118
13118
13122
13126
13131
13131
13139
13149
13142
13144
13131
13135
13132
13137
13134
13133
13140
13139
13141
13144
13138
13129
13129
13122
13124
13122
13125
13127
13128
13130
13122
13132
13127
13129
13133
13132
13136
13140
13138
13131
13133
13137
13126
13122
13130
13121
13124
13127
13126
13131
13129
13134
13141
13137
13139
13137
13132
13140
13140
13134
13140
13129
13131
13134
13135
13134
13138
13137
13141
13139
13135
13139
13131
13136
13138
13136
13139
13135
13139
13133
13128
13130
13124
13130
13126
13125
13125
13117
13112
13122
13123
13120
13125
13128
13128
13135
13132
13128
13131
13126
13126
13123
13121
13121
13119
13123
13130
13127
13131
13126
13131
13134
13126
13125
13132
13124
13129
13134
13131
13130
13136
13130
13131
13129
13132
13126
13126
13132
13137
13146
13134
13134
13142
13141
13141
13137
13134
13136
13138
13138
13138
13125
13126
13131
13129
13130
13129
13131
13135
13129
13133
13139
13137
13137
13139
13135
13133
13138
13133
13132
13128
13131
13138
13144
13142
13142
13145
13145
13141
13147
13135
13132
13138
13136
13127
13129
13121
13126
13117
13117
13118
13116
13120
13119
13114
13122
13122
13127
13133
13134
13132
13135
13135
13127
13132
13123
13118
13124
13129
13128
13131
13128
13127
13126
13140
13136
13138
13137
13135
13145
13138
13134
13132
13129
13134
13125
13122
13121
13121
13121
13124
13119
13124
13120
13122
13126
13131
13130
13133
13131
13133
13141
13136
13136
13138
13136
13141
13140
13145
13140
13143
13137
13139
13146
13144
13140
13134
13121
13119
13120
13118
13123
13130
13128
13136
13131
13135
13139
13138
