13125
13132
13136
13132
13137
13141
13137
13135
13137
13139
13138
13138
13137
13140
13140
13147
13142
13138
13145
13146
13149
13135
13137
13141
13135
13132
13137
13136
13136
13136
13137
13133
13136
13135
13134
13123
13125
13116
13118
13124
13117
13123
13127
13123
13123
13124
13122
13122
13126
13126
13134
13136
13131
13128
13129
13127
13134
13130
13131
13125
13134
13138
13137
13139
13139
13143
13142
13142
13143
13138
13139
13134
13133
13134
13142
13134
13135
13141
13133
13140
13136
13138
13133
13118
13127
13132
13127
13130
13131
13130
13136
13131
13132
13132
13134
13139
13136
13137
13133
13134
13139
13133
13134
13130
13123
13123
13121
13125
13132
13138
13136
13142
13134
13138
13144
13140
13143
13140
13137
13144
13143
13137
13153
13147
13148
13146
13139
13147
13145
13137
13134
13131
13130
13136
13144
13148
13142
13142
13138
13138
13142
13136
13138
13136
13140
13138
13139
13146
13145
13153
13148
13142
13139
13138
13143
13139
13139
13137
13141
13138
13124
13126
13127
13126
13128
13138
13132
13136
13134
13146
13141
13138
13134
13136
13138
13142
13141
13143
13137
13137
13134
13137
13142
13138
13139
13142
13136
13133
13132
13139
13138
13143
13134
13140
13140
13132
13136
13141
13144
13153
13146
13137
13140
13137
13137
13140
13137
13136
13136
13134
13137
13132
13141
13135
13141
13142
13136
13139
13137
13137
13139
13131
13126
13130
13132
13129
13125
13132
13131
13122
13122
13123
13121
13133
13139
13135
13135
13135
13138
13134
13135
13135
13136
13132
13136
13133
13131
13136
13146
13143
13133
13125
13134
13132
13135
13142
13136
13135
13136
13135
13138
13133
13138
13146
13150
13149
13141
13143
13142
13139
13131
13124
13131
13136
13133
13127
13128
13130
13132
13136
13132
13128
13129
13129
13133
13138
13141
13143
13155
13154
13149
13152
13152
13140
13147
13141
13141
13139
13134
13134
13135
13131
13125
13134
13129
13131
13129
13123
13127
13123
13122
13132
13130
13138
13148
13140
13135
13138
13139
13129
13125
13127
13131
13126
13132
13138
13137
13137
13139
13141
13146
13143
13146
13136
13144
13145
13127
13131
13124
13129
13141
13138
13133
13137
13138
13140
13143
13145
13144
13144
13146
13153
13149
13151
13149
13146
13146
13142
13139
13138
13138
13135
13136
13135
13130
13145
13139
13136
13137
13132
13132
13131
13131
13132
13132
13132
13132
13121
13123
13120
13123
13119
13121
13126
13121
13130
13128
13133
13131
13128
13131
13127
13125
13134
13134
13135
13134
13138
13141
13133
13126
13129
13142
13135
13134
13138
13142
13139
13143
13143
13144
13144
13143
13142
13138
13141
13141
13140
13142
13141
13143
13138
13127
13129
13123
13130
13119
13124
13121
13126
13128
13137
13127
13127
13131
13127
13126
13126
13131
13135
13132
13133
13135
13127
13127
13128
13128
13133
13129
13124
13123
13124
13126
13132
13134
13138
13134
13137
13137
13139
13149
13137
13137
13139
13143
13147
13145
13144
13140
13143
13147
13142
13142
13142
13147
13145
13148
13138
13139
13144
13140
13131
13137
13131
13132
13140
13135
13139
13131
13131
13137
13133
13134
13130
13127
13132
13129
13125
13132
13132
13144
13136
13134
13132
12953
12241
11421
10856
10541
10365
10324
10335
10413
10498
10624
10734
10869
10983
11120
11240
11360
11463
11565
11652
11749
11839
11930
12002
12082
12146
12218
12268
12330
12379
12424
12464
12504
12537
12583
12620
12659
12687
12716
12732
12758
12774
12801
12819
12845
12858
12875
12894
12902
12923
12940
12947
12963
12975
12992
12998
12998
13003
13015
13011
13016
13034
13032
13042
13056
13071
13079
13082
13086
13084
13089
13099
13102
13104
13109
13112
13125
13120
13129
13125
13123
13124
13125
13124
13121
13120
13115
13115
13116
13118
13114
13108
13111
13108
13111
13117
13115
13110
13117
13112
13118
13121
13117
13123
13124
13126
13127
13127
13130
13129
13122
13135
13134
13139
13127
13132
13135
13131
13128
13131
13134
13134
13131
13135
13132
13133
13137
13140
13136
13138
13139
13139
13141
13135
13133
13143
13133
13129
13126
13127
13126
13137
13125
13122
13127
13128
13129
13129
13131
13127
13127
13141
13138
13135
13125
13124
13121
13113
13108
13112
13118
13128
13128
13134
13139
13135
13127
13133
13119
13122
13122
13123
13126
13128
13126
13131
13130
13126
13129
13117
13117
13125
13120
13124
13125
13130
13119
13124
13132
13131
13131
13140
13140
13146
13142
13137
13143
13138
13134
13136
13135
13132
13132
13128
13131
13141
13149
13146
13136
13142
13137
13137
13148
13144
13145
13143
13143
13140
13141
13138
13107
12981
12903
12860
12836
12821
12820
12822
12832
12844
12862
12886
12891
12913
12922
12936
12950
12950
12962
12987
12999
13001
13005
13017
13013
13019
13028
13036
13034
13045
13057
13056
13062
13068
13067
13080
13078
13070
13085
13085
13082
13086
13085
13088
13098
13106
13113
13111
13109
13108
13120
13128
13118
13126
13121
13121
13131
13130
13128
13131
13130
13127
13134
13130
13125
13123
13121
13131
13124
13122
13127
13122
13126
13131
13132
13136
13131
13126
13130
13128
13123
13123
13114
13114
13120
13122
13125
13133
13125
13124
13124
13131
13127
13131
13125
13121
13125
13108
13111
13113
13111
13114
13122
13122
13121
13122
13129
13135
13133
13137
13138
13137
13141
13138
13132
13138
13132
13126
13134
13120
13122
13121
13127
13134
13135
13135
13135
13132
13130
13133
13133
13137
13134
13141
13145
13139
13138
13149
13137
13141
13138
13133
13128
13131
13131
13138
13135
13135
13135
13132
13132
13128
13132
13132
13135
13135
13137
13132
13147
13135
13134
13138
13135
13136
13130
13126
13126
13124
13124
13129
13130
13129
13127
13137
13141
13138
13146
13139
13131
13140
13139
13142
13137
13132
13126
13124
13126
13130
13115
13119
13119
13118
13120
13123
13123
13128
13123
13124
13133
13122
13122
13127
13122
13124
13126
13125
13137
13138
13144
13143
13144
13145
13143
13148
13145
13139
13149
13146
13145
13144
13151
13153
13149
13145
13142
13128
13133
13132
13119
13121
13125
13127
13133
13129
13132
13131
13126
13126
13133
13125
13129
13138
13133
13135
13134
13134
13136
13133
13136
13132
13133
13131
13138
13138
13144
13141
13146
13139
13134
13134
13128
13131
13127
13131
13137
13138
13138
13144
13145
13149
13148
13146
13150
13146
13142
13147
13150
13140
13141
13134
13134
13135
13134
13137
13134
13139
13147
13146
13146
13146
13146
13146
13133
13140
13140
13139
13150
13137
13127
13133
13128
13134
13139
13134
13141
13142
