13126
13119
13113
13113
13114
13115
13118
13127
13121
13128
13132
13130
13138
13140
13134
13139
13127
13126
13135
13132
13122
13127
13127
13129
13135
13135
13138
13139
13141
13141
13144
13144
13143
13136
13129
13133
13140
13136
13143
13146
13142
13142
13136
13137
13127
13124
13130
13138
13137
13137
13141
13137
13142
13148
13149
13150
13140
13134
13139
13132
13130
13135
13134
13138
13135
13129
13130
13124
13131
13128
13130
13133
13130
13137
13134
13134
13131
13137
13135
13139
13135
13134
13137
13139
13145
13138
13141
13137
13135
13142
13140
13136
13149
13140
13135
13129
13128
13130
13130
13129
13130
13136
13133
13136
13134
13137
13137
13137
13141
13138
13137
13145
13143
13144
13153
13143
13144
13135
13134
13137
13133
13133
13124
13122
13119
13121
13123
13132
13138
13143
13142
13136
13144
13141
13141
13142
13146
13142
13151
13144
13139
13143
13136
13139
13142
13143
13137
13138
13147
13139
13133
13134
13132
13134
13129
13127
13132
13131
13132
13136
13138
13141
13134
13129
13131
13136
13137
13141
13140
13135
13140
13140
13145
13139
13142
13141
13134
13131
13136
13130
13134
13137
13138
13149
13157
13153
13155
13149
13150
13147
13138
13138
13137
13138
13138
13138
13140
13134
13130
13131
13134
13135
13135
13138
13145
13146
13147
13138
13135
13137
13136
13131
13132
13131
13136
13139
13143
13137
13143
13132
13125
13128
13128
13132
13131
13139
13146
13139
13135
13127
13131
13133
13133
13138
13133
13135
13146
13135
13133
13139
13142
13140
13140
13141
13134
13135
13132
13136
13130
13132
13134
13128
13127
13127
13122
13128
13121
13125
13135
13128
13124
13128
13127
13135
13136
13131
13129
13131
13132
13124
13131
13131
13125
13113
13115
13119
13125
13115
13115
13117
13116
13122
13122
13118
13118
13118
13116
13122
13119
13118
13125
13126
13134
13142
13143
13144
13142
13135
13146
13137
13133
13137
13140
13134
13130
13137
13141
13130
13132
13128
13126
13125
13128
13132
13135
13134
13145
13134
13137
13145
13141
13136
13141
13139
13143
13142
13131
13137
13129
13136
13128
13134
13135
13137
13134
13133
13127
13124
13132
13123
13123
13126
13130
13129
13129
13125
13132
13128
13127
13121
13128
13126
13121
13120
13124
13122
13123
13124
13126
13134
13130
13134
13127
13135
13126
13131
13132
13128
13129
13128
13133
13126
13127
13131
13124
13127
13120
13128
13131
13134
13135
13140
13134
13136
13130
13131
13130
13124
13129
13122
13125
13126
13118
13131
13125
13126
13129
13121
13122
13128
13126
13136
13146
13143
13148
13146
13145
13142
13138
13136
13137
13129
13126
13131
13129
13124
13128
13136
13146
13138
13138
13142
13138
13139
13136
13139
13139
13137
13129
13135
13136
13139
13135
13142
13137
13141
13148
13145
13145
13143
13144
13143
13138
13142
13136
13136
13139
13131
13127
13131
13130
13128
13137
13133
13133
13140
13138
13133
13134
13126
13126
13135
13133
13133
13140
13140
13141
13141
13146
13142
13142
13145
13139
13136
13131
13129
13138
13133
13125
13128
13127
13135
13132
13133
13134
13138
13140
13138
13136
13138
13129
13135
13124
13119
13120
13133
13128
13133
13143
13141
13134
13147
13138
13133
13029
12402
11707
11175
10851
10676
10625
10618
10676
10741
10852
10963
11093
11195
11318
11412
11527
11620
11722
11801
11893
11969
12047
12113
12183
12241
12293
12339
12391
12437
12483
12522
12555
12592
12640
12668
12696
12721
12746
12772
12796
12812
12837
12851
12870
12885
12902
12860
12751
12694
12661
12648
12660
12660
12662
12561
12518
12484
12477
12475
12497
12523
12552
12578
12611
12644
12685
12710
12735
12751
12774
12806
12816
12830
12853
12871
12883
12901
12913
12929
12950
12954
12973
12985
12994
12998
13006
13011
13024
13036
13030
13037
13049
13045
13056
13062
13065
13071
13074
13078
13083
13087
13086
13098
13091
13099
13097
13101
13105
13109
13117
13122
13124
13108
13121
13115
13107
13109
13110
13112
13118
13117
13119
13125
13129
13132
13128
13131
13132
13126
13117
13114
13123
13119
13121
13124
13120
13117
13119
13115
13120
13116
13110
13111
13105
13116
13116
13122
13120
13120
13121
13124
13124
13117
13125
13127
13121
13123
13119
13117
13110
13123
13127
13127
13128
13132
13133
13136
13130
13138
13133
13130
13135
13128
13125
13123
13116
13128
13127
13123
13122
13125
13128
13130
13122
13120
13125
13131
13130
13133
13130
13128
13116
13109
13129
13128
13129
13138
13137
13138
13136
13137
13140
13135
13133
13135
13137
13137
13139
13138
13139
13134
13141
13130
13131
13136
13137
13135
13135
13130
13135
13134
13138
13139
13133
13145
13138
13133
13125
13126
13127
13138
13132
13123
13138
13130
13133
13128
13130
13130
13140
13138
13136
13134
13131
13130
13124
13127
13125
13125
13128
13123
13135
13133
13137
13144
13144
13140
13139
13138
13143
13140
13134
13139
13131
13127
13140
13135
13134
13137
13132
13136
13122
13119
13129
13122
13127
13133
13135
13137
13134
13136
13132
13128
13124
13131
13132
13136
13137
13141
13142
13132
13136
13133
13135
13138
13144
13135
13131
13132
13134
13137
13133
13133
13125
13132
13129
13127
13131
13133
13134
13139
13138
13138
13146
13140
13142
13145
13141
13147
13151
13147
13140
13140
13138
13138
13134
13131
13130
13131
13135
13134
13129
13124
13122
13129
13124
13130
13129
13137
13142
13147
13148
13150
13142
13143
13151
13146
13150
13141
13140
13141
13140
13132
13138
13136
13137
13141
13141
13139
13145
13150
13156
13146
13141
13128
13122
13123
13125
13125
13123
13125
13134
13125
13129
13126
13126
13131
13138
13141
13141
13133
13128
13129
13127
13136
13135
13134
13138
13141
13138
13139
13131
13132
13137
13135
13136
13138
13136
13141
13145
13140
13137
13138
13134
13126
13131
13127
13126
13122
13120
13121
13128
13131
13133
13135
13136
13134
13137
13135
13142
13140
13140
13136
13131
13137
13142
13136
13139
13136
13139
13136
13138
13135
13147
13147
13146
13143
13135
13133
13135
13131
13133
13130
13128
13122
13121
13119
13066
12950
12890
12849
12840
12829
12824
12831
12842
12846
12860
12880
12893
12911
12922
12939
12945
12942
12883
12831
12812
12805
12812
12825
12832
12838
12861
12868
12888
12905
12911
12921
12934
12937
12951
12963
12978
12982
12893
12798
12745
12718
12710
12702
12718
12726
12753
12769
12785
12804
12829
12842
12857
12871
12881
12901
12916
12929
12944
12955
12980
12986
12999
13005
13013
13012
13032
13027
13033
13035
13039
13049
13057
13061
13069
13068
13078
13083
