13140
13133
13139
13137
13139
13129
13130
13129
13130
13132
13131
13128
13125
13117
13116
13119
13121
13123
13126
13138
13146
13151
13149
13152
13140
13137
13133
13127
13120
13124
13123
13127
13119
13123
13127
13123
13126
13133
13130
13137
13145
13143
13135
13133
13133
13135
13134
13135
13129
13131
13129
13126
13130
13130
13127
13132
13126
13126
13129
13135
13132
13136
13132
13134
13130
13137
13131
13133
13132
13133
13139
13134
13131
13137
13137
13129
13135
13135
13135
13137
13142
13138
13135
13138
13135
13137
13145
13149
13145
13147
13144
13142
13143
13137
13128
13133
13124
13124
13126
13129
13135
13137
13143
13146
13142
13140
13140
13141
13140
13139
13137
13137
13133
13133
13135
13136
13142
13146
13136
13135
13135
13134
13135
13137
13142
13145
13139
13142
13137
13135
13135
13135
13134
13128
13130
13126
13128
13133
13133
13141
13144
13140
13141
13137
13133
13128
13130
13115
13119
13119
13133
13134
13136
13132
13147
13143
13140
13147
13142
13139
13139
13135
13134
13131
13141
13137
13140
13139
13148
13151
13141
13140
13141
13133
13130
13135
13133
13124
13128
13128
13126
13134
13137
13139
13138
13139
13135
13132
13139
13140
13140
13148
13136
13136
13147
13135
13135
13138
13140
13138
13133
13139
13138
13144
13142
13138
13141
13142
13139
13136
13135
13127
13134
13128
13128
13133
13134
13128
13124
13120
13121
13119
13122
13127
13129
13134
13130
13128
13132
13138
13133
13135
13129
13126
13140
13130
13125
13129
13118
13117
13122
13124
13122
13121
13121
13120
13129
13138
13133
13130
13137
13136
13147
13138
13139
13139
13141
13143
13145
13144
13134
13133
13128
13132
13132
13123
13119
13121
13125
13125
13126
13130
13121
13116
13124
13112
13104
13113
13121
13131
13130
13136
13140
13139
13147
13151
13145
13137
13138
13137
13137
13137
13141
13124
13131
13137
13132
13133
13130
13122
13126
13134
13139
13140
13127
13135
13135
13129
13130
13130
13126
13133
13133
13122
13128
13123
13126
13127
13122
13117
13116
13125
13125
13130
13126
13126
13135
13138
13138
13130
13129
13125
13126
13131
13128
13128
13131
13138
13137
13131
13134
13131
13130
13135
13133
13136
13130
13122
13126
13126
13127
13135
13126
13121
13126
13125
13132
13138
13136
13135
13135
13145
13142
13140
13139
13134
13134
13140
13130
13129
13130
13122
13131
13126
13119
13126
13131
13134
13137
13144
13131
13130
13129
13133
13128
13126
13129
13135
13137
13138
13138
13136
13135
13136
13141
13130
13138
13138
13138
13141
13140
13141
13141
13138
13132
13124
13123
13125
13125
13128
13128
13131
13146
13134
13137
13133
13138
13135
13136
13143
13143
13151
13155
13157
13147
13142
13142
13134
13131
13140
13136
13134
13129
13134
13141
13137
13134
13135
13132
13131
13132
13129
13134
13132
13127
13131
13134
13144
13145
13136
13137
13140
13150
13148
13145
13155
13148
13154
13149
13140
13137
13142
13141
13137
13133
13129
13138
13138
13144
13141
13144
13149
13147
13141
13147
13141
13139
13145
13137
13141
13140
13141
13142
13145
13147
13146
13137
13139
13138
13141
13141
13148
13153
13147
13147
13145
13142
13142
13138
13137
13134
13133
13091
12520
11773
11141
10597
10240
10088
10021
10052
10107
10183
10262
10394
10505
10647
10673
10726
10791
10895
10986
11107
11210
11333
11423
11544
11631
11732
11809
11899
11968
12050
12103
12171
12226
12287
12345
12398
12448
12501
12532
12574
12609
12638
12672
12703
12728
12756
12780
12808
12832
12850
12856
12886
12904
12916
12932
12945
12944
12957
12966
12969
12971
12974
12985
12992
12921
12825
12768
12736
12731
12739
12737
12755
12761
12782
12809
12826
12846
12867
12882
12893
12911
12917
12931
12948
12960
12975
12984
12990
13005
13008
13019
13032
13033
13046
13057
13059
13069
13074
13082
13086
13088
13091
13094
13100
13098
13102
13099
13099
13100
13106
13100
13090
13093
13092
13099
13103
13100
13109
13107
13109
13119
13115
13119
13117
13116
13124
13120
13128
13135
13133
13136
13137
13135
13131
13130
13123
13121
13115
13109
13114
13112
13113
13115
13123
13126
13126
13135
13135
13137
13145
13141
13135
13136
13136
13137
13138
13140
13141
13137
13140
13138
13125
13130
13119
13122
13125
13130
13134
13140
13139
13140
13145
13137
13134
13137
13130
13129
13126
13122
13123
13117
13117
13114
13118
13117
13119
13115
13118
13118
13126
13122
13124
13134
13142
13144
13147
13145
13156
13151
13145
13148
13139
13138
13134
13129
13136
13127
13128
13134
13123
13117
13126
13118
13129
13137
13127
13131
13134
13141
13140
13139
13141
13134
13133
13133
13128
13120
13121
13125
13131
13126
13126
13126
13126
13130
13121
13129
13128
13131
13130
13137
13135
13135
13142
13135
13137
13144
13146
13148
13140
13135
13138
13131
13129
13130
13129
13132
13125
13123
13122
13117
13123
13122
13122
13125
13119
13121
13128
13136
13135
13126
13119
13121
13121
13134
13134
13139
13138
13143
13139
13136
13124
13121
13125
13121
13113
13122
13122
13131
13126
13127
13128
13126
13123
13127
13120
13119
13117
13117
13130
13133
13132
13137
13130
13137
13140
13142
13135
13125
13133
13123
13127
13132
13124
13127
13131
13137
13142
13145
13150
13151
13140
13141
13140
13142
13141
13144
13137
13140
13135
13130
13135
13131
13128
13132
13127
13130
13135
13130
13139
13135
13133
13141
13141
13141
13142
13137
13135
13131
13138
13123
13122
13122
13125
13125
13126
13129
13123
13125
13131
13133
13124
13126
13128
13128
13127
13130
13135
13122
13122
13121
13138
13133
13126
13137
13130
13136
13140
13139
13135
13135
13139
13139
13141
13134
13129
13134
13136
13128
13133
13131
13127
13133
13128
13122
13123
13129
13128
13131
13127
13137
13136
13138
13136
13129
13130
13129
13128
13127
13132
13123
13136
13127
13128
13134
13142
13137
13138
13139
13138
13139
13143
13141
13146
13147
13147
13138
13129
13125
13129
13123
13120
13122
13127
13131
13130
13135
13135
13131
13138
13139
13135
13136
13141
13137
13143
13146
13136
13138
13130
13128
13143
13134
13128
13131
13121
13125
13129
13127
13134
13131
13132
13130
13136
13133
13130
13141
13138
13138
13154
13150
13151
13147
13141
13138
13139
13142
13145
13140
13140
13147
13138
13143
13149
13141
13140
13131
13122
13127
13124
13123
13133
13129
13133
13138
13138
13137
13142
13141
13138
13138
13141
13140
13140
13147
13140
13137
13132
13132
13141
13136
13139
13146
13143
13143
13135
13132
13132
13137
13134
13135
13122
13118
13123
13122
13131
13130
