13144
13142
13144
13146
13148
13140
13139
13140
13138
13137
13140
13138
13137
13130
13131
13135
13136
13135
13131
13128
13136
13134
13129
13141
13137
13138
13147
13147
13140
13142
13140
13147
13143
13145
13147
13147
13154
13148
13151
13152
13146
13139
13144
13147
13156
13143
13142
13138
13139
13131
13126
13130
13139
13148
13146
13150
13145
13145
13145
13143
13143
13142
13146
13152
13143
13140
13146
13140
13140
13138
13133
13138
13131
13131
13132
13128
13121
13121
13114
13130
13129
13134
13142
13135
13139
13138
13126
13134
13132
13141
13142
13147
13144
13146
13140
13151
13140
13138
13137
13131
13130
13133
13134
13141
13141
13136
13146
13137
13135
13141
13131
13130
13123
13122
13131
13133
13133
13127
13126
13134
13135
13132
13134
13134
13139
13138
13141
13140
13136
13131
13130
13130
13132
13139
13139
13142
13141
13143
13142
13144
13149
13141
13138
13145
13140
13133
13142
13136
13131
13136
13134
13136
13138
13138
13143
13139
13136
13131
13134
13136
13138
13134
13137
13132
13140
13130
13133
13131
13126
13122
13126
13129
13129
13124
13133
13140
13137
13138
13138
13137
13140
13138
13141
13149
13150
13144
13150
13143
13142
13147
13142
13140
13137
13136
13136
13138
13139
13133
13134
13140
13144
13145
13149
13146
13155
13149
13148
13144
13140
13140
13141
13134
13128
13129
13133
13136
13131
13132
13138
13134
13136
13139
13137
13136
13125
13126
13137
13132
13138
13140
13141
13145
13141
13136
13130
13139
13136
13129
13125
13138
13146
13134
13133
13127
13135
13123
13122
13133
13128
13133
13130
13136
13137
13141
13141
13139
13137
13144
13144
13141
13138
13141
13146
13146
13145
13150
13157
13156
13153
13147
13142
13139
13138
13137
13140
13143
13144
13139
13138
13140
13144
13144
13142
13136
13137
13137
13136
13142
13138
13132
13131
13138
13136
13145
13134
13136
13130
13132
13134
13136
13136
13134
13134
13136
13130
13129
13131
13129
13129
13130
13129
13128
13131
13138
13142
13148
13140
13132
13134
13131
13135
13131
13129
13129
13123
13123
13123
13131
13127
13133
13129
13135
13132
13138
13134
13141
13137
13146
13150
13134
13014
12927
12876
12851
12826
12819
12834
12836
12845
12858
12871
12885
12900
12913
12931
12935
12959
12970
12983
12996
13004
13002
13005
13013
13024
13035
13045
13048
13053
13062
13068
13079
13077
13081
13081
13088
13095
13102
13095
13092
13106
13108
13113
13111
13103
13100
13110
13105
13105
13100
13102
13108
13110
13112
13112
13107
13116
13122
13116
13114
13114
13119
13117
13115
13116
13108
13102
13112
13111
13117
13115
13121
13120
13125
13127
13130
13130
13136
13149
13145
13140
13143
13145
13138
13130
13128
13133
13129
13134
13136
13135
13139
13141
13145
13150
13145
13146
13140
13137
13135
13134
13138
13138
13136
13136
13128
13128
13131
13129
13127
13127
13125
13129
13130
13128
13130
13128
13131
13133
13135
13130
13129
13128
13131
13125
13129
13137
13128
13133
13137
13133
13126
13132
13131
13133
13134
13134
13125
13124
13132
13130
13134
13143
13142
13158
13151
13147
13142
13137
13137
13138
13134
13127
13122
13118
13127
13128
13137
13138
13133
13138
13135
12901
11980
11047
10353
9951
9667
9503
9438
9495
9574
9723
9864
10040
10197
10373
10451
10565
10677
10813
10945
11082
11193
11317
11418
11534
11628
11729
11811
11893
11966
12051
12114
12185
12230
12291
12343
12400
12437
12488
12524
12558
12587
12620
12643
12678
12703
12726
12758
12779
12799
12828
12849
12874
12893
12907
12918
12929
12941
12953
12963
12966
12976
12986
12988
12999
13009
13017
13029
13035
13047
13051
13061
13062
13062
13063
13074
13072
13077
13088
13088
13085
13091
13100
13096
13103
13099
13096
13101
13099
13097
13103
13106
13108
13109
13116
13113
13119
13124
13119
13114
13117
13109
13114
13108
13107
13112
13109
13117
13120
13123
13121
13127
13133
13143
13140
13144
13142
13135
13135
13135
13139
13148
13133
13128
13138
13134
13141
13149
13154
13151
13148
13139
13145
13142
13142
13143
13143
13139
13133
13124
13122
13120
13117
13110
13112
13117
13114
13110
13112
13109
13115
13120
13128
13132
13132
13143
13150
13149
13143
13144
13138
13141
13131
13124
13129
13122
13117
13127
13116
13118
13123
13131
13127
13133
13131
13132
13138
13136
13132
13130
13131
13134
13142
13133
13130
13132
13134
13128
13131
13125
13128
13132
13136
13138
13131
13130
13131
13128
13128
13126
13127
13133
13128
13131
13138
13134
13133
13136
13133
13140
13137
13129
13130
13132
13136
13129
13128
13129
13130
13131
13131
13126
13136
13129
13129
13132
13134
13136
13134
13137
13135
13138
13136
13144
13140
13137
13136
13135
13134
13127
13130
13135
13124
13126
13129
13128
13121
13131
13128
13132
13131
13134
13140
13139
13133
13135
13135
13137
13134
13134
13134
13130
13133
13130
13133
13133
13132
13137
13131
13127
13118
13122
13118
13116
13113
13120
13124
13115
13125
13127
13123
13128
13121
13123
13130
13129
13129
13137
13138
13134
13134
13134
13136
13133
13141
13144
13144
13139
13134
13130
13128
13129
13134
13129
13131
13137
13139
13135
13137
13137
13135
13133
13136
13133
13121
13125
13124
13118
13118
13125
13130
13138
13136
13136
13141
13134
13128
13137
13138
13141
13138
13135
13141
13138
13145
13145
13142
13138
13135
13132
13136
13133
13143
13140
13143
13148
13147
13146
13141
13140
13134
13134
13126
13122
13120
13129
13133
13125
13127
13127
13128
13132
13126
13126
13134
13131
13122
13126
13128
13132
13136
13135
13135
13127
13129
13129
13128
13129
13123
13125
13135
13142
13143
13133
13138
13144
13143
13137
13129
13122
13126
13127
13136
13132
13128
13130
13130
13130
13134
13132
13133
13137
13130
13120
13138
13133
13124
13128
13125
13129
13133
13130
13124
13129
13124
13125
13126
13121
13121
13129
13135
13128
13133
13124
13116
13120
13118
13116
13121
13125
13126
13128
13127
13122
13124
13137
13145
13139
13145
13148
13149
13159
13151
13140
13151
13142
13138
13144
13134
13132
13131
13136
13137
13131
13132
13127
13138
13132
13141
13141
13142
13144
13152
13142
13136
13134
13130
13131
13133
13132
13126
13133
13135
13141
13139
13146
13140
13134
13133
13134
13135
13136
13129
13128
13131
13130
13124
13124
13129
13129
13131
13132
13132
13138
13141
13141
13143
13141
13141
13139
13139
13137
13145
13137
13136
13137
13134
13136
13138
13138
13141
13144
13139
13133
13126
13134
13140
13134
13130
13133
13131
13134
13132
13126
13136
13133
13130
13133
