13134
13136
13137
13146
13155
13152
13149
13154
13157
13154
13149
13148
13149
13150
13147
13147
13133
13129
13127
13125
13137
13140
13135
13146
13140
13138
13136
13137
13133
13140
13145
13145
13142
13138
13132
13129
13125
13124
13129
13128
13137
13139
13141
13140
13146
13139
13135
13134
13139
13138
13135
13129
13123
13130
13130
13133
13133
13137
13134
13139
13140
13137
13137
13145
13143
13138
13146
13131
13123
13126
13124
13129
13125
13122
13121
13122
13125
13125
13128
13126
13132
13137
13129
13129
13133
13115
13110
13117
13119
13123
13127
13128
13129
13136
13128
13126
13128
13135
13139
13133
13144
13140
13137
13139
13131
13133
13145
13139
13142
13141
13139
13137
13143
13140
13140
13138
13141
13151
13147
13150
13147
13145
13146
13140
13143
13134
13128
13125
13125
13135
13127
13134
13139
13146
13142
13140
13132
13138
13127
13130
13130
13127
13115
13126
13127
13123
13127
13128
13131
13138
13132
13136
13132
13136
13132
13133
13134
13132
13133
13136
13133
13135
13142
13143
13146
13140
13132
13128
13122
13121
13120
13117
13123
13127
13123
13126
13122
13129
13132
13131
13128
13128
13128
13132
13128
13123
13132
13126
13127
13132
13139
13136
13135
13135
13132
13137
13146
13136
13133
13138
13135
13137
13139
13135
13141
13139
13140
13144
13134
13137
13140
13132
13137
13129
13125
13134
13128
13131
13134
13137
13144
13151
13157
13162
13151
13144
13144
13140
13131
13141
13137
13146
13136
13142
13137
13142
13146
13139
13140
13144
13156
13151
13149
13143
13146
13142
13138
13145
13141
13131
13127
13128
13129
13135
13136
13140
13134
13142
13140
13131
13125
13122
13128
13133
13132
13127
13137
13126
13121
13118
13121
13124
13120
13124
13130
13131
13129
13128
13130
13137
13137
13140
13141
13137
13153
13153
13150
13148
13144
13146
13149
13145
13137
13136
13134
13129
13120
13116
13124
13121
13121
13126
13123
13131
13129
13129
13137
13136
13135
13142
13136
13143
13139
13133
13129
13128
13135
13129
13129
13132
13131
13131
13138
13136
13135
13130
13132
13131
13130
13135
13128
13132
13135
13140
13144
13144
13140
13142
13145
13145
13156
13151
13145
13149
13146
13136
13145
13142
13140
13147
13138
13138
13139
13141
13148
13145
13150
13147
13140
13135
13129
13126
13126
13121
13135
13126
13130
13133
13123
13125
13129
13129
13125
13125
13120
13125
13115
13123
13123
13123
13120
13120
13121
13128
13123
13119
13127
13118
13117
13128
13126
13121
13126
13138
13131
13134
13138
13136
13143
13148
13149
13145
13147
13140
13143
13139
13139
13140
13139
13144
13153
13147
13150
13151
13145
13147
13134
13137
13127
13131
13133
13138
13132
13138
13133
13132
13140
13130
13137
13140
13145
13149
13145
13143
13139
13146
13146
13141
13134
13133
13136
13133
13129
13121
13128
13128
13129
13130
13133
13135
13135
13135
13135
13126
13121
13117
13121
13130
13129
13124
13131
13134
13132
13135
13134
13130
13141
13138
13131
13132
13127
13125
13129
13133
13135
13128
13125
13117
13125
13136
13131
13134
13137
13140
13138
13135
13131
13137
13129
13132
13130
13128
13119
13120
13124
13130
13126
13130
13137
13141
13145
13143
13138
13102
12655
11923
11374
10818
10510
10334
10256
10234
10295
10367
10492
10599
10741
10864
11007
11129
11254
11369
11484
11570
11683
11765
11861
11943
12033
12100
12173
12221
12284
12336
12399
12438
12482
12521
12565
12589
12629
12652
12682
12713
12730
12755
12778
12795
12814
12839
12861
12873
12890
12905
12921
12929
12943
12954
12963
12973
12988
12998
13000
13004
13016
13017
13018
13025
13031
13049
13055
13055
13061
13070
13075
13082
13081
13090
13091
13090
13094
13101
13101
13107
13105
13103
13112
13104
13107
13112
13108
13111
13114
13129
13126
13126
13120
13118
13118
13116
13115
13117
13117
13114
13117
13112
13112
13112
13117
13115
13118
13120
13126
13130
13122
13128
13125
13131
13131
13126
13128
13122
13124
13131
13131
13124
13121
13120
13112
13122
13115
13122
13121
13126
13131
13131
13134
13135
13134
13136
13135
13127
13133
13138
13140
13127
13129
13134
13132
13138
13139
13136
13139
13139
13142
13145
13135
13136
13138
13123
13130
13130
13120
13123
13126
13114
13118
13115
13114
13117
13120
13124
13128
13125
13125
13125
13123
13120
13122
13124
13124
13123
13122
13127
13135
13130
13130
13134
13126
13128
13125
13123
13121
13121
13126
13129
13122
13121
13127
13124
13129
13131
13130
13127
13131
13124
13139
13134
13131
13134
13134
13138
13139
13138
13133
13138
13141
13133
13124
13133
13126
13129
13125
13127
13128
13130
13134
13132
13137
13141
13135
13132
13135
13134
13131
13131
13130
13130
13131
13129
13134
13137
13145
13145
13143
13138
13146
13138
13135
13143
13138
13134
13127
13126
13136
13127
13126
13132
13140
13138
13139
13138
13137
13139
13145
13142
13134
13133
13132
13132
13121
13120
13125
13127
13131
13131
13130
13140
13138
13136
13140
13139
13145
13151
13147
13153
13151
13140
13136
13136
13131
13124
13124
13128
13134
13132
13135
13131
13133
13143
13137
13137
13137
13135
13139
13134
13134
13120
13122
13124
13126
13137
13136
13133
13136
13132
13130
13121
13120
13126
13128
13130
13127
13134
13136
13121
13130
13135
13136
13135
13136
13138
13130
13132
13131
13127
13134
13131
13130
13130
13129
13133
13132
13134
13144
13139
13133
13133
13133
13131
13123
13126
13126
13126
13136
13136
13139
13142
13140
13134
13137
13126
13131
13131
13127
13125
13136
13133
13133
13140
13130
13127
13131
13132
13134
13138
13137
13147
13148
13149
13141
13140
13144
13142
13151
13148
13143
13144
13137
13139
13137
13132
13131
13132
13131
13128
13131
13128
13132
13130
13135
13136
13131
13127
13123
13123
13125
13121
13121
13134
13135
13138
13143
13134
13134
13135
13137
13130
13127
13125
13127
13126
13132
13128
13134
13130
13132
13132
13133
13134
13130
13128
13134
13132
13128
13129
13128
13128
13131
13122
13124
13122
13120
13126
13121
13123
13131
13127
13129
13137
13138
13147
13145
13140
13131
13133
13137
13132
13131
13133
13132
13136
13134
13126
13130
13128
13126
13130
13132
13131
13127
13133
13143
13137
13136
13134
13128
13134
13138
13136
13133
13138
13143
13149
13144
13143
13148
13141
13135
13136
13130
13136
13135
13136
13125
13132
13127
13128
13117
13125
13121
13127
13132
13131
13133
13128
13130
13129
13131
13143
13136
13138
13140
13144
13139
13142
13136
13138
13142
13138
13140
13143
13147
13151
13145
13140
13142
13136
13133
13141
