13127
13124
13128
13131
13127
13131
13126
13128
13126
13123
13117
13116
13122
13122
13126
13132
13124
13114
13116
13117
13114
13117
13119
13122
13123
13132
13133
13137
13138
13134
13138
13140
13142
13149
13151
13138
13144
13131
13131
13130
13129
13132
13131
13138
13138
13133
13140
13140
13140
13140
13143
13138
13139
13143
13139
13138
13138
13138
13134
13138
13133
13131
13134
13132
13139
13140
13137
13141
13137
13136
13136
13135
13128
13126
13117
13115
13127
13121
13121
13125
13124
13132
13130
13135
13132
13136
13140
13137
13131
13136
13134
13138
13141
13141
13133
13135
13133
13124
13137
13133
13138
13146
13139
13140
13141
13140
13141
13140
13145
13141
13142
13149
13142
13142
13141
13138
13144
13132
13137
13137
13136
13129
13133
13128
13134
13138
13138
13138
13135
13140
13140
13136
13141
13138
13134
13140
13130
13133
13131
13122
13120
13121
13121
13118
13121
13125
13128
13129
13130
13126
13129
13131
13130
13127
13124
13122
13137
13136
13134
13138
13140
13135
13132
13133
13122
13121
13128
13134
13132
13138
13140
13140
13144
13138
13130
13134
13126
13126
13133
13129
13121
13117
13118
13126
13132
13130
13127
13129
13129
13126
13131
13140
13150
13153
13150
13142
13145
13130
13130
13132
13126
13123
13123
13119
13122
13121
13126
13131
13135
13132
13143
13137
13142
13138
13139
13144
13140
13136
13142
13134
13133
13134
13133
13134
13127
13134
13138
13126
13125
13132
13128
13135
13132
13135
13123
13130
13131
13125
13125
13130
13127
13130
13126
13130
13126
13121
13126
13135
13127
13132
13139
13141
13141
13143
13146
13153
13138
13130
13145
13135
13132
13138
13137
13139
13137
13140
13141
13139
13133
13131
13136
13136
13138
13138
13142
13142
13148
13141
13134
13131
13126
13128
13130
13131
13133
13136
13135
13140
13127
13133
13130
13132
13132
13136
13134
13138
13137
13136
13149
13140
13138
13135
13138
13134
13142
13132
13130
13125
13122
13121
13128
13129
13132
13141
13146
13147
13156
13149
13144
13152
13139
13138
13139
13139
13142
13141
13133
13133
13131
13138
13140
13132
13135
13130
13131
13139
13131
13135
13139
13133
13128
13135
13134
13141
13146
13144
13133
13133
13130
13123
13126
13125
13124
13128
13133
13136
13140
13132
13135
13134
13133
13127
13116
13124
13122
13130
13128
13132
13126
13121
13025
12925
12869
12831
12815
12809
12809
12814
12828
12843
12864
12888
12894
12904
12911
12929
12943
12942
12957
12957
12972
12977
12992
13007
13019
13023
13043
13046
13046
13046
13051
13050
13046
13059
13068
13067
13073
13083
13078
13086
13089
13093
13094
13092
13096
13099
13093
13097
13109
13112
13107
13111
13110
13119
13124
13123
13122
13119
13110
13110
13103
13113
13105
13110
13110
13116
13129
13128
13129
13137
13133
13133
13129
13128
13127
13128
13129
13140
13136
13139
13139
13137
13137
13138
13141
13138
13126
13126
13128
13134
13134
13134
13129
13130
13134
13136
13134
13133
13135
13137
13128
13137
13132
13129
13132
13133
13136
13126
13126
13139
13135
13135
13134
13134
13138
13140
13146
13145
13139
13137
13144
13144
13145
13145
13137
13138
13129
13128
13139
13132
13133
13140
13130
13126
13123
13128
13130
13128
12883
11965
11082
10505
10189
9904
9787
9752
9823
9904
10044
10183
10352
10498
10658
10800
10949
11071
11203
11317
11438
11539
11655
11743
11839
11914
11999
12066
12131
12195
12264
12314
12364
12413
12455
12498
12543
12578
12615
12647
12678
12699
12728
12758
12778
12799
12817
12834
12860
12877
12893
12914
12927
12938
12948
12962
12958
12964
12970
12978
12983
12997
13008
13021
13036
13048
13042
13055
13047
13055
13068
13069
13072
13083
13084
13084
13089
13093
13087
13089
13084
13088
13093
13096
13102
13101
13106
13103
13108
13110
13109
13113
13114
13118
13116
13116
13123
13123
13126
13128
13127
13125
13134
13131
13133
13137
13134
13133
13133
13130
13137
13128
13137
13138
13134
13130
13130
13134
13132
13133
13132
13131
13130
13132
13130
13131
13123
13126
13135
13131
13126
13129
13125
13135
13139
13137
13139
13137
13133
13136
13127
13138
13135
13131
13136
13134
13139
13138
13131
13128
13132
13135
13139
13140
13133
13143
13140
13135
13134
13126
13124
13124
13126
13132
13134
13136
13133
13138
13144
13134
13131
13144
13139
13138
13131
13129
13131
13138
13135
13136
13129
13139
13144
13137
13142
13142
13143
13143
13135
13134
13138
13128
13131
13132
13136
13140
13139
13128
13127
13132
13132
13127
13122
13126
13125
13124
13121
13127
13124
13128
13119
13129
13126
13132
13128
13132
13133
13134
13133
13132
13126
13136
13136
13129
13120
13128
13118
13129
13127
13126
13136
13130
13137
13142
13132
13137
13141
13142
13140
13138
13141
13141
13136
13135
13129
13127
13126
13126
13136
13133
13135
13142
13135
13137
13134
13125
13134
13132
13134
13137
13126
13136
13128
13123
13121
13123
13119
13127
13129
13130
13135
13133
13133
13140
13137
13141
13137
13140
13139
13144
13146
13142
13139
13144
13143
13144
13143
13149
13147
13142
13142
13147
13138
13140
13138
13133
13134
13132
13132
13133
13133
13139
13137
13132
13132
13135
13132
13140
13139
13134
13149
13150
13148
13149
13140
13131
13131
13133
13131
13126
13126
13124
13128
13135
13133
13138
13135
13132
13137
13129
13126
13136
13132
13137
13134
13135
13131
13131
13127
13139
13128
13137
13137
13137
13136
13144
13145
13151
13146
13144
13151
13151
13144
13146
13134
13130
13127
13136
13139
13136
13133
13130
13134
13137
13132
13130
13128
13124
13129
13117
13117
13111
13109
13121
13123
13124
13126
13126
13125
13123
13113
13120
13123
13122
13132
13136
13139
13142
13135
13128
13131
13124
13126
13133
13134
13135
13136
13135
13131
13135
13129
13124
13127
13133
13133
13132
13134
13136
13149
13142
13139
13141
13145
13139
13130
13134
13132
13139
13135
13143
13140
13141
13134
13125
13124
13131
13128
13131
13123
13121
13129
13132
13133
13137
13129
13139
13140
13139
13142
13143
13142
13138
13128
13119
13117
13124
13127
13129
13137
13133
13131
13143
13139
13143
13142
13134
13134
13132
13133
13133
13114
13119
13126
13123
13120
13125
13118
13127
13128
13132
13141
13137
13139
13141
13138
13136
13130
13132
13131
13135
13127
13143
13131
13134
13132
13131
13127
13126
13133
13130
13129
13130
13128
13127
13127
13132
13128
13133
13126
13133
13130
13130
13128
13132
13134
13127
13126
13136
13133
13131
13130
13133
13137
13138
13128
13133
13129
13139
13135
13139
13140
13135
