13129
13127
13138
13141
13135
13145
13141
13143
13142
13139
13136
13132
13129
13129
13131
13135
13130
13127
13133
13130
13135
13135
13133
13138
13135
13143
13138
13132
13134
13129
13018
12925
12869
12834
12822
12814
12823
12831
12838
12851
12865
12878
12900
12909
12918
12929
12944
12967
12982
12984
12999
13009
13014
13022
13027
13033
13033
13037
13046
13052
13063
13070
13075
13084
13086
13085
13079
13086
13085
13091
13099
13106
13097
13104
13102
13108
13102
13112
13113
13119
13117
13108
13110
13108
13109
13109
13110
13112
13117
13120
13124
13124
13128
13130
13126
13123
13131
13136
13134
13134
13144
13134
13134
13129
13127
13133
13135
13130
13133
13130
13122
13131
13132
13128
13129
13121
13129
13125
13127
13130
13130
13129
13134
13122
13125
13122
13120
13122
13129
13126
13130
13134
13136
13130
13131
13130
13130
13136
13133
13129
13134
13122
13123
13121
13123
13125
13128
13132
13134
13130
13132
13133
13132
13136
13142
13136
13143
13147
13147
13150
13144
13135
13146
13139
13139
13145
13141
13140
13141
13137
13142
13145
13146
13140
13134
13134
13136
13133
13131
13126
13136
13127
13130
13137
13135
13136
13125
13119
13125
13119
13116
13124
13121
13123
13130
13132
13136
13141
13136
13130
13126
13120
13126
13122
13126
13130
13124
13132
13128
13121
13120
13125
13126
13124
13123
13127
13125
13131
13134
13132
13136
13129
13130
13133
13137
13133
13136
13133
13135
13133
13135
13138
13134
13137
13134
13132
13134
13135
13130
13141
13146
13141
13143
13135
13137
13149
13148
13147
13142
13137
13146
13143
13150
13142
13136
13140
13132
13132
13121
13121
13129
13121
13125
13124
13128
13131
13137
13136
13144
13141
13144
13147
13140
13132
13134
13131
13136
13137
13132
13135
13134
13128
13137
13138
13135
13140
13147
13151
13152
13147
13143
13134
13138
13127
13132
13137
13137
13148
13147
13155
13158
13147
13145
13138
13142
13141
13140
13137
13136
13131
13129
13133
13129
13134
13134
13136
13137
13134
13133
13140
13139
13138
13144
13131
13137
13139
13142
13143
13137
13138
13136
13135
13135
13129
13132
13131
13126
13125
13133
13126
13134
13127
13132
13136
13134
13143
13134
13134
13128
13131
13129
13124
13124
13126
13126
13128
13130
13128
13126
13136
13133
13132
13136
13132
13129
13137
13125
13132
13135
13136
13139
13138
13137
13138
13137
13146
13145
13136
13131
13124
13129
13123
13118
13121
13125
13128
13129
13126
13120
13118
13120
13127
13117
13127
13131
13122
13123
13126
13130
13140
13129
13133
13144
13143
13139
13139
13138
13141
13138
13138
13139
13135
13136
13129
13133
13139
13136
13129
13134
13138
13136
13133
13125
13125
13131
13134
13133
13133
13135
13133
13140
13150
13135
13143
13136
13138
13135
13128
13131
13136
13134
13137
13142
13135
13132
13136
13138
13145
13146
13141
13144
13141
13141
13138
13145
13139
13138
13137
13137
13133
13139
13137
13134
13135
13134
13129
13125
13123
13121
13123
13137
13133
13128
13133
13131
13125
13131
13138
13132
13132
13129
13129
13136
13131
13139
13138
13137
13143
13141
13141
13138
13134
13136
13133
13132
13135
13136
13130
13136
13136
13141
13134
13135
13126
12849
12343
11956
11700
11455
11313
11266
11257
11296
11353
11433
11503
11592
11673
11765
11844
11927
11996
12080
12141
12206
12263
12328
12381
12428
12467
12507
12537
12580
12613
12642
12663
12695
12728
12762
12775
12814
12824
12850
12871
12883
12900
12914
12925
12936
12946
12958
12964
12976
12981
12997
13007
13027
13038
13037
13049
13055
13054
13064
13053
13055
13062
13066
13071
13078
13087
13091
13098
13110
13107
13109
13108
13107
13112
13118
13107
13118
13113
13120
13130
13125
13128
13132
13138
13139
13129
13133
13129
13122
13122
13122
13125
13120
13119
13118
13118
13113
13111
13117
13116
13123
13129
13123
13124
13120
13118
13119
13120
13122
13122
13124
13132
13131
13130
13131
13131
13142
13135
13139
13139
13143
13145
13146
13136
13139
13132
13134
13136
13139
13138
13146
13138
13141
13141
13134
13136
13133
13131
13141
13139
13141
13141
13132
13133
13132
13126
13126
13128
13136
13138
13137
13140
13130
13131
13135
13132
13134
13132
13129
13133
13130
13127
13129
13127
13131
13135
13132
13133
13126
13128
13128
13124
13127
13133
13129
13131
13132
13125
13130
13123
13124
13134
13130
13136
13141
13135
13137
13138
13147
13138
13134
13134
13134
13137
13143
13134
13140
13129
13131
13137
13137
13145
13144
13147
13142
13138
13137
13141
13138
13139
13142
13137
13144
13146
13136
13137
13134
13133
13134
13126
13127
13126
13128
13125
13126
13123
13127
13132
13137
13135
13124
13127
13130
13132
13134
13134
13136
13131
13126
13136
13126
13128
13127
13126
13132
13128
13119
13122
13129
13134
13141
13139
13153
13148
13150
13154
13143
13138
13139
13132
13118
13119
13122
13126
13136
13137
13133
13135
13133
13132
13137
13138
13136
13131
13133
13036
12944
12872
12837
12829
12822
12823
12827
12848
12863
12878
12888
12899
12911
12921
12942
12951
12972
12982
12993
12998
13010
13007
13023
13023
13030
13044
13049
13046
13048
13053
13065
13075
13078
13083
13085
13096
13092
13101
13106
13106
13110
13108
13112
13106
13116
13121
13115
13118
13120
13120
13114
13118
13115
13120
13120
13111
13113
13121
13126
13132
13124
13115
13125
13121
13123
13126
13126
13132
13132
13132
13131
13120
13116
13110
13117
13127
13127
13128
13134
13127
13130
13128
13122
13126
13121
13121
13123
13128
13128
13132
13130
13139
13141
13147
13152
13143
13148
13147
13149
13154
13142
13141
13152
13139
13136
13142
13136
13132
13134
13133
13134
13139
13142
13142
13144
13141
13142
13137
13138
13133
13142
13132
13131
13134
13133
13133
13132
13137
13145
13145
13142
13142
13132
13133
13131
13133
13131
13129
13127
13132
13131
13127
13138
13131
13130
13136
13132
13127
13133
13133
13131
13134
13140
13139
13141
13147
13151
13153
13147
13137
13143
13132
13131
13136
13140
13139
13131
13131
13132
13136
13131
13134
13127
13132
13133
13138
13141
13139
13143
13153
13147
13144
13146
13142
13140
13143
13141
13140
13138
13137
13136
13133
13131
13125
13121
13126
13126
13125
13130
13132
13139
13131
13131
13135
13134
13133
13132
13130
13138
13139
13138
13138
13125
13132
13132
13138
13131
13131
13135
13141
13136
13132
13137
13140
13134
13138
13134
13138
13141
13145
13145
13143
13135
13129
13134
13130
13132
13122
13129
13135
13142
13134
13130
13130
13140
13135
13136
13131
13134
13130
