13130
13131
13131
13138
13132
13130
13131
13138
13141
13145
13141
13130
13133
13137
13135
13138
13129
13132
13134
13130
13129
13127
13122
13123
13130
13130
13134
13136
13141
13142
13143
13143
13130
13128
13122
13129
13129
13120
13120
13123
13124
13126
13128
13132
13134
13137
13137
13130
13123
13127
13127
13126
13125
13127
13125
13133
13127
13126
13134
13138
13134
13139
13133
13137
13143
13136
13140
13137
13142
13138
13139
13132
13132
13126
13125
13127
13133
13124
13128
13137
13139
13136
13130
13128
13133
13134
13137
13137
13133
13132
13133
13131
13140
13135
13134
13139
13132
13132
13140
13132
13129
13129
13127
13137
13131
13141
13136
13139
13142
13134
13132
13130
13130
13140
13138
13131
13139
13136
13136
13137
13142
13138
13137
13138
13131
13130
13125
13128
13127
13133
13132
13126
13133
13139
13140
13143
13146
13141
13148
13139
13131
13127
13128
13128
13132
13131
13122
13122
13124
13124
13123
13128
13130
13137
13134
13127
13134
13129
13127
13134
13130
13136
13130
13136
13136
13140
13136
13138
13131
13133
13134
13132
13134
13130
13133
13140
13137
13131
13139
13138
13139
13144
13139
13133
13134
13136
13132
13132
13129
13126
13129
13134
13138
13139
13135
13134
13140
13139
13136
13143
13145
13138
13146
13141
13135
13135
13127
13131
13126
13125
13128
13128
13133
13135
13134
13136
13130
13126
13135
13130
13133
13131
13133
13137
13151
13141
13141
13138
13135
13130
13134
13136
13138
13141
13143
13145
13150
13142
13134
13132
13129
13132
13128
13127
13133
13139
13143
13145
13152
13149
13144
13142
13145
13142
13136
13142
13131
13128
13137
13125
13129
13133
13134
13140
13147
13142
13142
13147
13149
13148
13144
13142
13137
13137
13132
13130
13130
13117
13121
13127
13140
13136
13136
13137
13144
13139
13133
13139
13137
13143
13144
13139
13132
13138
13134
13138
13138
13132
13133
13127
13120
13127
13131
13128
13136
13137
13139
13137
13133
13127
13131
13134
13134
13129
13130
13137
13144
13140
13131
13130
13127
13134
13135
13136
13136
13138
13128
13126
13117
13119
13117
13121
13129
13124
13125
13129
13126
13116
13126
13118
13115
13126
13126
13137
13138
13142
13151
13148
13146
13147
13134
13135
13129
13125
13120
13115
13119
13118
13115
13118
13124
13128
13127
13130
13133
13137
13145
13145
13138
13140
13144
13139
13133
13130
13128
13137
13135
13126
13131
13124
13129
13127
13120
13124
13125
13129
13129
13130
13127
13126
13128
13132
13131
13136
13139
13137
13133
13128
13126
13132
13128
13129
13121
13122
13123
13134
13134
13138
13134
13141
13145
13140
13142
13143
13144
13146
13140
13133
13142
13141
13140
13138
13135
13136
13137
13132
13134
13131
13133
13125
13130
13136
13132
13136
13134
13132
13139
13133
13129
13136
13135
13131
13131
13129
13130
13127
13125
13128
13128
13133
13132
13136
13130
13128
13133
13136
13134
13143
13153
13142
13143
13144
13135
13132
13135
13131
13120
13117
13117
13118
13122
13126
13132
13132
13132
13127
13127
13130
13133
13136
13138
13133
13130
13123
13125
13131
13126
13123
13112
13119
13123
13120
13126
13134
13135
13136
13144
13132
13137
13137
13131
13137
13129
13127
13128
13124
13126
12912
12351
11964
11735
11608
11558
11546
11581
11614
11680
11734
11809
11883
11947
11946
11949
11910
11909
11925
11966
12002
12025
11985
11987
11997
12038
12075
12129
12184
12232
12270
12329
12373
12431
12476
12518
12552
12586
12617
12651
12674
12703
12718
12745
12777
12802
12825
12836
12852
12878
12894
12905
12924
12946
12962
12973
12978
12985
12998
13008
12997
12871
12794
12754
12735
12726
12727
12745
12760
12770
12793
12814
12819
12838
12858
12873
12885
12904
12919
12937
12945
12956
12962
12981
12993
13000
13005
13013
13021
13027
13033
13043
13050
13052
13058
13069
13069
13075
13087
13086
13084
13087
13090
13092
13090
13092
13095
13094
13102
13096
13097
13106
13105
13107
13116
13104
13106
13108
13109
13117
13118
13121
13122
13126
13128
13127
13124
13125
13126
13136
13130
13124
13129
13122
13122
13117
13124
13122
13137
13142
13140
13135
13138
13134
13137
13151
13144
13138
13140
13135
13134
13139
13132
13126
13131
13124
13119
13126
13125
13121
13115
13112
13115
13115
13122
13117
13117
13120
13117
13122
13114
13109
13116
13123
13123
13125
13129
13123
13131
13132
13138
13142
13142
13136
13138
13142
13144
13144
13148
13144
13138
13148
13140
13135
13133
13127
13128
13130
13131
13131
13131
13134
13140
13135
13143
13134
13132
13133
13129
13136
13135
13125
13126
13126
13125
13126
13119
13119
13121
13123
13126
13123
13120
13119
13121
13128
13135
13130
13143
13142
13142
13145
13145
13139
13141
13134
13135
13139
13132
13140
13134
13132
13133
13124
13132
13130
13112
12992
12909
12870
12839
12830
12831
12823
12831
12838
12854
12869
12882
12900
12910
12920
12937
12946
12955
12969
12969
12981
12997
13003
13014
13033
13033
13033
13039
13038
13045
13052
13047
13051
13061
13061
13073
13081
13085
13085
13095
13099
13100
13111
13103
13107
13113
13108
13116
13122
13122
13122
13130
13128
13130
13122
13119
13115
13119
13122
13122
13121
13121
13119
13113
13126
13126
13119
13122
13112
13116
13109
13118
13123
13123
13127
13125
13135
13133
13144
13137
13139
13140
13146
13138
13135
13132
13132
13133
13128
13122
13116
13124
13125
13127
13120
13132
13136
13128
13140
13142
13138
13144
13142
13142
13143
13138
13142
13153
13151
13149
13148
13139
13139
13135
13140
13138
13138
13142
13136
13137
13134
13129
13134
13131
13128
13130
13130
13132
13133
13129
13125
13132
13131
13135
13128
13138
13142
13139
13142
13141
13132
13133
13130
13134
13141
13137
13128
13129
13121
13124
13127
13132
13130
13134
13136
13136
13133
13128
13117
13125
13124
13123
13129
13128
13128
13132
13129
13129
13130
13129
13133
13139
13138
13140
13130
13132
13133
13136
13134
13134
13131
13136
13135
13140
13138
13139
13133
13134
13134
13133
13129
13130
13126
13132
13133
13132
13131
13138
13131
13138
13138
13135
13137
13136
13128
13133
13133
13135
13135
13131
13136
13146
13148
13147
13142
13146
13148
13141
13141
13140
13136
13139
13141
13136
13135
13134
13133
13138
13144
13139
13141
13142
13138
13147
13149
13137
13138
13137
13134
13137
13125
13124
13131
13127
13125
13127
13127
13128
13126
13128
13129
13132
13129
13131
13118
13125
13122
13121
13118
13115
13119
13119
13118
13123
13128
13127
13122
13128
13123
13129
13128
13126
13127
13129
13123
13122
