13135
13132
13132
13128
13137
13127
13127
13130
13129
13131
13128
13132
13127
13122
13126
13121
13121
13120
13126
13130
13134
13135
13137
13134
13133
13127
13129
13122
13121
13121
13124
13133
13126
13134
13129
13126
13134
13131
13129
13132
13131
13134
13140
13139
13145
13132
13127
13136
13132
13129
13138
13139
13137
13138
13141
13140
13133
13139
13138
13136
13144
13139
13144
13145
13143
13139
13149
13141
13135
13136
13134
13135
13139
13131
13127
13117
13118
13113
13116
13122
13126
13129
13139
13131
13138
13137
13144
13140
13151
13145
13144
13139
13142
13143
13142
13140
13142
13142
13142
13134
13133
13132
13135
13142
13144
13139
13152
13151
13149
13149
13148
13150
13144
13146
13143
13139
13137
13133
13132
13133
13130
13133
13133
13137
13134
13134
13128
13134
13135
13133
13134
13128
13124
13126
13127
13123
13123
13130
13138
13134
13135
13134
13138
13137
13135
13129
13134
13132
13134
13131
13122
13122
13119
13119
13122
13126
13141
13135
13139
13141
13141
13138
13137
13143
13142
13129
13122
13126
13126
13125
13126
13124
13123
13123
13127
13136
13129
13131
13134
13134
13135
13139
13141
13133
13131
13129
13138
13132
13128
13134
13134
13141
13143
13141
13141
13140
13142
13139
13139
13143
13135
13129
13137
13132
13135
13122
13127
13134
13135
13135
13142
13143
13144
13141
13138
13131
13133
13131
13139
13134
13140
13134
13129
13130
13126
13129
13146
13138
13141
13148
13137
13141
13144
13136
13139
13138
13135
13136
13132
13138
13130
13128
13122
13127
13126
13127
13126
13127
13134
13138
13134
13137
13136
13134
13137
13140
13132
13139
13137
13136
13141
13139
13138
13134
13135
13134
13143
13138
13130
13138
13135
13134
13134
13140
13134
13138
13133
13126
13125
13122
13120
13122
13126
13121
13127
13119
13118
13121
13121
13119
13125
13130
13130
13125
13122
13126
13118
13123
13123
13123
13129
13124
13127
13125
13128
13128
13139
13134
13130
13140
13149
13146
13140
13135
13132
13131
13123
13126
13125
13122
13125
13124
13132
13127
13131
13125
13128
13133
13129
13133
13138
13143
13146
13147
13141
13142
13136
13139
13137
13129
13131
13134
13134
13141
13142
13137
13147
13141
13144
13149
13139
13135
13141
13138
13141
13137
13139
13137
13133
13140
13138
13138
13136
13131
13145
13138
13138
13140
13148
13151
13152
13153
13145
13141
13139
13145
13138
13141
13143
13150
13148
13153
13147
13150
13138
13141
13147
13137
13132
13137
13132
13132
13136
13133
13133
13129
13126
13132
13129
13134
13128
13129
13125
13121
13123
13125
13133
13140
13144
13135
13141
13137
13142
13143
13140
13137
13131
13136
13136
13129
13124
13125
13115
13122
13121
13117
13121
13125
13130
13131
13127
13133
13132
13136
13136
13134
13136
13131
13137
13137
13142
13135
13133
13129
13137
13132
13125
13128
13130
13124
13133
13131
13132
13133
13134
13134
13131
13136
13134
13134
13133
13132
13142
13149
13144
13142
13151
13143
13146
13139
13129
13132
13132
13123
13127
13122
13128
13129
13127
13135
13129
13129
13126
13130
13130
13125
13125
13131
13134
13140
13142
13142
13138
13135
13136
13144
13138
13138
13139
13137
13137
13135
13135
13139
13078
12430
11363
10411
9843
9517
9398
9365
9442
9515
9635
9753
9919
10068
10256
10411
10583
10726
10883
11009
11155
11260
11386
11501
11613
11708
11814
11892
11974
12045
12114
12166
12225
12280
12334
12378
12427
12467
12510
12553
12590
12620
12664
12687
12721
12746
12765
12791
12818
12833
12851
12863
12875
12888
12906
12925
12939
12951
12972
12982
12993
12991
12998
13003
13008
13025
13028
13033
13042
13054
13058
13061
13060
13068
13077
13080
13084
13093
13091
13103
13096
13096
13105
13101
13110
13113
13109
13107
13112
13111
13109
13102
13105
13107
13119
13115
13112
13108
13105
13106
13114
13103
13100
13109
13119
13119
13126
13119
13128
13128
13129
13133
13130
13132
13131
13125
13130
13132
13138
13142
13136
13132
13138
13133
13133
13142
13131
13136
13142
13137
13139
13142
13137
13139
13145
13146
13142
13132
13131
13125
13130
13124
13120
13138
13129
13131
13134
13132
13137
13140
13138
13137
13132
13134
13147
13145
13139
13137
13140
13145
13136
13131
13133
13129
13132
13132
13140
13139
13138
13135
13136
13132
13143
13142
13142
13149
13148
13138
13140
13136
13138
13132
13127
13129
13125
13129
13128
13130
13126
13124
13130
13130
13129
13135
13142
13138
13142
13141
13149
13148
13144
13134
13142
13128
13130
13137
13135
13135
13144
13145
13146
13144
13144
13131
13134
13140
13140
13138
13135
13134
13132
13126
13124
13127
13127
13123
13128
13135
13131
13131
13126
13129
13129
13137
13126
13131
13135
13133
13130
13134
13124
13122
13130
13126
13125
13132
13125
13128
13126
13129
13126
13126
13125
13127
13131
13132
13129
13124
13123
13122
13134
13120
13119
13129
13136
13136
13143
13132
13136
13136
13134
13132
13128
13127
13134
13127
13130
13123
13120
13122
13120
13126
13126
13130
13132
13132
13134
13137
13141
13137
13137
13139
13145
13139
13138
13140
13139
13138
13137
13134
13136
13132
13132
13132
13129
13124
13121
13119
13120
13123
13120
13122
13120
13131
13138
13129
13126
13127
13126
13135
13136
13129
13143
13135
13136
13142
13134
13139
13145
13138
13141
13131
13127
13132
13129
13136
13129
13128
13122
13123
13127
13129
13126
13124
13126
13126
13130
13133
13141
13148
13153
13153
13144
13138
13137
13136
13139
13132
13133
13135
13139
13134
13148
13144
13138
13141
13142
13143
13148
13141
13149
13140
13143
13136
13134
13136
13131
13129
13135
13127
13134
13129
13130
13128
13129
13132
13124
13120
13126
13124
13120
13125
13120
13119
13128
13120
13126
13127
13132
13143
13140
13138
13144
13137
13136
13146
13138
13135
13133
13127
13132
13134
13137
13137
13135
13140
13138
13141
13131
13132
13136
13128
13132
13133
13130
13135
13131
13131
13132
13139
13141
13140
13144
13142
13142
13139
13128
13132
13135
13142
13134
13128
13140
13137
13145
13145
13137
13137
13132
13133
13138
13141
13140
13140
13137
13139
13137
13134
13135
13138
13144
13131
13127
13128
13129
13128
13126
13129
13125
13131
13138
13136
13132
13136
13134
13125
13134
13134
13141
13138
13135
13132
13140
13133
13133
13139
13138
13134
13135
13133
13141
13138
13144
13140
13139
13134
13134
13136
13142
13139
13153
13144
13140
13146
13137
13137
13131
13129
13131
13128
13134
13138
13133
13140
13139
13135
13141
13137
13145
13156
13152
13153
13158
13142
13144
13141
