13134
13133
13135
13134
13136
13124
13128
13123
13124
13131
13126
13127
13134
13127
13126
13130
13134
13130
13127
13130
13130
13130
13129
13123
13121
13126
13127
13133
13139
13139
13134
13138
13134
13136
13141
13138
13135
13138
13139
13138
13140
13134
13133
13143
13140
13133
13136
13135
13136
13123
13128
13123
13128
13134
13142
13140
13140
13137
13133
13130
13128
13130
13126
13128
13135
13137
13142
13139
13135
13145
13142
13134
13133
13130
13131
13126
13120
13123
13121
13121
13127
13123
13123
13126
13122
13128
13131
13133
13130
13131
13126
13132
13132
13135
13139
13138
13137
13142
13141
13152
13141
13145
13143
13139
13140
13137
13129
13127
13133
13134
13130
13137
13132
13130
13137
13132
13132
13138
13133
13138
13147
13151
13148
13143
13144
13143
13137
13144
13131
13127
13130
13136
13148
13138
13143
13148
13149
13144
13139
13132
13129
13126
13140
13139
13135
13132
13123
13125
13133
13127
13134
13126
13128
13133
13142
13137
13131
13137
13131
13136
13137
13137
13145
13140
13141
13135
13129
13131
13128
13131
13128
13128
13128
13124
13126
13125
13122
13131
13126
13123
13128
13129
13133
13137
13138
13135
13141
13139
13137
13135
13139
13141
13134
13136
13142
13134
13136
13126
13123
13124
13127
13119
13122
13122
13128
13129
13128
13127
13132
13133
13134
13129
13139
13129
13125
13122
13130
13129
13125
13123
13116
13122
13128
13128
13128
13134
13136
13140
13141
13142
13135
13147
13145
13140
13150
13146
13141
13142
13142
13142
13141
13140
13136
13134
13137
13137
13136
13138
13132
13139
13141
13138
13143
13138
13135
13140
13141
13146
13139
13145
13143
13140
13144
13144
13140
13139
13139
13138
13132
13126
13124
13134
13126
13123
13132
13138
13133
13137
13135
13131
13128
13128
13126
13125
13125
13124
13125
13131
13136
13139
13141
13133
13139
13134
13133
13133
13132
13135
13137
13135
13133
13137
13127
13140
13133
13140
13145
13138
13137
13144
13143
13148
13144
13139
13142
13139
13143
13144
13142
13138
13143
13141
13140
13138
13134
13137
13135
13138
13134
13130
13136
13130
13137
13131
13127
13131
13129
13132
13134
13133
13131
13138
13141
13139
13137
13134
13131
13128
13130
13129
13137
13138
13134
13129
13138
13135
13131
13136
13139
13140
13143
13140
13142
13144
13143
13138
13142
13139
13136
13139
13139
13132
13138
13126
13126
13127
13126
13138
13135
13131
13133
13132
13131
13134
13129
13123
13132
13125
13131
13134
13131
13131
13131
13130
13137
13136
13134
13138
13132
13137
13134
13132
13130
13131
13130
13122
13121
13127
13129
13133
13135
13132
13134
13129
13126
13128
13126
13136
13130
13138
13141
13138
13139
13140
13137
13142
13144
13134
13130
13137
13133
13140
13132
13129
13132
13126
13122
13128
13130
13131
13135
13139
13132
13134
13135
13135
13131
13135
13132
13133
13133
13126
13129
13130
13122
13131
13121
13115
13116
13121
13124
13131
13126
13134
13131
13137
13138
13131
13125
13124
13129
13135
13122
13115
13119
13118
13121
13133
13129
13126
13131
13137
13144
13140
13140
13139
13140
13138
13134
13131
13129
13124
13127
13121
13120
13127
13127
13134
13132
13135
13129
13135
13137
13145
13139
13141
12981
12437
11884
11537
11343
11245
11222
11237
11294
11346
11438
11521
11611
11688
11782
11857
11934
12003
12075
12140
12204
12267
12319
12366
12415
12451
12505
12538
12575
12614
12651
12679
12710
12737
12764
12788
12806
12827
12845
12877
12894
12910
12921
12928
12941
12955
12966
12973
12985
12987
13000
13009
13017
13023
13037
13041
13041
13048
13045
13050
13056
13061
13059
13074
13067
13082
13087
13088
13088
13093
13094
13099
13090
13093
13100
13110
13113
13113
13118
13120
13118
13111
13103
13111
13118
13126
13118
13113
13118
13114
13117
13120
13114
13124
13125
13126
13132
13134
13133
13137
13137
13139
13133
13130
13131
13125
13129
13123
13119
13131
13128
13132
13129
13135
13136
13136
13133
13138
13127
13139
13136
13135
13135
13132
13128
13132
13124
13122
13125
13123
13125
13130
13126
13126
13122
13130
13122
13123
13127
13128
13125
13129
13135
13138
13133
13132
13131
13125
13119
13129
13130
13133
13128
13123
13120
13128
13124
13126
13118
13133
13127
13127
13128
13128
13137
13147
13136
13135
13138
13130
13127
13131
13130
13132
13136
13134
13135
13137
13135
13132
13135
13136
13135
13132
13126
13118
13131
13125
13129
13138
13135
13135
13136
13130
13132
13130
13125
13132
13130
13134
13140
13138
13139
13140
13141
13149
13142
13134
13133
13126
13128
13134
13124
13127
13129
13130
13132
13125
13121
13123
13126
13137
13132
13134
13137
13128
13133
13129
13120
13122
13129
13127
13121
13128
13126
13125
13124
13133
13129
13135
13144
13142
13143
13142
13140
13146
13146
13148
13155
13152
13144
13144
13135
13138
13138
13135
13139
13137
13138
13128
13134
13134
13125
13130
13126
13120
13125
13125
13126
13131
13131
13134
13126
13130
13131
13129
13130
13129
13129
13135
13136
13130
13131
13132
13130
13135
13130
13127
13123
13121
13128
13134
13133
13136
13134
13131
13130
13130
13127
13124
13126
13132
13128
13132
13131
13132
13139
13134
13131
13136
13143
13143
13140
13135
13132
13130
13127
13133
13135
13140
13134
13135
13137
13143
13139
13142
13134
13127
13134
13127
13131
13130
13122
13124
13127
13127
13131
13132
13137
13144
13146
13151
13138
13136
13138
13138
13141
13135
13132
13133
13136
13140
13137
13142
13141
13138
13142
13140
13126
13126
13126
13125
13125
13124
13129
13132
13129
13122
13132
13128
13125
13130
13130
13130
13123
13125
13127
13129
13129
13129
13126
13125
13129
13134
13126
13125
13132
13128
13127
13133
13129
13134
13135
13130
13122
13119
13121
13128
13122
13123
13132
13134
13140
13135
13142
13139
13130
13134
13142
13138
13136
13135
13126
13137
13133
13132
13137
13132
13134
13138
13136
13143
13144
13145
13143
13144
13148
13143
13140
13140
13138
13137
13138
13135
13130
13128
13130
13139
13133
13126
13128
13131
13130
13131
13125
13131
13132
13134
13135
13136
13131
13131
13130
13127
13128
13136
13137
13136
13132
13128
13125
13125
13122
13121
13126
13130
13130
13130
13125
13127
13129
13130
13134
13131
13131
13129
13131
13136
13133
13130
13127
13136
13137
13135
13134
13134
13133
13136
13138
13136
13133
13133
13136
13132
13133
13133
13135
13138
13138
13132
13136
13133
13130
13131
13142
13145
13156
13152
13141
13137
13138
13138
13136
13134
13132
13135
13147
13145
13140
13137
13135
13135
13139
13137
