13143
13143
13150
13149
13146
13146
13141
13132
13118
13116
13110
13120
13125
13115
13112
13119
13120
13138
13134
13137
13138
13149
13148
13149
13134
13135
13133
13128
13122
13120
13122
13127
13124
13115
13126
13121
13128
13139
13131
13128
13141
13137
13145
13144
13142
13141
13135
13143
13139
13138
13139
13138
13142
13131
13129
13130
13125
13131
13134
13129
13127
13122
13129
13138
13136
13141
13144
13143
13144
13142
13148
13148
13137
13136
13139
13136
13134
13139
13136
13124
13127
13130
13126
13124
13129
13125
13126
13134
13137
13137
13141
13141
13145
13140
13146
13151
13156
13155
13147
13140
13133
13133
13130
13136
13126
13131
13134
13131
13121
13128
13124
13135
13133
13133
13144
13138
13138
13145
13140
13136
13136
13138
13127
13125
13125
13119
13126
13124
13122
13127
13123
13121
13123
13121
13122
13127
13127
13130
13122
13127
13128
13132
13133
13135
13133
13143
13146
13149
13146
13149
13150
13154
13143
13138
13136
13127
13125
13130
13132
13127
13131
13129
13125
13125
13122
13120
13122
13131
13130
13124
13127
13130
13139
13136
13135
13136
13146
13147
13151
13147
13149
13143
13146
13144
13134
13138
13146
13140
13139
13141
13146
13144
13140
13137
13138
13134
13125
13136
13129
13126
13128
13130
13137
13132
13134
13132
13130
13133
13130
13131
13127
13124
13134
13122
13114
13126
13125
13127
13126
13126
13121
13129
13124
13129
13127
13127
13127
13127
13133
13130
13127
13127
13121
13123
13131
13122
13124
13125
13127
13129
13129
13125
13125
13129
13126
13131
13125
13129
13128
13127
13122
13110
13107
13104
13100
13109
13121
13121
13120
13129
13129
13131
13131
13134
13126
13133
13133
13129
13126
13132
13133
13141
13135
13136
13134
13131
13125
13128
13118
13117
13119
13120
13125
13134
13136
13132
13130
13131
13133
13132
13126
13132
13131
13130
13133
13130
13130
13135
13128
13126
13123
13119
13122
13132
13126
13128
13131
13128
13136
13133
13135
13136
13131
13130
13143
13132
13133
13139
13144
13135
13134
13131
13140
13139
13137
13137
13138
13137
13141
13133
13136
13141
13144
13144
13140
13139
13145
13148
13145
13139
13136
13139
13137
13145
13134
13138
13142
13137
13140
13133
13139
13140
13136
13134
13142
13128
13130
13133
13132
13132
13130
13129
13133
13139
13140
13134
13132
13129
13132
13125
13123
13123
13127
13130
13135
13134
13129
13133
13133
13133
13131
13122
13128
13134
13137
13137
13144
13139
13145
13146
13150
13141
13135
13133
13141
13131
13132
13140
13139
13140
13134
13132
13125
13127
13127
13125
13127
13127
13133
13139
13138
13136
13139
13132
13131
13135
13135
13140
13142
13135
13137
13141
13135
13134
13132
13130
13130
13127
13127
13132
13136
13137
13129
13125
13132
13130
13129
13136
13142
13137
13134
13134
13129
13130
13136
13133
13134
13131
13128
13131
13135
13134
13140
13134
13132
13131
13127
13125
13129
13130
13133
13134
13136
13143
13134
13136
13139
13138
13143
13133
13131
13135
13133
13137
13141
13139
13135
13132
13133
13137
13143
13144
13142
13142
13142
13135
13138
13135
13140
13137
13137
13137
13142
13136
13133
13135
13134
13131
13126
13123
13127
13128
13122
13120
12882
12401
11846
11390
11126
10980
10933
10936
10988
11059
11159
11253
11363
11447
11549
11632
11730
11816
11908
11978
12062
12130
12199
12251
12309
12354
12398
12443
12493
12531
12570
12605
12639
12660
12693
12719
12757
12783
12799
12818
12827
12844
12868
12873
12894
12907
12919
12938
12950
12953
12973
12979
12993
13004
13011
13022
13032
13039
13049
13050
13052
13048
13055
13064
13068
13067
13061
13072
13078
13074
13073
13074
13080
13091
13092
13100
13103
13103
13104
13109
13102
13109
13111
13113
13111
13118
13122
13126
13119
13117
13132
13126
13131
13134
13134
13143
13137
13139
13133
13132
13129
13129
13136
13136
13135
13137
13135
13138
13144
13138
13132
13131
13122
13121
13118
13117
13123
13118
13120
13128
13124
13122
13125
13123
13131
13127
13127
13134
13132
13132
13142
13138
13127
13132
13129
13135
13136
13132
13141
13135
13137
13130
13131
13141
13136
13135
13139
13137
13144
13140
13132
13132
13128
13123
13123
13125
13123
13124
13124
13126
13129
13129
13129
13134
13145
13139
13142
13149
13147
13141
13146
13134
13133
13128
13119
13123
13126
13125
13131
13124
13124
13125
13125
13132
13128
13125
13126
13125
13142
13139
13133
13133
13134
13134
13132
13130
13128
13132
13134
13138
13137
13135
13138
13132
13137
13135
13129
13137
13122
13124
13128
13126
13121
13124
13128
13128
13134
13129
13129
13136
13143
13138
13139
13143
13144
13152
13153
13157
13161
13156
13155
13155
13148
13139
13134
13133
13138
13136
13139
13137
13132
13133
13132
13124
13127
13131
13126
13125
13115
13113
13122
13120
13122
13133
13131
13132
13139
13137
13133
13128
13129
13132
13136
13138
13131
13126
13123
13128
13137
13136
13129
13127
13124
13128
13122
13123
13131
13136
13138
13139
13133
13140
13136
13131
13128
13126
13125
13130
13126
13129
13137
13133
13134
13138
13136
13131
13133
13141
13137
13134
13127
13126
13129
13135
13127
13129
13127
13125
13132
13127
13131
13136
13130
13137
13132
13129
13138
13141
13139
13139
13138
13141
13141
13140
13135
13136
13141
13141
13144
13146
13152
13143
13147
13151
13141
13143
13144
13138
13137
13142
13143
13139
13140
13149
13142
13142
13142
13141
13147
13142
13143
13146
13140
13136
13130
13123
13114
13116
13113
13116
13111
13119
13123
13120
13126
13132
13139
13138
13133
13136
13131
13134
13129
13134
13126
13131
13140
13144
13137
13139
13134
13132
13137
13134
13132
13133
13132
13125
13129
13125
13132
13133
13140
13142
13140
13142
13136
13134
13134
13136
13131
13143
13144
13147
13145
13149
13149
13161
13151
13140
13146
13145
13145
13153
13149
13146
13154
13146
13148
13146
13145
13141
13142
13140
13133
13131
13135
13125
13139
13139
13145
13140
13142
13150
13146
13146
13148
13156
13151
13157
13154
13157
13158
13149
13146
13141
13141
13141
13128
13125
13133
13124
13131
13133
13125
13130
13129
13129
13131
13135
13130
13123
13120
13119
13119
13122
13131
13125
13132
13129
13127
13127
13127
13131
13140
13139
13138
13138
13135
13139
13133
13130
13128
13133
13135
13135
13132
13143
13141
13134
13137
13127
13130
13132
13124
13127
13129
13132
13138
13143
13145
13137
13146
13142
13138
13132
13126
13120
13124
13119
13123
13128
13126
13129
13125
13126
13132
13132
13124
13125
13122
13122
13122
13116
13111
13115
