13140
13144
13137
13138
13138
13134
13131
13133
13128
13133
13133
13133
13141
13140
13132
13135
13126
13126
13125
13129
13129
13124
13126
13132
13130
13137
13138
13138
13140
13145
13145
13151
13150
13145
13153
13152
13150
13155
13143
13150
13160
13157
13156
13151
13152
13150
13156
13157
13158
13162
13156
13155
13153
13148
13136
13139
13135
13133
13134
13134
13137
13140
13137
13135
13131
13139
13147
13146
13148
13141
13141
13145
13140
13143
13148
13138
13141
13140
13139
13132
13138
13138
13139
13141
13145
13141
13142
13148
13149
13142
13148
13147
13155
13146
13144
13141
13140
13144
13141
13140
13139
13144
13145
13150
13138
13144
13146
13142
13145
13144
13143
13141
13136
13135
13134
13128
13123
13124
13122
13119
13121
13118
13118
13115
13122
13122
13126
13131
13129
13124
13127
13134
13135
13130
13128
13129
13129
13134
13133
13133
13132
13130
13127
13129
13128
13130
13123
13126
13135
13136
13130
13134
13130
13130
13145
13143
13133
13133
13121
13115
13122
13116
13113
13117
13116
13114
13117
13123
13120
13122
13118
13121
13126
13122
13118
13122
13131
13127
13133
13126
13130
13138
13136
13142
13138
13141
13142
13145
13141
13139
13134
13140
13138
13125
13122
13122
13125
13132
13131
13136
13147
13147
13153
13148
13140
13134
13138
13148
13148
13139
13134
13130
13138
13130
13131
13129
13125
13131
13125
13127
13133
13137
13134
13139
13139
13142
13138
13135
13131
13136
13135
13135
13132
13126
13138
13139
13140
13130
13122
13119
13125
13124
13121
13117
13122
13116
13122
13123
13128
13122
13124
13121
13125
13127
13124
13127
13126
13126
13131
13130
13131
13127
13124
13125
13121
13128
13128
13122
13128
13136
13146
13154
13144
13144
13147
13141
13135
13143
13142
13142
13153
13152
13151
13155
13153
13146
13151
13143
13139
13140
13141
13149
13160
13148
13144
13148
13149
13145
13135
13136
13139
13138
13134
13137
13130
13132
13134
13137
13133
13131
13131
13132
13137
13142
13149
13141
13134
13139
13127
13132
13135
13135
13138
13139
13136
13128
13136
13138
13130
13133
13126
13126
13140
13132
13133
13138
13137
13137
13127
13131
13119
13117
13117
13123
13119
13131
13133
13123
13132
13132
13134
13137
13132
13131
13138
13139
13140
13135
13128
13132
13131
13133
13132
13130
13139
13135
13136
13134
13134
13129
13132
13129
13132
13122
13125
13134
13136
13141
13136
13136
13138
13135
13142
13146
13138
13138
13141
13138
13144
13148
13148
13147
13149
13142
13145
13145
13144
13147
13142
13146
13147
13140
13143
13145
13144
13141
13147
13142
13139
13144
13147
13152
13150
13139
13142
13148
13141
13131
13133
13128
13131
13129
13138
13139
13132
13127
13129
13128
13133
13130
13135
13142
13135
13136
13137
13137
13139
13148
13134
13136
13139
13142
13142
13139
13142
13148
13148
13147
13141
13145
13143
13141
13141
13139
13141
13152
13147
13148
13156
13150
13150
13147
13143
13139
13135
13141
13142
13136
13134
13134
13136
13139
13141
13143
13147
13140
13139
13150
13138
13138
13139
13138
13149
13141
13137
13138
13137
13138
13142
13148
13142
13143
13147
13146
13139
13138
13130
13132
13134
13136
13124
13134
13127
13128
12989
12670
12423
12155
11991
11908
11876
11882
11903
11935
11989
11978
12003
12035
12071
12126
12185
12231
12288
12324
12383
12419
12471
12509
12551
12582
12618
12650
12686
12702
12729
12758
12781
12802
12824
12843
12871
12892
12902
12918
12920
12937
12950
12967
12979
12987
12995
13013
13017
13028
13031
13044
13052
13066
13062
13072
13079
13072
13078
13073
13070
13075
13078
13081
13082
13083
13085
13091
13093
13091
13094
13099
13094
13102
13111
13107
13106
13114
13104
13105
13098
13101
13107
13105
13107
13115
13112
13117
13118
13118
13125
13120
13122
13135
13133
13135
13136
13138
13145
13134
13138
13128
13131
13134
13133
13129
13119
13117
13127
13119
13128
13128
13124
13120
13129
13132
13129
13130
13125
13132
13125
13132
13128
13124
13121
13126
13126
13131
13133
13137
13145
13142
13141
13141
13135
13137
13133
13132
13124
13130
13133
13132
13137
13145
13145
13154
13147
13135
13147
13139
13138
13140
13137
13142
13141
13142
13140
13137
13133
13138
13131
13133
13134
13130
13126
13128
13137
13142
13142
13136
13142
13138
13142
13143
13132
13129
13130
13121
13126
13123
13128
13122
13126
13127
13132
13134
13135
13133
13135
13132
13127
13128
13129
13135
13137
13139
13137
13133
13135
13136
13133
13137
13142
13138
13134
13136
13132
13142
13136
13141
13141
13144
13149
13143
13136
13128
13132
13131
13131
13124
13123
13118
13121
13133
13130
13129
13133
13138
13148
13145
13148
13145
13150
13154
13149
13149
13146
13141
13140
13143
13137
13137
13129
13125
13124
13124
13125
13130
13129
13139
13143
13140
13143
13146
13150
13148
13145
13142
13145
13132
13136
13138
13137
13133
13127
13121
13119
13120
13132
13126
13128
13132
13141
13140
13140
13139
13141
13145
13144
13145
13134
13138
13141
13139
13144
13140
13139
13140
13136
13135
13138
13126
13123
13126
13121
13130
13136
13132
13139
13138
13135
13136
13141
13145
13148
13146
13145
13140
13141
13135
13141
13142
13140
13143
13141
13140
13139
13129
13133
13129
13118
13118
13118
13110
13119
13123
13131
13136
13136
13139
13141
13145
13146
13143
13131
13132
13133
13133
13141
13138
13144
13142
13146
13144
13134
13132
13128
13126
13139
13129
13130
13136
13137
13129
13126
13124
13125
13124
13133
13134
13126
13135
13138
13137
13137
13139
13140
13141
13139
13139
13134
13136
13133
13140
13138
13138
13151
13150
13155
13148
13144
13138
13134
13134
13130
13129
13125
13125
13130
13122
13125
13130
13135
13133
13132
13130
13129
13135
13135
13133
13130
13135
13141
13139
13141
13146
13140
13142
13140
13130
13138
13136
13138
13144
13139
13142
13144
13147
13147
13137
13142
13133
13132
13133
13131
13136
13138
13135
13139
13138
13133
13138
13139
13142
13138
13139
13139
13130
13127
13132
13128
13133
13137
13136
13144
13137
13138
13135
13134
13131
13144
13135
13133
13136
13128
13130
13126
13128
13131
13133
13129
13125
13122
13124
13125
13127
13125
13126
13124
13121
13118
13122
13118
13126
13126
13116
13115
13120
13121
13127
13119
13124
13135
13129
13131
13132
13126
13135
13139
13132
13143
13132
13132
13134
13132
13129
13127
13119
13119
13120
13125
13130
13132
13137
13137
13138
13140
13140
13150
13133
13129
13132
13128
13132
13124
13123
13118
13117
13123
13121
13117
13117
13123
13124
13130
13121
