13131
13130
13132
13134
13134
13124
13125
13134
13132
13141
13135
13135
13131
13133
13136
13145
13142
13143
13153
13145
13152
13160
13149
13153
13157
13159
13151
13143
13146
13140
13142
13143
13141
13137
13136
13129
13124
13129
13126
13121
13125
13129
13129
13129
13131
13135
13136
13142
13138
13147
13148
13151
13150
13142
13146
13139
13134
13132
13134
13130
13129
13138
13133
13135
13142
13146
13153
13144
13143
13139
13141
13142
13134
13134
13128
13122
13128
13118
13117
13121
13125
13125
13133
13139
13143
13141
13141
13144
13134
13140
13142
13141
13151
13145
13143
13148
13137
13138
13143
13134
13129
13138
13126
13128
13126
13130
13132
13128
13129
13125
13125
13134
13133
13130
13133
13122
13138
13125
13120
13137
13136
13137
13136
13134
13137
13132
13134
13138
13135
13139
13136
13136
13137
13143
13133
13136
13130
13131
13137
13127
13126
13123
13117
13121
13128
13131
13140
13137
13137
13135
13131
13134
13129
13130
13133
13136
13139
13137
13135
13133
13129
13131
13121
13128
13127
13125
13125
13137
13134
13137
13143
13136
13141
13140
13134
13139
13140
13132
13136
13125
13129
13139
13138
13139
13147
13140
13150
13146
13150
13115
12998
12924
12869
12833
12822
12819
12840
12837
12847
12860
12876
12891
12903
12917
12934
12942
12956
12971
12977
12987
13003
13010
13016
13012
13021
13027
13028
13036
12958
12878
12829
12806
12797
12800
12817
12826
12843
12854
12866
12876
12892
12902
12913
12929
12945
12953
12972
12971
12973
12989
12995
13006
13011
13018
13027
13036
13042
13050
13046
13058
13066
13069
13075
13078
13072
13079
13078
13073
13084
13082
13089
13101
13108
13109
13110
13111
13118
13124
13131
13116
13112
13117
13107
13114
13112
13114
13121
13117
13121
13118
13121
13125
13121
13123
13128
13127
13132
13130
13129
13137
13141
13135
13139
13138
13139
13136
13126
13122
13133
13122
13118
13127
13126
13126
13130
13134
13138
13136
13145
13142
13146
13140
13139
13142
13124
13124
13132
13127
13125
13128
13131
13137
13137
13138
13139
13139
13145
13145
13137
13138
13135
13128
13138
13138
13138
13138
13135
13127
13130
13125
13128
13138
13132
13129
13132
13125
13131
13132
13132
13125
13127
13127
13130
13134
13129
13136
13138
13132
13134
13133
13134
13134
13136
13129
13133
13132
13140
13136
13129
13131
13134
13133
13134
13130
13122
13138
13134
13126
13127
13122
13127
13133
13130
13129
13135
13134
13141
13136
13129
13118
13124
13133
13135
13133
13125
13126
13132
13125
13127
13126
13125
13130
13126
13122
13130
13127
13129
13134
13129
13134
13138
13134
13136
13132
13132
13135
13134
13129
13123
13117
13131
13131
13126
13132
13134
13141
13136
13134
13131
13130
13130
13128
13135
13131
13133
13136
13141
13138
13136
13136
13138
13126
13123
13123
13120
13123
13126
13127
13115
13120
13118
13122
13124
13123
13123
13131
13127
13122
13126
13123
13122
13127
13127
13127
13130
13132
13142
13138
13141
13145
13148
13153
13151
13144
13148
13147
13150
13151
13147
13154
13153
13151
13143
13140
13136
13129
13129
13127
13123
13127
13132
13124
13123
13122
13125
13129
13129
13124
13126
13131
13132
13139
13126
13129
13135
13144
13136
13019
12693
12290
11946
11632
11288
11095
11023
11004
11054
11099
11186
11266
11366
11459
11568
11657
11713
11720
11764
11807
11868
11926
11996
12054
12124
12185
12244
12293
12349
12390
12443
12478
12522
12548
12590
12625
12667
12699
12724
12747
12774
12787
12813
12834
12850
12862
12877
12899
12916
12929
12943
12962
12965
12979
12992
12998
13003
13010
13015
13024
13021
13036
13043
13048
13057
13068
13070
13076
13078
13077
13093
13083
13087
13095
13092
13090
13100
13094
13096
13099
13097
13099
13098
13108
13102
13114
13113
13109
13109
13113
13110
13106
13109
13116
13119
13122
13123
13120
13123
13129
13123
13132
13131
13134
13134
13137
13130
13130
13126
13116
13124
13119
13123
13128
13126
13130
13132
13131
13131
13128
13130
13124
13125
13127
13128
13135
13143
13140
13146
13143
13146
13139
13141
13137
13134
13136
13137
13126
13134
13140
13128
13131
13132
13128
13140
13142
13135
13142
13140
13137
13140
13138
13137
13136
13131
13131
13128
13131
13132
13134
13141
13138
13139
13135
13140
13139
13142
13137
13142
13133
13130
13134
13126
13126
13128
13138
13136
13135
13131
13132
13128
13133
13134
13130
13135
13142
13134
13145
13138
13142
13146
13140
13140
13140
13140
13144
13136
13135
13132
13131
13135
13131
13134
13143
13137
13138
13142
13138
13147
13138
13140
13141
13143
13136
13133
13128
13122
13132
13137
13134
13139
13140
13146
13141
13140
13144
13140
13135
13138
13138
13145
13131
13129
13137
13135
13132
13137
13139
13140
13138
13142
13134
13139
13146
13148
13145
13161
13147
13151
13146
13144
13148
13144
13145
13142
13138
13142
13138
13139
13140
13134
13139
13145
13141
13142
13142
13142
13146
13141
13145
13152
13155
13147
13149
13139
13144
13144
13134
13136
13132
13132
13122
13126
13125
13122
13124
13126
13120
13130
13123
13130
13137
13135
13133
13131
13124
13125
13116
13125
13141
13133
13141
13138
13139
13139
13142
13136
13143
13139
13129
13132
13134
13129
13133
13127
13129
13142
13138
13131
13128
13140
13135
13136
13139
13138
13135
13142
13137
13141
13136
13136
13129
13135
13134
13138
13132
13142
13130
13130
13132
13133
13123
13126
13124
13123
13125
13126
13130
13128
13134
13142
13138
13143
13152
13148
13145
13143
13145
13152
13144
13143
13129
13125
13126
13125
13128
13132
13130
13141
13132
13129
13133
13131
13134
13132
13131
13125
13132
13123
13126
13129
13129
13133
13126
13131
13137
13133
13132
13132
13134
13145
13141
13147
13147
13148
13144
13138
13135
13130
13131
13130
13131
13128
13143
13147
13146
13151
13142
13150
13138
13132
13131
13129
13130
13132
13130
13131
13132
13136
13141
13145
13141
13140
13138
13137
13137
13129
13132
13129
13128
13133
13122
13123
13118
13124
13126
13129
13134
13132
13136
13135
13135
13135
13135
13133
13125
13131
13128
13136
13134
13134
13146
13147
13148
13155
13154
13151
13146
13141
13137
13132
13134
13136
13137
13143
13140
13143
13147
13142
13141
13145
13135
13136
13141
13135
13139
13141
13140
13139
13137
13134
13131
13119
13124
13122
13126
13129
13131
13139
13133
13135
13138
13148
13142
13147
13149
13147
13138
13138
13141
13138
13137
13131
13129
13139
13131
13135
13142
13138
13136
13143
13138
13135
13130
13126
13121
13121
13122
13119
13125
13139
13137
