13133
13135
13141
13133
13134
13128
13135
13130
13131
13129
13120
13120
13132
13124
13123
13127
13131
13128
13131
13129
13125
13120
13127
13127
13126
13118
13126
13127
13130
13126
13128
13136
13133
13122
13130
13127
13126
13139
13139
13136
13138
13138
13133
13133
13134
13129
13133
13136
13131
13137
13135
13131
13132
13132
13132
13139
13142
13137
13140
13139
13143
13148
13143
13149
13142
13132
13133
13126
13131
13131
13128
13137
13137
13134
13138
13133
13129
13133
13132
13133
13132
13130
13134
13132
13133
13131
13131
13140
13138
13142
13135
13138
13147
13147
13142
13143
13138
13140
13126
13124
13121
13125
13126
13132
13128
13137
13141
13140
13132
13140
13130
13139
13141
13133
13139
13136
13138
13140
13137
13134
13139
13133
13131
13133
13123
13129
13124
13135
13087
12965
12893
12851
12830
12813
12810
12819
12825
12836
12857
12874
12890
12901
12920
12930
12947
12957
12967
12975
12979
12993
12995
13009
13012
13015
13031
13032
13040
13047
13050
13050
13054
13068
13064
13073
13079
13080
13085
13092
13087
13100
13105
13098
13106
13109
13111
13109
13105
13108
13112
13120
13122
13128
13131
13136
13132
13130
13130
13131
13130
13123
13118
13126
13127
13127
13137
13129
13129
13125
13124
13125
13126
13131
13133
13141
13141
13132
13130
13133
13139
13134
13125
13130
13126
13117
13119
13122
13119
13125
13132
13125
13132
13135
13135
13135
13128
13133
13134
13123
13121
13135
13146
13141
13148
13136
13145
13137
13134
13137
13126
13123
13130
13135
13131
13130
13123
13127
13131
13133
13132
13126
13120
13119
13121
13113
13107
13118
13113
13117
13117
13120
13121
13125
13123
13132
13130
13127
13129
13123
13126
13122
13123
13132
13120
13121
13127
13124
13124
13130
13136
13140
13138
13135
13133
13140
13145
13138
13134
13137
13135
13139
13135
13132
13146
13136
13134
13139
13135
13135
13132
13133
13127
13122
13121
13125
13126
13134
13135
13133
13136
13130
13131
13138
13133
13132
13139
13136
13138
13138
13142
13137
13134
13125
13121
13122
13131
13130
13132
13134
13130
13138
13137
13130
13132
13133
13135
13130
13134
13132
13120
13005
12919
12868
12843
12827
12821
12830
12843
12839
12854
12866
12879
12897
12914
12920
12943
12948
12956
12968
12976
12983
12994
13004
13008
13018
13030
13035
13037
13046
13055
13060
13059
13068
13075
13075
13076
13085
13084
13083
13074
13074
13081
13083
13097
13103
13105
13115
13113
13108
13108
13114
13119
13121
13122
13119
13127
13125
13125
13129
13130
13123
13127
13125
13124
13122
13120
13119
13124
13123
13124
13123
13125
13129
13131
13135
13132
13133
13122
13126
13120
13124
13126
13125
13126
13126
13126
13128
13129
13127
13126
13130
13128
13125
13127
13122
13130
13128
13129
13137
13138
13142
13150
13149
13145
13142
13137
13135
13136
13139
13132
13139
13131
13125
13131
13126
13124
13128
13135
13129
13134
13134
13137
13143
13136
13135
13135
13133
13126
13117
13122
13125
13130
13140
13140
13132
13145
13145
13139
13140
13138
13138
13145
13141
13135
13138
13146
13133
13129
13130
13135
13138
13127
13132
13133
13127
13125
13134
13134
13134
13138
13136
13136
13124
13120
13120
13113
12755
11866
10922
10071
9357
8972
8769
8745
8795
8940
9094
9294
9475
9699
9887
10095
10267
10454
10610
10778
10917
11063
11177
11320
11437
11554
11650
11760
11841
11919
11983
12048
12114
12183
12237
12299
12347
12402
12454
12495
12533
12578
12609
12658
12684
12713
12741
12757
12772
12800
12818
12829
12850
12875
12890
12909
12923
12929
12941
12952
12960
12973
12979
12979
12991
13002
13005
13022
13028
13034
13048
13039
13050
13049
13064
13067
13072
13077
13084
13075
13079
13085
13085
13089
13097
13094
13105
13105
13105
13112
13107
13110
13110
13105
13107
13100
13109
13111
13113
13120
13114
13118
13122
13124
13124
13125
13119
13129
13132
13133
13140
13140
13136
13135
13129
13124
13124
13123
13124
13123
13132
13128
13129
13129
13128
13130
13134
13128
13125
13126
13122
13118
13121
13117
13118
13124
13129
13121
13119
13119
13122
13119
13123
13123
13133
13142
13143
13149
13145
13141
13147
13142
13137
13136
13136
13135
13138
13140
13146
13135
13136
13136
13133
13137
13139
13134
13141
13134
13132
13136
13135
13128
13136
13132
13139
13139
13136
13136
13136
13139
13135
13130
13134
13135
13138
13138
13140
13141
13131
13130
13092
12972
12907
12863
12842
12830
12820
12825
12829
12839
12848
12868
12887
12902
12918
12930
12940
12963
12969
12994
12998
13010
13015
13023
13025
13039
13046
13060
13063
13064
13072
13069
13075
13080
13090
13093
13092
13097
13096
13098
13100
13104
13107
13105
13102
13103
13111
13113
13116
13109
13117
13126
13123
13125
13118
13118
13124
13117
13117
13117
13119
13120
13135
13131
13129
13132
13127
13127
13131
13135
13129
13129
13137
13134
13134
13131
13123
13128
13125
13118
13129
13134
13130
13125
13127
13128
13131
13131
13139
13131
13138
13141
13138
13143
13133
13136
13138
13142
13138
13139
13133
13133
13133
13134
13129
13136
13126
13126
13125
13139
13140
13143
13146
13143
13146
13142
13138
13147
13139
13140
13147
13138
13139
13133
13133
13135
13132
13122
13130
13124
13132
13131
13128
13137
13133
13130
13132
13127
13121
13134
13132
13130
13136
13125
13126
13131
13134
13134
13134
13137
13136
13139
13144
13136
13125
13126
13127
13130
13132
13128
13128
13131
13133
13131
13126
13130
13134
13134
13138
13141
13140
13142
13137
13135
13129
13129
13132
13130
13128
13130
13123
13126
13132
13131
13135
13140
13139
13134
13126
13132
13132
13134
13145
13143
13144
13146
13144
13148
13147
13142
13141
13138
13142
13139
13136
13136
13139
13129
13140
13132
13137
13133
13132
13126
13136
13141
13148
13138
13136
13144
13137
13139
13147
13136
13139
13139
13138
13144
13138
13140
13134
13136
13133
13130
13136
13128
13134
13137
13132
13139
13145
13146
13146
13143
13140
13142
13133
13133
13131
13119
13122
13129
13130
13128
13127
13120
13124
13122
13119
13128
13124
13128
13128
13125
13128
13133
13137
13144
13142
13134
13130
13144
13145
13139
13144
13141
13137
13137
13129
13134
13132
13129
13133
13135
13137
13145
13147
13141
13142
13132
13133
13137
13132
13136
13137
13141
13146
13140
13140
13150
13144
13140
13141
13137
13138
13143
13138
13144
13135
13131
13125
13130
13134
13131
13136
13138
13142
13142
13133
13132
13138
13141
13143
13141
13138
13136
13139
13139
13145
13141
13138
13130
13130
13129
13132
