13141
13138
13145
13137
13136
13147
13141
13139
13137
13136
13137
13135
13137
13132
13129
13134
13134
13140
13134
13127
13137
13131
13128
13133
13133
13132
13132
13135
13142
13138
13129
13133
13130
13133
13140
13136
13140
13142
13144
13150
13152
13144
13144
13137
13138
13144
13130
13134
13137
13139
13142
13142
13139
13143
13141
13148
13147
13145
13140
13139
13145
13139
13142
13140
13134
13132
13123
13128
13130
13137
13137
13143
13135
13136
13139
13135
13134
13133
13134
13134
13130
13127
13133
13133
13128
13137
13128
13135
13138
13138
13137
13133
13128
13133
13133
13138
13134
13141
13142
13137
13144
13134
13122
13129
13128
13133
13122
13125
13128
13128
13122
13133
13137
13142
13143
13142
13139
13146
13141
13147
13146
13146
13149
13141
13142
13152
13149
13148
13150
13148
13141
13139
13131
13124
13121
13127
13127
13133
13126
13133
13144
13137
13136
13142
13148
13146
13147
13151
13146
13142
13143
13141
13137
13139
13140
13137
13138
13142
13140
13148
13145
13146
13152
13146
13141
13146
13138
13139
13148
13148
13150
13144
13143
13137
13146
13144
13141
13139
13137
13138
13137
13129
13128
13134
13130
13138
13136
13137
13145
13149
13150
13150
13150
13151
13147
13146
13147
13149
13134
13145
13136
13131
13137
13136
13133
13136
13127
13134
13139
13137
13135
13128
13129
13130
13133
13136
13133
13123
13119
13119
13120
13123
13122
13127
13131
13132
13132
13126
13133
13135
13134
13138
13133
13136
13141
13134
13142
13149
13146
13147
13136
13125
13126
13125
13122
13134
13129
13133
13128
13130
13128
13132
13134
13133
13138
13140
13137
13138
13143
13143
13147
13143
13141
13138
13134
13134
13137
13137
13135
13138
13142
13149
13141
13141
13144
13148
13145
13151
13152
13162
13156
13146
13153
13146
13138
13139
13131
13138
13136
13133
13132
13131
13128
13128
13129
13133
13130
13133
13138
13147
13153
13147
13137
13136
13132
13137
13139
13136
13127
13132
13129
13132
13123
13130
13140
13142
13144
13142
13140
13147
13151
13148
13155
13144
13139
13140
13137
13137
13136
13134
13131
13133
13135
13135
13139
13133
13126
13130
13132
13134
13134
13130
13126
13134
13132
13134
13137
13135
13133
13135
13128
13135
13137
13138
13143
13135
13142
13138
13138
13137
13135
13137
13145
13139
13137
13139
13131
13137
13140
13136
13135
13137
13139
13138
13139
13144
13138
13140
13138
13129
13134
13131
13128
13132
13130
13139
13137
13140
13144
13149
13149
13146
13133
13134
13134
13129
13133
13131
13128
13142
13138
13137
13147
13140
13144
13149
13138
13141
13138
13143
13138
13133
13135
13126
13126
13132
13127
13132
13130
13136
13137
13129
13129
13129
13125
13130
13126
13135
13143
13149
13151
13148
13149
13148
13141
13146
13145
13140
13138
13136
13133
13129
13141
13131
13139
13141
13139
13135
13135
13134
13136
13130
13126
13126
13126
13129
13127
13129
13129
13127
13141
13128
13126
13134
13133
13138
13135
13130
13129
13141
13142
13139
13133
13138
13144
13139
13142
13142
13133
13136
13138
13138
13142
13134
13130
13138
13128
13130
13133
13127
13139
13134
13138
13140
13134
13134
13136
13139
13142
13141
13146
13137
13133
13136
13134
13130
13128
13108
12836
12467
11973
11593
11382
11269
11251
11263
11312
11366
11446
11527
11609
11686
11780
11850
11934
12011
12067
12135
12208
12262
12329
12371
12423
12468
12506
12544
12582
12528
12466
12434
12430
12427
12449
12477
12510
12541
12573
12599
12629
12661
12695
12724
12750
12770
12801
12819
12840
12857
12879
12904
12915
12927
12950
12953
12955
12965
12969
12977
12986
13002
13004
13013
13020
13026
13035
13047
13049
13064
13071
13074
13084
13078
13085
13093
13091
13088
13083
13087
13087
13100
13098
13099
13093
13105
13100
13098
13106
13103
13106
13114
13115
13120
13119
13117
13121
13131
13124
13124
13123
13126
13130
13125
13124
13124
13130
13136
13137
13134
13134
13138
13143
13138
13136
13148
13145
13149
13146
13139
13138
13134
13132
13139
13136
13139
13142
13147
13157
13159
13158
13161
13155
13145
13136
13138
13132
13143
13130
13128
13127
13130
13122
13116
13117
13116
13118
13129
13127
13128
13131
13136
13148
13136
13131
13128
13126
13134
13140
13141
13141
13144
13143
13141
13134
13140
13146
13145
13148
13139
13142
13141
13138
13135
13142
13135
13143
13140
13138
13141
13141
13147
13142
13147
13144
13144
13148
13147
13149
13147
13149
13149
13149
13142
13136
13140
13134
13133
13130
13128
13127
13128
13135
13133
13126
13127
13128
13125
13132
13129
13127
13132
13134
13132
13140
13129
13127
13126
13123
13123
13122
13123
13130
13132
13130
13128
13130
13129
13126
13127
13133
13126
13133
13129
13130
13137
13139
13137
13145
13138
13141
13145
13149
13143
13142
13138
13137
13140
13144
13138
13134
13138
13131
13137
13134
13125
13131
13129
13130
13132
13138
13139
13144
13145
13153
13144
13157
13156
13149
13147
13146
13141
13143
13136
13131
13136
13139
13140
13140
13140
13144
13144
13148
13142
13144
13149
13154
13150
13149
13152
13138
13143
13134
13127
13134
13133
13128
13139
13138
13134
13140
13135
13136
13132
13129
13127
13133
13136
13134
13131
13137
13133
13143
13136
13130
13138
13138
13138
13133
13137
13136
13136
13140
13138
13134
13142
13136
13138
13136
13138
13136
13139
13134
13127
13134
13126
13130
13131
13129
13137
13145
13147
13158
13156
13156
13140
13142
13134
13128
13123
13126
13131
13136
13138
13132
13133
13130
13134
13138
13143
13145
13149
13149
13144
13145
13142
13137
13138
13143
13147
13139
13144
13140
13136
13145
13138
13137
13139
13135
13131
13133
13135
13133
13147
13148
13135
13134
13144
13142
13147
13139
13132
13144
13138
13137
13138
13133
13136
13138
13144
13135
13139
13132
13137
13126
13126
13122
13122
13126
13133
13128
13124
13119
13118
13134
13131
13126
13128
13128
13130
13145
13143
13137
13137
13144
13141
13140
13149
13150
13140
13134
13128
13130
13128
13124
13128
13128
13132
13134
13138
13148
13144
13147
13152
13138
13134
13139
13131
13130
13133
13126
13127
13126
13130
13134
13123
13120
13129
13132
13132
13131
13119
13115
13117
13117
13115
13119
13121
13125
13128
13126
13126
13135
13129
13130
13136
13134
13134
13137
13137
13140
13140
13133
13134
13128
13134
13133
13131
13132
13137
13134
13138
13134
13134
13138
13133
13133
13138
13134
13137
13135
13134
13136
13138
13137
13137
13136
13139
13137
13136
13134
13130
13138
13133
13138
13142
13144
13139
13138
13138
13126
13133
