13147
13155
13148
13138
13136
13135
13136
13135
13127
13123
13121
13130
13133
13123
13121
13130
13134
13133
13126
13122
13119
13123
13126
13134
13125
13138
13143
13145
13151
13139
13135
13140
13140
13138
13145
13141
13142
13143
13140
13138
13139
13138
13138
13128
13134
13135
13132
13137
13130
13126
13135
13141
13150
13143
13142
13148
13141
13139
13133
13134
13136
13137
13138
13144
13138
13141
13145
13139
13141
13137
13136
13140
13136
13134
13136
13126
13127
13135
13133
13136
13128
13130
13126
13134
13135
13135
13137
13142
13135
13138
13138
13136
13142
13133
13125
13126
13128
13128
13129
13128
13135
13132
13134
13143
13136
13137
13140
13137
13133
13138
13135
13143
13144
13147
13158
13155
13151
13154
13147
13152
13152
13144
13145
13146
13148
13145
13142
13144
13141
13141
13138
13139
13141
13134
13129
13135
13140
13135
13134
13125
13126
13133
13135
13140
13135
13140
13140
13135
13136
13133
13139
13138
13130
13130
13128
13126
13116
13126
13126
13125
13124
13122
13122
13123
13132
13134
13139
13143
13138
13146
13144
13135
13146
13143
13139
13145
13132
13130
13132
13127
13125
13133
13131
13137
13133
13135
13140
13144
13150
13148
13144
13148
13142
13141
13140
13131
13122
13127
13128
13130
13126
13135
13136
13136
13131
13129
13123
13130
13133
13138
13137
13130
13130
13123
13126
13137
13134
13136
13136
13137
13134
13132
13125
13126
13116
13123
13123
13123
13125
13123
13123
13128
13126
13128
13136
13137
13131
13138
13131
13130
13128
13137
13134
13133
13134
13133
13136
13145
13144
13155
13151
13147
13150
13138
13134
13139
13140
13139
13141
13138
13141
13138
13136
13138
13130
13137
13139
13139
13142
13138
13131
13137
13134
13129
13132
13124
13126
13139
13150
13141
13144
13144
13149
13148
13146
13141
13147
13147
13145
13140
13137
13132
13136
13131
13132
13137
13133
13142
13148
13155
13154
13149
13146
13146
13136
13131
13131
13135
13133
13135
13126
13138
13137
13139
13149
13141
13139
13144
13135
13139
13133
13137
13133
13136
13131
13134
13135
13136
13141
13142
13138
13138
13148
13140
13143
13144
13148
13147
13153
13152
13140
13136
13140
13141
13133
13132
13134
13142
13148
13145
13136
13139
13137
13137
13142
13135
13135
13140
13141
13143
13144
13140
13136
13138
13135
13136
13133
13134
13133
13138
13137
13143
13146
13132
13137
13135
13142
13146
13141
13146
13146
13142
13143
13142
13129
13139
13137
13132
13132
13135
13126
13135
13141
13138
13142
13133
13136
13145
13139
13132
13128
13130
13130
13130
13134
13133
13132
13134
13140
13146
13142
13138
13143
13138
13137
13137
13139
13133
13119
13120
13123
13122
13122
13124
13133
13137
13147
13148
13146
13142
13142
13147
13145
13139
13135
13135
13128
13138
13134
13129
13126
13122
13125
13133
13127
13125
13125
13131
13127
13138
13140
13135
13141
13138
13134
13136
13138
13139
13145
13145
13136
13142
13136
13145
13136
13140
13140
13138
13138
13149
13140
13140
13136
13136
13147
13144
13148
13142
13138
13132
13137
13138
13136
13137
13136
13131
13132
13134
13133
13133
13126
13129
13137
13127
13123
13130
13127
13129
13131
13130
13127
13076
12662
12240
11911
11710
11615
11557
11570
11591
11651
11713
11786
11863
11945
12006
12084
12147
12213
12273
12331
12377
12426
12469
12499
12534
12583
12617
12655
12680
12701
12730
12754
12771
12798
12818
12841
12868
12884
12899
12914
12925
12936
12945
12959
12970
12979
12978
12992
12997
12997
13015
13022
13031
13038
13045
13046
13055
13064
13078
13077
13080
13072
13070
13074
13073
13078
13080
13082
13087
13091
13094
13106
13106
13109
13119
13123
13126
13123
13119
13121
13122
13124
13124
13127
13125
13126
13128
13131
13127
13122
13126
13118
13115
13125
13116
13121
13123
13129
13127
13137
13139
13142
13139
13141
13143
13141
13149
13143
13139
13131
13129
13134
13131
13125
13129
13121
13121
13119
13117
13122
13125
13134
13139
13134
13134
13140
13136
13140
13140
13131
13130
13127
13125
13138
13134
13138
13144
13143
13144
13144
13147
13134
13138
13140
13138
13142
13143
13140
13138
13131
13125
13133
13130
13131
13132
13123
13127
13131
13125
13126
13127
13130
13140
13132
13131
13125
13124
13125
13128
13130
13131
13124
13126
13136
13133
13128
13134
13133
13128
13134
13139
13139
13136
13133
13132
13129
13128
13117
13108
12986
12898
12860
12826
12818
12813
12809
12816
12833
12840
12861
12874
12904
12922
12934
12951
12959
12966
12984
12995
13001
13009
13011
13020
13035
13037
13043
13048
13045
13059
13063
13060
13062
13063
13077
13076
13083
13086
13092
13097
13103
13110
13118
13115
13115
13115
13114
13117
13122
13126
13132
13128
13134
13132
13123
13130
13129
13126
13131
13134
13128
13128
13126
13119
13128
13122
13120
13124
13119
13130
13125
13124
13127
13126
13123
13121
13121
13121
13123
13124
13132
13130
13128
13121
13120
13126
13123
13123
13120
13120
13125
13118
13117
13127
13128
13135
13132
13129
13135
13137
13133
13134
13124
13135
13137
13131
13129
13132
13128
13126
13130
13122
13123
13124
13123
13122
13118
13117
13118
13126
13124
13120
13120
13115
13126
13124
13125
13129
13127
13132
13129
13126
13121
13129
13125
13130
13129
13133
13134
13139
13140
13140
13139
13136
13142
13136
13137
13147
13140
13140
13141
13138
13142
13135
13132
13130
13130
13135
13129
13130
13124
13121
13137
13132
13137
13132
13128
13122
13126
13123
13117
13121
13126
13132
13129
13135
13128
13132
13131
13137
13131
13136
13126
13122
13132
13126
13120
13125
13129
13129
13134
13133
13137
13136
13135
13142
13147
13147
13144
13144
13141
13141
13142
13134
13129
13130
13135
13141
13140
13136
13137
13138
13136
13139
13133
13129
13127
13124
13124
13124
13127
13131
13132
13139
13146
13136
13137
13141
13137
13139
13139
13136
13132
13136
13144
13138
13129
13125
13119
13124
13119
13120
13125
13120
13120
13130
13127
13128
13125
13130
13127
13129
13134
13133
13128
13131
13132
13131
13128
13129
13130
13129
13128
13124
13129
13127
13129
13137
13141
13140
13142
13142
13139
13136
13130
13122
13127
13129
13131
13128
13132
13125
13131
13126
13130
13130
13135
13135
13138
13139
13142
13138
13132
13133
13121
13120
13121
13121
13132
13136
13142
13149
13146
13137
13150
13144
13139
13143
13144
13143
13142
13136
13131
13128
13124
13120
13128
13126
13127
13128
13131
13134
13141
13126
13129
13132
13140
13132
13137
13141
13141
13139
13146
13145
13138
13138
13137
13138
13135
13139
