13128
13123
13130
13119
13128
13130
13127
13128
13128
13128
13125
13122
13124
13122
13126
13129
13130
13122
13126
13123
13131
13124
13130
13135
13139
13140
13139
13139
13142
13144
13141
13139
13136
13136
13135
13133
13135
13132
13142
13149
13139
13129
13133
13132
13134
13142
13137
13136
13136
13136
13141
13140
13141
13135
13136
13143
13140
13137
13138
13137
13134
13134
13132
13136
13134
13132
13134
13133
13136
13135
13138
13140
13146
13146
13144
13145
13150
13156
13150
13151
13151
13142
13151
13141
13139
13146
13144
13151
13145
13137
13140
13144
13141
13141
13137
13133
13134
13138
13133
13138
13140
13142
13134
13136
13134
13131
13126
13130
13133
13133
13143
13147
13137
13139
13141
13145
13144
13137
13134
13143
13140
13135
13143
13137
13133
13132
13123
13122
13118
13130
13136
13138
13133
13135
13127
13136
13134
13140
13142
13139
13137
13137
13143
13139
13135
13136
13132
13136
13142
13135
13138
13136
13133
13148
13152
13157
13150
13143
13137
13139
13136
13129
13139
13140
13139
13145
13136
13138
13133
13134
13133
13130
13128
13125
13127
13136
13129
13133
13128
13126
13129
13128
13124
13133
13136
13139
13142
13141
13142
13147
13148
13158
13150
13141
13141
13140
13137
13142
13137
13139
13137
13136
13136
13131
13130
13136
13130
13129
13126
13122
13125
13125
13124
13123
13120
13133
13135
13138
13145
13140
13149
13139
13137
13130
13126
13129
13121
13123
13132
13134
13133
13130
13122
13119
13115
13117
13124
13125
13128
13133
13136
13135
13137
13127
13138
13147
13141
13144
13144
13150
13148
13147
13143
13138
13134
13140
13139
13128
13135
13139
13147
13149
13146
13139
13141
13142
13140
13139
13134
13129
13127
13130
13121
13135
13134
13137
13146
13147
13135
13148
13151
13144
13148
13140
13141
13133
13128
13126
13126
13128
13125
13123
13120
13119
13118
13122
13119
13123
13122
13129
13131
13134
13133
13136
13138
13137
13133
13127
13126
13135
13143
13136
13132
13134
13139
13136
13134
13133
13134
13138
13135
13129
13129
13131
13131
13136
13134
13132
13139
13132
13138
13135
13138
13139
13139
13142
13145
13142
13142
13140
13140
13137
13133
13140
13138
13143
13137
13144
13141
13133
13127
13133
13130
13132
13132
13129
13129
13131
13135
13137
13134
13124
13129
13120
13126
13132
13126
13132
13134
13135
13138
13139
13145
13141
13147
13138
13133
13133
13123
13124
13126
13119
13118
13121
13126
13121
13127
13122
13119
13122
13120
13122
13121
13125
13129
13134
13134
13137
13140
13149
13140
13138
13144
13136
13137
13139
13137
13137
13136
13140
13151
13147
13141
13139
13139
13144
13138
13141
13140
13137
13139
13136
13121
13128
13131
13137
13127
13122
13123
13131
13132
13129
13125
13126
13134
13128
13129
13128
13130
13138
13136
13136
13146
13140
13133
13138
13131
13125
13128
13133
13132
13132
13134
13137
13140
13143
13141
13142
13132
13133
13138
13132
13129
13133
13135
13135
13131
13131
13131
13131
13134
13135
13133
13135
13142
13141
13150
13142
13145
13146
13145
13142
13148
13139
13142
13139
13132
13135
13141
13133
13133
13135
13129
13132
13127
13128
13126
13125
13128
13125
13129
13116
12989
12361
11603
11102
10745
10475
10380
10338
10384
10449
10559
10674
10819
10936
11074
11189
11195
11122
11130
11149
11213
11281
11374
11464
11573
11657
11757
11835
11921
11984
12059
12116
12183
12234
12297
12343
12399
12435
12487
12522
12558
12602
12635
12657
12689
12721
12742
12766
12801
12818
12833
12843
12868
12880
12897
12914
12930
12949
12965
12976
12986
12991
12991
12994
13002
13009
13022
13029
13033
13049
13056
13067
13074
13074
13077
13074
13077
13082
13083
13089
13083
13093
13094
13095
13094
13094
13093
13098
13096
13101
13093
13095
13101
13108
13110
13116
13111
13118
13119
13120
13139
13132
13135
13134
13132
13130
13129
13123
13130
13136
13136
13131
13128
13126
13120
13123
13124
13118
13119
13119
13123
13115
13119
13115
13108
13118
13121
13121
13120
13125
13120
13125
13133
13128
13134
13132
13135
13141
13137
13135
13139
13138
13131
13136
13136
13129
13135
13131
13132
13131
13134
13130
13133
13137
13141
13134
13126
13126
13137
13130
13126
13129
13130
13135
13144
13138
13146
13137
13135
13139
13137
13145
13144
13138
13140
13139
13133
13131
13126
13129
13143
13145
13142
13142
13147
13140
13136
13128
13130
13124
13126
13126
13132
13134
13131
13134
13132
13134
13142
13135
13138
13137
13141
13142
13149
13144
13142
13140
13135
13142
13138
13139
13143
13140
13140
13138
13135
13130
13118
13119
13128
13123
13124
13131
13131
13134
13140
13140
13142
13145
13142
13143
13134
13135
13139
13136
13134
13132
13138
13137
13136
13146
13128
13128
13120
13121
13116
13123
13127
13133
13133
13137
13135
13130
13125
13121
13126
13128
13126
13123
13138
13133
13127
13129
13127
13130
13132
13128
13118
13120
13120
13123
13120
13127
13124
13125
13127
13121
13130
13126
13128
13131
13126
13123
13134
13136
13133
13132
13131
13136
13128
13131
13138
13139
13145
13144
13141
13140
13134
13124
13121
13122
13121
13131
13129
13133
13127
13128
13130
13132
13132
13127
13138
13143
13144
13143
13140
13133
13142
13138
13135
13136
13131
13129
13130
13129
13134
13126
13132
13132
13128
13133
13125
13121
13121
13118
13123
13135
13125
13124
13129
13121
13125
13122
13123
13125
13123
13123
13115
13116
13117
13119
13123
13130
13133
13130
13126
13133
13134
13137
13140
13145
13136
13140
13140
13138
13137
13130
13127
13127
13126
13128
13128
13123
13129
13130
13135
13139
13137
13132
13142
13138
13137
13145
13141
13133
13132
13135
13140
13132
13131
13122
13128
13122
13122
13115
13112
13115
13131
13118
13116
13130
13134
13138
13141
13143
13139
13137
13138
13138
13130
13137
13135
13130
13135
13138
13137
13136
13134
13132
13137
13131
13123
13129
13122
13125
13131
13136
13129
13125
13124
13124
13132
13142
13139
13138
13134
13136
13144
13135
13135
13139
13141
13143
13140
13138
13145
13143
13142
13141
13135
13140
13138
13127
13133
13135
13128
13125
13118
13113
13125
13127
13128
13133
13127
13140
13138
13138
13134
13060
12952
12890
12863
12835
12823
12823
12839
12848
12868
12873
12891
12909
12925
12936
12945
12958
12979
12982
12992
12997
12996
13005
13017
13021
13029
13036
13039
13053
13051
13056
13062
13066
13059
13066
13061
13068
13074
13078
13081
13086
13091
13092
13092
13097
13099
13104
13105
13105
13112
13100
13108
13110
13110
13122
13125
13123
13127
13125
