13133
13132
13135
13134
13125
13128
13125
13125
13134
13138
13143
13146
13144
13136
13140
13140
13138
13137
13138
13140
13138
13141
13143
13141
13140
13142
13141
13137
13136
13139
13139
13135
13128
13128
13131
13128
13134
13133
13136
13136
13131
13123
13131
13129
13131
13133
13136
13140
13149
13145
13146
13147
13155
13147
13149
13152
13154
13150
13142
13144
13142
13137
13142
13145
13143
13144
13142
13134
13141
13135
13135
13138
13134
13141
13140
13136
13137
13136
13132
13135
13138
13134
13132
13132
13134
13140
13137
13140
13137
13129
13129
13125
13126
13119
13120
13124
13124
13126
13131
13126
13135
13135
13138
13140
13139
13137
13140
13142
13139
13140
13133
13135
13126
13128
13126
13124
13122
13134
13139
13147
13141
13137
13148
13148
13146
13139
13138
13138
13134
13136
13137
13131
13128
13129
13131
13138
13132
13138
13123
13121
13127
13126
13129
13137
13136
13139
13137
13132
13133
13136
13135
13136
13138
13131
13138
13132
13134
13129
13131
13129
13138
13135
13140
13138
13134
13138
13133
13130
13131
13127
13124
13123
13119
13119
13119
13128
13125
13125
13124
13120
13134
13126
13128
13123
13124
13125
13130
13132
13137
13137
13134
13139
13134
13138
13141
13142
13145
13145
13138
13135
13136
13139
13150
13151
13150
13149
13145
13145
13144
13147
13150
13146
13140
13131
13127
13132
13133
13133
13129
13130
13133
13130
13123
13128
13131
13142
13142
13134
13147
13148
13150
13156
13145
13143
13151
13143
13147
13148
13135
13136
13129
13126
13123
13118
13108
13117
13115
13119
13128
13127
13130
13130
13122
13134
13130
13137
13139
13135
13132
13132
13134
13127
13122
13131
13127
13135
13132
13134
13131
13132
13132
13136
13127
13130
13132
13132
13137
13132
13132
13141
13137
13133
13141
13137
13136
13144
13145
13138
13138
13138
13131
13131
13127
13122
13125
13128
13128
13126
13128
13132
13134
13129
13131
13132
13131
13127
13126
13131
13129
13132
13129
13130
13115
13121
13121
13126
13134
13131
13132
13134
13132
13130
13136
13127
13125
13129
13126
13127
13128
13133
13130
13131
13134
13134
13143
13142
13141
13134
13135
13135
13136
13128
13130
13136
13135
13135
13134
13131
13135
13134
13134
13135
13133
13136
13137
13138
13141
13138
13131
13137
13140
13131
13138
13132
13129
13131
13130
13130
13125
13120
13115
13123
13124
13125
13129
13134
13133
13136
13133
13130
13134
13131
13132
13139
13137
13137
13134
13137
13150
13147
13145
13145
13131
13137
13139
13140
13138
13141
13138
13145
13135
13136
13142
13135
13134
13136
13134
13132
13128
13132
13130
13135
13132
13130
13128
13132
13124
13122
13128
13130
13133
13138
13145
13146
13145
13144
13138
13136
13140
13136
13133
13129
13122
13118
13121
13124
13120
13128
13130
13135
13130
13134
13147
13134
13136
13132
13133
13137
13138
13142
13141
13138
13136
13135
13136
13132
13119
13120
13129
13132
13139
13125
13121
13131
13142
13140
13137
13132
13128
13132
13130
13129
13128
13136
13140
13137
13136
13137
13137
13137
13138
13132
13130
13131
13133
13137
13126
13136
13131
13134
13134
13129
13122
13125
13121
13126
13126
13129
13127
13123
13130
13053
12462
12013
11754
11587
11512
11480
11508
11537
11566
11609
11670
11733
11811
11880
11939
11873
11863
11875
11906
11944
12006
12055
12112
12180
12241
12295
12348
12395
12440
12474
12519
12557
12597
12626
12652
12678
12715
12738
12776
12796
12816
12799
12717
12671
12651
12647
12649
12661
12684
12700
12718
12749
12777
12795
12821
12845
12856
12873
12885
12894
12915
12918
12933
12940
12955
12971
12968
12977
12993
13004
13019
13026
13029
13045
13051
13019
12901
12835
12805
12775
12773
12777
12786
12793
12812
12826
12843
12862
12879
12895
12896
12914
12934
12941
12954
12967
12978
12997
13001
13009
13028
13030
13038
13043
13041
13048
13051
13059
13067
13066
13066
13066
13066
13073
13076
13085
13091
13094
13097
13101
13096
13108
13105
13109
13103
13102
13100
13106
13102
13110
13110
13117
13118
13124
13126
13130
13123
13133
13123
13117
13118
13114
13113
13118
13116
13122
13126
13128
13134
13134
13131
13137
13134
13138
13140
13141
13134
13132
13135
13129
13126
13136
13138
13143
13146
13140
13142
13135
13140
13143
13133
13136
13131
13129
13126
13124
13114
13119
13115
13116
13127
13126
13126
13132
13132
13139
13146
13147
13143
13138
13139
13138
13140
13141
13135
13137
13134
13135
13142
13142
13136
13137
13130
13138
13140
13138
13146
13144
13150
13150
13145
13145
13153
13147
13145
13147
13154
13154
13146
13138
13139
13138
13138
13141
13135
13138
13139
13135
13133
13136
13140
13136
13133
13135
13135
13137
13137
13133
13142
13134
13138
13133
13126
13129
13133
13126
13132
13135
13138
13137
13136
13142
13144
13145
13145
13143
13130
13141
13139
13134
13133
13122
13124
13124
13126
13129
13133
13133
13129
13138
13134
13130
13133
13146
13146
13146
13139
13141
13146
13144
13142
13140
13132
13135
13124
13128
13121
13118
13123
13123
13118
13126
13125
13120
13126
13120
13123
13128
13119
13120
13119
13122
13129
13133
13132
13133
13128
13134
13134
13133
13130
13126
13122
13126
13127
13129
13125
13119
13132
13119
13125
13127
13124
13125
13132
13135
13130
13128
13133
13132
13120
13122
13121
13118
13125
13131
13132
13137
13130
13128
13133
13125
13123
13136
13132
13133
13131
13137
13131
13133
13130
13136
13142
13137
13137
13136
13134
13138
13147
13139
13140
13139
13137
13138
13128
13133
13123
13128
13133
13136
13130
13136
13141
13134
13142
13142
13136
13137
13135
13132
13134
13125
13122
13133
13128
13129
13131
13137
13139
13140
13145
13140
13137
13142
13140
13139
13134
13129
13139
13137
13135
13139
13142
13148
13148
13145
13135
13139
13139
13140
13145
13156
13151
13147
13142
13139
13136
13138
13132
13133
13139
13132
13127
13135
13133
13134
13132
13134
13129
13128
13129
13125
13123
13133
13126
13129
13134
13136
13138
13131
13126
13134
13132
13128
13127
13129
13130
13134
13137
13138
13128
13138
13143
13138
13147
13150
13136
13141
13132
13124
13136
13134
13134
13147
13140
13142
13144
13145
13143
13143
13137
13137
13134
13139
13139
13143
13150
13140
13150
13143
13143
13149
13144
13140
13137
13135
13139
13138
13138
13141
13135
13144
13147
13144
13141
13133
13131
13133
13129
13115
13126
13123
13118
13131
13126
13134
13132
13128
13133
13131
13127
13123
13126
13131
13133
13128
13129
13131
13142
13139
13148
13153
13151
13154
13152
13146
13149
13148
