13136
13139
13139
13137
13134
13131
13134
13134
13145
13140
13150
13142
13141
13149
13142
13153
13144
13140
13139
13139
13134
13129
13125
13130
13129
13138
13139
13138
13146
13140
13138
13138
13143
13135
13143
13146
13147
13144
13145
13146
13132
13133
13137
13141
13139
13137
13136
13130
13132
13130
13139
13140
13142
13143
13144
13145
13140
13135
13138
13139
13142
13137
13133
13131
13130
13130
13132
13132
13140
13131
13126
13136
13136
13135
13134
13129
13128
13120
13125
13129
13124
13126
13126
13124
13135
13135
13135
13136
13141
13137
13143
13144
13147
13143
13138
13140
13138
13137
13137
13140
13134
13138
13142
13143
13146
13147
13140
13137
13142
13132
13131
13133
13127
13132
13137
13135
13133
13133
13134
13123
13128
13130
13128
13128
13128
13134
13130
13134
13130
13134
13143
13136
13139
13140
13141
13139
13139
13128
13129
13127
13126
13123
13125
13134
13128
13129
13126
13129
13138
13135
13134
13136
13130
13127
13126
13121
13121
13126
13127
13126
13132
13136
13141
13147
13153
13156
13155
13153
13148
13132
13136
13132
13138
13135
13131
13131
13138
13135
13142
13132
13127
13123
13127
13136
13130
13132
13129
13131
13139
13129
13132
13130
13134
13133
13127
13130
13135
13139
13142
13138
13141
13145
13150
13145
13150
13144
13137
13140
13132
13133
13141
13139
13132
13132
13132
13136
13139
13140
13143
13141
13134
13137
13140
13140
13134
13138
13135
13135
13142
13137
13143
13142
13139
13143
13141
13138
13138
13137
13141
13144
13134
13136
13137
13136
13137
13139
13134
13143
13132
13132
13133
13133
13133
13135
13137
13135
13134
13138
13137
13137
13140
13137
13135
13140
13145
13140
13137
13132
13135
13132
13132
13136
13137
13134
13135
13133
13131
13131
13133
13132
13128
13134
13138
13138
13138
13142
13142
13148
13147
13138
13144
13138
13136
13132
13131
13131
13142
13147
13150
13149
13152
13147
13152
13149
13146
13151
13151
13147
13147
13136
13133
13134
13142
13138
13135
13130
13129
13128
13127
13129
13130
13137
13136
13138
13142
13138
13135
13139
13133
13133
13135
13134
13134
13141
13141
13145
13145
13144
13143
13139
13138
13136
13132
13133
13136
13138
13143
13139
13133
13134
13136
13137
13133
13131
13129
13123
13131
13131
13134
13132
13129
13137
13135
13132
13136
13136
13129
13129
13127
13126
13135
13135
13139
13136
13141
13140
13150
13146
13140
13143
13139
13136
13143
13139
13132
13121
13126
13122
13124
13119
13123
13127
13121
13125
13126
13134
13141
13147
13150
13152
13143
13145
13140
13134
13134
13132
13133
13134
13122
13121
13130
13128
13129
13135
13134
13133
13131
13130
13131
13128
13133
13134
13130
13137
13131
13134
13143
13151
13151
13149
13149
13155
13155
13150
13146
13144
13147
13145
13143
13149
13139
13148
13145
13139
13135
13132
13127
13135
13134
13138
13144
13142
13140
13140
13137
13144
13137
13146
13137
13132
13131
13129
13127
13129
13131
13128
13128
13131
13146
13136
13145
13147
13140
13142
13144
13138
13134
13139
13134
13140
13133
13133
13140
13137
13132
13135
13136
13138
13138
13137
13142
13140
13135
13146
13144
13147
13148
13142
13141
13141
13137
13142
13137
13133
13119
12991
12783
12597
12173
11863
11707
11618
11590
11589
11633
11679
11750
11817
11893
11963
12024
12086
12159
12213
12277
12321
12373
12428
12478
12526
12579
12610
12640
12670
12691
12712
12740
12770
12790
12813
12827
12847
12860
12877
12899
12921
12927
12934
12952
12963
12974
12994
12998
13006
13008
13024
13028
13039
13046
13055
13054
13061
13069
13070
13080
13079
13079
13086
13084
13076
13090
13092
13087
13099
13097
13104
13106
13115
13116
13110
13117
13114
13118
13116
13118
13125
13121
13125
13124
13116
13114
13119
13117
13123
13123
13126
13121
13119
13121
13124
13127
13131
13127
13122
13126
13124
13126
13140
13142
13140
13148
13147
13142
13151
13149
13150
13142
13138
13132
13131
13137
13133
13139
13144
13139
13145
13143
13116
12876
12699
12598
12539
12514
12505
12512
12520
12555
12578
12606
12637
12676
12706
12728
12750
12779
12794
12817
12836
12853
12863
12885
12898
12914
12926
12939
12952
12970
12983
12997
13007
13021
13027
13040
13047
13048
13052
13054
13055
13066
13065
13064
13079
13086
13087
13086
13092
13092
13091
13088
13099
13091
13097
13095
13096
13102
13101
13111
13118
13119
13115
13119
13118
13119
13125
13121
13124
13123
13119
13122
13129
13129
13124
13127
13132
13129
13125
13126
13125
13129
13126
13124
13125
13126
13138
13131
13140
13134
13135
13138
13140
13124
13128
13138
13134
13139
13138
13136
13147
13146
13143
13148
13138
13135
13135
13126
13122
13121
13120
13127
13136
13142
13145
13148
13154
13153
13161
13160
13156
13160
13147
13138
13150
13146
13145
13147
13143
13142
13142
13143
13140
13135
13143
13147
13146
13145
13147
13147
13145
13137
13123
13133
13131
13142
13142
13131
13129
13133
13136
13143
13140
13136
13139
13138
13146
13141
13139
13140
13142
13152
13147
13146
13143
13142
13147
13143
13136
13137
13136
13135
13132
13126
13130
13132
13127
13126
13127
13126
13136
13134
13134
13142
13138
13134
13136
13136
13139
13150
13147
13148
13145
13147
13151
13147
13145
13138
13148
13139
13131
13135
13118
13125
13126
13125
13135
13136
13134
13141
13148
13145
13144
13137
13141
13147
13140
13134
13127
13131
13134
13131
13131
13135
13129
13134
13141
13134
13138
13142
13134
13133
13132
13132
13129
13134
13134
13139
13138
13134
13142
13142
13132
13130
13132
13136
13130
13129
13132
13135
13138
13136
13138
13143
13135
13130
13133
13133
13130
13134
13133
13131
13134
13141
13137
13137
13145
13143
13143
13143
13141
13130
13133
13137
13135
13149
13152
13148
13144
13140
13135
13137
13134
13131
13135
13138
13139
13141
13142
13142
13138
13137
13135
13132
13133
13134
13137
13138
13141
13131
13138
13140
13136
13139
13135
13127
13132
13127
13131
13133
13135
13136
13137
13142
13139
13141
13145
13150
13142
13144
13134
13135
13130
13133
13131
13137
13133
13139
13134
13134
13128
13128
13135
13131
13136
13066
12961
12901
12860
12841
12838
12838
12838
12853
12859
12878
12890
12901
12918
12931
12940
12959
12966
12979
12989
12994
13006
13010
13018
13028
13032
13038
13026
13038
13044
13051
13059
13066
13073
13079
13088
13084
13096
13087
13099
13105
13107
13110
13113
13110
13118
13114
13111
13118
13109
13112
13113
13117
13120
13125
13124
13126
13124
13131
13131
13129
13137
13140
13138
13140
13143
13149
13145
