13132
13134
13136
13135
13130
13128
13126
13130
13141
13135
13137
13132
13136
13131
13129
13132
13128
13129
13134
13130
13127
13133
13126
13127
13129
13122
13130
13129
13137
13136
13147
13143
13143
13146
13142
13135
13135
13128
13128
13130
13130
13121
13126
13123
13119
13126
13126
13124
13121
13125
13130
13132
13133
13132
13144
13139
13140
13132
13129
13125
13129
13135
13129
13130
13131
13137
13133
13122
13123
13118
13127
13131
13128
13127
13139
13135
13140
13137
13131
13134
13132
13125
13127
13124
13125
13137
13134
13137
13131
13132
13124
13128
13130
13137
13132
13144
13137
13135
13141
13134
13133
13134
13130
13133
13130
13131
13131
13134
13138
13136
13130
13136
13133
13132
13134
13135
13142
13137
13136
13133
13132
13137
13137
13139
13137
13133
13139
13136
13134
13136
13135
13132
13137
13137
13136
13138
13128
13124
13132
13134
13125
13131
13123
13136
13138
13137
13134
13125
13125
13123
13126
13128
13115
13121
13119
13115
13122
13120
13118
13126
13128
13123
13119
13118
13119
13125
13127
13130
13123
13134
13135
13127
13127
13128
13127
13134
13123
13121
13129
13129
13124
13131
13127
13126
13129
13125
13131
13130
13134
13137
13137
13144
13148
13144
13134
13132
13132
13121
13117
13119
13118
13120
13117
13120
13127
13129
13136
13134
13126
13133
13131
13120
13127
13130
13127
13132
13121
13121
13131
13131
13133
13146
13139
13134
13139
13140
13145
13144
13136
13138
13139
13138
13145
13139
13143
13138
13139
13135
13133
13139
13140
13133
13139
13138
13136
13139
13139
13138
13132
13137
13137
13132
13130
13132
13131
13139
13131
13128
13139
13132
13133
13138
13136
13133
13128
13126
13129
13138
13140
13137
13135
13134
13133
13131
13126
13125
13135
13129
13131
13127
13129
13119
13121
13124
13126
13134
13135
13134
13131
13133
13139
13132
13133
13131
13130
13138
13133
13130
13127
13123
13119
13120
13119
13114
13120
13127
13134
13138
13142
13139
13149
13155
13150
13140
13135
13138
13137
13138
13134
13129
13136
13135
13133
13135
13143
13142
13142
13140
13136
13147
13147
13150
13146
13143
13142
13143
13136
13135
13135
13130
13126
13127
13129
13133
13134
13138
13134
13137
13130
13134
13137
13138
13138
13146
13147
13141
13150
13145
13143
13147
13144
13140
13142
13138
13139
13144
13145
13148
13139
13146
13144
13140
13142
13138
13144
13142
13137
13132
13136
13131
13135
13140
13138
13138
13144
13138
13139
13133
13134
13137
13145
13139
13139
13131
13139
13137
13150
13146
13141
13147
13151
13143
13136
13132
13128
13134
13133
13135
13135
13137
13144
13142
13142
13146
13144
13152
13142
13135
13140
13136
13135
13135
13130
13135
13142
13138
13142
13138
13143
13139
13142
13141
13144
13138
13141
13135
13142
13126
13123
13126
13129
13137
13130
13129
13136
13129
13131
13135
13126
13132
13126
13125
13130
13126
13125
13131
13132
13134
13136
13128
13129
13135
13131
13128
13124
13129
13127
13122
13127
13127
13125
13132
13129
13123
13122
13119
13128
13129
13128
13136
13133
13135
13131
13137
13131
13137
13141
13143
13139
13138
13135
13138
13142
13140
13144
13152
13151
13147
13155
13148
13142
13138
13136
13136
13134
12827
12306
11824
11365
10968
10753
10646
10637
10646
10700
10763
10862
10950
11071
11182
11299
11403
11507
11592
11700
11778
11863
11940
12021
12088
12166
12231
12302
12352
12402
12450
12503
12537
12583
12613
12646
12674
12701
12726
12752
12774
12795
12816
12840
12850
12869
12884
12898
12906
12925
12939
12964
12969
12978
12995
13006
13012
13016
13026
13034
13034
13043
13046
13036
13046
13054
13054
13060
13072
13071
13082
13079
13076
13092
13094
13093
13100
13100
13102
13102
13102
13097
13104
13110
13113
13119
13123
13118
13123
13111
13112
13116
13106
13102
13106
13109
13113
13108
13112
13110
13118
13120
13120
13121
13116
13125
13133
13134
13132
13122
13130
13129
13129
13132
13119
13118
13127
13125
13123
13123
13123
13121
13126
13135
13041
12942
12882
12849
12836
12834
12833
12847
12844
12869
12882
12895
12905
12915
12927
12936
12946
12961
12965
12967
12979
12991
12996
13007
13017
13023
13041
13046
13044
13055
13052
13061
13072
13075
13070
13080
13087
13095
13103
13100
13099
13099
13099
13103
13101
13102
13103
13117
13113
13116
13128
13123
13112
13112
13116
13120
13121
13126
13131
13126
13129
13129
13120
13128
13127
13132
13137
13138
13130
13131
13130
13132
13139
13136
13141
13148
13151
13146
13148
13155
13145
13145
13138
13134
13127
13127
13125
13136
13133
13123
13123
13118
13125
13124
13116
13121
13128
13131
13135
13129
13132
13128
13126
13130
13135
13134
13143
13134
13133
13133
13132
13141
13143
13133
13134
13139
13135
13126
13123
13125
13115
13114
13114
13119
13123
13123
13125
13133
13131
13134
13140
13136
13136
13129
13125
13123
13131
13125
13130
13121
13129
13127
13127
13128
13124
13119
13122
13126
13121
13133
13123
13118
13124
13121
13133
13127
13132
13135
13134
13129
13132
13133
13140
13141
13138
13137
13140
13147
13141
13144
13146
13145
13147
13140
13137
13138
13144
13136
13139
13133
13134
13123
13121
13126
13126
13124
13129
13121
13112
13122
13115
13116
13122
13013
12917
12851
12818
12802
12794
12776
12759
12758
12765
12774
12785
12794
12814
12838
12852
12871
12890
12904
12922
12935
12950
12954
12971
12975
12985
12988
12996
13006
13004
13016
13024
13031
13045
13042
13051
13069
13076
13069
13079
13078
13083
13083
13081
13086
13091
13092
13099
13103
13112
13107
13116
13109
13115
13121
13121
13119
13125
13116
13121
13123
13127
13131
13128
13124
13122
13118
13119
13126
13130
13128
13125
13133
13134
13122
13122
13134
13123
13122
13130
13128
13131
13131
13138
13136
13137
13131
13131
13128
13132
13132
13135
13135
13137
13144
13142
13142
13144
13138
13136
13130
13132
13126
13136
13139
13141
13134
13135
13138
13136
13136
13141
13137
13141
13141
13132
13134
13126
13123
13133
13134
13131
13134
13133
13138
13138
13131
13130
13130
13135
13129
13132
13134
13137
13138
13135
13134
13144
13150
13152
13151
13149
13150
13145
13149
13156
13147
13144
13145
13141
13143
13134
13133
13139
13129
13133
13138
13131
13125
13125
13119
13129
13130
13130
13138
13138
13148
13147
13143
13150
13146
13142
13135
13135
13139
13134
13140
13140
13138
13134
13133
13133
13131
13133
13135
13140
13134
13137
13140
13138
13148
13145
13135
13143
13139
13140
13140
13134
13136
13140
13132
13139
13125
13133
13139
13143
13138
13142
