13140
13140
13133
13135
13135
13135
13132
13137
13137
13141
13139
13145
13141
13147
13145
13143
13140
13147
13142
13132
13135
13132
13131
13143
13138
13135
13138
13129
13129
13135
13132
13133
13136
13132
13142
13135
13141
13139
13141
13140
13138
13146
13138
13138
13142
13133
13128
13134
13130
13135
13134
13139
13127
13130
13134
13135
13120
13129
13126
13125
13125
13126
13125
13129
13128
13130
13142
13133
13129
13133
13119
13123
13122
13121
13134
13135
13135
13135
13141
13139
13142
13145
13144
13141
13142
13136
13131
13124
13123
13127
13127
13127
13126
13129
13131
13136
13129
13141
13141
13150
13150
13149
13146
13146
13142
13138
13143
13137
13133
13132
13126
13136
13139
13142
13132
13129
13127
13130
13131
13135
13133
13135
13134
13132
13144
13138
13131
13132
13134
13135
13131
13127
13132
13126
13126
13130
13125
13128
13130
13129
13128
13131
13124
13130
13124
13123
13123
13117
13112
13127
13128
13136
13132
13136
13138
13138
13139
13128
13121
13125
13127
13133
13134
13131
13133
13137
13133
13139
13143
13147
13145
13148
13142
13150
13139
13150
13136
13138
13137
13137
13133
13139
13141
13144
13147
13143
13148
13137
13131
13136
13132
13136
13138
13134
13131
13126
13125
13122
13131
13139
13134
13136
13131
13136
13138
13138
13134
13133
13126
13123
13127
13131
13132
13132
13131
13135
13129
13132
13136
13138
13139
13133
13140
13143
13132
13138
13136
13136
13136
13140
13132
13140
13141
13139
13133
13133
13139
13137
13136
13136
13131
13137
13137
13137
13136
13138
13133
13136
13135
13138
13136
13140
13136
13140
13140
13136
13132
13134
13133
13131
13130
13128
13130
13134
13131
13135
13142
13138
13138
13141
13141
13139
13138
13138
13135
13135
13127
13133
13130
13139
13143
13147
13138
13137
13143
13140
13139
13145
13149
13151
13149
13139
13135
13130
13134
13140
13134
13140
13139
13133
13130
13131
13131
13135
13127
13127
13141
13133
13133
13140
13137
13141
13135
13140
13136
13137
13134
13124
13126
13122
13125
13123
13122
13124
13128
13121
13131
13133
13134
13133
13134
13134
13140
13138
13144
13148
13145
13144
13144
13132
13135
13136
13134
13142
13137
13138
13145
13135
13136
13141
13132
13131
13128
13122
13121
13131
13131
13120
13125
13118
13120
13126
13130
13132
13143
13136
13139
13147
13139
13138
13122
13126
13125
13122
13122
13121
13115
13124
13123
13122
13128
13129
13130
13139
13136
13138
13148
13139
13139
13137
13130
13134
13132
13132
13133
13137
13133
13129
13129
13133
13133
13135
13130
13133
13140
13135
13131
13140
13126
13133
13140
13142
13141
13136
13137
13139
13137
13130
13132
13131
13128
13136
13136
13138
13130
13124
13136
13131
13126
13128
13122
13122
13126
13128
13124
13122
13133
13134
13135
13142
13140
13144
13148
13145
13150
13145
13143
13147
13145
13142
13141
13138
13139
13134
13130
13132
13124
13132
13125
13118
13121
13130
13134
13141
13137
13127
13130
13132
13126
13138
13139
13138
13137
13134
13134
13129
13133
13133
13126
13133
13131
13135
13132
13131
13136
13135
13126
13133
13133
13134
13126
13119
13119
13126
13125
13130
13119
13121
13120
13124
13125
13129
13130
13129
13133
13138
13148
13142
13032
12945
12790
12649
12579
12530
12506
12483
12487
12494
12522
12546
12577
12599
12627
12647
12686
12711
12736
12760
12788
12811
12831
12843
12857
12881
12893
12907
12920
12851
12777
12738
12725
12718
12713
12729
12746
12767
12792
12806
12820
12843
12854
12869
12889
12899
12920
12925
12943
12951
12969
12979
12995
13000
13016
13022
13037
13030
13035
13037
13047
13058
13059
13065
13065
13077
13087
13090
13087
13095
13096
13099
13104
13101
13104
13110
13110
13111
13111
13110
13103
13115
13119
13128
13128
13126
13120
13123
13122
13126
13125
13133
13131
13134
13128
13126
13130
13123
13120
13129
13119
13125
13120
13114
13115
13126
13122
13127
13116
13126
13129
13131
13129
13133
13131
13139
13138
13133
13134
13133
13126
13134
13126
13130
13135
13134
13129
13134
13132
13133
13133
13132
13130
13137
13129
13127
13135
13136
13132
13134
13125
13132
13133
13138
13140
13138
13133
13136
13133
13137
13130
13121
13120
13121
13116
13119
13120
13124
13131
13129
13125
13129
13123
13127
13126
13120
13124
13130
13135
13136
13140
13135
13129
13126
13130
13131
13127
13135
13144
13138
13145
13145
13129
13133
13135
13137
13134
13140
13126
13131
13131
13135
13144
13146
13145
13143
13142
13141
13142
13135
13124
13134
13131
13133
13132
13127
13123
13120
13121
13129
13129
13134
13128
13137
13136
13138
13145
13141
13147
13150
13149
13153
13143
13138
13138
13140
13141
13144
13140
13140
13143
13137
13130
13128
13122
13127
13133
13132
13140
13134
13131
13140
13139
13145
13139
13139
13137
13139
13139
13135
13132
13130
13130
13131
13131
13133
13142
13138
13137
13135
13132
13132
13125
13129
13133
13128
13126
13129
13121
13130
13128
13132
13142
13134
13139
13146
13139
13137
13147
13138
13136
13143
13136
13136
13130
13124
13126
13127
13137
13136
13131
13133
13140
13142
13142
13134
13141
13137
13133
13139
13134
13132
13134
13126
13125
13125
13123
13122
13120
13125
13133
13125
13122
13122
13118
13126
13115
13120
13125
13117
13121
13134
13132
13131
13133
13137
13135
13133
13141
13141
13136
13141
13143
13146
13146
13143
13151
13144
13142
13143
13139
13134
13131
13134
13130
13130
13126
13126
13120
13125
13127
13126
13120
13122
13125
13131
13127
13119
13120
13121
13123
13120
13122
13124
13128
13136
13137
13140
13136
13134
13132
13134
13140
13146
13136
13134
13134
13134
13134
13130
13134
13133
13127
13130
13131
13127
13121
13132
13130
13139
13134
13133
13129
13133
13130
13134
13128
13127
13133
13125
13126
13130
13128
13129
13134
13129
13128
13126
13129
13128
13124
13130
13124
13121
13121
13130
13134
13133
13130
13136
13141
13147
13151
13150
13156
13152
13146
13143
13129
13133
13130
13124
13117
13120
13126
13138
13130
13133
13141
13136
13119
13118
13125
13127
13133
13134
13126
13131
13130
13129
13138
13141
13143
13139
13145
13132
13136
13135
13129
13139
13139
13137
13137
13131
13128
13128
13123
13118
13115
13115
13116
13111
13113
13121
13129
13136
13142
13126
13137
13133
13136
13134
13136
13137
13141
13141
13143
13133
13126
13117
13122
13123
13129
13138
13139
13134
13144
13135
13128
13132
13134
13132
13133
13136
13136
13127
13120
13122
13117
13124
13128
13132
13130
13136
13138
13136
13135
13126
13125
13118
13116
13121
