13147
13144
13141
13133
13133
13126
13130
13127
13119
13117
13118
13119
13124
13115
13114
13116
13117
13122
13126
13124
13129
13132
13135
13144
13140
13139
13137
13138
13143
13137
13136
13141
13145
13136
13145
13139
13143
13149
13149
13139
13138
13134
13134
13133
13126
13124
13134
13130
13134
13138
13130
13132
13134
13128
13116
13128
13125
13136
13129
13131
13127
13136
13142
13148
13141
13143
13140
13145
13142
13140
13141
13140
13136
13135
13146
13138
13137
13141
13133
13131
13139
13132
13129
13128
13128
13132
13134
13138
13129
13136
13134
13132
13144
13137
13131
13133
13133
13137
13132
13142
13146
13147
13146
13144
13137
13145
13145
13141
13148
13138
13135
13141
13145
13136
13139
13136
13134
13137
13124
13123
13123
13129
13136
13130
13139
13137
13142
13143
13138
13140
13142
13139
13143
13140
13134
13138
13139
13146
13138
13139
13136
13132
13131
13128
13125
13126
13126
13123
13127
13129
13132
13147
13143
13139
13147
13140
13142
13141
13136
13133
13131
13139
13137
13141
13141
13139
13144
13143
13137
13145
13134
13136
13144
13133
13128
13131
13131
13129
13131
13135
13129
13132
13133
13138
13133
13135
13130
13131
13137
13139
13138
13138
13131
13133
13133
13136
13134
13140
13137
13145
13142
13141
13138
13134
13134
13136
13133
13138
13135
13138
13141
13138
13143
13134
13133
13130
13133
13128
13125
13128
13133
13134
13135
13138
13136
13143
13142
13145
13142
13144
13147
13142
13142
13137
13144
13136
13134
13137
13123
13125
13128
13124
13118
13119
13130
13124
13114
13116
13122
13116
13121
13120
13131
13123
13126
13141
13140
13139
13143
13135
13135
13134
13129
13135
13131
13137
13135
13135
13133
13130
13130
13138
13131
13131
13142
13142
13139
13143
13136
13139
13147
13150
13150
13148
13148
13142
13142
13145
13142
13131
13126
13131
13135
13131
13130
13136
13131
13136
13145
13141
13147
13153
13149
13154
13146
13142
13138
13139
13144
13141
13135
13135
13127
13125
13128
13121
13119
13130
13130
13130
13129
13131
13126
13127
13127
13132
13134
13130
13128
13130
13125
13122
13135
13127
13131
13138
13131
13132
13132
13127
13126
13137
13137
13138
13131
13131
13135
13136
13134
13132
13130
13141
13130
13135
13139
13142
13138
13139
13136
13130
13138
13141
13141
13139
13144
13139
13144
13146
13143
13140
13144
13144
13153
13144
13145
13143
13137
13137
13130
13133
13133
13125
13115
13123
13117
13129
13123
13126
13123
13127
13125
13133
13134
13131
13134
13130
13132
13137
13129
13130
13134
13142
13147
13143
13142
13136
13135
13140
13136
13131
13122
13124
13129
13127
13119
13120
13122
13124
13122
13126
13129
13132
13128
13138
13132
13136
13140
13139
13140
13140
13147
13149
13153
13146
13150
13145
13141
13141
13134
13138
13137
13138
13134
13134
13134
13138
13141
13139
13138
13136
13129
13129
13138
13136
13141
13142
13137
13132
13135
13134
13134
13133
13131
13130
13133
13137
13132
13127
13139
13146
13147
13148
13141
13138
13150
13136
13137
13135
13133
13130
13136
13134
13138
13135
13143
13144
13151
13145
13143
13148
13145
13136
13139
13129
13126
13128
13141
13141
13141
13135
13137
13137
13138
13022
12555
11849
11388
11116
10975
10663
10360
10214
10187
10216
10298
10392
10523
10638
10787
10911
11046
11162
11293
11403
11516
11611
11723
11813
11901
11972
12050
12117
12191
12242
12299
12352
12398
12439
12489
12525
12562
12601
12635
12666
12691
12716
12744
12766
12796
12813
12830
12850
12865
12880
12903
12918
12931
12947
12958
12962
12977
12981
12993
12990
13001
13002
13012
13019
13029
13038
13044
13050
13055
13068
13069
13066
13072
13071
13072
13081
13081
13091
13090
13094
13092
13092
13095
13101
13106
13107
13109
13112
13105
13107
13120
13109
13102
13116
13121
13131
13124
13129
13129
13132
13124
13121
13121
13126
13131
13131
13133
13129
13138
13136
13137
13138
13132
13129
13125
13134
13135
13139
13136
13134
13134
13137
13140
13138
13139
13138
13141
13137
13134
13133
13139
13131
13127
13131
13126
13126
13133
13125
13129
13132
13130
13124
13124
13128
13123
13115
13123
13127
13133
13128
13126
13131
13138
13135
13136
13136
13139
13137
13134
13137
13129
13127
13129
13122
13118
13122
13119
13126
13122
13129
13133
13127
13124
13133
13134
13137
13139
13135
13139
13138
13138
13128
13126
13129
13130
13134
13124
13128
13133
13131
13138
13140
13138
13140
13133
13135
13133
13138
13142
13142
13130
13136
13136
13142
13141
13133
13141
13142
13140
13135
13144
13134
13143
13142
13133
13132
13134
13133
13131
13138
13137
13136
13138
13143
13145
13146
13136
13140
13148
13135
13136
13141
13150
13148
13148
13146
13139
13140
13144
13143
13139
13142
13143
13132
13136
13142
13132
13144
13138
13134
13136
13135
13131
13138
13133
13131
13131
13137
13141
13139
13139
13138
13134
13132
13130
13125
13130
13129
13132
13121
13120
13129
13134
13137
13139
13138
13145
13142
13146
13153
13144
13144
13141
13134
13139
13144
13142
13141
13133
13125
13131
13128
13134
13134
13130
13126
13134
13131
13124
13124
13131
13128
13133
13137
13138
13138
13143
13135
13139
13134
13133
13143
13140
13139
13140
13138
13142
13144
13145
13142
13142
13132
13130
13123
13128
13129
13129
13132
13130
13120
13132
13132
13133
13142
13139
13143
13157
13147
13143
13147
13150
13149
13142
13149
13145
13149
13143
13143
13152
13144
13140
13140
13137
13141
13137
13138
13136
13140
13141
13139
13128
13139
13138
13133
13136
13145
13140
13143
13142
13142
13142
13138
13135
13136
13130
13134
13135
13122
13126
13120
13133
13134
13136
13139
13144
13144
13139
13146
13153
13138
13134
13134
13134
13134
13139
13142
13145
13147
13134
13139
13135
13138
13138
13131
13132
13130
13130
13131
13129
13117
13121
13118
13122
13123
13126
13124
13130
13128
13127
13128
13139
13136
13140
13139
13140
13146
13147
13143
13147
13140
13133
13135
13128
13129
13119
13119
13122
13122
13126
13134
13129
13131
13128
13117
13118
13119
13123
13126
13118
13120
13124
13125
13129
13133
13133
13135
13145
13140
13139
13134
13137
13135
13131
13132
13132
13125
13126
13126
13131
13129
13126
13134
13137
13138
13132
13141
13140
13138
13141
13138
13135
13147
13149
13136
13133
13136
13138
13149
13141
13137
13137
13131
13132
13143
13138
13140
13139
13144
13153
13154
13155
13145
13141
13132
13125
13122
13119
13117
13120
13117
13126
13129
13134
13136
13140
13143
13147
13138
13140
13138
13135
13138
13145
13144
13144
13142
