13140
13139
13141
13138
13139
13139
13144
13145
13140
13140
13148
13138
13130
13136
13129
13125
13126
13131
13130
13133
13138
13130
13129
13132
13132
13129
13126
13122
13132
13124
13130
13137
13134
13141
13143
13139
13141
13138
13133
13135
13129
13134
13135
13142
13144
13139
13137
13144
13135
13130
13129
13125
13121
13119
13113
13114
13117
13121
13121
13122
13124
13121
13118
13127
13129
13131
13126
13127
13133
13134
13129
13135
13137
13135
13129
13118
13125
13129
13128
13130
13128
13137
13140
13145
13141
13140
13138
13144
13146
13141
13147
13145
13146
13152
13142
13144
13144
13141
13148
13148
13141
13146
13145
13151
13144
13146
13143
13137
13148
13134
13132
13131
13132
13131
13129
13132
13129
13131
13125
13131
13125
13131
13140
13139
13143
13138
13137
13137
13132
13132
13138
13126
13131
13129
13129
13132
13135
13138
13148
13154
13150
13141
13148
13151
13139
13139
13132
13129
13128
13132
13129
13138
13144
13139
13137
13133
13138
13135
13135
13138
13133
13139
13136
13135
13137
13135
13133
13139
13135
13127
13126
13120
13119
13124
13115
13115
13120
13123
13123
13122
13123
13125
13130
13132
13128
13129
13129
13124
13126
13122
13121
13121
13124
13131
13126
13126
13130
13132
13125
13127
13122
13125
13125
13124
13127
13122
13119
13125
13120
13118
13133
13134
13129
13137
13132
13127
13131
13130
13125
13127
13129
13130
13129
13133
13128
13127
13126
13126
13129
13124
13124
13124
13119
13131
13126
13127
13128
13134
13132
13137
13134
13132
13136
13132
13128
13122
13124
13126
13129
13127
13132
13133
13136
13144
13143
13138
13145
13147
13143
13140
13140
13138
13131
13138
13137
13135
13134
13135
13138
13135
13128
13127
13127
13136
13137
13136
13139
13132
13134
13136
13132
13134
13131
13128
13133
13138
13134
13140
13140
13133
13136
13130
13130
13134
13132
13132
13136
13134
13132
13128
13125
13126
13117
13131
13128
13131
13126
13131
13137
13131
13132
13130
13129
13138
13135
13133
13135
13137
13131
13126
13129
13129
13134
13131
13132
13133
13128
13132
13130
13120
13135
13128
13126
13135
13139
13140
13142
13134
13141
13138
13140
13137
13126
13127
13120
13118
13120
13119
13126
13121
13124
13133
13128
13136
13140
13135
13137
13130
13126
13132
13127
13130
13130
13125
13118
13120
13126
13133
13126
13132
13140
13132
13135
13137
13136
13137
13144
13137
13140
13133
13134
13130
13138
13137
13137
13134
13129
13125
13130
13129
13124
13136
13136
13137
13138
13139
13139
13142
13148
13151
13142
13141
13139
13136
13146
13144
13142
13139
13133
13130
13138
13132
13134
13138
13143
13140
13142
13144
13141
13131
13137
13133
13130
13125
13128
13122
13131
13125
13136
13137
13132
13128
13127
13131
13135
13137
13135
13131
13133
13135
13127
13138
13143
13137
13145
13142
13143
13150
13148
13143
13143
13134
13131
13134
13135
13133
13129
13126
13130
13137
13143
13137
13140
13138
13135
13139
13136
13137
13145
13144
13145
13140
13139
13138
13130
13131
13135
13133
13136
13137
13126
13130
13131
13129
13130
13126
13121
13125
13126
13127
13130
13125
13131
13136
13127
13130
13131
13136
13134
13129
13135
13132
13133
13068
12686
12292
11855
11522
11363
11261
11252
11266
11327
11390
11471
11543
11637
11726
11813
11891
11974
12039
12107
12164
12226
12283
12342
12396
12446
12485
12527
12555
12597
12628
12656
12683
12716
12739
12771
12797
12825
12841
12862
12880
12883
12903
12917
12930
12947
12945
12966
12986
13000
13007
13010
13019
13024
13033
13048
13049
13059
13059
13057
13052
13061
13062
13064
13076
13074
13073
13085
13087
13091
13095
13102
13110
13103
13107
13105
13111
13116
13118
13116
13117
13126
13121
13122
13120
13135
13125
13120
13120
13113
13113
13113
13118
13118
13127
13125
13125
13128
13130
13130
13137
13133
13127
13129
13129
13123
13121
13125
13120
13118
13122
13117
13122
13124
13126
13126
13127
13133
13124
13130
13131
13122
13121
13121
13120
13128
13128
13135
13132
13134
13138
13136
13138
13132
13126
13122
13127
13117
13124
13121
13123
13130
13134
13137
13142
13140
13141
13146
13146
13149
13151
13149
13145
13134
13133
13129
13126
13129
13122
13125
13132
13139
13130
13122
13122
13123
13120
13124
13129
13131
13133
13137
13139
13140
13134
13136
13139
13132
13138
13135
13137
13140
13142
13138
13141
13134
13129
13133
13126
13129
13132
13126
13133
13128
13134
13133
13132
13132
13133
13132
13137
13138
13143
13141
13135
13134
13131
13129
13129
13137
13135
13139
13139
13136
13131
13136
13124
13125
13122
13133
13131
13133
13138
13139
13146
13137
13137
13144
13134
13125
13132
13127
13121
13126
13118
13123
13115
13120
13123
13126
13131
13132
13132
13131
13133
13136
13136
13134
13139
13139
13141
13141
13133
13133
13133
13137
13136
13132
13132
13136
13134
13133
13139
13140
13142
13132
13131
13142
13135
13137
13138
13132
13128
13129
13132
13136
13138
13132
13132
13136
13139
13136
13134
13127
13128
13127
13118
13114
13114
13120
13131
13131
13134
13138
13132
13133
13134
13125
13134
13129
13131
13127
13128
13126
13129
13126
13125
13130
13131
13127
13132
13124
13134
13142
13145
13133
13138
13142
13144
13140
13136
13130
13132
13132
13118
13124
13118
13125
13137
13141
13143
13138
13138
13135
13127
13126
13132
13126
13126
13131
13133
13136
13144
13141
13141
13136
13135
13141
13069
12943
12885
12844
12828
12822
12817
12824
12832
12846
12858
12877
12894
12908
12924
12938
12948
12966
12966
12968
12975
12990
12998
13002
13020
13031
13043
13046
13057
13052
13060
13068
13063
13071
13074
13077
13085
13080
13080
13090
13088
13089
13095
13097
13103
13110
13111
13115
13111
13107
13108
13104
13111
13112
13115
13114
13117
13131
13130
13131
13136
13133
13135
13132
13127
13128
13123
13131
13127
13124
13130
13124
13124
13126
13135
13132
13134
13125
13123
13125
13124
13115
13122
13119
13127
13128
13129
13128
13137
13136
13134
13137
13136
13134
13129
13127
13126
13128
13122
13123
13129
13123
13127
13124
13132
13129
13133
13132
13146
13142
13145
13139
13131
13132
13137
13136
13143
13141
13130
13132
13123
13120
13123
13116
13120
13126
13132
13135
13135
13140
13137
13134
13137
13133
13142
13134
13140
13143
13139
13140
13142
13136
13136
13129
13133
13138
13136
13137
13141
13135
13135
13135
13136
13135
13135
13134
13133
13127
13118
13115
13110
13102
13111
13108
13118
13122
13128
13125
13123
13122
13125
13134
13138
13133
13128
13132
13132
13143
13143
