13133
13137
13137
13138
13132
13126
13122
13124
13121
13124
13130
13130
13135
13134
13131
13125
13127
13138
13140
13138
13141
13140
13144
13144
13145
13139
13137
13131
13130
13138
13135
13138
13135
13140
13142
13138
13133
13126
13133
13137
13133
13140
13136
13131
13137
13130
13128
13132
13144
13136
13134
13137
13131
13127
13126
13134
13122
13120
13119
13116
13112
13122
13129
13131
13126
13128
13134
13128
13132
13131
13133
13133
13135
13132
13132
13137
13134
13127
13128
13136
13130
13131
13125
13128
13132
13132
13129
13125
13127
13135
13131
13131
13127
13135
13139
13138
13132
13138
13127
13127
13132
13123
13116
13124
13113
13123
13128
13127
13129
13140
13138
13142
13139
13143
13142
13139
13138
13138
13132
13131
13134
13132
13130
13130
13134
13128
13123
13123
13127
13132
13130
13129
13130
13132
13132
13136
13133
13136
13141
13143
13148
13152
13149
13148
13145
13137
13142
13135
13132
13137
13121
13121
13128
13136
13134
13138
13142
13137
13144
13143
13137
13138
13134
13134
13141
13134
13131
13142
13145
13147
13135
13135
13133
13140
13139
13143
13141
13141
13138
13141
13135
13139
13133
13141
13139
13135
13145
13138
13137
13145
13143
13146
13152
13144
13144
13140
13132
13139
13137
13137
13131
13129
13123
13119
13132
13126
13127
13131
13133
13135
13134
13133
13133
13136
13128
13134
13126
13130
13142
13135
13142
13141
13140
13147
13142
13137
13138
13134
13136
13140
13131
13130
13127
13135
13138
13141
13142
13142
13142
13143
13142
13140
13146
13139
13148
13147
13146
13154
13154
13148
13146
13146
13148
13144
13141
13138
13134
13136
13145
13139
13144
13140
13142
13153
13149
13141
13154
13145
13143
13147
13136
13128
13133
13134
13144
13136
13141
13133
13132
13128
13125
13121
13126
13129
13137
13129
13119
13132
13137
13141
13137
13141
13139
13140
13139
13142
13136
13136
13139
13145
13138
13134
13133
13142
13131
13138
13149
13136
13134
13132
13128
13135
13139
13134
13131
13133
13138
13136
13137
13139
13141
13138
13136
13132
13138
13136
13132
13138
13139
13138
13133
13135
13132
13137
13135
13133
13123
13133
13133
13127
13138
13135
13132
13137
13131
13127
13134
13130
13132
13138
13134
13133
13134
13127
13129
13134
13130
13133
13132
13133
13132
13135
13133
13129
13138
13131
13119
13120
13123
13118
13115
13116
13119
13130
13130
13136
13123
13133
13132
13130
13131
13131
13137
13139
13128
13123
13134
13132
13136
13144
13148
13144
13142
13135
13131
13130
13129
13136
13138
13139
13138
13138
13143
13140
13151
13146
13143
13146
13147
13147
13138
13133
13135
13138
13143
13146
13143
13149
13144
13143
13140
13139
13137
13139
13138
13134
13144
13133
13131
13138
13141
13137
13145
13146
13144
13143
13143
13139
13139
13140
13145
13141
13142
13143
13136
13125
13124
13132
13134
13134
13128
13132
13140
13137
13141
13137
13124
13129
13128
13128
13127
13128
13127
13132
13138
13137
13138
13137
13136
13145
13144
13146
13150
13146
13149
13149
13145
13142
13137
13136
13133
13123
13119
13118
13128
13122
13113
13126
13127
13130
13128
13123
13126
13122
13119
13120
13120
13119
13124
13119
13117
13116
13116
13125
13119
13119
13128
13028
12866
12584
12251
12030
11794
11661
11610
11588
11615
11655
11730
11795
11864
11925
12001
12061
12130
12186
12252
12312
12368
12422
12470
12507
12540
12575
12609
12641
12675
12696
12734
12751
12777
12800
12829
12858
12872
12891
12907
12916
12934
12950
12952
12967
12979
12988
13007
13009
13015
13022
13029
13042
13047
13065
13065
13066
13075
13079
13072
13076
13073
13074
13078
13080
13081
13087
13094
13095
13094
13110
13114
13112
13122
13117
13111
13112
13115
13119
13121
13124
13121
13128
13126
13126
13130
13127
13133
13128
13129
13123
13120
13122
13116
13121
13125
13126
13130
13133
13129
13133
13129
13130
13129
13132
13133
13128
13127
13124
13128
13135
13135
13135
13136
13134
13130
13133
13129
13133
13141
13136
13139
13143
13139
13144
13142
13136
13136
13136
13135
13136
13134
13136
13132
13132
13125
13115
13127
13125
13127
13132
13135
13141
13135
13133
13133
13132
13134
13131
13129
13132
13126
13126
13128
13129
13129
13139
13134
13136
13145
13138
13138
13139
13133
13135
13141
13139
13142
13144
13142
13141
13143
13149
13149
13146
13140
13136
13141
13137
13133
13137
13132
13133
13135
13137
13143
13140
13140
13140
13137
13137
13142
13139
13134
13139
13138
13144
13142
13143
13149
13140
13138
13145
13138
13131
13137
13131
13138
13138
13136
13129
13131
13137
13136
13130
13131
13126
13136
13140
13144
13147
13146
13147
13149
13143
13137
13138
13134
13139
13137
13137
13137
13132
13134
13132
13139
13145
13137
13137
13140
13139
13142
13141
13140
13143
13139
13139
13139
13138
13134
13138
13140
13146
13142
13138
13137
13135
13141
13132
13130
13136
13132
13136
13132
13128
13121
13121
13125
13133
13128
13131
13137
13132
13136
13135
13132
13138
13131
13130
13141
13132
13135
13137
13135
13140
13138
13137
13142
13139
13146
13143
13141
13142
13145
13144
13144
13146
13149
13142
13135
13140
13136
13133
13134
13139
13136
13140
13134
13140
13137
13137
13135
13130
13129
13131
13131
13138
13132
13128
13131
13135
13145
13146
13138
13142
13147
13148
13151
13148
13139
13125
13129
13129
13131
13129
13129
13124
13137
13135
13124
13129
13126
13119
13127
13129
13129
13132
13137
13142
13148
13153
13154
13142
13142
13150
13138
13141
13140
13140
13146
13143
13137
13133
13134
13136
13135
13133
13136
13133
13142
13138
13140
13140
13141
13143
13142
13147
13150
13139
13137
13141
13135
13136
13131
13130
13133
13134
13132
13138
13136
13138
13135
13138
13140
13137
13133
13140
13138
13130
13135
13132
13136
13140
13137
13134
13134
13135
13129
13136
13132
13130
13129
13134
13127
13129
13124
13123
13131
13127
13126
13136
13141
13144
13144
13143
13142
13142
13148
13152
13145
13149
13152
13147
13141
13144
13134
13132
13128
13123
13129
13127
13126
13134
13135
13138
13134
13126
13130
13123
13125
13127
13134
13135
13130
13133
13130
13133
13133
13122
13120
13125
13120
13130
13135
13134
13132
13138
13136
13145
13138
13140
13144
13141
13146
13143
13136
13136
13125
13129
13134
13129
13123
13114
13114
13118
13117
13118
13122
13123
13129
13131
13125
13128
13118
13126
13128
13130
13141
13132
13136
13137
13136
13139
13136
13129
13130
13133
13128
13131
13132
13139
13142
13145
13145
13133
13134
13132
13128
13129
13132
13134
13132
13139
