13135
13139
13132
13135
13138
13135
13135
13136
13135
13144
13146
13139
13144
13141
13138
13139
13129
13127
13135
13137
13135
13145
13146
13146
13150
13145
13142
13139
13148
13136
13130
13135
13133
13142
13136
13133
13133
13127
13127
13135
13139
13138
13133
13133
13133
13140
13136
13140
13132
13138
13138
13133
13141
13140
13138
13143
13144
13139
13134
13127
13129
13130
13128
13129
13132
13132
13141
13141
13140
13133
13126
13127
13131
13131
13131
13126
13130
13124
13117
13129
13123
13114
13115
13116
13123
13131
13130
13133
13133
13142
13145
13139
13132
13124
13125
13133
13128
13122
13130
13121
13128
13134
13131
13138
13137
13140
13136
13138
13135
13127
13121
13128
13128
13132
13131
13134
13133
13134
13130
13128
13121
13117
13116
13126
13121
13132
13134
13137
13134
13139
13145
13140
13142
13146
13141
13147
13136
13140
13144
13139
13140
13140
13139
13134
13140
13135
13133
13131
13134
13132
13131
13135
13128
13128
13131
13130
13135
13126
13127
13130
13133
13138
13136
13139
13135
13135
13136
13147
13141
13141
13140
13134
13133
13133
13129
13134
13127
13124
13129
13124
13125
13139
13138
13142
13148
13139
13136
13130
13131
13128
13132
13135
13134
13132
13129
13126
13129
13132
13126
13134
13131
13125
13126
13129
13131
13138
13135
13132
13124
13129
13131
13130
13124
13121
13133
13139
13131
13131
13131
13132
13136
13141
13138
13139
13141
13135
13131
13130
13131
13128
13131
13139
13139
13138
13125
13128
13137
13137
13135
13144
13135
13128
13133
13125
13129
13138
13131
13137
13136
13142
13139
13135
13138
13132
13137
13140
13137
13132
13139
13138
13138
13138
13134
13130
13136
13129
13128
13126
13126
13123
13126
13135
13131
13133
13129
13134
13137
13125
13125
13138
13139
13140
13136
13132
13131
13130
13132
13135
13130
13140
13139
13136
13132
13134
13132
13135
13120
13130
13135
13129
13128
13131
13121
13127
13126
13127
13131
13135
13139
13140
13141
13137
13132
13130
13125
13131
13137
13135
13130
13133
13134
13136
13140
13139
13135
13142
13144
13141
13146
13146
13150
13145
13151
13157
13150
13165
13151
13147
13151
13143
13136
13143
13135
13125
13125
13137
13138
13138
13131
13138
13138
13143
13137
13132
13129
13134
13139
13135
13128
13139
13135
13138
13130
13137
13141
13141
13140
13139
13141
13143
13141
13135
13125
13010
12925
12885
12852
12833
12838
12831
12836
12847
12860
12872
12888
12908
12916
12924
12940
12949
12957
12964
12973
12981
12984
12997
13013
13017
13023
13037
13045
13044
13052
13056
13056
13068
13068
13076
13083
13089
13089
13090
13093
13097
13098
13100
13094
13091
13107
13105
13104
13108
13103
13104
13106
13114
13113
13114
13115
13111
13110
13112
13109
13119
13119
13120
13126
13124
13125
13130
13127
13122
13117
13125
13123
13126
13128
13141
13141
13146
13148
13143
13143
13144
13141
13146
13129
13124
13129
13131
13126
13130
13130
13133
13139
13136
13133
13140
13144
13145
13148
13147
13144
13140
13135
13135
13138
13134
13137
13137
13136
13137
13137
13137
13140
13136
13135
13138
13135
13139
13142
13130
13125
13004
12919
12862
12818
12806
12805
12811
12818
12835
12848
12864
12883
12907
12881
12280
11570
11125
10773
10570
10503
10478
10501
10545
10644
10624
10656
10709
10817
10908
11020
11118
11245
11349
11463
11556
11660
11751
11853
11927
12013
12073
12144
12203
12264
12317
12377
12412
12454
12495
12535
12573
12617
12649
12680
12709
12741
12760
12785
12797
12808
12827
12849
12866
12886
12899
12920
12933
12954
12963
12970
12983
12997
13003
13008
13012
13010
13013
13028
13030
13036
13041
13044
13054
13052
13050
13063
13063
13061
13078
13071
13079
13083
13081
13084
13090
13098
13099
13102
13099
13097
13104
13102
13102
13109
13107
13109
13118
13117
13122
13118
13125
13130
13139
13134
13139
13138
13138
13132
13134
13135
13136
13133
13131
13121
13124
13120
13118
13115
13122
13120
13125
13133
13131
13125
13130
13129
13125
13132
13144
13131
13134
13132
13129
13134
13134
13135
13136
13133
13135
13130
13129
13123
13127
13120
13124
13128
13138
13142
13143
13147
13149
13148
13146
13148
13144
13149
13139
13135
13137
13131
13137
13138
13133
13137
13136
13138
13122
13117
13121
13120
13125
13123
13123
13134
13124
13122
13130
13124
13124
13123
13133
13138
13145
13139
13136
13126
13133
13139
13137
13134
13133
13137
13143
13134
13126
13129
13130
13126
13138
13128
13129
13126
13128
13126
13121
13118
13121
13124
13132
13130
13130
13132
13139
13145
13140
13132
13140
13130
13136
13136
13134
13123
13130
13136
13130
13125
13135
13140
13143
13148
13144
13139
13141
13135
13138
13140
13138
13131
13132
13127
13124
13123
13123
13125
13128
13127
13129
13131
13140
13143
13140
13139
13138
13142
13135
13121
13132
13126
13136
13131
13124
13122
13125
13121
13128
13119
13122
13119
13132
13144
13142
13141
13148
13142
13136
13143
13136
13130
13135
13135
13138
13134
13128
13132
13129
13133
13133
13134
13131
13131
13128
13129
13122
13135
13033
12930
12868
12832
12817
12812
12817
12826
12838
12852
12870
12878
12896
12910
12918
12924
12933
12942
12958
12967
12980
12991
12999
13004
13025
13028
13032
13039
13050
13058
13066
13067
13074
13083
13094
13087
13096
13091
13090
13095
13094
13090
13095
13097
13099
13098
13097
13103
13118
13120
13125
13112
13115
13117
13108
13114
13114
13120
13121
13118
13115
13113
13119
13116
13125
13122
13126
13126
13137
13145
13136
13142
13133
13132
13137
13141
13139
13140
13140
13142
13134
13131
13135
13131
13139
13139
13137
13134
13141
13146
13145
13142
13140
13147
13144
13148
13154
13151
13154
13150
13143
13150
13138
13142
13145
13138
13136
13140
13144
13142
13147
13141
13143
13137
13148
13148
13145
13141
13132
13136
13126
13120
13122
13127
13128
13133
13145
13144
13143
13145
13146
13134
13136
13129
13127
13129
13133
13139
13147
13138
13138
13145
13130
13134
13137
13135
13133
13134
13134
13134
13134
13137
13139
13136
13133
13134
13130
13130
13125
13133
13131
13128
13128
13122
13126
13123
13126
13124
13127
13133
13137
13139
13143
13143
13134
13131
13136
13133
13140
13138
13133
13139
13135
13134
13137
13126
13126
13129
13127
13138
13138
13141
13140
13149
13144
13141
13139
13138
13141
13145
13144
13138
13137
13132
13132
13134
13133
13132
13133
13136
13140
13133
13139
13138
13137
13136
13131
13131
13132
13130
13131
13136
13128
13121
13122
13125
13133
13132
13138
13133
13137
13138
13136
