13067
13073
13073
13076
13081
13089
13101
13106
13093
13099
13099
13099
13101
13106
13104
13109
13114
13105
13113
13111
13103
13112
13111
13111
13111
13109
13110
13109
13109
13117
13123
13128
13130
13131
13138
13137
13142
13135
13128
13131
13130
13127
13124
13118
13123
13123
13129
13134
13125
13130
13128
13126
13133
13135
13129
13130
13134
13128
13134
13128
13122
13123
13122
13123
13134
13136
13140
13137
13140
13133
13141
13135
13138
13139
13136
13142
13143
13141
13139
13144
13148
13145
13140
13131
13138
13147
13145
13137
13130
13134
13132
13127
13131
13135
13127
13134
13127
13121
13125
13121
13127
13129
13128
13127
13123
13131
13128
13133
13133
13125
13122
13131
13124
13129
13130
13126
13138
13132
13130
13130
13132
13127
13128
13123
13124
13130
13131
13131
13125
13125
13130
13136
13139
13138
13137
13136
13131
13124
13130
13128
13130
13135
13132
13126
13127
13118
13117
13126
13123
13129
13136
13150
13139
13138
13141
13140
13141
13135
13131
13139
13132
13130
13130
13126
13127
13129
13122
13127
13126
13123
13021
12927
12872
12838
12818
12812
12818
12828
12843
12854
12859
12876
12890
12904
12931
12937
12957
12975
12991
12993
13006
13020
13017
13019
13028
13026
13034
13033
13042
13054
13056
13059
13059
13064
13073
13077
13081
13090
13091
13099
13104
13094
13092
13099
13093
13095
13098
13100
13110
13110
13114
13125
13124
13118
13128
13131
13132
13132
13133
13130
13129
13139
13136
13128
13126
13118
13125
13123
13114
13121
13122
13124
13129
13130
13135
13144
13154
13151
13147
13147
13142
13136
13134
13132
13132
13138
13131
13128
13137
13128
13129
13128
13131
13125
13128
13123
13123
13121
13133
13126
13125
13125
13126
13131
13128
13135
13143
13132
13128
13131
13125
13123
13130
13131
13130
13126
13129
13121
13129
13121
13123
13124
13122
13121
13124
13125
13128
13130
13136
13131
13126
13138
13140
13145
13143
13138
13130
13137
13137
13132
13131
13133
13131
13131
13125
13122
13127
13128
13129
13134
13133
13137
13132
13132
13130
13123
13118
13120
13117
13123
13132
13129
13128
13124
13124
13127
13129
13134
13137
13134
13134
13138
13129
13131
13131
13140
13139
13142
13138
13132
13134
13134
13129
13122
13128
13131
13133
13133
13142
13148
13143
13139
13142
13139
13141
13139
13137
13133
13127
13123
13125
13124
13126
13125
13129
13131
13134
13135
13147
13139
13135
13135
13135
13138
13129
13125
13134
13135
13133
13128
13128
13131
13133
13130
13126
13118
13131
13125
13129
13127
13125
13123
13125
13130
13131
13131
13138
13142
13137
13138
13142
13134
13134
13133
13141
13140
13134
13133
13134
13133
13135
13132
13132
13132
13130
13136
13141
13140
13137
13131
13137
13135
13130
13128
13125
13125
13133
13126
13126
13134
13126
13136
13136
13142
13137
13138
13130
13134
13134
13129
13124
13123
13126
13127
13123
13134
13137
13130
13134
13126
13130
13128
13128
13125
13119
13118
13124
13125
13134
13134
13136
13143
13133
13133
13130
13127
13133
13124
13124
13126
13130
13132
13133
13127
13129
13134
13139
13141
13132
13136
13139
13136
13142
13143
13141
13151
13151
13145
13153
13147
13134
13140
13137
13140
13137
12795
12238
11903
11698
11572
11423
11335
11323
11335
11394
11450
11478
11500
11561
11625
11707
11772
11851
11916
11999
12058
12105
12088
12108
12138
12178
12221
12276
12318
12359
12404
12445
12488
12533
12569
12603
12635
12671
12697
12732
12754
12784
12800
12827
12839
12856
12881
12894
12909
12925
12934
12955
12971
12980
12992
12997
13008
13012
13012
13020
13023
13030
13040
13039
13047
13058
13064
13070
13083
13082
13085
13080
13077
13088
13089
13088
13093
13091
13097
13106
13104
13108
13112
13109
13109
13114
13117
13110
13114
13118
13114
13125
13125
13119
13120
13119
13117
13117
13112
13118
13111
13118
13122
13123
13126
13123
13124
13121
13116
13127
13126
13120
13115
13118
13115
13112
13115
13119
13123
13119
13120
13128
13127
13134
13132
13138
13141
13127
13131
13133
13136
13142
13140
13134
13141
13140
13140
13140
13136
13139
13138
13137
13142
13143
13142
13144
13143
13150
13148
13148
13140
13139
13140
13139
13138
13131
13132
13139
13136
13133
13132
13125
13130
13127
13128
13126
13134
13132
13128
13126
13124
13133
13123
13123
13132
13139
13135
13134
13133
13138
13135
13132
13133
13131
13126
13130
13128
13129
13125
13132
13135
13134
13140
13143
13138
13127
13123
13117
13116
13117
13124
13115
13118
13118
13120
13125
13129
13127
13126
13125
13130
13140
13134
13134
13138
13140
13142
13139
13137
13136
13135
13138
13131
13129
13132
13140
13128
13132
13137
13139
13134
13138
13132
13142
13130
13130
13125
13133
13137
13139
13137
13136
13138
13135
13137
13141
13142
13142
13143
13142
13145
13151
13143
13141
13147
13142
13142
13131
13131
13134
13136
13128
13133
13123
13128
13127
13122
13127
13130
13135
13139
13140
13131
13138
13127
13119
13125
13131
13135
13131
13132
13134
13132
13130
13126
13124
13125
13121
13117
13123
13121
13128
13132
13131
13134
13135
13134
13130
13126
13123
13126
13123
13123
13119
13127
13130
13121
13120
13119
13121
13134
13126
13122
13135
13132
13129
13128
13127
13131
13135
13136
13141
13146
13142
13145
13145
13143
13146
13139
13140
13135
13135
13140
13137
13134
13128
13131
13131
13129
13128
13125
13122
13121
13123
13126
13133
13134
13144
13151
13142
13137
13129
13131
13135
13123
13124
13125
13120
13127
13129
13127
13123
13125
13126
13128
13125
13122
13124
13133
13135
13129
13135
13130
13127
13137
13128
13126
13123
13123
13124
13120
13123
13131
13124
13129
13131
13131
13127
13127
13122
13126
13121
13119
13125
13126
13123
13127
13120
13124
13129
13135
13125
13132
13130
13128
13132
13133
13134
13133
13128
13124
13132
13123
13132
13140
13145
13142
13142
13138
13139
13134
13134
13136
13126
13127
13127
13122
13126
13126
13129
13124
13125
13133
13137
13134
13129
13132
13130
13136
13138
13134
13134
13136
13132
13136
13137
13135
13132
13138
13134
13132
13135
13131
13127
13132
13133
13135
13135
13143
13140
13134
13131
13134
13130
13127
13132
13133
13136
13136
13132
13135
13132
13127
13130
13125
13126
13132
13130
13133
13120
13119
13124
13128
13134
13133
13136
13138
13138
13136
13138
13138
13143
13143
13147
13142
13133
13131
13131
13138
13140
13138
13129
13137
13129
13134
13145
13138
13141
13138
13138
13135
13134
13129
13143
13141
13142
13138
13136
13137
13144
13146
13146
13145
13149
13139
