13120
13115
13126
13122
13119
13120
13119
13123
13132
13135
13130
13127
13132
13135
13132
13134
13127
13130
13137
13146
13150
13147
13142
13149
13146
13142
13145
13142
13146
13152
13147
13152
13141
13139
13142
13138
13137
13137
13140
13147
13142
13138
13139
13139
13137
13139
13133
13141
13135
13133
13134
13135
13131
13126
13121
13128
13123
13125
13122
13127
13136
13129
13129
13138
13135
13139
13136
13131
13126
13134
13142
13139
13134
13135
13130
13122
13117
13122
13121
13125
13128
13125
13130
13128
13125
13130
13135
13133
13134
13131
13127
13130
13134
13132
13132
13127
13126
13132
13134
13134
13146
13137
13134
13134
13141
13144
13140
13138
13138
13140
13138
13138
13134
13134
13130
13135
13128
13130
13121
13126
13126
13125
13127
13125
13117
13122
13117
13119
13121
13122
13124
13122
13130
13127
13130
13127
13130
13129
13135
13137
13138
13131
13133
13136
13129
13128
13121
13126
13128
13138
13135
13136
13130
13131
13125
13119
13125
13126
13132
13136
13131
13127
13132
13132
13125
13135
13130
13136
13134
13137
13142
13146
13143
13138
13135
13131
13136
13135
13131
13128
13138
13132
13130
13137
13138
13137
13141
13132
13130
13134
13127
13122
13119
13124
13122
13120
13130
13131
13128
13134
13126
13124
13129
13129
13122
13136
13129
13126
13131
13135
13131
13136
13136
13138
13136
13135
13133
13136
13137
13137
13139
13143
13138
13135
13139
13149
13143
13138
13086
12967
12899
12860
12836
12830
12831
12842
12846
12866
12873
12886
12898
12907
12923
12934
12948
12964
12975
12985
13001
13000
13008
13018
13024
13026
13027
13035
13043
13040
13046
13047
13058
13059
13062
13073
13073
13074
13079
13086
13086
13095
13098
13105
13102
13111
13112
13113
13111
13108
13097
13107
13103
13106
13112
13111
13111
13115
13126
13117
13110
13111
13115
13109
13115
13111
13112
13115
13123
13131
13129
13126
13129
13129
13127
13120
13121
13130
13130
13126
13131
13128
13126
13133
13131
13137
13140
13138
13138
13138
13142
13150
13142
13133
13137
13132
13128
13129
13119
13124
13119
13126
13123
13123
13124
13122
13128
13128
13138
13135
13136
13130
13131
13122
13123
13125
13121
13123
13123
13132
13133
13130
13129
13134
13128
13126
13130
13128
13137
13127
13130
13132
13133
13124
13129
13128
13127
13130
13126
13133
13136
13135
13140
13135
13132
13122
13125
13128
13121
13126
13123
13125
13128
13137
13138
13132
13131
13138
13142
13141
13136
13131
13129
13129
13123
13128
13131
13127
13129
13133
13131
13142
13134
13132
13138
13135
13134
13135
13129
13135
13129
13133
13125
13128
13135
13128
13136
13135
13135
13138
13137
13133
13140
13128
13127
13128
13126
13125
13131
13134
13136
13139
13136
13136
13129
13127
13126
13126
13127
13126
13125
13132
13134
13138
13143
13140
13139
13141
13133
13139
13136
13139
13139
13137
13137
13135
13138
13138
13145
13142
13138
13144
13144
13137
13135
13133
13130
13134
13133
13138
13143
13138
13142
13139
13143
13144
13148
13143
13144
13147
13141
13137
13128
13126
13123
13118
13119
13134
13129
13130
13134
13133
13132
13132
13129
13118
13120
13115
13113
13114
13110
13115
13123
13123
13126
13134
13139
13135
13139
12852
11932
11158
10721
10459
10320
10259
10301
10356
10470
10574
10710
10843
10974
11085
11221
11328
11445
11549
11650
11738
11841
11912
12001
12067
12137
12189
12251
12298
12351
12392
12445
12479
12534
12565
12607
12643
12671
12701
12729
12749
12767
12783
12796
12813
12837
12850
12877
12889
12907
12921
12939
12962
12962
12970
12979
12986
12993
13006
13002
13017
13025
13025
13028
13038
13040
13045
13051
13058
13056
13071
13078
13080
13090
13095
13100
13111
13108
13109
13107
13105
13100
13095
13089
13105
13103
13112
13113
13118
13121
13127
13119
13115
13108
13116
13121
13120
13122
13126
13126
13126
13137
13135
13134
13126
13122
13116
13120
13115
13119
13119
13118
13118
13130
13121
13123
13132
13135
13136
13133
13136
13131
13132
13130
13134
13127
13121
13126
13122
13122
13132
13133
13138
13140
13140
13146
13142
13143
13141
13138
13133
13128
13127
13132
13133
13138
13131
13132
13133
13129
13128
13135
13135
13144
13141
13142
13139
13141
13133
13132
13130
13135
13130
13124
13125
13122
13128
13130
13123
13129
13129
13126
13137
13141
13139
13147
13141
13137
13139
13132
13134
13139
13139
13140
13132
13140
13127
13136
13140
13136
13135
13131
13128
13139
13137
13134
13147
13144
13148
13145
13138
13142
13137
13136
13141
13139
13136
13133
13132
13132
13130
13134
13136
13128
13120
13133
13128
13126
13132
13124
13127
13133
13140
13139
13136
13137
13138
13142
13135
13135
13136
13133
13137
13142
13134
13136
13139
13139
13133
13129
13127
13129
13139
13145
13138
13133
13134
13134
13132
13137
13136
13138
13144
13138
13139
13147
13142
13146
13145
13136
13135
13131
13131
13134
13132
13132
13128
13133
13132
13132
13129
13137
13129
13134
13126
13120
13126
13126
13132
13134
13131
13133
13127
13127
13125
13127
13135
13137
13137
13148
13139
13143
13148
13139
13136
13133
13119
13117
13124
13118
13117
13126
13121
13118
13120
13134
13130
13134
13137
13140
13140
13142
13143
13149
13139
13132
13131
13134
13134
13142
13138
13133
13132
13134
13144
13137
13133
13141
13133
13138
13135
13127
13127
13128
13128
13134
13136
13132
13144
13134
13138
13146
13138
13147
13145
13148
13138
13134
13133
13133
13146
13144
13143
13151
13141
13139
13145
13134
13130
13128
13122
13127
13126
13134
13138
13132
13130
13134
13132
13133
13141
13136
13136
13133
13127
13134
13135
13135
13140
13133
13132
13127
13126
13132
13136
13140
13132
13133
13132
13133
13125
13130
13130
13135
13126
13123
13125
13133
13133
13128
13130
13129
13133
13131
13133
13126
13129
13043
12944
12884
12837
12821
12818
12814
12828
12847
12852
12866
12884
12896
12911
12922
12935
12956
12970
12983
12985
12995
13004
13009
13014
13026
13027
13040
13044
13043
13056
13059
13065
13070
13076
13078
13080
13081
13090
13082
13093
13094
13096
13101
13099
13103
13106
13110
13108
13117
13112
13111
13113
13110
13111
13103
13110
13115
13114
13116
13112
13119
13127
13132
13131
13049
12935
12873
12829
12811
12811
12810
12812
12817
12830
12839
12856
12858
12882
12886
12911
12934
12929
12950
12966
12974
12991
12996
12996
13014
13021
13026
13038
13040
13049
13051
13064
13062
13070
13072
13074
13074
13082
13078
13078
13085
13087
13102
13096
13101
13111
13111
13108
13106
13110
13109
13113
