13125
13138
13144
13138
13144
13147
13146
13139
13127
13124
13126
13129
13130
13128
13124
13137
13142
13138
13141
13132
13131
13135
13126
13128
13129
13127
13127
13122
13123
13122
13132
13137
13140
13139
13136
13129
13131
13127
13123
13126
13123
13124
13125
13124
13128
13126
13120
13119
13118
13126
13131
13128
13132
13133
13125
13135
13134
13136
13141
13133
13133
13134
13134
13130
13128
13129
13133
13133
13144
13142
13148
13148
13147
13139
13142
13138
13144
13136
13130
13136
13138
13139
13146
13143
13140
13134
13126
13129
13124
13118
13119
13119
13125
13129
13126
13130
13129
13126
13133
13126
13129
13127
13120
13122
13124
13121
13123
13126
13135
13136
13136
13132
13137
13133
13134
13133
13135
13133
13134
13136
13126
13128
13123
13119
13124
13127
13134
13141
13138
13143
13147
13141
13142
13140
13139
13137
13135
13134
13138
13126
13128
13130
13122
13128
13130
13134
13136
13141
13140
13141
13142
13143
13144
13146
13148
13143
13134
13125
13128
13139
13132
13127
13126
13128
13129
13132
13135
13132
13119
13131
13132
13134
13137
13138
13139
13141
13138
13128
13137
13128
13125
13130
13129
13135
13136
13145
13135
13132
13134
13127
13126
13131
13129
13134
13138
13137
13143
13136
13140
13137
13142
13139
13137
13139
13142
13137
13142
13143
13141
13144
13151
13152
13153
13147
13145
13149
13145
13133
13143
13134
13135
13146
13141
13143
13152
13145
13150
13153
13147
13135
13134
13133
13131
13127
13115
13124
13123
13118
13117
13125
13125
13121
13124
13125
13129
13132
13135
13140
13139
13146
13139
13133
13131
13132
13134
13136
13138
13131
13142
13135
13132
13132
13133
13136
13138
13136
13131
13128
13126
13126
13122
13125
13128
13137
13140
13138
13144
13138
13133
13137
13129
13126
13128
13126
13130
13131
13127
13134
13128
13136
13135
13142
13144
13138
13141
13146
13134
13131
13136
13134
13137
13136
13126
13129
13134
13131
13134
13132
13137
13129
13131
13129
13135
13130
13125
13134
13139
13131
13136
13142
13148
13149
13146
13144
13147
13144
13138
13139
13138
13141
13140
13140
13144
13143
13148
13146
13134
13122
13131
13128
13125
13129
13128
13129
13140
13135
13135
13135
13138
13126
13125
13127
13125
13126
13136
13139
13147
13139
13136
13138
13138
13144
13134
13139
13138
13136
13141
13139
13134
13138
13138
13134
13142
13145
13137
13140
13133
13135
13140
13137
13133
13144
13142
13137
13146
13136
13135
13138
13139
13136
13133
13132
13132
13132
13133
13134
13140
13139
13138
13140
13137
13133
13134
13130
13134
13126
13124
13125
13124
13128
13130
13124
13128
13122
13119
13131
13128
13127
13129
13124
13124
13124
13129
13137
13135
13137
13138
13136
13133
13123
13124
13130
13132
13127
13128
13136
13136
13139
13136
13140
13139
13136
13141
13142
13137
13133
13134
13136
13135
13131
13128
13129
13131
13134
13132
13139
13140
13138
13146
13137
13138
13139
13137
13135
13133
13131
13119
13128
13138
13138
13134
13141
13139
13134
13133
13135
13147
13139
13141
13134
13129
13129
13133
13136
13132
13131
13133
13140
13137
13135
13140
13138
13142
13132
13130
13136
13133
13130
13138
13133
13136
13145
13136
13138
12937
12168
11526
11046
10774
10628
10604
10614
10691
10763
10873
10974
11098
11199
11326
11431
11531
11627
11728
11810
11901
11985
12064
12135
12204
12264
12319
12365
12415
12440
12362
12308
12291
12287
12314
12338
12383
12424
12465
12495
12536
12565
12599
12631
12667
12692
12721
12741
12770
12790
12812
12836
12868
12887
12900
12924
12939
12948
12965
12977
12986
12999
13007
13009
13008
13023
13025
13035
13038
13048
13046
13057
13057
13058
13068
13069
13071
13078
13074
13082
13088
13086
13095
13095
13096
13100
13104
13101
13092
13096
13102
13100
13103
13100
13109
13121
13118
13120
13127
13128
13135
13137
13130
13131
13126
13129
13130
13125
13129
13131
13130
13123
13126
13124
13132
13123
13122
13123
13119
13113
13131
13141
13134
13133
13133
13133
13134
13139
13139
13141
13139
13136
13138
13130
13126
13131
13125
13138
13130
13124
13129
13128
13131
13142
13134
13138
13141
13136
13131
13133
13132
13136
13138
13135
13140
13135
13134
13139
13133
13139
13141
13144
13148
13145
13153
13148
13145
13138
13133
13135
13134
13129
13137
13136
13134
13137
13135
13135
13134
13137
13141
13138
13137
13141
13134
13132
13131
13137
13134
13134
13132
13137
13138
13137
13142
13137
13138
13142
13136
13144
13146
13136
13134
13140
13143
13138
13143
13144
13147
13147
13144
13139
13143
13132
13131
13131
13131
13133
13131
13132
13134
13134
13132
13139
13134
13135
13132
13129
13128
13131
13127
13130
13125
13122
13132
13132
13136
13138
13135
13137
13129
13131
13131
13132
13141
13136
13130
13130
13129
13129
13125
13124
13129
13120
13135
13136
13135
13140
13136
13139
13131
13129
13126
13131
13130
13130
13129
13131
13130
13130
13131
13142
13136
13135
13140
13130
13125
13132
13124
13128
13130
13127
13125
13125
13129
13127
13129
13135
13137
13142
13140
13139
13140
13136
13130
13136
13138
13142
13142
13143
13151
13149
13144
13139
13135
13137
13142
13138
13149
13140
13139
13144
13139
13133
13131
13122
13128
13131
13126
13124
13129
13130
13126
13122
13127
13121
13126
13121
13130
13134
13135
13137
13149
13148
13149
13153
13148
13146
13145
13145
13146
13139
13142
13139
13142
13137
13139
13133
13135
13134
13136
13133
13123
13125
13134
13128
13128
13121
13118
13115
13119
13123
13125
13123
13128
13126
13124
13117
13113
13116
13119
13123
13142
13135
13134
13140
13136
13136
13134
13126
13127
13124
13124
13122
13121
13123
13124
13129
13135
13135
13134
13134
13135
13136
13137
13136
13138
13141
13132
13134
13129
13133
13136
13135
13136
13136
13138
13136
13139
13137
13127
13125
13125
13117
13123
13120
13113
13117
13119
13123
13119
13120
13119
13128
13130
13139
13142
13140
13142
13140
13138
13139
13137
13133
13138
13130
13125
13129
13120
13127
13129
13132
13136
13136
13138
13133
13130
13132
13134
13128
13129
13130
13140
13132
13134
13138
13141
13139
13143
13142
13144
13139
13137
13140
13135
13138
13135
13136
13146
13139
13142
13147
13145
13151
13153
13142
13144
13151
13153
13150
13159
13155
13151
13151
13152
13140
13142
13138
13133
13131
13128
13132
13134
13132
13127
13137
13136
13144
13137
13144
13138
13134
13132
13130
13131
13137
13142
13135
13136
13135
13121
13128
13123
13127
13130
13119
13118
13132
13126
13128
13127
13125
13131
13133
13134
13129
