13125
13124
13129
13133
13135
13129
13127
13129
13123
13126
13115
13114
13116
13114
13115
13123
13123
13121
13136
13132
13133
13133
13126
13128
13126
13133
13136
13134
13134
13129
13134
13130
13129
13124
13125
13125
13133
13128
13123
13122
13123
13122
13119
13114
13121
13121
13124
13133
13126
13134
13133
13135
13141
13136
13132
13130
13132
13128
13135
13125
13117
13122
13122
13129
13133
13132
13133
13132
13134
13127
13130
13126
13135
13131
13123
13129
13132
13128
13127
13128
13124
13126
13128
13119
13123
13122
13124
13129
13129
13138
13141
13134
13130
13129
13129
13127
13130
13122
13133
13127
13125
13124
13114
13115
13119
13128
13130
13127
13139
13123
13125
13130
13121
13121
13137
13137
13145
13145
13144
13140
13133
13130
13128
13131
13138
13136
13138
13144
13149
13150
13151
13141
13147
13141
13144
13153
13149
13135
13141
13133
13134
13127
13132
13134
13133
13132
13128
13135
13141
13140
13142
13147
13136
13137
13138
13132
13145
13140
13136
13141
13141
13141
13139
13137
13134
13132
13127
13136
13129
13127
13132
13133
13140
13139
13131
13130
13122
13119
13130
13138
13132
13139
13140
13137
13135
13125
13125
13131
13126
13127
13115
13121
13118
13120
13130
13137
13141
13140
13131
13141
13137
13132
13124
13126
13121
13121
13128
13124
13125
13126
13128
13126
13127
13132
13135
13134
13127
13123
13131
13127
13119
13129
13119
13128
13136
13132
13139
13140
13139
13132
13138
13138
13144
13146
13147
13144
13144
13139
13133
13139
13136
13140
13134
13137
13137
13134
13141
13137
13137
13140
13142
13138
13134
13135
13130
13125
13126
13120
13123
13124
13128
13128
13127
13132
13140
13134
13136
13133
13128
13131
13130
13131
13125
13123
13125
13126
13129
13131
13127
13135
13138
13139
13132
13131
13123
13131
13133
13137
13129
13131
13131
13136
13134
13131
13125
13136
13127
13125
13132
13125
13123
13125
13124
13124
13114
13120
13118
13126
13129
13130
13127
13138
13133
13138
13130
13128
13139
13134
13132
13138
13139
13133
13133
13136
13137
13134
13131
13135
13128
13135
13137
13138
13135
13140
13136
13139
13130
13123
13132
13133
13118
13126
13127
13126
13128
13135
13135
13140
13139
13134
13138
13138
13136
13134
13129
13117
13122
13121
13118
13125
13134
13138
13136
13135
13126
13119
13120
13121
13111
13115
13120
13117
13123
13130
13127
13123
13117
13113
13124
13124
13119
13124
13122
13125
13126
13127
13130
13127
13130
13136
13134
13135
13135
13140
13138
13138
13143
13132
13138
13137
13137
13132
13128
13122
13074
12960
12889
12848
12819
12818
12821
12825
12837
12842
12860
12875
12887
12898
12916
12928
12936
12956
12969
12979
12987
12995
13001
13002
13014
13018
13028
13034
13035
13047
13045
13052
13057
13058
13059
13075
13078
13086
13085
13090
13090
13091
13091
13092
13089
13096
13103
13110
13112
13117
13123
13135
13128
13123
13125
13123
13114
13113
13109
13114
13118
13117
13122
13128
13134
13136
13136
13140
13129
13129
13126
13120
13127
13124
13124
13126
13127
13126
13118
13119
13123
13129
13124
13122
13119
13127
13129
13128
13121
13133
13135
13132
13131
13126
13129
13131
13127
13094
12789
12188
11508
10986
10610
10393
10322
10313
10385
10464
10580
10693
10836
10950
11089
11205
11329
11442
11551
11642
11743
11827
11919
11992
12077
12140
12205
12260
12310
12352
12405
12452
12503
12539
12473
12420
12411
12409
12426
12453
12478
12505
12542
12564
12598
12627
12659
12679
12713
12739
12761
12783
12813
12825
12851
12860
12884
12898
12913
12931
12942
12955
12959
12970
12979
12992
12992
13009
13020
13028
13029
13040
13059
13059
13065
13061
13069
13067
13067
13072
13066
13064
13068
13081
13080
13082
13082
13090
13095
13095
13094
13092
13095
13087
13094
13090
13095
13104
13102
13115
13116
13124
13126
13125
13125
13128
13120
13126
13125
13132
13130
13132
13129
13135
13126
13120
13127
13127
13130
13134
13123
13126
13128
13129
13138
13133
13134
13132
13131
13131
13127
13125
13123
13123
13133
13118
13126
13121
13125
13121
13127
13127
13126
13125
13124
13124
13112
13115
13119
13113
13119
13122
13124
13136
13129
13127
13132
13127
13123
13127
13126
13125
13131
13127
13129
13136
13131
13126
13122
13122
13120
13127
13130
13134
13134
13132
13124
13134
13135
13143
13139
13138
13129
13132
13131
13133
13136
13137
13145
13144
13149
13150
13146
13148
13148
13137
13144
13133
13127
13136
13137
13134
13132
13131
13023
12924
12862
12831
12808
12806
12810
12814
12828
12835
12865
12873
12885
12896
12912
12916
12924
12932
12948
12957
12965
12979
12990
13002
13022
13029
13039
13042
13053
13059
13053
13046
13050
13055
13057
13068
13067
13076
13077
13082
13087
13085
13083
13086
13104
13114
13119
13113
13111
13113
13116
13110
13095
13110
13115
13120
13127
13123
13118
13117
13118
13122
13117
13121
13131
13126
13134
13139
13140
13146
13138
13133
13137
13134
13130
13137
13130
13136
13142
13141
13134
13131
13131
13130
13130
13128
13131
13124
13125
13120
13125
13122
13119
13121
13126
13125
13130
13132
13135
13135
13139
13145
13141
13143
13146
13135
13138
13134
13130
13137
13125
13122
13135
13134
13132
13136
13126
13130
13124
13120
13129
13129
13125
13124
13123
13129
13129
13132
13134
13134
13134
13132
13123
13133
13124
13127
13127
13133
13128
13135
13137
13136
13136
13142
13136
13134
13127
13125
13123
13127
13120
13123
13134
13129
13134
13141
13136
13142
13132
13131
13126
13124
13133
13136
13135
13136
13133
13136
13131
13137
13144
13132
13132
13132
13136
13134
13128
13122
13121
13122
13126
13130
13126
13126
13127
13129
13130
13118
13121
13130
13129
13128
13134
13132
13125
13120
13122
13121
13126
13131
13130
13128
13130
13123
13118
13120
13118
13121
13123
13121
13125
13123
13123
13128
13129
13133
13130
13132
13129
13137
13136
13142
13136
13139
13140
13132
13132
13132
13133
13136
13136
13127
13130
13123
13119
13128
13127
13134
13133
13131
13126
13132
13126
13122
13119
13128
13124
13129
13129
13127
13124
13122
13124
13125
13125
13127
13131
13127
13134
13134
13137
13148
13144
13137
13140
13137
13141
13135
13132
13135
13137
13131
13138
13135
13132
13139
13137
13140
13142
13141
13136
13138
13138
13131
13128
13122
13126
13122
13124
13126
13133
13133
13135
13131
13132
13138
13139
13139
13137
13137
13136
13137
13124
13128
13127
13122
13123
13136
13135
13142
13150
13148
13150
13143
13141
13142
13139
13136
13143
13138
13130
13124
13126
13130
