13147
13146
13145
13139
13140
13140
13136
13138
13135
13140
13134
13137
13143
13144
13153
13149
13145
13147
13148
13146
13141
13137
13126
13138
13137
13134
13138
13129
13131
13134
13130
13131
13134
13138
13132
13135
13132
13130
13129
13138
13138
13133
13134
13127
13128
13131
13130
13134
13141
13137
13134
13138
13137
13150
13146
13151
13141
13142
13151
13141
13142
13142
13142
13152
13146
13144
13137
13139
13134
13141
13137
13140
13139
13139
13137
13137
13136
13134
13141
13140
13143
13137
13132
13125
13126
13117
13117
13122
13127
13134
13134
13137
13134
13134
13132
13138
13130
13138
13142
13141
13144
13141
13131
13140
13134
13135
13134
13139
13136
13140
13135
13139
13134
13126
13120
13123
13129
13132
13135
13147
13146
13140
13147
13143
13155
13143
13143
13147
13136
13139
13136
13139
13127
13127
13121
13125
13124
13125
13133
13085
12968
12895
12856
12840
12825
12822
12843
12843
12853
12864
12870
12889
12909
12924
12941
12953
12963
12976
12982
12998
13003
13008
13012
13021
13039
13036
13037
13050
13054
13068
13065
13068
13070
13073
13076
13083
13079
13092
13099
13097
13107
13110
13112
13112
13109
13109
13117
13112
13117
13120
13117
13119
13120
13123
13123
13119
13116
13112
13115
13119
13120
13129
13126
13133
13139
13137
13133
13126
13125
13126
13125
13126
13128
13133
13136
13132
13124
13128
13127
13132
13132
13135
13133
13139
13142
13139
13144
13133
13132
13138
13138
13138
13141
13134
13138
13144
13146
13142
13139
13138
13136
13138
13141
13141
13142
13132
13126
13137
13136
13139
13143
13143
13145
13141
13139
13149
13143
13143
13146
13142
13145
13145
13146
13140
13129
13129
13134
13134
13135
13139
13134
13143
13134
13131
13132
13132
13145
13135
13137
13137
13129
13136
13127
13123
13123
13116
13119
13128
13137
13136
13132
13132
13137
13138
13135
13140
13126
13130
13130
13126
13127
13123
13124
13124
13126
13134
13138
13132
13136
13140
13134
13137
13137
13143
13148
13142
13142
13136
13136
13140
13139
13139
13146
13137
13144
13134
13130
13126
13123
13131
13123
13123
13122
13118
13123
13137
13125
13124
13126
13118
13125
13128
13130
13134
13135
13133
13136
13128
13127
13132
13130
13124
13135
13135
13134
13140
13145
13147
13138
13141
13133
13125
13123
13127
13132
13125
13131
13135
13131
13132
13132
13136
13141
13145
13141
13145
13137
13132
13126
13122
13120
13118
13121
13129
13131
13134
13143
13139
13139
13143
13137
13139
13134
13138
13143
13141
13142
13143
13145
13142
13139
13135
13129
13125
13132
13123
13127
13134
13121
13130
13122
13128
13125
13131
13124
13131
13126
13132
13130
13132
13127
13127
13124
13134
13136
13137
13145
13137
13130
13137
13130
13133
13133
13135
13137
13132
13133
13130
13128
13132
13128
13134
13131
13125
13129
13125
13113
13118
13119
13124
13124
13127
13131
13132
13136
13139
13134
13133
13139
13143
13140
13138
13136
13146
13146
13135
13137
13136
13143
13147
13148
13144
13142
13141
13141
13137
13142
13137
13133
13143
13142
13144
13137
13131
13142
13133
13133
13143
13140
13138
13140
13136
13137
13138
13138
13144
13141
13142
13139
13133
13141
13145
13145
13151
13151
13146
13077
12819
12522
12100
11830
11670
11603
11579
11604
11638
11693
11751
11829
11901
11978
12042
12104
12164
12234
12280
12335
12379
12435
12478
12527
12563
12601
12633
12661
12698
12722
12748
12776
12797
12823
12842
12859
12875
12889
12901
12912
12922
12927
12945
12956
12971
12988
12995
13006
13014
13025
13028
13040
13053
13063
13066
13066
13064
13067
13066
13068
13068
13070
13073
13079
13080
13082
13091
13090
13100
13096
13106
13108
13107
13108
13109
13113
13118
13117
13120
13127
13121
13118
13125
13117
13128
13119
13120
13119
13118
13116
13115
13111
13111
13118
13122
13120
13111
13124
13118
13131
13133
13123
13125
13121
13128
13128
13131
13129
13134
13121
13138
13144
13140
13145
13139
13133
13135
13134
13132
13137
13137
13132
13138
13149
13149
13151
13148
13146
13137
13132
13133
13131
13140
13139
13136
13130
13124
13126
13121
13121
13119
13122
13130
13136
13140
13143
13144
13157
13158
13151
13157
13158
13159
13165
13164
13155
13154
13139
13129
13135
13126
13133
13140
13137
13136
13135
13136
13140
13138
13138
13142
13145
13146
13144
13138
13138
13133
13135
13132
13134
13129
13130
13130
13128
13130
13129
13130
13130
13134
13123
13129
13123
13125
13128
13127
13127
13132
13136
13133
13140
13138
13136
13146
13144
13138
13138
13136
13139
13134
13143
13133
13138
13138
13131
13141
13142
13138
13145
13135
13136
13131
13129
13133
13134
13133
13139
13027
12931
12876
12836
12819
12816
12813
12839
12852
12863
12867
12882
12890
12919
12927
12934
12944
12957
12969
12986
12993
12997
13004
13019
13019
13030
13036
13047
13049
13056
13060
13070
13069
13068
13079
13080
13074
13079
13080
13084
13081
13091
13091
13093
13105
13114
13112
13123
13129
13126
13127
13128
13130
13139
13127
13126
13128
13123
13124
13122
13115
13108
13108
13118
13112
13118
13117
13116
13124
13120
13118
13124
13115
13115
13122
13122
13126
13121
13129
13127
13133
13137
13133
13127
13123
13127
13129
13129
13130
13125
13130
13133
13133
13139
13134
13126
13130
13131
13127
13133
13139
13131
13135
13140
13131
13135
13133
13133
13130
13128
13125
13134
13132
13131
13124
13125
13133
13124
13132
13138
13137
13128
13138
13134
13138
13137
13136
13134
13137
13130
13134
13135
13137
13149
13143
13142
13142
13138
13139
13141
13134
13132
13138
13142
13138
13144
13138
13145
13142
13143
13139
13147
13142
13145
13160
13161
13157
13151
13141
13137
13138
13136
13137
13140
13139
13141
13136
13143
13147
13150
13144
13134
13137
13142
13129
13126
13127
13125
13124
13129
13129
13121
13124
13133
13128
13125
13127
13132
13128
13136
13137
13146
13136
13140
13139
13136
13133
13130
13133
13131
13131
13131
13132
13132
13138
13140
13139
13143
13145
13148
13142
13142
13134
13144
13132
13128
13126
13118
13121
13129
13130
13132
13130
13139
13133
13125
13121
13126
13129
13136
13135
13145
13144
13144
13140
13141
13137
13137
13139
13139
13138
13138
13138
13129
13133
13136
13134
13139
13140
13137
13139
13143
13135
13142
13137
13136
13139
13130
13137
13135
13132
13133
13138
13140
13139
13138
13138
13137
13141
13149
13147
13148
13142
13148
13154
13146
13143
13145
13139
13140
13135
13131
13136
13126
13125
13133
13126
13124
13125
13124
13134
13133
13136
13137
13131
13127
13133
