13141
13135
13141
13136
13140
13139
13140
13139
13130
13137
13130
13138
13135
13138
13141
13141
13139
13144
13147
13138
13133
13129
13126
13128
13128
13132
13135
13139
13144
13143
13142
13133
13123
13127
13132
13130
13123
13127
13127
13136
13136
13134
13141
13139
13134
13135
13133
13144
13151
13148
13146
13147
13144
13141
13134
13141
13136
13136
13142
13141
13141
13132
13135
13135
13129
13130
13130
13122
13127
13127
13121
13126
13127
13127
13139
13129
13134
13135
13135
13136
13130
13131
13137
13129
13131
13131
13128
13138
13137
13135
13131
13131
13132
13137
13137
13140
13136
13139
13135
13136
13138
13134
13136
13139
13139
13147
13149
13146
13145
13141
13131
13133
13129
13133
13138
13138
13139
13143
13139
13142
13144
13144
13153
13143
13130
13135
13130
13132
13134
13131
13138
13134
13132
13119
13119
13119
13124
13129
13134
13090
12969
12887
12848
12831
12818
12811
12791
12768
12759
12765
12778
12791
12802
12819
12836
12848
12866
12884
12897
12916
12928
12935
12954
12960
12974
12989
12991
13004
13014
13021
13033
13042
13046
13050
13055
13064
13061
13062
13068
13072
13075
13074
13080
13088
13090
13097
13098
13101
13106
13119
13117
13118
13117
13122
13116
13113
13115
13120
13121
13132
13130
13119
13125
13119
13119
13121
13122
13123
13126
13131
13142
13139
13140
13145
13145
13146
13139
13140
13141
13139
13140
13132
13122
13130
13125
13126
13129
13130
13133
13135
13136
13137
13134
13137
13140
13134
13139
13137
13134
13135
13135
13132
13133
13127
13129
13131
13129
13126
13132
13135
13140
13133
13129
13134
13139
13140
13140
13137
13134
13133
13135
13135
13130
13132
13137
13148
13144
13139
13145
13137
13136
13137
13126
13129
13124
13125
13124
13123
13121
13129
13124
13127
13134
13133
13132
13135
13132
13135
13136
13137
13135
13131
13133
13126
13129
13133
13128
13132
13137
13135
13145
13148
13143
13146
13150
13147
13144
13138
13144
13140
13137
13140
13130
13138
13136
13128
13127
13118
13115
13122
13123
13125
13136
13130
13126
13133
13126
13133
13133
13140
13142
13134
13141
13131
13129
13132
13131
13131
13129
13138
13148
13142
13143
13144
13147
13150
13140
13137
13132
13133
13133
13137
13130
13133
13135
13138
13130
13134
13130
13130
13131
13126
13130
13133
13132
13138
13137
13140
13142
13138
13134
13138
13130
13126
13126
13132
13136
13135
13132
13126
13131
13124
13125
13137
13134
13134
13128
13132
13136
13136
13129
13128
13127
13128
13139
13147
13149
13137
13133
13143
13138
13137
13141
13135
13137
13135
13133
13135
13134
13136
13130
13130
13122
13122
13128
13142
13142
13142
13141
13132
13136
13138
13140
13139
13132
13135
13133
13136
13130
13133
13126
13127
13120
13122
13119
13122
13124
13136
13136
13140
13134
13134
13136
13140
13138
13139
13133
13140
13140
13149
13142
13137
13138
13132
13133
13141
13142
13134
13136
13132
13131
13128
13127
13129
13133
13140
13143
13138
13136
13139
13146
13146
13135
13135
13136
13139
13134
13138
13130
13133
13131
13134
13141
13133
13139
13147
13141
13145
13139
13133
13132
13137
13141
13138
13142
13141
13138
13144
13147
13144
13157
13143
13137
13140
13141
13148
13058
12390
11640
11118
10831
10671
10624
10629
10698
10772
10890
10988
11107
11214
11338
11441
11549
11637
11735
11817
11904
11966
12047
12110
12189
12252
12310
12353
12407
12449
12499
12538
12575
12611
12646
12669
12699
12719
12749
12781
12800
12811
12835
12849
12868
12891
12895
12906
12919
12929
12954
12961
12974
12993
12998
13008
13027
13026
13034
13046
13047
13046
13047
13045
13048
13045
13060
13065
13075
13084
13092
13097
13101
13096
13108
13099
13099
13103
13111
13119
13120
13114
13120
13118
13117
13113
13109
13114
13105
13109
13108
13114
13117
13124
13128
13125
13136
13128
13132
13133
13139
13138
13140
13138
13136
13132
13128
13121
13127
13127
13125
13119
13123
13112
13121
13113
13113
13124
13126
13123
13124
13129
13135
13136
13144
13140
13134
13127
13125
13124
13137
13134
13138
13139
13134
13129
13136
13130
13131
13136
13131
13127
13129
13137
13137
13140
13143
13139
13145
13143
13141
13139
13141
13137
13142
13135
13128
13127
13121
13126
13121
13122
13127
13122
13128
13136
13128
13135
13134
13135
13130
13133
13133
13132
13130
13123
13130
13124
13123
13122
13125
13127
13125
13131
13130
13134
13141
13136
13135
13128
13126
13128
13133
13132
13133
13129
13132
13137
13127
13133
13133
13127
13123
13128
13127
13130
13125
13130
13127
13120
13119
13118
13116
13112
13110
13114
13130
13127
13126
13129
13134
13138
13140
13141
13142
13143
13139
13140
13140
13135
13132
13133
13137
13146
13142
13142
13140
13139
13141
13135
13139
13138
13141
13139
13133
13133
13117
13119
13124
13122
13123
13129
13127
13130
13126
13126
13136
13137
13134
13146
13145
13147
13143
13138
13137
13134
13135
13134
13133
13135
13132
13137
13130
13127
13130
13131
13134
13141
13137
13129
13124
13126
13123
13122
13122
13122
13125
13135
13140
13139
13143
13141
13135
13147
13130
13124
13135
13132
13133
13144
13143
13148
13150
13143
13141
13147
13150
13147
13147
13151
13146
13148
13145
13141
13145
13146
13141
13142
13135
13133
13131
13136
13139
13133
13136
13138
13139
13129
13139
13136
13138
13139
13145
13140
13141
13130
13141
13133
13129
13132
13121
13129
13132
13129
13137
13139
13138
13131
13134
13121
13126
13124
13123
13123
13126
13114
13118
13120
13115
13122
13127
13131
13134
13134
13136
13136
13128
13127
13128
13127
13137
13140
13139
13143
13139
13142
13144
13126
13133
13137
13134
13138
13134
13127
13130
13134
13131
13120
13127
13123
13129
13128
13121
13117
13123
13122
13128
13133
13128
13132
13135
13137
13141
13142
13140
13138
13131
13135
13138
13141
13147
13145
13150
13157
13153
13147
13157
13147
13146
13148
13139
13140
13144
13151
13153
13148
13139
13135
13137
13146
13141
13142
13141
13139
13144
13135
13135
13132
13129
13132
13136
13139
13138
13138
13134
13137
13130
13132
13131
13129
13129
13131
13125
13128
13119
13117
13126
13123
13125
13138
13133
13138
13139
13135
13134
13135
13128
13125
13119
13126
13123
13126
13131
13137
13141
13141
13139
13143
13137
13136
13136
13133
13131
13138
13141
13149
13130
13131
13131
13131
13137
13136
13138
13140
13133
13132
13136
13130
13126
13138
13140
13138
13133
13134
13130
13128
13125
13118
13123
13126
13135
13132
13125
13124
13134
13139
13139
13137
13136
13138
13138
13138
13135
13132
