13138
13136
13136
13135
13130
13134
13135
13138
13135
13129
13129
13128
13133
13133
13134
13143
13151
13160
13157
13156
13157
13151
13142
13142
13135
13135
13138
13135
13134
13125
13123
13129
13127
13123
13126
13127
13126
13133
13134
13135
13134
13129
13130
13135
13137
13134
13132
13127
13131
13127
13125
13129
13141
13138
13142
13141
13145
13140
13141
13137
13138
13132
13130
13129
13129
13135
13143
13132
13138
13143
13142
13143
13143
13137
13139
13140
13138
13140
13138
13138
13137
13147
13151
13143
13140
13137
13142
13144
13140
13143
13138
13137
13140
13132
13127
13138
13142
13140
13135
13138
13135
13138
13133
13135
13125
13133
13139
13137
13140
13131
13132
13138
13131
13128
13146
13145
13143
13147
13150
13145
13140
13138
13135
13134
13130
13130
13140
13138
13142
13145
13146
13146
13154
13142
13134
13131
13131
13128
13128
13129
13133
13134
13133
13134
13129
13138
13147
13142
13145
13137
13141
13139
13135
13129
13143
13137
13133
13134
13136
13137
13135
13135
13138
13134
13135
13130
13129
13130
13128
13129
13130
13129
13136
13136
13131
13135
13129
13136
13138
13145
13135
13132
13129
13135
13125
13127
13131
13130
13137
13133
13133
13138
13138
13136
13140
13145
13136
13134
13133
13133
13130
13124
13119
13124
13127
13133
13126
13131
13132
13138
13137
13138
13151
13156
13154
13152
13152
13160
13146
13146
13143
13143
13137
13139
13129
13131
13136
13135
13131
13132
13124
13126
13133
13134
13142
13135
13134
13134
13126
13130
13129
13138
13138
13146
13146
13139
13139
13150
13151
13153
13151
13136
13140
13136
13135
13138
13136
13137
13138
13140
13137
13144
13140
13142
13138
13137
13138
13133
13138
13131
13131
13139
13134
13132
13143
13134
13131
13135
13136
13137
13138
13138
13137
13138
13142
13136
13137
13136
13130
13133
13133
13128
13135
13131
13130
13138
13142
13147
13151
13148
13145
13147
13144
13143
13135
13135
13138
13138
13143
13147
13139
13143
13145
13139
13141
13137
13130
13136
13137
13135
13135
13135
13135
13137
13142
13144
13146
13153
13156
13157
13156
13153
13159
13146
13147
13150
13142
13140
13139
13140
13139
13139
13141
13137
13136
13138
13142
13138
13146
13141
13136
13140
13141
13138
13140
13127
13133
13131
13127
13124
13127
13126
13126
13132
13137
13132
13136
13136
13138
13133
13128
13135
13138
13123
13120
13124
13124
13127
13125
13125
13121
13118
13121
13125
13126
13134
13137
13135
13149
13146
13146
13145
13143
13146
13162
13147
13148
13158
13149
13150
13149
13144
13138
13137
13138
13132
13132
13135
13140
13138
13136
13135
13142
13139
13140
13143
13140
13143
13145
13134
13133
13133
13137
13138
13135
13132
13131
13126
13130
13130
13121
13132
13138
13140
13149
13136
13132
13130
13132
13134
13136
13137
13143
13138
13142
13131
13134
13132
13141
13132
13135
13134
13136
13132
13134
13136
13141
13136
13138
13136
13132
13130
13130
13136
13134
13137
13143
13138
13142
13140
13137
13147
13140
13138
13139
13140
13148
13152
13145
13141
13142
13139
13141
13145
13138
13142
13144
13142
13150
13139
13141
13139
13149
13141
13136
13135
13134
13137
13129
13127
13129
13127
13131
13134
13137
13033
12565
12103
11823
11629
11438
11327
11286
11246
11275
11313
11391
11462
11549
11627
11727
11802
11889
11971
12039
12100
12172
12227
12280
12319
12278
12259
12272
12281
12312
12344
12386
12420
12465
12510
12548
12581
12618
12645
12675
12705
12736
12745
12777
12794
12820
12841
12863
12879
12902
12907
12923
12937
12957
12966
12985
12995
12996
13014
13015
13017
13027
13028
13029
13040
13053
13049
13054
13065
13065
13070
13074
13077
13082
13086
13084
13087
13090
13090
13086
13092
13104
13105
13104
13105
13103
13110
13110
13111
13116
13110
13107
13128
13121
13123
13128
13135
13137
13138
13141
13140
13139
13140
13137
13136
13135
13130
13130
13123
13129
13135
13133
13129
13133
13122
13122
13129
13123
13133
13128
13131
13132
13121
13121
13117
13118
13125
13128
13120
13133
13125
13122
13128
13124
13121
13129
13127
13124
13124
13129
13134
13140
13140
13135
13135
13140
13138
13138
13130
13134
13138
13140
13149
13147
13145
13145
13139
13134
13133
13130
13141
13139
13129
13137
13134
13136
13136
13124
13129
13133
13143
13138
13139
13142
13142
13145
13144
13144
13146
13143
13140
13138
13142
13142
13144
13139
13138
13143
13135
13132
13134
13123
13124
13119
13127
13135
13139
13137
13140
13136
13134
13134
13129
13127
13132
13130
13131
13121
13128
13124
13121
13125
13127
13119
13126
13135
13139
13142
13137
13139
13137
13134
13127
13122
13131
13131
13131
13126
13121
13121
13128
13128
13129
13126
13125
13128
13133
13125
13129
13126
13129
13128
13123
13123
13123
13126
13133
13125
13127
13131
13126
13130
13137
13136
13138
13139
13139
13145
13143
13151
13140
13139
13142
13133
13134
13126
13120
13126
13124
13125
13131
13130
13133
13136
13129
13130
13126
13126
13128
13118
13130
13127
13122
13128
13128
13137
13144
13135
13131
13141
13134
13133
13132
13128
13125
13130
13133
13134
13130
13129
13129
13123
13126
13131
13137
13135
13134
13136
13131
13128
13134
13132
13138
13137
13143
13144
13142
13142
13147
13147
13146
13150
13144
13148
13147
13151
13160
13152
13153
13156
13144
13141
13136
13129
13128
13123
13131
13138
13129
13128
13127
13133
13143
13139
13140
13140
13141
13144
13140
13144
13143
13145
13142
13143
13151
13140
13136
13128
13126
13121
13133
13133
13130
13135
13138
13141
13147
13139
13138
13147
13141
13140
13146
13142
13142
13143
13147
13137
13136
13134
13135
13141
13138
13134
13139
13132
13133
13137
13136
13129
13133
13132
13144
13148
13147
13140
13137
13137
13143
13134
13132
13127
13132
13139
13140
13138
13138
13134
13135
13147
13137
13137
13138
13134
13137
13141
13139
13129
13127
13129
13124
13121
13129
13130
13131
13135
13131
13129
13124
13118
13126
13123
13132
13134
13131
13128
13133
13142
13138
13138
13138
13130
13122
13126
13127
13127
13132
13135
13134
13140
13128
13119
13129
13122
13128
13127
13133
13133
13131
13139
13140
13139
13143
13145
13148
13146
13137
13145
13135
13143
13152
13151
13146
13143
13140
13136
13138
13135
13125
13116
13123
13129
13121
13126
13131
13129
13132
13135
13128
13138
13131
13128
13135
13142
13137
13144
13146
13145
13143
13146
13136
13145
13140
13141
13141
13141
13138
13142
13138
13127
13133
13130
13128
13125
13134
13131
13127
13127
13131
13127
13133
13131
13133
13136
13136
