13139
13143
13141
13141
13141
13145
13140
13142
13143
13138
13143
13138
13140
13144
13140
13140
13148
13144
13143
13137
13144
13135
13140
13145
13137
13131
13130
13131
13127
13113
13119
13125
13127
13123
13121
13119
13121
13121
13119
13120
13120
13121
13131
13123
13131
13137
13136
13139
13133
13122
13136
13128
13127
13130
13128
13133
13128
13128
13118
13115
13113
13121
13125
13128
13132
13139
13141
13144
13139
13130
13125
13127
13126
13126
13128
13129
13133
13132
13127
13133
13129
13133
13144
13139
13145
13140
13131
13142
13131
13131
13135
13124
13124
13130
13138
13138
13137
13132
13135
13129
13121
13128
13126
13126
13131
13129
13123
13126
13129
13125
13127
13131
13129
13130
13134
13132
13129
13137
13139
13146
13144
13147
13148
13144
13149
13141
13142
13146
13147
13133
13145
13135
13126
13126
13122
13128
13138
13138
13141
13145
13147
13140
13136
13144
13136
13136
13133
13123
13127
13128
13129
13133
13131
13132
13134
13136
13127
13123
13129
13137
13129
13125
13134
13130
13134
13136
13132
13138
13138
13133
13138
13130
13130
13138
13127
13135
13139
13136
13133
13125
13133
13133
13132
13135
13145
13137
13134
13128
13129
13125
13129
13132
13128
13131
13128
13121
13131
13128
13128
13136
13135
13133
13135
13130
13124
13130
13123
13130
13129
13130
13134
13132
13127
13132
13134
13136
13140
13145
13151
13146
13153
13141
13144
13150
13150
13143
13136
13137
13141
13137
13134
13136
13139
13144
13144
13144
13149
13147
13152
13153
13144
13142
13137
13135
13129
13133
13133
13146
13143
13140
13145
13139
13138
13148
13148
13152
13151
13152
13149
13146
13145
13133
13130
13134
13137
13134
13134
13136
13136
13124
13128
13134
13139
13142
13139
13141
13146
13138
13133
13133
13128
13137
13141
13145
13151
13148
13146
13143
13138
13135
13145
13143
13141
13147
13135
13134
13143
13145
13151
13149
13140
13132
13140
13145
13139
13141
13144
13145
13147
13143
13145
13143
13138
13133
13127
13128
13132
13126
13124
13132
13132
13138
13134
13134
13136
13139
13139
13148
13138
13137
13145
13136
13141
13146
13138
13139
13140
13137
13134
13126
13127
13123
13127
13132
13134
13134
13133
13136
13143
13141
13137
13140
13143
13142
13136
13132
13129
13137
13132
13132
13129
13133
13131
13131
13130
13125
13127
13134
13128
13126
13129
13127
13128
13123
13111
13116
13117
13123
13124
13123
13119
13126
13125
13133
13128
13128
13136
13137
13146
13134
13126
13133
13134
13136
13136
13140
13135
13136
13143
13134
13127
13130
13136
13135
13145
13140
13142
13144
13139
13130
13137
13138
13143
13139
13133
13131
13134
13135
13130
13125
13133
13127
13125
13135
13133
13135
13140
13136
13139
13129
13129
13134
13127
13132
13135
13133
13128
13132
13130
13135
13135
13135
13136
13135
13137
13140
13137
13141
13138
13135
13133
13132
13130
13134
13133
13139
13143
13153
13140
13140
13142
13138
13135
13130
13126
13118
13120
13122
13123
13122
13120
13127
13132
13131
13118
13119
13121
13133
13126
13137
13125
13129
13130
13138
13128
13131
13131
13132
13124
13123
13124
13123
13126
13132
13124
13125
13131
13124
13125
13129
13133
13131
12861
11877
10806
10034
9502
9180
9077
9055
9150
9267
9444
9603
9796
9972
10169
10335
10487
10561
10677
10789
10919
11030
11158
11269
11391
11506
11611
11690
11801
11877
11959
12031
12095
12148
12218
12269
12325
12367
12420
12469
12516
12549
12592
12620
12645
12668
12706
12725
12745
12773
12807
12830
12847
12867
12886
12900
12913
12921
12925
12940
12949
12958
12971
12982
12990
13000
13008
13015
13034
13045
13047
13060
13059
13067
13066
13071
13077
13083
13084
13087
13083
13085
13083
13087
13088
13094
13102
13103
13099
13103
13108
13116
13118
13117
13117
13114
13113
13115
13113
13117
13122
13130
13133
13130
13121
13125
13118
13115
13119
13118
13118
13121
13118
13130
13131
13123
13127
13131
13128
13123
13125
13130
13125
13130
13141
13132
13143
13140
13146
13138
13146
13136
13129
13130
13129
13129
13131
13133
13126
13126
13129
13127
13131
13126
13127
13126
13124
13121
13123
13120
13121
13124
13126
13129
13133
13131
13128
13135
13142
13143
13141
13151
13149
13149
13145
13144
13139
13134
13125
13124
13124
13123
13122
13125
13135
13127
13136
13140
13139
13140
13139
13139
13137
13132
13133
13137
13132
13132
13135
13127
13132
13140
13134
13139
13145
13145
13147
13147
13150
13143
13145
13151
13138
13143
13149
13142
13143
13140
13139
13138
13135
13134
13136
13137
13138
13133
13129
13134
13126
13133
13128
13125
13129
13130
13126
13137
13137
13138
13142
13131
13126
13130
13126
13130
13132
13127
13132
13138
13134
13127
13129
13128
13134
13135
13140
13141
13149
13148
13150
13147
13137
13138
13136
13135
13132
13138
13145
13160
13159
13159
13154
13146
13144
13139
13134
13133
13130
13125
13133
13133
13134
13136
13127
13134
13130
13130
13135
13134
13133
13132
13131
13135
13137
13137
13136
13133
13142
13130
13133
13133
13121
13123
13123
13127
13128
13136
13148
13153
13151
13145
13144
13138
13141
13140
13138
13143
13143
13142
13151
13143
13145
13141
13137
13137
13144
13140
13127
13131
13135
13129
13129
13135
13130
13131
13129
13133
13140
13137
13137
13143
13137
13138
13134
13137
13135
13138
13145
13148
13147
13148
13147
13142
13140
13141
13136
13137
13135
13128
13136
13126
13128
13133
13126
13131
13135
13130
13137
13139
13139
13130
13135
13136
13135
13142
13136
13132
13136
13135
13135
13130
13132
13134
13138
13135
13134
13138
13134
13132
13124
13132
13132
13127
13124
13130
13130
13133
13133
13128
13137
13131
13134
13141
13136
13137
13129
13137
13136
13134
13134
13127
13126
13134
13133
13128
13126
13123
13127
13115
13121
13120
13121
13126
13131
13132
13136
13141
13138
13140
13133
13140
13136
13132
13132
13136
13140
13142
13130
13127
13135
13139
13145
13143
13148
13144
13152
13143
13141
13134
13134
13128
13125
13128
13117
13120
13121
13118
13126
13124
13127
13123
13130
13135
13128
13128
13124
13126
13132
13132
13131
13133
13135
13134
13137
13134
13125
13127
13117
13114
13118
13119
13121
13122
13122
13124
13117
13121
13122
13124
13132
13128
13131
13134
13140
13149
13152
13150
13156
13154
13150
13153
13144
13140
13138
13142
13147
13148
13144
13149
13141
13144
13143
13137
13138
13131
13127
13134
13131
13127
13135
13129
13133
13136
13123
13129
13126
13126
13135
13130
13128
13130
13139
13138
13145
13147
13143
13136
13140
13132
