13138
13140
13145
13140
13139
13141
13132
13141
13138
13138
13133
13129
13130
13130
13132
13124
13125
13127
13130
13128
13133
13123
13129
13134
13134
13141
13144
13147
13148
13143
13133
13139
13136
13135
13138
13142
13137
13138
13133
13129
13119
13124
13120
13118
13114
13118
13126
13126
13127
13123
13140
13139
13147
13154
13149
13140
13140
13143
13148
13149
13141
13139
13139
13140
13134
13136
13137
13133
13133
13122
13118
13119
13115
13132
13123
13128
13128
13135
13140
13146
13139
13138
13141
13138
13131
13129
13133
13138
13131
13129
13131
13129
13131
13134
13128
13120
13129
13128
13134
13127
13125
13128
13138
13145
13141
13143
13149
13145
13161
13148
13138
13138
13128
13121
13125
13130
13125
13126
13119
13123
13118
13121
13124
13126
13142
13147
13164
13164
13160
13147
13154
13154
13143
13146
13143
13134
13134
13133
13133
13133
13129
13126
13130
13129
13133
13132
13132
13131
13132
13137
13131
13127
13131
13133
13134
13136
13137
13129
13137
13136
13136
13135
13139
13129
13134
13134
13134
13137
13128
13129
13139
13124
13125
13125
13117
13116
13122
13124
13124
13124
13125
13126
13129
13128
13128
13125
13121
13119
13126
13122
13118
13123
13119
13116
13124
13128
13132
13134
13137
13148
13152
13156
13151
13138
13137
13134
13135
13139
13137
13137
13138
13135
13133
13137
13132
13137
13138
13132
13129
13131
13130
13128
13119
13126
13117
13123
13129
13134
13136
13133
13124
13135
13134
13134
13131
13141
13143
13151
13147
13147
13141
13139
13135
13133
13133
13132
13134
13140
13132
13130
13136
13123
13129
13142
13136
13130
13136
13131
13140
13133
13131
13126
13127
13129
13134
13137
13134
13133
13139
13129
13124
13127
13133
13135
13133
13135
13144
13139
13146
13148
13143
13141
13142
13136
13133
13130
13127
13130
13119
13124
13132
13132
13130
13135
13132
13133
13136
13134
13130
13129
13138
13137
13141
13138
13137
13143
13147
13141
13144
13132
13127
13135
13129
13139
13141
13144
13146
13152
13144
13146
13142
13145
13140
13135
13129
13125
13128
13129
13122
13112
13118
13115
13110
13121
13117
13117
13128
13130
13129
13125
13129
13124
13131
13131
13134
13127
13132
13134
13139
13138
13135
13136
13134
13133
13137
13136
13138
13142
13146
13143
13141
13135
13133
13130
13137
13139
13146
13148
13138
13135
13141
13138
13138
13143
13138
13142
13142
13144
13141
13139
13137
13138
13139
13135
13136
13137
13135
13138
13146
13125
13126
13123
13121
13121
13120
13125
13133
13136
13136
13133
13121
13126
13126
13126
13135
13135
13137
13141
13134
13136
13137
13131
13128
13131
13132
13138
13142
13135
13143
13139
13148
13144
13143
13143
13139
13128
13126
13115
13129
13131
13127
13133
13134
13141
13135
13132
13138
13136
13136
13137
13136
13137
13148
13143
13144
13140
13137
13140
13137
13129
13135
13138
13140
13143
13142
13136
13123
12998
12914
12866
12835
12822
12826
12827
12836
12847
12856
12860
12888
12899
12910
12925
12933
12942
12955
12962
12975
12981
12988
13000
13004
13013
13026
13033
13042
13049
13051
13064
13066
13074
13081
13075
13076
13093
13092
13094
13099
13102
13103
13103
13106
13109
13101
13102
13104
13110
13081
12526
11546
10802
10339
10076
9972
9929
9974
10012
10121
10201
10287
10379
10519
10653
10802
10931
11066
11180
11297
11408
11521
11613
11729
11805
11811
11820
11862
11903
11949
11999
12063
12114
12166
12215
12279
12326
12388
12430
12476
12512
12555
12579
12613
12644
12668
12691
12724
12751
12773
12801
12826
12849
12860
12882
12902
12909
12929
12928
12932
12949
12953
12964
12980
12982
12991
13005
13010
13025
13036
13038
13045
13046
13050
13061
13066
13073
13079
13085
13086
13090
13093
13090
13090
13100
13094
13097
13096
13096
13098
13103
13108
13112
13108
13114
13123
13120
13120
13123
13135
13140
13142
13137
13148
13132
13135
13134
13135
13132
13131
13128
13130
13131
13122
13122
13118
13125
13126
13121
13131
13124
13125
13126
13116
13119
13115
13119
13116
13122
13119
13115
12995
12910
12860
12830
12813
12807
12815
12827
12843
12851
12860
12867
12889
12890
12905
12927
12944
12956
12979
12983
12994
13001
13015
13019
13028
13031
13043
13047
13047
13050
13064
13064
13071
13077
13083
13089
13097
13096
13100
13098
13104
13101
13093
13104
13106
13102
13111
13110
13110
13114
13110
13110
13112
13108
13111
13111
13109
13113
13110
13115
13122
13122
13124
13127
13124
13129
13130
13129
13129
13128
13138
13134
13133
13134
13132
13143
13138
13139
13135
13132
13134
13130
13125
13121
13125
13116
13126
13126
13120
13118
13122
13118
13120
13114
13119
13124
13131
13133
13138
13141
13148
13148
13147
13146
13145
13148
13154
13145
13142
13145
13141
13139
13134
13136
13131
13133
13133
13132
13135
13136
13133
13137
13126
13124
13121
13120
13119
13117
13122
13133
13134
13127
13138
13125
13127
13124
13124
13122
13123
13118
13125
13127
13129
13136
13134
13126
13134
13130
13133
13131
13139
13126
13123
13128
13126
13125
13129
13135
13136
13136
13137
13137
13130
13140
13141
13129
13129
13123
13132
13138
13140
13129
13132
13128
13127
13134
13134
13126
13117
13119
13115
13120
13128
13123
13131
13140
13139
13141
13140
13142
13145
13131
13133
13138
13139
13132
13134
13133
13134
13136
13130
13138
13132
13129
13131
13122
13126
13123
13126
13133
13125
13122
13132
13129
13134
13139
13131
13130
13136
13134
13129
13129
13123
13126
13123
13128
13118
13123
13128
13125
13130
13133
13134
13138
13140
13134
13132
13137
13135
13137
13134
13138
13137
13143
13143
13138
13140
13141
13141
13139
13135
13131
13135
13128
13131
13118
13125
13122
13128
13123
13127
13128
13131
13132
13135
13135
13137
13129
13131
13137
13135
13129
13126
13133
13137
13138
13143
13146
13154
13156
13155
13153
13150
13146
13148
13145
13147
13147
13146
13142
13132
13124
13126
13127
13123
13131
13123
13125
13127
13132
13133
13133
13133
13129
13133
13138
13137
13135
13134
13135
13140
13139
13132
13135
13134
13135
13140
13138
13138
13134
13132
13135
13132
13133
13139
13131
13131
13137
13133
13138
13132
13124
13133
13130
13125
13135
13137
13142
13137
13139
13138
13138
13142
13143
13137
13141
13132
13133
13132
13131
13132
13128
13121
13125
13122
13125
13129
13131
13131
13132
13126
13125
13122
13125
13118
13122
13127
13128
13124
13127
13123
13125
13130
13121
13122
13130
13129
13136
13140
13132
13131
13128
13134
13138
13140
13139
13134
13141
13138
13139
13146
13146
