13133
13137
13136
13135
13136
13131
13129
13131
13128
13127
13128
13122
13125
13127
13126
13134
13140
13134
13137
13137
13131
13134
13131
13130
13124
13123
13119
13116
13123
13121
13127
13126
13124
13123
13123
13122
13137
13135
13145
13146
13144
13138
13136
13135
13134
13135
13135
13134
13135
13138
13145
13136
13144
13139
13143
13148
13152
13148
13155
13152
13151
13152
13141
13136
13133
13138
13142
13143
13136
13133
13131
13133
13127
13131
13134
13134
13142
13126
13126
13131
13135
13128
13134
13134
13129
13128
13135
13140
13142
13143
13140
13139
13137
13138
13132
13138
13136
13127
13132
13125
13128
13138
13133
13128
13135
13135
13137
13130
13132
13123
13135
13138
13140
13135
13138
13138
13142
13144
13133
13126
13123
13132
13132
13132
13136
13129
13132
13132
13125
13125
13131
13133
13139
13141
13136
13143
13138
13141
13143
13130
13136
13139
13139
13140
13139
13138
13142
13134
13137
13130
13129
13129
13131
13128
13127
13135
13148
13144
13133
13130
13134
13135
13135
13132
13127
13131
13125
13132
13131
13131
13130
13129
13132
13127
13125
13133
13128
13132
13134
13125
13126
13136
13132
13129
13136
13134
13135
13138
13146
13141
13145
13142
13140
13136
13137
13132
13137
13135
13128
13135
13142
13142
13133
13137
13129
13131
13135
13132
13128
13136
13137
13136
13139
13134
13128
13135
13127
13124
13137
13132
13135
13141
13139
13145
13143
13146
13146
13143
13150
13148
13145
13148
13143
13135
13130
13130
13142
13127
13125
13131
13130
13127
13125
13123
13120
13124
13127
13126
13120
13121
13126
13135
13138
13135
13134
13134
13125
13126
13127
13120
13124
13129
13134
13136
13131
13128
13127
13130
13132
13132
13135
13137
13135
13133
13132
13132
13145
13140
13131
13138
13136
13134
13129
13133
13137
13132
13134
13137
13138
13141
13139
13143
13145
13140
13137
13136
13129
13132
13136
13131
13128
13129
13125
13125
13126
13130
13132
13130
13128
13127
13124
13137
13131
13141
13141
13136
13140
13139
13141
13141
13133
13134
13134
13136
13135
13132
13135
13135
13128
13133
13132
13135
13133
13138
13137
13140
13135
13138
13149
13138
13135
13137
13136
13136
13141
13135
13133
13133
13134
13125
13126
13121
13125
13130
13132
13133
13137
13134
13137
13134
13133
13144
13134
13137
13142
13140
13139
13138
13127
13137
13139
13138
13137
13136
13130
13135
13131
13126
13145
13134
13134
13138
13133
13139
13138
13133
13136
13134
13138
13137
13137
13132
13137
13136
13137
13137
13139
13127
13129
13133
13131
13127
13115
13119
13123
13120
13123
13121
13121
13122
13133
13136
13142
13141
13140
13149
13143
13138
13142
13132
13134
13138
13141
13142
13129
13132
13135
13136
13141
13138
13134
13138
13130
13130
13131
13129
13132
13128
13130
13135
13139
13136
13129
13130
13127
13129
13129
13137
13132
13139
13145
13140
13135
13129
13129
13133
13132
13131
13137
13128
13133
13134
13141
13139
13148
13139
13141
13148
13155
13150
13146
13141
13139
13141
13143
13139
13150
13146
13147
13152
13146
13139
13144
13145
13145
13144
13148
13151
13146
13147
13149
13143
13142
13140
13138
13139
13141
13134
13138
13130
13131
13125
13124
13126
13119
13075
12532
11620
10809
10186
9855
9671
9654
9674
9782
9890
10061
10166
10276
10392
10533
10661
10805
10931
11063
11180
11300
11411
11525
11627
11738
11820
11918
11992
12063
12127
12194
12243
12307
12352
12401
12446
12497
12535
12573
12606
12637
12662
12697
12719
12749
12772
12797
12812
12828
12838
12853
12866
12882
12911
12933
12947
12961
12971
12987
12987
12986
12997
13006
13015
13029
13032
13039
13046
13060
13060
13069
13074
13075
13071
13074
13089
13088
13097
13107
13105
13109
13118
13119
13111
13111
13112
13110
13115
13112
13110
13117
13109
13104
13109
13106
13110
13114
13115
13115
13117
13120
13126
13129
13134
13135
13144
13137
13137
13136
13148
13137
13125
13130
13122
13121
13126
13126
13122
13123
13130
13144
13142
13144
13133
13135
13130
13131
13131
13138
13140
13150
13142
13146
13152
13146
13147
13145
13136
13133
13136
13128
13133
13129
13132
13129
13121
13119
13122
13125
13127
13128
13124
13138
13135
13134
13143
13149
13146
13152
13142
13145
13139
13139
13135
13133
13131
13126
13125
13122
13125
13130
13131
13133
13133
13128
13130
13126
13122
13133
13134
13137
13137
13142
13146
13145
13139
13139
13144
13136
13140
13135
13132
13137
13134
13129
13122
13128
13124
13138
13145
13145
13147
13150
13145
13149
13147
13148
13147
13149
13144
13144
13138
13133
13130
13126
13127
13131
13127
13123
13128
13124
13129
13127
13137
13134
13133
13138
13143
13143
13146
13145
13144
13158
13154
13154
13148
13147
13145
13142
13136
13129
13130
13142
13134
13141
13141
13131
13138
13132
13131
13134
13130
13130
13123
13126
13133
13134
13129
13135
13132
13134
13132
13126
13132
13131
13126
13126
13128
13126
13126
13128
13130
13131
13133
13133
13137
13131
13133
13132
13130
13131
13130
13131
13128
13133
13135
13126
13124
13128
13125
13133
13134
13137
13137
13130
13131
13138
13137
13147
13143
13149
13152
13150
13150
13144
13140
13140
13138
13134
13138
13138
13143
13151
13145
13141
13142
13133
13132
13134
13136
13132
13132
13131
13131
13140
13141
13135
13134
13142
13138
13139
13138
13139
13145
13150
13151
13146
13136
13139
13140
13144
13142
13133
13132
13140
13138
13141
13138
13139
13141
13138
13140
13145
13136
13131
13133
13134
13131
13137
13126
13129
13132
13127
13131
13132
13130
13137
13137
13137
13136
13147
13141
13144
13145
13147
13146
13148
13139
13146
13143
13142
13141
13129
13131
13134
13132
13135
13138
13132
13136
13126
13121
13127
13120
13124
13127
13132
13132
13134
13131
13126
13126
13131
13132
13134
13135
13136
13136
13141
13133
13139
13128
13135
13137
13134
13137
13129
13123
13133
13137
13136
13138
13129
13121
13123
13118
13128
13125
13128
13130
13133
13136
13147
13136
13127
13135
13133
13125
13135
13136
13130
13126
13131
13129
13126
13132
13132
13131
13132
13136
13144
13136
13141
13142
13139
13138
13138
13136
13145
13144
13141
13146
13140
13146
13141
13140
13138
13136
13134
13139
13132
13125
13125
13126
13118
13120
13119
13125
13129
13124
13120
13122
13124
13127
13126
13138
13137
13143
13140
13135
13139
13136
13134
13136
13139
13137
13129
13118
13127
13130
13129
13131
13126
13132
13133
13129
13136
13128
13132
13134
13132
13134
13143
13139
13135
13141
13137
13139
13132
13136
13142
13140
13139
13138
