13135
13132
13142
13142
13139
13138
13134
13134
13137
13131
13133
13120
13119
13129
13117
13123
13124
13123
13120
13126
13125
13131
13131
13128
13129
13128
13133
13130
13137
13131
13131
13130
13129
13125
13121
13122
13122
13124
13120
13127
13121
13129
13132
13128
13130
13132
13129
13132
13126
13129
13134
13122
13119
13122
13129
13132
13136
13134
13142
13147
13146
13145
13144
13145
13144
13143
13140
13132
13147
13138
13129
13135
13127
13133
13133
13132
13132
13129
13133
13139
13138
13143
13147
13137
13145
13140
13146
13140
13134
13134
13138
13136
13127
13136
13132
13135
13135
13140
13143
13139
13142
13137
13134
13131
13131
13134
13133
13137
13137
13131
13128
13136
13132
13130
13125
13126
13132
13135
13136
13135
13129
13135
13136
13128
13125
13124
13120
13123
13128
13128
13137
13129
13126
13138
13136
13129
13130
13135
13123
13134
13129
13126
13135
13137
13131
13125
13127
13123
13121
13116
13115
13120
13120
13126
13125
13127
13134
13133
13138
13139
13135
13135
13140
13132
13129
13132
13129
13132
13127
13131
13142
13137
13135
13139
13135
13135
13134
13131
13129
13126
13126
13119
13124
13130
13131
13135
13126
13128
13130
13129
13134
13139
13138
13136
13146
13139
13137
13137
13131
13135
13131
13136
13131
13137
13139
13134
13134
13137
13132
13128
13126
13126
13126
13138
13138
13138
13127
13137
13138
13135
13131
13124
13126
13133
13135
13132
13135
13135
13144
13137
13142
13136
13131
13128
13128
13122
13121
13125
13126
13135
13129
13140
13137
13134
13134
13132
13134
13140
13133
13128
13138
13127
13127
13136
13130
13132
13126
13130
13128
13126
13134
13131
13134
13137
13144
13138
13136
13132
13134
13128
13128
13130
13134
13138
13130
13001
12923
12872
12840
12828
12822
12832
12838
12843
12854
12866
12875
12888
12904
12915
12938
12933
12941
12954
12967
12982
12997
13013
13029
13038
13045
13046
13046
13055
13055
13052
13055
13062
13069
13074
13077
13089
13089
13090
13090
13097
13100
13104
13107
13111
13105
13103
13113
13107
13112
13116
13117
13121
13120
13121
13125
13124
13120
13122
13125
13130
13125
13122
13124
13132
13126
13125
13134
13132
13125
13124
13125
13126
13139
13135
13126
13126
13131
13134
13134
13128
13134
13129
13128
13127
13125
13130
13132
13132
13135
13128
13135
13142
13143
13132
13139
13135
13135
13140
13140
13138
13134
13137
13134
13127
13130
13129
13133
13136
13137
13136
13141
13138
13150
13139
13140
13137
13138
13138
13131
13131
13127
13136
13148
13150
13152
13149
13146
13138
13149
13147
13153
13153
13147
13139
13143
13134
13126
13130
13130
13129
13137
13143
13146
13144
13146
13140
13136
13139
13133
13133
13121
13123
13132
13123
13128
13083
12958
12882
12840
12815
12807
12803
12815
12838
12846
12863
12871
12877
12898
12914
12929
12938
12945
12950
12975
12979
12992
13009
13007
13023
13039
13044
13049
13055
13059
13065
13073
13074
13078
13083
13082
13087
13093
13093
13094
13096
13095
13098
13097
13098
13101
13108
13110
13111
13106
13110
13109
13107
13115
13125
13133
13136
13130
13130
13139
13129
13126
13124
13120
13120
13123
13126
13124
13127
13131
13124
13129
13133
13129
13135
13141
13132
13056
12819
12313
11794
11402
11113
10979
10919
10929
10969
11051
11128
11186
11154
11197
11244
11329
11399
11479
11561
11657
11730
11830
11899
11978
12046
12116
12169
12240
12287
12341
12386
12442
12476
12530
12571
12617
12651
12683
12710
12742
12755
12783
12801
12826
12835
12848
12866
12881
12898
12919
12940
12953
12966
12979
12989
12991
13001
13008
13019
13015
13020
13038
13041
13045
13048
13052
13061
13062
13065
13073
13078
13080
13080
13085
13094
13086
13100
13109
13109
13117
13107
13114
13118
13119
13124
13121
13114
13116
13112
13113
13113
13113
13113
13116
13109
13114
13117
13116
13122
13119
13112
13123
13118
13130
13132
13125
13121
13117
13119
13119
13123
13128
13127
13120
13122
13126
13125
13119
13116
13116
13118
13120
13129
13137
13144
13150
13141
13147
13143
13140
13138
13140
13140
13142
13137
13133
13134
13135
13136
13134
13131
13137
13129
13126
13133
13130
13124
13126
13128
13130
13125
13121
13111
13114
13128
13132
13133
13136
13136
13146
13138
13132
13139
13140
13139
13141
13148
13147
13140
13140
13147
13137
13134
13133
13131
13133
13134
13136
13140
13133
13132
13137
13137
13137
13138
13143
13149
13149
13146
13141
13135
13142
13140
13137
13141
13145
13142
13140
13138
13139
13137
13129
13133
13132
13129
13126
13127
13127
13126
13133
13131
13125
13128
13127
13127
13132
13137
13135
13139
13137
13136
13152
13144
13140
13143
13140
13139
13135
13137
13130
13132
13130
13130
13126
13132
13135
13133
13137
13140
13151
13147
13142
13148
13147
13147
13145
13142
13143
13138
13137
13139
13130
13134
13125
13127
13126
13128
13127
13142
13143
13146
13149
13138
13128
13133
13134
13139
13144
13136
13142
13141
13142
13135
13137
13137
13138
13133
13140
13134
13142
13139
13143
13139
13138
13137
13138
13139
13149
13144
13143
13147
13137
13131
13134
13132
13131
13134
13135
13134
13136
13130
13136
13136
13137
13142
13143
13148
13152
13154
13151
13147
13149
13144
13141
13141
13146
13142
13138
13133
13135
13132
13122
13132
13130
13130
13137
13138
13142
13140
13139
13139
13137
13138
13146
13139
13146
13143
13142
13144
13140
13140
13152
13142
13136
13143
13138
13146
13145
13141
13149
13143
13146
13144
13141
13142
13135
13133
13133
13132
13142
13130
13128
13138
13138
13138
13138
13134
13129
13133
13127
13131
13124
13126
13128
13132
13128
13131
13134
13135
13129
13130
13135
13131
13135
13148
13150
13154
13155
13151
13148
13143
13139
13132
13134
13139
13147
13144
13139
13138
13137
13136
13138
13138
13139
13139
13140
13140
13142
13144
13139
13146
13143
13148
13145
13141
13140
13140
13138
13138
13130
13124
13126
13127
13120
13122
13116
13119
13117
13109
13114
13109
13117
13123
13128
13129
13124
13130
13126
13125
13130
13116
13112
13118
13121
13122
13126
13128
13132
13132
13126
13126
13125
13125
13131
13121
13128
13131
13140
13140
13143
13135
13148
13126
13122
13133
13123
13130
13130
13122
13123
13126
13126
13122
13125
13132
13133
13137
13140
13140
13145
13131
13128
13132
13135
13132
13130
13129
13137
13135
13140
13136
13132
13135
13132
13136
13135
13136
13138
13140
13132
13134
13136
13123
13127
13129
13131
13125
13129
13127
13130
13136
13136
13134
13132
13139
13140
13133
13135
13128
13137
13133
