13146
13138
13133
13127
13134
13130
13129
13132
13130
13131
13132
13132
13138
13142
13144
13144
13142
13147
13141
13141
13141
13142
13134
13145
13134
13131
13133
13133
13121
13121
13111
13119
13119
13123
13118
13121
13121
13123
13126
13138
13133
13137
13136
13135
13131
13119
13122
13120
13117
13118
13121
13130
13129
13142
13144
13147
13140
13147
13149
13141
13145
13146
13155
13162
13158
13144
13143
13130
13127
13127
13121
13118
13117
13117
13120
13126
13128
13127
13127
13133
13133
13136
13137
13133
13139
13133
13138
13138
13136
13139
13137
13137
13138
13134
13126
13133
13134
13137
13129
13127
13133
13133
13128
13136
13137
13129
13130
13126
13131
13126
13122
13121
13118
13126
13132
13132
13140
13137
13136
13138
13132
13138
13130
13127
13129
13130
13132
13128
13129
13135
13139
13138
13131
13138
13136
13140
13138
13140
13143
13138
13143
13140
13144
13147
13137
13139
13138
13138
13139
13139
13136
13145
13144
13138
13133
13135
13135
13134
13137
13135
13135
13135
13132
13132
13135
13130
13131
13132
13130
13126
13120
13122
13129
13128
13132
13133
13130
13144
13149
13147
13141
13144
13139
13143
13133
13126
13124
13124
13125
13138
13144
13145
13142
13139
13144
13139
13140
13133
13133
13136
13134
13141
13143
13146
13152
13148
13143
13151
13154
13150
13147
13142
13141
13138
13134
13138
13137
13142
13143
13133
13139
13139
13139
13143
13140
13141
13141
13138
13136
13135
13128
13124
13126
13133
13134
13129
13134
13136
13132
13137
13122
13130
13129
13129
13135
13135
13129
13130
13129
13123
13130
13136
13137
13132
13132
13141
13136
13138
13131
13127
13126
13133
13134
13136
13139
13135
13143
13131
13127
13127
13123
13129
13125
13120
13119
13123
13129
13131
13127
13132
13134
13138
13143
13139
13143
13137
13139
13140
13144
13139
13135
13135
13137
13133
13133
13135
13123
13128
13125
13124
13123
13119
13112
13119
13120
13116
13128
13128
13129
13133
13133
13136
13142
13142
13139
13139
13137
13125
13123
13123
13126
13129
13121
13120
13128
13128
13123
13133
13135
13132
13127
13124
13126
13122
13125
13129
13123
13127
13133
13132
13142
13151
13146
13146
13146
13137
13142
13127
13127
13132
13126
13128
13133
13134
13141
13134
13132
13132
13132
13132
13132
13130
13124
13125
13137
13123
13126
13130
13131
13133
13132
13133
13142
13145
13148
13148
13146
13143
13139
13145
13141
13138
13132
13128
13119
13122
13132
13119
13118
13122
13126
13124
13124
13127
13134
13137
13133
13138
13140
13135
13134
13128
13132
13132
13129
13129
13123
13120
13121
13128
13125
13124
13130
13120
13124
13129
13120
13124
13134
13128
13129
13124
13119
13129
13128
13128
13124
13126
13135
13137
13137
13140
13137
13137
13132
13132
13127
13126
13136
13148
13149
13138
13136
13134
13138
13134
13125
13130
13134
13143
13143
13140
13135
13139
13140
13143
13134
13139
13143
13146
13141
13133
13124
13128
13125
13121
13117
13112
13115
13117
13121
13128
13131
13139
13138
13138
13144
13136
13127
13129
13131
13131
13132
13136
13143
13133
13126
13128
13129
13132
13125
13123
13136
13138
13133
13139
13130
13136
13138
13134
13140
13138
13141
13149
13142
13138
13061
12367
11292
10441
9747
9298
9109
9031
9089
9175
9335
9485
9680
9852
10052
10215
10406
10567
10749
10885
11043
11167
11301
11409
11518
11607
11704
11787
11877
11952
12029
12091
12163
12224
12284
12325
12372
12426
12478
12520
12566
12599
12632
12661
12693
12718
12744
12765
12790
12811
12824
12833
12853
12872
12890
12898
12916
12919
12942
12956
12953
12965
12974
12982
12998
13003
13022
13032
13047
13053
13056
13060
13068
13070
13070
13080
13075
13086
13085
13083
13083
13081
13087
13094
13095
13095
13096
13105
13105
13110
13110
13113
13117
13120
13118
13119
13118
13117
13133
13128
13125
13119
13115
13120
13123
13115
13113
13110
13111
13113
13110
13117
13117
13119
13118
13124
13125
13138
13141
13130
13136
13131
13125
13130
13129
13130
13129
13120
13121
13128
13127
13131
13134
13132
13135
13133
13133
13128
13132
13123
13123
13130
13135
13139
13139
13138
13139
13136
13133
13132
13126
13132
13134
13133
13135
13136
13134
13136
13137
13130
13130
13131
13134
13140
13134
13135
13134
13129
13130
13134
13136
13125
13122
13125
13127
13128
13134
13132
13137
13127
13135
13134
13133
13134
13133
13138
13134
13133
13135
13138
13134
13138
13139
13138
13136
13125
13126
13133
13132
13136
13142
13142
13140
13148
13139
13138
13140
13140
13138
13147
13139
13135
13129
13130
13127
13125
13113
13116
13124
13119
13119
13126
13127
13128
13128
13137
13133
13132
13125
13132
13126
13130
13133
13132
13134
13133
13127
13126
13125
13124
13134
13131
13130
13136
13133
13141
13136
13139
13140
13137
13134
13138
13133
13133
13132
13136
13134
13135
13140
13132
13136
13137
13138
13136
13132
13131
13138
13136
13126
13133
13126
13132
13130
13129
13128
13131
13131
13134
13131
13133
13134
13133
13131
13135
13131
13126
13126
13136
13144
13147
13150
13148
13147
13152
13158
13154
13150
13145
13145
13145
13133
13136
13136
13137
13138
13138
13135
13138
13138
13139
13132
13132
13134
13133
13128
13122
13123
13125
13119
13113
13121
13119
13113
13125
13124
13118
13126
13133
13135
13133
13132
13134
13134
13138
13140
13142
13134
13138
13142
13144
13137
13135
13133
13130
13130
13132
13132
13136
13131
13134
13139
13132
13133
13139
13142
13141
13138
13138
13138
13128
13136
13138
13132
13134
13132
13135
13136
13137
13132
13132
13133
13127
13130
13134
13137
13135
13131
13137
13141
13134
13137
13141
13143
13141
13138
13139
13145
13145
13147
13150
13138
13140
13143
13146
13134
13137
13130
13129
13120
13111
13123
13115
13114
13123
13123
13133
13130
13129
13129
13134
13136
13129
13127
13133
13130
13130
13127
13120
13131
13127
13127
13131
13130
13143
13142
13146
13144
13135
13126
13129
13129
13126
13132
13132
13137
13135
13128
13142
13143
13136
13142
13139
13134
13141
13136
13129
13126
13132
13137
13133
13133
13124
13127
13132
13129
13126
13124
13127
13129
13132
13126
13136
13132
13137
13139
13138
13142
13145
13136
13134
13135
13136
13139
13136
13134
13140
13142
13144
13139
13131
13133
13130
13134
13144
13141
13140
13149
13147
13138
13134
13140
13137
13138
13141
13135
13140
13132
13138
13133
13118
13118
13127
13122
13125
13127
13130
13125
13129
13130
13132
13128
13135
13133
13137
13137
13139
13126
13134
13123
13126
13134
13129
13137
13143
