13133
13132
13140
13134
13136
13138
13130
13138
13144
13139
13141
13143
13145
13142
13143
13146
13145
13145
13138
13138
13143
13134
13134
13136
13136
13141
13138
13139
13141
13138
13142
13139
13135
13145
13145
13139
13143
13145
13142
13145
13144
13148
13155
13144
13140
13137
13137
13140
13129
13133
13127
13132
13129
13127
13124
13128
13126
13136
13134
13145
13144
13137
13139
13147
13142
13151
13152
13154
13149
13145
13140
13138
13130
13140
13135
13128
13129
13121
13118
13123
13117
13118
13126
13126
13133
13143
13140
13147
13145
13147
13143
13143
13143
13140
13142
13142
13142
13138
13137
13128
13139
13137
13135
13141
13136
13147
13139
13139
13142
13140
13140
13145
13142
13149
13148
13148
13152
13152
13147
13144
13140
13138
13149
13147
13141
13138
13141
13138
13142
13145
13140
13142
13144
13139
13138
13138
13134
13129
13129
13129
13130
13129
13133
13138
13141
13140
13140
13141
13139
13138
13135
13139
13137
13140
13139
13134
13135
13140
13136
13134
13128
13128
13133
13133
13124
13128
13128
13134
13133
13130
13137
13139
13141
13135
13145
13138
13139
13142
13137
13133
13141
13129
13127
13130
13133
13128
13128
13129
13129
13132
13142
13147
13142
13148
13148
13155
13160
13148
13152
13143
13138
13133
13137
13136
13134
13134
13136
13134
13138
13142
13142
13141
13134
13138
13135
13133
13136
13136
13140
13130
13138
13131
13134
13134
13135
13135
13127
13134
13136
13140
13135
13139
13136
13139
13143
13146
13139
13132
13122
13132
13128
13133
13134
13127
13133
13137
13141
13144
13145
13143
13158
13150
13150
13139
13135
13132
13127
13129
13124
13128
13136
13132
13137
13140
13136
13133
13133
13137
13135
13132
13129
13134
13128
13134
13139
13132
13131
13134
13128
13133
13131
13129
13136
13134
13129
13134
13125
13134
13134
13141
13143
13136
13138
13132
13131
13132
13133
13131
13128
13135
13141
13130
13140
13146
13143
13145
13147
13149
13145
13143
13145
13144
13141
13139
13135
13128
13128
13129
13132
13138
13137
13139
13135
13134
13129
13134
13130
13135
13135
13138
13136
13136
13136
13140
13138
13146
13141
13139
13140
13144
13146
13142
13138
13140
13139
13134
13119
13122
13124
13129
13126
13123
13116
13129
13128
13130
13131
13131
13134
13147
13149
13146
13158
13153
13149
13149
13140
13140
13135
13137
13132
13134
13125
13131
13135
13136
13138
13135
13122
13129
13133
13131
13125
13128
13127
13128
13132
13128
13128
13130
13125
13134
13130
13140
13141
13138
13144
13143
13140
13141
13142
13135
13137
13133
13132
13137
13130
13138
13137
13143
13145
13139
13137
13137
13132
13136
13126
13137
13140
13139
13142
13130
13122
13129
13124
13124
13124
13136
13131
13135
13128
13128
13126
13134
13138
13139
13139
13139
13136
13145
13134
13132
13138
13138
13135
13134
13126
13124
13128
13130
13125
13123
13126
13121
13123
13132
13126
13132
13136
13134
13138
13144
13142
13146
13148
13141
13140
13144
13138
13137
13130
13129
13124
13127
13131
13133
13131
13135
13130
13134
13133
13132
13148
13144
13150
13149
13140
13145
13141
13140
13142
13145
13137
13139
13136
13134
13129
13125
13126
13130
13139
13140
13144
13147
13111
12571
11403
10551
10065
9786
9687
9649
9601
9614
9719
9831
9987
10132
10306
10463
10623
10765
10924
10978
11051
11132
11238
11326
11428
11516
11617
11699
11788
11859
11946
12017
12087
12147
12215
12273
12336
12384
12433
12473
12517
12557
12590
12620
12650
12682
12707
12730
12750
12772
12798
12828
12854
12881
12888
12904
12911
12927
12948
12957
12960
12970
12979
12987
13002
13009
13016
13025
13040
13052
13058
13063
13064
13064
13062
13062
13077
13071
13069
13075
13077
13081
13080
13082
13082
13092
13100
13106
13111
13117
13118
13113
13117
13118
13116
13122
13121
13118
13123
13126
13120
13126
13121
13120
13121
13120
13116
13119
13118
13121
13120
13125
13127
13134
13137
13139
13145
13139
13133
13136
13136
13134
13131
13132
13126
13135
13129
13129
13123
13125
13130
13125
13125
13124
13118
13122
13120
13121
13126
13131
13128
13139
13138
13138
13145
13137
13139
13134
13128
13131
13124
13132
13133
13136
13129
13135
13139
13136
13138
13144
13147
13147
13143
13138
13135
13143
13135
13138
13137
13144
13139
13139
13133
13137
13138
13138
13132
13125
13130
13132
13127
13133
13123
13128
13133
13132
13128
13128
13135
13140
13135
13144
13139
13137
13141
13138
13140
13133
13125
13127
13128
13133
13126
13132
13131
13133
13126
13130
13127
13131
13133
13134
13136
13135
13127
13133
13120
13124
13135
13131
13123
13126
13127
13128
13125
13130
13128
13131
13133
13136
13130
13142
13135
13144
13143
13140
13146
13139
13128
13131
13130
13126
13133
13136
13143
13144
13146
13136
13138
13140
13140
13137
13140
13145
13147
13142
13135
13128
13134
13131
13128
13130
13122
13123
13125
13128
13134
13137
13129
13134
13140
13146
13144
13145
13143
13139
13145
13138
13134
13141
13144
13139
13142
13139
13136
13137
13134
13138
13134
13128
13129
13134
13128
13127
13132
13135
13129
13133
13145
13137
13131
13137
13138
13138
13139
13139
13143
13146
13142
13137
13133
13137
13134
13138
13140
13139
13142
13138
13141
13146
13142
13139
13132
13130
13127
13135
13134
13135
13133
13138
13136
13134
13137
13136
13130
13137
13132
13124
13126
13129
13134
13141
13134
13133
13138
13133
13135
13136
13135
13138
13143
13144
13147
13147
13144
13146
13149
13140
13138
13137
13137
13141
13139
13138
13137
13136
13132
13135
13130
13130
13132
13137
13135
13131
13130
13134
13127
13129
13127
13126
13122
13142
13133
13140
13134
13133
13131
13135
13135
13135
13140
13143
13139
13137
13133
13131
13136
13129
13126
13122
13127
13133
13129
13128
13130
13129
13134
13132
13126
13135
13142
13138
13137
13134
13132
13141
13132
13122
13124
13118
13113
13120
13120
13125
13124
13129
13125
13132
13132
13125
13129
13131
13130
13132
13129
13136
13144
13142
13138
13146
13141
13143
13139
13136
13137
13142
13136
13133
13132
13133
13137
13135
13130
13129
13124
13133
13129
13124
13125
13122
13120
13122
13120
13131
13134
13134
13137
13140
13136
13134
13137
13135
13129
13128
13125
13129
13138
13134
13134
13134
13134
13138
13137
13131
13137
13140
13138
13144
13139
13139
13135
13132
13127
13128
13126
13133
13130
13128
13129
13126
13127
13133
13130
13125
13128
13126
13133
13135
13135
13134
13133
13134
13141
13138
13140
13140
13147
13146
13142
13143
13148
13150
13155
13147
13149
13143
