13118
13117
13121
13121
13125
13125
13123
13131
13125
13124
13133
13123
13120
13125
13124
13121
13124
13122
13125
13120
13120
13121
13128
13137
13140
13134
13138
13140
13143
13138
13138
13143
13144
13135
13134
13134
13127
13138
13139
13140
13136
13141
13137
13131
13136
13130
13133
13129
13126
13125
13134
13124
13125
13134
13133
13131
13137
13142
13135
13135
13133
13125
13128
13133
13125
13129
13132
13135
13139
13127
13125
13127
13125
13127
13134
13140
13138
13137
13139
13137
13133
13136
13144
13142
13140
13144
13142
13138
13135
13135
13146
13133
13131
13136
13143
13145
13147
13141
13136
13138
13141
13140
13143
13144
13136
13133
13131
13122
13131
13137
13139
13143
13052
12939
12875
12839
12825
12820
12822
12830
12827
12847
12864
12872
12887
12902
12913
12926
12936
12945
12969
12978
12985
13005
13015
13016
13026
13031
13038
13050
13048
13053
13051
13058
13063
13071
13082
13078
13083
13085
13088
13104
13104
13106
13097
13100
13104
13106
13105
13115
13116
13116
13118
13114
13117
13116
13121
13118
13109
13108
13119
13116
13121
13115
13116
13117
13118
13122
13123
13112
13122
13120
13125
13132
13134
13130
13134
13130
13133
13132
13134
13138
13140
13140
13139
13132
13135
13133
13138
13134
13127
13135
13140
13135
13137
13139
13133
13136
13135
13130
13133
13125
13129
13133
13131
13130
13133
13132
13139
13131
13133
13127
13124
13128
13124
13122
13124
13117
13126
13119
13123
13137
13138
13133
13136
13127
13139
13137
13129
13129
13129
13136
13137
13138
13144
13140
13140
13135
13137
13136
13135
13130
13129
13138
13134
13129
13132
13134
13140
13141
13136
13136
13134
13142
13142
13149
13148
13137
13145
13131
13131
13132
13127
13125
13116
13122
13120
13119
13118
13127
13120
13128
13125
13122
13126
13123
13121
13123
13118
13120
13128
13123
13127
13134
13129
13132
13136
13136
13143
13140
13139
13140
13135
13138
13139
13139
13138
13129
13124
13113
13114
13116
13125
13120
13125
13130
13135
13144
13142
13140
13137
13141
13139
13137
13133
13128
13127
13130
13127
13118
13119
13114
13118
13131
13129
13136
13146
13140
13144
13142
13141
13135
13134
13137
13125
13127
13119
13131
13136
13128
13131
13130
13132
13135
13131
13133
13132
13137
13138
13147
13142
13145
13147
13140
13140
13138
13137
13137
13131
13132
13139
13137
13138
13150
13146
13146
13140
13136
13135
13142
13138
13141
13136
13141
13138
13132
13129
13126
13137
13134
13139
13138
13136
13144
13146
13145
13148
13147
13153
13150
13145
13138
13138
13138
13140
13138
13134
13136
13130
13122
13131
13131
13129
13133
13128
13128
13128
13137
13142
13144
13145
13138
13137
13143
13143
13132
13136
13131
13139
13136
13130
13138
13139
13132
13128
13134
13131
13134
13133
13137
13138
13149
13145
13140
13144
13139
13139
13138
13129
13126
13134
13128
13131
13133
13122
13132
13131
13132
13130
13134
13136
13131
13130
13135
13131
13142
13144
13142
13148
13144
13140
13142
13135
13137
13135
13134
13132
13135
13134
13133
13127
13133
13133
13137
13138
13133
13129
13134
13135
13126
13135
13127
13128
13132
13129
13138
13137
13140
13136
13140
13132
13128
13126
13131
13129
13132
13136
13127
13081
12545
11831
11320
10928
10713
10638
10616
10669
10729
10838
10925
11048
11155
11278
11384
11494
11586
11698
11773
11860
11931
12014
12078
12146
12210
12270
12325
12384
12437
12490
12532
12572
12598
12639
12669
12694
12721
12746
12766
12791
12805
12824
12846
12870
12891
12905
12909
12926
12939
12944
12958
12967
12972
12988
12994
13005
13016
13022
13031
13034
13036
13044
13044
13051
13065
13063
13072
13080
13079
13079
13072
13070
13075
13083
13093
13096
13097
13100
13104
13120
13119
13109
13116
13116
13119
13117
13107
13106
13110
13109
13122
13122
13130
13134
13128
13124
13124
13119
13119
13107
13101
13111
13111
13117
13120
13110
13117
13124
13122
13128
13126
13126
13123
13133
13135
13127
13124
13124
13117
13131
13128
13129
13130
13133
13131
13123
13131
13136
13136
13133
13131
13126
13132
13133
13134
13133
13133
13141
13137
13130
13128
13126
13120
13128
13139
13134
13138
13140
13138
13134
13132
13136
13133
13131
13138
13142
13138
13137
13135
13136
13122
13117
13128
13121
13127
13125
13123
13131
13141
13142
13148
13138
13145
13146
13138
13145
13146
13143
13148
13138
13135
13138
13139
13134
13134
13133
13139
13147
13147
13147
13143
13142
13142
13142
13138
13135
13138
13132
13133
13133
13126
13124
13127
13123
13124
13126
13124
13134
13138
13136
13136
13129
13137
13144
13138
13140
13143
13140
13145
13138
13132
13141
13137
13139
13137
13137
13134
13137
13140
13145
13138
13136
13124
13134
13136
13137
13131
13124
13118
13127
13131
13135
13138
13137
13143
13142
13142
13139
13145
13139
13148
13137
13144
13145
13138
13129
13126
13128
13132
13126
13127
13141
13136
13134
13133
13130
13133
13131
13127
13126
13122
13125
13132
13136
13127
13126
13124
13130
13135
13145
13142
13136
13138
13136
13134
13135
13140
13142
13138
13137
13139
13129
13134
13125
13125
13124
13127
13129
13125
13120
13120
13127
13126
13120
13128
13122
13125
13132
13131
13134
13133
13137
13131
13126
13127
13124
13130
13129
13136
13140
13133
13138
13145
13146
13145
13146
13144
13143
13139
13139
13134
13131
13132
13126
13127
13132
13127
13130
13135
13133
13129
13133
13130
13129
13135
13132
13129
13131
13127
13135
13131
13127
13123
13116
13123
13119
13128
13122
13122
13125
13126
13125
13127
13128
13123
13125
13128
13126
13140
13138
13139
13134
13132
13134
13136
13132
13133
13131
13146
13142
13147
13143
13135
13140
13147
13143
13141
13138
13137
13141
13142
13142
13139
13140
13147
13145
13140
13140
13129
13127
13120
13122
13119
13118
13118
13116
13126
13127
13129
13126
13129
13127
13135
13139
13139
13137
13140
13144
13148
13142
13144
13149
13138
13133
13140
13134
13137
13135
13132
13124
13129
13123
13124
13126
13134
13138
13136
13139
13132
13139
13132
13137
13136
13137
13143
13138
13135
13134
13142
13132
13135
13129
13134
13141
13135
13140
13143
13143
13154
13144
13145
13147
13142
13140
13143
13136
13137
13131
13134
13137
13137
13124
13123
13117
13126
13126
13127
13133
13138
13148
13139
13137
13146
13142
13146
13148
13150
13145
13147
13143
13144
13134
13135
13137
13138
13144
13145
13138
13144
13142
13133
13137
13136
13133
13132
13129
13135
13146
13137
13143
13145
13147
13146
13149
13154
13150
13145
13141
13141
13150
13138
