13117
13121
13124
13115
13116
13130
13126
13133
13126
13134
13132
13131
13131
13132
13132
13128
13127
13137
13135
13138
13150
13143
13149
13142
13137
13134
13124
13117
13128
13135
13138
13133
13122
13118
13118
13114
13111
13126
13124
13139
13132
13130
13139
13138
13134
13138
13133
13134
13129
13133
13126
13126
13133
13127
13136
13140
13139
13141
13141
13144
13150
13143
13140
13140
13134
13139
13135
13137
13137
13139
13138
13147
13143
13147
13151
13139
13145
13138
13143
13149
13144
13133
13135
13136
13132
13124
13121
13121
13122
13125
13129
13132
13134
13135
13138
13136
13137
13138
13132
13130
13135
13126
13132
13127
13132
13137
13136
13132
13139
13138
13137
13139
13142
13147
13146
13142
13141
13139
13138
13147
13140
13136
13142
13138
13138
13135
13127
13133
13141
13150
13147
13146
13151
13147
13146
13146
13139
13135
13132
13127
13133
13130
13127
13132
13132
13134
13131
13131
13131
13131
13133
13129
13123
13122
13135
13137
13142
13154
13149
13148
13143
13136
13139
13131
13132
13132
13129
13126
13122
13121
13122
13124
13122
13123
13125
13126
13127
13129
13130
13132
13132
13124
13123
13138
13145
13148
13142
13136
13138
13140
13145
13138
13133
13137
13136
13129
13131
13129
13130
13138
13134
13133
13139
13135
13133
13136
13134
13137
13138
13138
13133
13136
13132
13129
13134
13137
13136
13133
13137
13140
13150
13140
13141
13132
13125
13123
13123
13125
13121
13121
13124
13133
13126
13137
13135
13133
13133
13138
13132
13134
13139
13128
13135
13130
13121
13126
13122
13124
13128
13129
13128
13134
13133
13133
13127
13126
13124
13122
13129
13128
13133
13134
13126
13125
13134
13129
13122
13122
13124
13127
13128
13127
13131
13140
13148
13150
13151
13146
13144
13145
13146
13137
13137
13131
13130
13133
13129
13131
13128
13132
13130
13137
13141
13136
13142
13142
13144
13145
13139
13131
13141
13137
13143
13146
13145
13148
13149
13147
13147
13140
13135
13138
13131
13132
13142
13133
13136
13146
13141
13138
13133
13130
13132
13126
13122
13122
13126
13123
13129
13133
13131
13126
13123
13119
13116
13118
13125
13126
13128
13139
13143
13132
13133
13138
13141
13140
13136
13136
13137
13137
13133
13138
13133
13131
13131
13134
13133
13136
13128
13136
13132
13129
13129
13125
13128
13130
13133
13127
13121
13124
13121
13127
13131
13127
13125
13128
13135
13135
13135
13132
13134
13131
13131
13130
13128
13128
13125
13131
13137
13136
13134
13136
13136
13138
13148
13139
13141
13138
13126
13130
13127
13124
13130
13126
13125
13128
13125
13125
13130
13136
13137
13136
13142
13142
13146
13147
13145
13139
13131
13127
13131
13131
13126
13130
13129
13132
13136
13139
13138
13138
13135
13133
13131
13133
13132
13134
13138
13142
13139
13141
13138
13133
13143
13131
13133
13137
13138
13140
13139
13127
13128
13126
13126
13116
13124
13127
13128
13138
13139
13143
13156
13151
13156
13151
13151
13145
13145
13147
13149
13145
13142
13137
13135
13133
13132
13131
13126
13129
13121
13126
13133
13127
13130
13127
13125
13133
13121
13129
13127
13126
13132
13130
13130
13127
13134
13146
13144
13139
13140
13136
13136
13137
13131
13136
13133
13060
12217
11435
10899
10517
10345
10259
10272
10324
10427
10532
10665
10789
10930
11054
11125
11172
11266
11334
11433
11527
11623
11706
11798
11884
11975
12043
12110
12162
12224
12278
12341
12388
12434
12470
12517
12549
12586
12622
12664
12686
12718
12735
12764
12781
12803
12823
12836
12854
12871
12889
12913
12929
12943
12956
12973
12978
12997
13003
13009
13019
13021
13028
13033
13038
13051
13062
13065
13055
13072
13072
13075
13084
13081
13085
13092
13096
13102
13104
13107
13112
13109
13113
13120
13116
13114
13123
13116
13122
13118
13125
13127
13134
13133
13136
13126
13119
13124
13122
13126
13138
13134
13134
13135
13136
13131
13131
13129
13123
13123
13122
13123
13127
13131
13130
13132
13127
13125
13131
13129
13132
13132
13138
13142
13143
13139
13140
13136
13138
13139
13137
13146
13138
13131
13138
13140
13134
13138
13128
13135
13138
13133
13135
13133
13134
13142
13143
13142
13139
13137
13142
13144
13147
13148
13141
13150
13143
13137
13128
13136
13130
13131
13130
13130
13130
13133
13132
13126
13130
13132
13129
13142
13132
13132
13138
13132
13125
13133
13128
13122
13132
13136
13135
13143
13143
13142
13135
13134
13122
13131
13134
13133
13134
13128
13128
13133
13127
13124
13126
13128
13131
13132
13134
13130
13133
13134
13143
13143
13147
13137
13139
13140
13141
13135
13137
13129
13122
13139
13138
13133
13140
13133
13138
13143
13135
13135
13136
13136
13132
13148
13147
13148
13138
13140
13139
13142
13138
13132
13138
13137
13140
13138
13128
13128
13124
13124
13126
13123
13133
13137
13143
13145
13143
13135
13139
13136
13134
13145
13136
13137
13142
13141
13141
13136
13134
13135
13133
13133
13122
13124
13118
13118
13123
13127
13129
13139
13132
13131
13129
13130
13128
13127
13131
13127
13126
13131
13130
13126
13125
13133
13129
13125
13131
13126
13128
13124
13125
13135
13140
13131
13134
13121
13131
13138
13141
13150
13147
13142
13138
13153
13153
13148
13149
13146
13147
13152
13144
13139
13138
13135
13140
13141
13140
13138
13138
13136
13133
13122
13119
13120
13120
13128
13129
13135
13130
13125
13130
13137
13131
13134
13141
13134
13139
13131
13131
13134
13136
13140
13133
13132
13131
13131
13134
13136
13133
13142
13132
13136
13142
13137
13138
13133
13131
13134
13136
13134
13137
13125
13121
13130
13124
13126
13131
13125
13134
13134
13136
13141
13136
13136
13138
13131
13126
13129
13124
13122
13124
13122
13115
13116
13133
13128
13125
13130
13127
13134
13133
13138
13137
13140
13133
13131
13129
13125
13123
13126
13135
13128
13128
13131
13131
13128
13131
13130
13143
13138
13135
13141
13136
13131
13136
13137
13140
13134
13140
13144
13143
13140
13133
13121
13129
13121
13128
13128
13124
13127
13124
13128
13126
13130
13132
13134
13127
13133
13135
13130
13132
13134
13139
13133
13127
13125
13124
13122
13122
13114
13114
13126
13129
13128
13136
13132
13130
13135
13132
13139
13141
13137
13137
13145
13137
13140
13142
13136
13128
13132
13129
13133
13139
13139
13138
13141
13138
13138
13140
13140
13133
13129
13134
13135
13138
13142
13133
13138
13139
13144
13139
13145
13140
13137
13137
13139
13134
13128
13133
13134
13137
13135
13129
13130
13135
13127
13121
13123
13125
13134
13134
13131
13142
13141
13144
13144
13136
13136
13138
