13131
13122
13127
13131
13135
13143
13132
13131
13124
13129
13127
13125
13127
13125
13126
13135
13127
13131
13142
13144
13143
13148
13137
13144
13147
13140
13141
13143
13142
13138
13138
13139
13142
13140
13140
13134
13140
13127
13126
13131
13132
13129
13130
13132
13136
13135
13139
13145
13145
13145
13147
13147
13145
13147
13142
13150
13143
13133
13136
13135
13134
13129
13129
13131
13135
13131
13130
13136
13137
13143
13145
13148
13148
13138
13142
13138
13145
13134
13134
13138
13129
13133
13128
13132
13141
13147
13146
13147
13141
13148
13145
13140
13139
13139
13148
13153
13141
13137
13145
13140
13136
13141
13130
13131
13134
13136
13139
13133
13133
13129
13134
13135
13133
13130
13129
13136
13140
13136
13139
13140
13147
13140
13142
13138
13141
13142
13132
13135
13126
13129
13136
13137
13140
13137
13144
13131
13126
13126
13131
13138
13142
13142
13138
13138
13138
13139
13132
13136
13133
13129
13130
13130
13133
13135
13137
13131
13142
13132
13127
13124
13129
13132
13137
13132
13128
13126
13123
13137
13130
13129
13131
13134
13144
13140
13144
13139
13137
13138
13140
13137
13137
13138
13128
13135
13143
13137
13135
13137
13135
13126
13126
13122
13128
13127
13131
13137
13141
13134
13139
13137
13137
13137
13133
13125
13129
13125
13127
13132
13130
13133
13135
13129
13130
13129
13125
13133
13127
13118
13124
13119
13121
13130
13126
13128
13132
13132
13125
13126
13125
13132
13138
13142
13143
13147
13153
13155
13162
13155
13161
13161
13148
13144
13142
13142
13140
13133
13125
13129
13128
13133
13137
13135
13140
13142
13140
13138
13131
13125
13136
13130
13132
13131
13131
13134
13133
13134
13130
13129
13129
13126
13124
13133
13133
13131
13136
13130
13143
13139
13140
13137
13139
13145
13144
13134
13132
13134
13130
13130
13124
13122
13120
13122
13124
13130
13121
13122
13119
13125
13136
13130
13135
13137
13133
13134
13135
13133
13132
13133
13132
13124
13134
13137
13140
13143
13140
13133
13135
13138
13136
13138
13136
13141
13140
13132
13131
13126
13128
13129
13126
13129
13130
13129
13135
13141
13138
13137
13144
13135
13147
13138
13137
13138
13129
13130
13131
13134
13129
13131
13129
13135
13136
13131
13133
13134
13133
13138
13142
13128
13128
13135
13135
13139
13140
13140
13150
13146
13151
13157
13152
13147
13142
13136
13139
13131
13129
13136
13136
13139
13144
13132
13134
13135
13126
13119
13118
13120
13127
13133
13128
13124
13133
13130
13133
13134
13130
13131
13143
13142
13144
13141
13129
13138
13135
13138
13133
13137
13139
13140
13137
13133
13136
13133
13136
13136
13135
13135
13132
13129
13136
13130
13124
13130
13125
13131
13130
13133
13133
13132
13139
13137
13143
13144
13152
13152
13153
13157
13157
13149
13151
13150
13147
13145
13143
13137
13139
13129
13127
13122
13114
13117
13122
13123
13134
13132
13134
13141
13139
13137
13145
13137
13138
13141
13137
13136
13136
13137
13130
13132
13134
13130
13132
13137
13128
13129
13127
13124
13135
13131
13128
13129
13129
13130
13126
13133
13133
13137
13128
13125
13121
13129
13134
13131
13137
13137
13140
13142
13141
13135
13130
13136
13143
13145
13145
13139
13141
12909
12053
11101
10389
9945
9734
9630
9651
9707
9837
9964
10141
10285
10453
10596
10763
10898
11044
11168
11301
11408
11524
11620
11716
11807
11896
11971
12053
12124
12189
12250
12303
12353
12408
12444
12490
12530
12565
12608
12653
12681
12707
12735
12759
12781
12797
12817
12824
12840
12869
12883
12899
12910
12927
12946
12969
12975
12979
12989
12992
12998
13005
13012
13016
13031
13042
13036
13046
13051
13048
13058
13063
13063
13077
13075
13083
13090
13091
13095
13097
13095
13095
13101
13101
13100
13107
13105
13110
13113
13103
13105
13105
13099
13095
13099
13099
13101
13099
13103
13117
13118
13117
13121
13123
13124
13130
13123
13129
13130
13129
13139
13138
13125
13133
13124
13118
13121
13118
13127
13143
13139
13144
13139
13143
13134
13135
13139
13142
13146
13146
13141
13151
13139
13138
13137
13124
13130
13130
13130
13140
13137
13140
13141
13134
13141
13143
13137
13144
13142
13147
13153
13149
13140
13145
13141
13140
13148
13139
13143
13145
13141
13139
13134
13136
13130
13128
13124
13126
13126
13129
13129
13130
13125
13134
13142
13138
13136
13138
13131
13138
13129
13125
13136
13135
13134
13137
13138
13142
13136
13135
13138
13138
13134
13139
13125
13124
13124
13119
13119
13121
13120
13126
13126
13122
13117
13127
13130
13131
13122
13126
13124
13133
13132
13140
13140
13144
13137
13130
13127
13123
13125
13131
13132
13129
13140
13141
13133
13132
13122
13121
13120
13118
13120
13133
13130
13133
13138
13136
13133
13136
13138
13136
13139
13142
13131
13135
13127
13132
13129
13126
13126
13133
13127
13124
13134
13137
13137
13143
13129
13127
13124
13120
13131
13126
13133
13138
13134
13141
13135
13131
13133
13135
13137
13138
13128
13123
13126
13125
13126
13125
13128
13133
13138
13139
13140
13144
13141
13145
13144
13137
13138
13141
13134
13133
13131
13126
13125
13128
13123
13119
13114
13120
13122
13114
13123
13129
13121
13132
13134
13134
13136
13134
13129
13133
13128
13129
13125
13132
13126
13133
13130
13138
13140
13143
13139
13146
13147
13142
13139
13137
13139
13142
13136
13138
13137
13135
13136
13132
13126
13126
13123
13129
13138
13139
13143
13156
13144
13137
13135
13126
13129
13127
13129
13135
13123
13125
13129
13125
13124
13115
13115
13123
13125
13126
13126
13134
13134
13132
13133
13133
13134
13134
13138
13138
13133
13138
13136
13137
13135
13136
13132
13130
13134
13136
13139
13144
13139
13146
13151
13156
13156
13152
13150
13158
13150
13146
13148
13141
13140
13139
13136
13136
13132
13131
13123
13129
13132
13135
13136
13135
13132
13137
13131
13139
13143
13151
13148
13150
13145
13146
13141
13149
13147
13141
13140
13137
13139
13145
13147
13150
13151
13142
13146
13149
13139
13142
13145
13145
13141
13146
13143
13147
13143
13146
13140
13136
13138
13134
13132
13133
13127
13134
13124
13129
13136
13134
13134
13135
13133
13136
13135
13134
13142
13140
13141
13146
13135
13133
13134
13129
13128
13131
13133
13149
13138
13142
13148
13153
13145
13135
13133
13128
13118
13126
13125
13123
13121
13129
13140
13145
13144
13149
13149
13147
13143
13142
13146
13137
13132
13135
13127
13128
13131
13123
13130
13126
13129
13128
13132
13132
13133
13136
13133
13143
13137
13134
13135
13129
13132
13139
13140
13135
13134
13140
13139
