13129
13138
13134
13129
13131
13135
13122
13121
13122
13124
13122
13124
13132
13127
13129
13138
13132
13133
13132
13124
13132
13118
13120
13129
13131
13134
13135
13138
13142
13143
13142
13146
13151
13156
13154
13152
13149
13140
13138
13138
13129
13135
13138
13132
13129
13138
13137
13133
13132
13134
13133
13135
13137
13133
13139
13141
13152
13143
13143
13136
13142
13136
13129
13135
13130
13131
13130
13134
13129
13136
13133
13128
13122
13131
13127
13130
13127
13126
13128
13137
13130
13131
13133
13126
13131
13137
13128
13127
13130
13134
13129
13124
13125
13119
13125
13132
13137
13135
13136
13140
13146
13138
13138
13143
13144
13140
13135
13134
13136
13136
13133
13133
13123
13128
13129
13132
13140
13140
13134
13138
13133
13128
13140
13138
13133
13135
13131
13126
13127
13118
13119
13125
13120
13122
13131
13134
13131
13137
13138
13138
13145
13138
13131
13138
13134
13141
13141
13143
13144
13143
13141
13141
13135
13143
13142
13142
13148
13142
13142
13141
13133
13131
13137
13128
13127
13135
13134
13137
13145
13140
13139
13138
13141
13138
13137
13140
13142
13144
13140
13137
13142
13135
13142
13145
13139
13134
13133
13134
13134
13134
13136
13137
13137
13138
13133
13133
13138
13134
13134
13139
13134
13136
13143
13139
13139
13140
13137
13145
13150
13140
13140
13138
13137
13135
13137
13138
13134
13139
13141
13136
13142
13129
13125
13130
13134
13139
13147
13149
13154
13150
13154
13157
13147
13145
13144
13137
13141
13144
13140
13144
13143
13145
13150
13134
13134
13136
13136
13143
13141
13145
13145
13154
13157
13156
13150
13158
13146
13142
13144
13138
13142
13138
13137
13132
13131
13124
13126
13128
13130
13135
13128
13132
13126
13127
13133
13126
13129
13126
13138
13144
13143
13142
13144
13146
13138
13147
13140
13143
13147
13145
13150
13142
13135
13120
13121
13119
13115
13115
13118
13119
13125
13122
13127
13132
13127
13129
13128
13127
13125
13129
13135
13132
13138
13131
13135
13133
13139
13140
13137
13137
13122
13117
13129
13128
13133
13125
13129
13132
13139
13131
13128
13126
13126
13123
13123
13126
13127
13130
13131
13136
13140
13133
13128
13129
13126
13123
13116
13121
13121
13121
13126
13125
13119
13124
13125
13127
13134
13134
13134
13136
13144
13147
13150
13143
13141
13139
13139
13141
13142
13135
13135
13129
13135
13136
13135
13134
13141
13140
13143
13145
13150
13140
13138
13137
13135
13137
13136
13135
13131
13126
13128
13132
13129
13132
13144
13137
13142
13143
13142
13143
13134
13136
13142
13132
13131
13128
13131
13123
13122
13133
13125
13120
13119
13126
13126
13128
13139
13134
13132
13133
13132
13125
13131
13132
13133
13125
13131
13131
13133
13139
13137
13141
13129
13137
13138
13135
13136
13137
13132
13128
13126
13125
13139
13136
13131
13140
13140
13139
13141
13138
13139
13142
13142
13138
13132
13126
13123
13134
13134
13139
13141
13131
13129
13139
13138
13138
13134
13130
13139
13139
13137
13142
13130
13132
13133
13126
13133
13137
13133
13142
13140
13139
13146
13135
13128
13126
13117
13118
13115
13121
13118
13122
13131
13123
13123
13125
13129
13129
13131
13131
13142
13132
13133
13135
13132
13134
13133
13105
12734
12442
12115
11810
11645
11567
11550
11559
11606
11654
11726
11788
11859
11920
12009
12065
12140
12194
12257
12294
12350
12386
12441
12482
12532
12571
12614
12641
12679
12710
12742
12763
12796
12807
12827
12847
12870
12887
12902
12923
12932
12936
12952
12964
12966
12984
12998
13001
13007
13020
13030
13039
13045
13049
13065
13064
13062
13069
13069
13073
13073
13071
13083
13085
13090
13089
13096
13094
13096
13101
13094
13104
13111
13107
13115
13116
13115
13119
13121
13117
13116
13116
13118
13123
13118
13116
13115
13111
13112
13113
13115
13117
13116
13121
13130
13130
13131
13129
13134
13129
13126
13131
13134
13129
13135
13130
13129
13131
13129
13125
13121
13126
13138
13129
13138
13138
13143
13144
13133
13130
13132
13135
13136
13133
13129
13132
13131
13132
13126
13129
13133
13139
13135
13130
13134
13131
13135
13145
13136
13136
13145
13139
13138
13131
13133
13132
13133
13138
13142
13137
13140
13139
13148
13140
13136
13132
13135
13132
13135
13128
13130
13132
13131
13130
13128
13132
13137
13139
13137
13137
13138
13137
13136
13132
13129
13124
13123
13122
13116
13122
13132
13135
13140
13138
13135
13131
13132
13135
13138
13132
13132
13133
13135
13124
13128
13130
13126
13135
13129
13129
13127
13131
13135
13142
13142
13148
13142
13145
13137
13137
13136
13142
13136
13133
13137
13134
13129
13135
13130
13135
13135
13142
13138
13127
13127
13119
13126
13126
13130
13125
13121
13120
13125
13117
13121
13123
13122
13123
13131
13141
13139
13144
13146
13147
13142
13147
13146
13139
13134
13137
13138
13136
13135
13135
13138
13137
13134
13137
13137
13129
13136
13141
13136
13132
13128
13128
13130
13132
13130
13127
13134
13131
13145
13140
13134
13141
13142
13145
13141
13140
13135
13136
13133
13137
13132
13137
13135
13135
13130
13132
13139
13134
13139
13138
13149
13141
13135
13140
13134
13133
13135
13133
13137
13130
13141
13139
13142
13143
13135
13138
13134
13130
13145
13138
13130
13137
13138
13138
13134
13133
13122
13122
13118
13119
13115
13122
13124
13131
13137
13137
13139
13055
12953
12893
12866
12847
12830
12806
12777
12774
12784
12789
12800
12812
12820
12836
12853
12871
12889
12904
12923
12933
12953
12955
12969
12987
12997
13005
13018
13024
13035
13042
13038
13047
13046
13053
13060
13068
13072
13077
13081
13092
13087
13092
13100
13093
13090
13094
13089
13099
13102
13105
13110
13107
13110
13111
13108
13117
13110
13107
13112
13113
13121
13117
13113
13114
13122
13120
13115
13117
13115
13124
13120
13118
13113
13116
13113
13109
13111
13118
13120
13129
13123
13124
13134
13132
13130
13126
13123
13126
13128
13131
13132
13129
13135
13125
13121
13116
13119
13114
13123
13118
13129
13119
13118
13125
13129
13126
13131
13140
13147
13150
13143
13143
13132
13134
13140
13131
13135
13135
13131
13128
13131
13136
13143
13134
13129
13128
13122
13123
13123
13117
13109
13106
13118
13121
13122
13121
13126
13125
13126
13131
13132
13121
13130
13134
13131
13127
13132
13138
13134
13134
13133
13136
13135
13139
13138
13132
13133
13131
13124
13123
13121
13116
13122
13119
13119
13117
13114
13122
13125
13125
13131
13133
13137
13130
13137
13131
13129
13132
13133
13136
13149
13137
13145
13148
13148
13152
13152
13143
13138
13137
