13125
13124
13124
13134
13124
13127
13133
13134
13132
13135
13134
13138
13144
13149
13140
13143
13148
13150
13147
13138
13143
13143
13141
13140
13138
13136
13141
13139
13145
13143
13150
13155
13152
13149
13156
13146
13145
13150
13149
13154
13145
13139
13139
13140
13143
13139
13138
13136
13132
13131
13133
13125
13123
13122
13118
13129
13134
13132
13134
13133
13142
13139
13142
13146
13148
13149
13152
13148
13142
13134
13126
13125
13121
13117
13125
13120
13118
13132
13133
13128
13130
13140
13143
13145
13144
13139
13136
13140
13144
13147
13143
13138
13142
13138
13134
13138
13141
13145
13144
13138
13138
13141
13138
13136
13134
13138
13136
13137
13126
13125
13129
13134
13129
13133
13139
13133
13133
13133
13133
13133
13129
13131
13132
13129
13123
13124
13124
13132
13135
13136
13135
13133
13140
13135
13131
13131
13132
13137
13136
13143
13149
13143
13144
13143
13140
13143
13149
13147
13144
13141
13136
13132
13129
13127
13135
13124
13121
13117
13118
13124
13129
13133
13134
13132
13126
13124
13128
13139
13142
13139
13139
13138
13142
13137
13134
13137
13138
13138
13141
13150
13152
13140
13138
13138
13132
13139
13144
13138
13142
13147
13152
13156
13147
13146
13152
13140
13137
13142
13137
13132
13141
13140
13145
13138
13141
13141
13147
13146
13146
13147
13142
13140
13149
13138
13134
13141
13139
13132
13130
13127
13134
13137
13135
13143
13144
13147
13150
13145
13137
13140
13138
13138
13133
13130
13137
13133
13132
13138
13132
13130
13136
13142
13143
13136
13141
13138
13139
13139
13143
13139
13136
13136
13133
13129
13135
13139
13137
13142
13146
13145
13148
13148
13145
13142
13136
13141
13142
13138
13139
13143
13135
13132
13135
13131
13147
13137
13139
13138
13136
13140
13142
13136
13134
13135
13130
13130
13129
13132
13134
13142
13139
13138
13138
13137
13139
13145
13144
13144
13143
13146
13143
13141
13138
13140
13140
13145
13140
13133
13135
13139
13139
13142
13131
13130
13137
13134
13137
13137
13129
13131
13132
13134
13135
13141
13150
13145
13138
13139
13136
13130
13129
13121
13129
13129
13127
13126
13127
13133
13137
13143
13148
13147
13138
13143
13139
13142
13143
13133
13134
13131
13129
13138
13136
13129
13138
13138
13131
13133
13126
13126
13130
13131
13137
13138
13140
13141
13144
13155
13154
13150
13141
13138
13146
13147
13147
13151
13143
13144
13140
13136
13144
13139
13142
13142
13133
13139
13147
13145
13145
13145
13149
13140
13140
13133
13134
13138
13134
13138
13137
13132
13134
13134
13128
13127
13127
13124
13126
13130
13133
13132
13127
13122
13138
13133
13132
13134
13143
13146
13149
13153
13144
13148
13147
13155
13144
13142
13144
13135
13136
13136
13132
13137
13133
13131
13133
13127
13131
13133
13136
13138
13137
13129
13137
13137
13135
13137
13139
13142
13142
13146
13141
13147
13154
13136
13141
13145
13144
13143
13148
13144
13138
13139
13132
13136
13119
13128
13134
13134
13139
13138
13139
13141
13140
13134
13133
13132
13134
13139
13131
13136
13137
13133
13132
13132
13127
13125
13132
13129
13124
13132
13135
13133
13141
13138
13137
13142
13139
13140
13147
13142
13142
13144
13135
13138
13130
13100
12638
11879
11133
10674
10430
10301
10283
10318
10418
10508
10634
10753
10894
11014
11146
11260
11389
11496
11606
11691
11783
11744
11745
11768
11813
11860
11929
11978
12044
12109
12166
12219
12278
12320
12369
12414
12458
12503
12541
12580
12622
12652
12687
12711
12737
12765
12789
12809
12838
12851
12867
12889
12908
12923
12935
12940
12952
12961
12979
12986
12996
13006
13013
13020
13016
13028
13037
13042
13049
13059
13061
13070
13066
13072
13070
13077
13074
13079
13075
13087
13091
13093
13094
13101
13100
13099
13098
13095
13097
13094
13094
13100
13101
13107
13110
13114
13119
13118
13116
13118
13121
13121
13119
13123
13127
13125
13141
13132
13129
13129
13124
13132
13127
13131
13134
13126
13127
13126
13125
13126
13123
13130
13132
13138
13136
13138
13134
13138
13137
13137
13139
13152
13153
13151
13152
13146
13137
13132
13134
13131
13129
13129
13123
13129
13125
13127
13129
13123
13127
13132
13130
13134
13136
13136
13134
13142
13143
13145
13138
13138
13149
13158
13157
13151
13141
13137
13133
13138
13136
13135
13129
13138
13135
13133
13135
13135
13137
13143
13137
13139
13140
13144
13147
13144
13142
13131
13134
13133
13125
13135
13127
13131
13131
13132
13134
13137
13135
13131
13129
13134
13131
13122
13125
13126
13134
13144
13138
13134
13137
13133
13132
13132
13124
13125
13128
13131
13129
13132
13127
13119
13114
13120
13125
13128
13132
13134
13135
13133
13124
13128
13128
13128
13124
13134
13134
13131
13130
13137
13130
13131
13134
13130
13129
13133
13134
13138
13136
13137
13142
13138
13131
13138
13136
13139
13146
13143
13141
13139
13142
13135
13135
13131
13130
13130
13130
13123
13126
13121
13123
13127
13123
13124
13129
13136
13137
13139
13138
13141
13135
13140
13142
13133
13134
13133
13134
13145
13138
13132
13143
13137
13131
13137
13126
13130
13128
13124
13128
13129
13130
13124
13126
13132
13133
13141
13142
13136
13141
13127
13129
13132
13130
13140
13138
13137
13149
13143
13141
13142
13140
13145
13145
13140
13139
13138
13144
13144
13144
13138
13144
13139
13138
13146
13138
13134
13133
13138
13134
13127
13134
13138
13139
13142
13139
13133
13136
13128
13132
13127
13124
13126
13128
13135
13137
13140
13141
13136
13132
13137
13128
13133
13131
13128
13129
13129
13130
13134
13122
13123
13137
13132
13140
13144
13137
13149
13154
13148
13151
13153
13151
13144
13146
13139
13140
13142
13142
13137
13144
13134
13134
13134
13135
13136
13140
13141
13142
13137
13137
13143
13144
13146
13148
13146
13145
13142
13145
13147
13142
13138
13150
13143
13144
13147
13139
13141
13140
13134
13141
13142
13141
13141
13142
13140
13143
13142
13142
13141
13151
13145
13149
13147
13140
13135
13130
13131
13137
13133
13133
13137
13129
13138
13143
13134
13143
13140
13135
13138
13134
13130
13135
13135
13130
13139
13133
13133
13137
13142
13142
13136
13139
13132
13138
13147
13146
13137
13140
13143
13154
13149
13145
13142
13135
13129
13133
13131
13134
13134
13137
13144
13142
13146
13145
13142
13138
13139
13138
13142
13137
13132
13135
13129
13134
13135
13132
13133
13136
13134
13131
13126
13129
13130
13142
13144
13143
13135
13134
13132
13138
13128
13127
13130
13129
13145
13141
13139
13134
13138
13136
13148
13147
13148
13152
13150
13152
13151
