13116
13123
13115
13119
13126
13127
13128
13133
13134
13133
13141
13138
13134
13125
13118
13132
13126
13133
13133
13127
13141
13138
13140
13141
13139
13131
13143
13138
13134
13138
13124
13127
13126
13138
13140
13131
13131
13128
13133
13137
13139
13139
13136
13129
13134
13128
13126
13132
13130
13132
13134
13129
13126
13129
13126
13137
13132
13128
13131
13131
13126
13128
13129
13127
13125
13126
13130
13130
13123
13132
13128
13130
13139
13137
13137
13138
13136
13131
13135
13134
13135
13140
13148
13148
13160
13147
13147
13143
13137
13140
13139
13141
13139
13141
13144
13143
13137
13138
13135
13138
13132
13129
13122
13126
13119
13117
13128
13125
13130
13132
13135
13133
13136
13131
13125
13123
13128
13122
13122
13127
13125
13132
13135
13137
13132
13123
13117
13130
13131
13130
13138
13136
13147
13144
13141
13145
13133
13139
13141
13139
13141
13141
13146
13145
13138
13136
13139
13126
13121
13137
13138
13140
13146
13143
13138
13136
13130
13126
13128
13125
13128
13135
13140
13133
13128
13127
13122
13126
13128
13128
13121
13123
13126
13131
13131
13125
13121
13126
13131
13130
13136
13137
13140
13141
13138
13131
13136
13124
13124
13129
13132
13131
13133
13132
13131
13124
13123
13124
13125
13132
13131
13131
13137
13134
13144
13138
13139
13143
13137
13138
13136
13135
13133
13133
13130
13127
13119
13130
13140
13138
13138
13138
13134
13150
13144
13146
13149
13148
13149
13153
13144
13139
13141
13133
13136
13139
13142
13138
13144
13137
13143
13136
13135
13137
13144
13138
13139
13140
13143
13142
13134
13131
13129
13132
13131
13130
13124
13122
13129
13134
13138
13134
13138
13144
13140
13136
13143
13138
13134
13136
13133
13127
13135
13144
13143
13148
13150
13141
13150
13156
13150
13148
13134
13137
13145
13140
13141
13141
13132
13136
13131
13126
13126
13123
13118
13126
13127
13132
13142
13134
13139
13137
13138
13147
13140
13138
13145
13132
13134
13140
13131
13136
13139
13130
13137
13133
13137
13139
13140
13138
13134
13134
13123
13119
13123
13128
13119
13130
13133
13129
13121
13129
13130
13132
13133
13135
13123
13128
13129
13127
13127
13128
13134
13132
13129
13133
13137
13137
13140
13147
13141
13150
13141
13142
13145
13147
13149
13153
13151
13153
13142
13139
13133
13130
13126
13121
13126
13135
13130
13126
13113
13120
13118
13130
13125
13125
13125
13136
13142
13134
13127
13115
13111
13119
13122
13127
13134
13131
13133
13131
13129
13131
13128
13129
13139
13136
13137
13134
13139
13142
13137
13137
13139
13138
13142
13141
13134
13141
13141
13132
13131
13135
13134
13141
13135
13145
13139
13141
13137
13132
13134
13138
13136
13141
13136
13139
13134
13136
13124
13134
13126
13137
13141
13136
13142
13143
13145
13138
13137
13139
13137
13140
13141
13143
13151
13145
13139
13146
13143
13134
13119
13122
13118
13120
13124
13123
13125
13135
13142
13138
13143
13144
13142
13149
13147
13145
13154
13144
13142
13148
13138
13133
13131
13136
13137
13137
13130
13130
13125
13123
13120
13121
13117
13120
13125
13124
13119
13120
13113
13118
13111
13124
13118
13121
13122
13131
13136
13138
13145
13143
13143
13137
13134
13123
12867
12460
12043
11785
11631
11440
11326
11278
11288
11324
11396
11455
11542
11618
11709
11791
11879
11954
12006
12008
11966
11883
11744
11666
11646
11624
11656
11690
11750
11806
11881
11944
12001
12001
12037
12070
12136
12192
12246
12290
12339
12374
12427
12458
12498
12471
12400
12371
12378
12395
12417
12441
12475
12508
12550
12585
12609
12632
12661
12684
12717
12726
12750
12778
12801
12823
12848
12862
12883
12898
12918
12926
12937
12946
12962
12965
12984
12985
13006
13019
13023
13022
13032
13037
13038
13047
13043
13043
13043
13042
13056
13065
13070
13074
13080
13085
13087
13087
13096
13093
13104
13101
13102
13102
13100
13107
13110
13111
13112
13120
13115
13124
13123
13129
13131
13125
13133
13139
13135
13141
13129
13120
13119
13129
13130
13139
13128
13132
13141
13138
13134
13131
13126
13124
13129
13131
13130
13134
13128
13138
13132
13126
13127
13133
13129
13129
13135
13137
13133
13130
13138
13138
13135
13136
13137
13135
13138
13130
13132
13130
13128
13122
13132
13128
13131
13132
13115
13122
13128
13131
13134
13128
13132
13137
13140
13139
13138
13140
13137
13136
13142
13135
13136
13135
13133
13136
13130
13125
13122
13118
13126
13123
13119
13125
13125
13126
13135
13134
13135
13135
13133
13136
13134
13137
13138
13142
13132
13138
13134
13133
13139
13136
13136
13134
13133
13133
13134
13132
13135
13139
13145
13133
13125
13122
13124
13123
13119
13123
13132
13135
13134
13138
13130
13129
13125
13129
13127
13116
13123
13125
13125
13123
13132
13124
13124
13131
13127
13128
13131
13124
13126
13119
13118
13122
13125
13125
13122
13117
13121
13122
13127
13130
13128
13133
13132
13124
13121
13128
13126
13134
13134
13136
13131
13133
13131
13132
13134
13134
13137
13135
13137
13145
13143
13146
13142
13142
13133
13131
13140
13137
13135
13135
13142
13139
13144
13141
13143
13137
13138
13138
13148
13137
13134
13137
13133
13130
13134
13138
13130
13131
13132
13121
13118
13130
13127
13123
13130
13123
13126
13132
13136
13137
13138
13131
13134
13134
13139
13137
13130
13132
13123
13127
13129
13129
13135
13137
13142
13145
13135
13139
13148
13145
13141
13140
13139
13134
13133
13129
13126
13132
13132
13131
13126
13127
13129
13132
13134
13133
13140
13145
13144
13137
13137
13135
13130
13132
13127
13126
13125
13123
13123
13122
13127
13129
13138
13144
13141
13138
13134
13130
13129
13124
13118
13124
13121
13130
13137
13140
13142
13137
13137
13140
13129
13125
13128
13126
13129
13125
13126
13121
13113
13115
13126
13118
13117
13122
13117
13112
13115
13119
13119
13125
13126
13127
13131
13136
13129
13128
13132
13128
13142
13137
13133
13133
13135
13137
13131
13125
13113
13118
13126
13130
13126
13133
13130
13122
13125
13127
13126
13132
13126
13117
13115
13118
13119
13129
13130
13132
13137
13139
13144
13143
13140
13139
13142
13144
13135
13125
13125
13122
13135
13128
13126
13124
13125
13129
13122
13122
13123
13128
13130
13135
13130
13136
13132
13127
13123
13122
13120
13133
13131
13124
13133
13121
13119
13124
13126
13136
13139
13136
13143
13141
13141
13135
13130
13130
13124
13114
13123
13119
13133
13130
13136
13136
13140
13140
13133
13139
13152
13143
13142
13151
13149
13144
13151
13140
13133
13135
13126
13133
13128
13130
13137
13134
13129
13134
