13126
13134
13131
13136
13132
13138
13133
13135
13137
13134
13139
13133
13137
13136
13140
13139
13137
13127
13132
13129
13133
13134
13129
13126
13132
13133
13134
13136
13139
13143
13150
13145
13134
13131
13131
13132
13136
13140
13135
13144
13142
13144
13137
13145
13145
13146
13135
13133
13124
13131
13126
13124
13131
13125
13122
13125
13122
13121
13121
13131
13132
13134
13136
13134
13135
13138
13142
13142
13145
13139
13136
13140
13135
13139
13134
13135
13138
13131
13132
13138
13146
13139
13136
13139
13140
13136
13136
13138
13133
13143
13140
13142
13141
13142
13134
13141
13139
13138
13142
13138
13128
13132
13127
13128
13125
13133
13134
13135
13139
13134
13132
13137
13137
13139
13139
13139
13142
13139
13131
13142
13144
13142
13135
13141
13143
13149
13151
13156
13141
13143
13143
13144
13144
13142
13135
13141
13134
13136
13144
13145
13142
13142
13136
13141
13141
13142
13141
13139
13145
13140
13137
13141
13141
13131
13127
13130
13134
13127
13130
13146
13145
13143
13142
13139
13137
13135
13124
13128
13122
13124
13129
13126
13121
13128
13126
13136
13129
13128
13134
13129
13135
13136
13129
13122
13123
13129
13130
13133
13127
13121
13120
13126
13131
13133
13128
13131
13142
13135
13137
13139
13131
13128
13127
13127
13126
13129
13124
13134
13138
13139
13142
13140
13147
13143
13145
13148
13139
13137
13141
13129
13126
13131
13125
13132
13131
13131
13125
13130
13126
13127
13128
13132
13129
13134
13132
13137
13143
13136
13132
13136
13137
13135
13137
13143
13144
13111
12990
12922
12869
12843
12826
12823
12834
12847
12855
12879
12886
12904
12920
12926
12937
12950
12958
12962
12969
12979
12989
12992
13001
13009
13016
13035
13042
13053
13056
13060
13065
13065
13065
13079
13096
13095
13087
13089
13092
13094
13093
13092
13089
13097
13097
13089
13100
13106
13110
13114
13112
13114
13117
13115
13118
13124
13118
13115
13109
13113
13116
13114
13123
13126
13131
13133
13132
13128
13131
13129
13140
13133
13127
13131
13131
13132
13129
13127
13115
13117
13113
13123
13120
13124
13123
13126
13129
13129
13125
13130
13129
13126
13125
13119
13117
13122
13121
13131
13146
13146
13141
13137
13137
13135
13138
13138
13138
13134
13123
13129
13128
13125
13124
13138
13138
13143
13138
13135
13130
13136
13134
13138
13131
13141
13134
13133
13137
13140
13140
13149
13140
13135
13135
13132
13122
13135
13131
13138
13142
13142
13137
13145
13138
13138
13134
13135
13140
13141
13135
13133
13137
13136
13144
13150
13151
13151
13154
13147
13141
13142
13144
13147
13143
13150
13147
13140
13139
13140
13141
13148
13144
13143
13145
13142
13145
13145
13145
13146
13145
13151
13150
13145
13136
13126
13126
13137
13134
13128
13126
13124
13126
13130
13118
13121
13125
13132
13130
13125
13128
13129
13128
13136
13134
13134
13131
13130
13130
13136
13137
13148
13145
13144
13150
13146
13148
13145
13136
13138
13132
13129
13122
13120
13119
13123
13125
13132
13134
13135
13132
13135
13143
13133
13128
13127
13128
13132
13134
13132
13134
13130
13131
13133
13128
13128
13126
13127
13126
13126
13123
13132
13127
13126
13140
13140
13146
13151
13148
13142
13144
13142
13148
13055
12349
11327
10645
10181
9878
9724
9705
9712
9808
9905
10050
10187
10357
10499
10664
10800
10954
11077
11209
11322
11435
11531
11649
11734
11828
11905
11995
12070
12141
12202
12274
12315
12372
12416
12405
12333
12308
12300
12316
12329
12272
12212
12197
12199
12222
12248
12289
12321
12368
12407
12455
12481
12397
12351
12342
12343
12366
12386
12419
12443
12474
12499
12537
12574
12621
12656
12685
12716
12738
12756
12789
12802
12821
12845
12857
12878
12900
12913
12928
12933
12949
12956
12967
12981
12987
12990
13001
13011
13015
13012
13023
13036
13036
13046
13048
13055
13063
13068
13067
13072
13067
13078
13078
13078
13077
13085
13087
13097
13101
13104
13113
13116
13109
13120
13114
13120
13126
13122
13127
13128
13130
13118
13118
13123
13119
13121
13129
13128
13140
13132
13131
13132
13127
13129
13126
13115
13120
13122
13119
13118
13106
13115
13115
13117
13124
13130
13127
13137
13129
13133
13136
13128
13134
13135
13137
13129
13128
13126
13129
13131
13133
13133
13137
13136
13137
13131
13119
13120
13136
13125
13127
13133
13126
13120
13115
13109
13107
13111
13114
13118
13119
13125
13132
13127
13126
13129
13126
13138
13139
13138
13151
13142
13142
13148
13136
13144
13137
13132
13126
13128
13132
13129
13128
13123
13118
13122
13121
13118
13125
13114
13113
13122
13124
13126
13120
13130
13130
13141
13142
13141
13142
13136
13130
13137
13135
13138
13134
13143
13137
13136
13139
13121
13123
13130
13123
13129
13127
13128
13131
13132
13130
13128
13127
13131
13135
13136
13137
13133
13143
13137
13144
13144
13139
13131
13128
13136
13128
13132
13133
13131
13125
13143
13149
13144
13141
13141
13132
13137
13126
13116
13122
13123
13129
13134
13118
13119
13115
13120
13125
13131
13134
13134
13137
13145
13140
13143
13140
13139
13138
13131
13126
13137
13137
13142
13138
13140
13137
13139
13139
13139
13136
13135
13137
13132
13137
13134
13132
13142
13135
13135
13145
13133
13129
13129
13130
13131
13124
13122
13123
13123
13124
13126
13123
13129
13130
13138
13139
13132
13139
13129
13126
13135
13131
13131
13134
13134
13134
13135
13138
13138
13144
13145
13142
13140
13141
13143
13149
13156
13149
13138
13137
13132
13129
13129
13118
13122
13125
13132
13132
13134
13127
13127
13136
13144
13135
13138
13138
13136
13134
13133
13131
13126
13126
13131
13135
13130
13130
13129
13134
13135
13131
13135
13134
13137
13135
13138
13136
13135
13130
13132
13138
13135
13141
13145
13145
13145
13145
13144
13143
13136
13138
13138
13140
13142
13138
13140
13139
13134
13140
13133
13134
13138
13127
13129
13130
13129
13132
13132
13130
13136
13126
13126
13132
13133
13131
13133
13124
13129
13126
13130
13136
13137
13133
13139
13139
13134
13136
13133
13136
13133
13134
13133
13134
13133
13140
13139
13147
13142
13146
13143
13145
13146
13150
13143
13149
13155
13148
13140
13137
13139
13136
13140
13145
13137
13142
13147
13145
13147
13145
13141
13141
13138
13134
13147
13147
13148
13152
13153
13152
13146
13147
13139
13129
13134
13130
13127
13125
13124
13138
13139
13140
13137
13132
13137
13135
13133
13133
13131
13136
13148
13147
13145
13142
13135
13139
13135
13127
13122
13125
13122
13130
13127
13124
13133
13129
13136
13132
13135
13139
13140
13141
13137
