13126
13130
13139
13134
13136
13139
13137
13138
13138
13138
13144
13133
13135
13144
13141
13137
13134
13133
13123
13126
13118
13114
13114
13121
13128
13122
13121
13125
13136
13136
13127
13137
13135
13135
13140
13134
13130
13128
13126
13126
13119
13119
13118
13112
13121
13117
13115
13120
13117
13116
13116
13115
13112
13120
13122
13133
13141
13143
13143
13147
13151
13141
13143
13144
13145
13149
13144
13141
13145
13138
13133
13136
13132
13124
13127
13119
13121
13121
13121
13137
13135
13127
13127
13125
13135
13133
13138
13142
13142
13135
13131
13128
13123
13118
13125
13122
13124
13122
13122
13113
13119
13121
13131
13137
13136
13132
13128
13130
13140
13128
13135
13138
13142
13138
13125
13122
13118
13118
13119
13116
13113
13117
13127
13119
13123
13126
13133
13133
13130
13138
13135
13134
13135
13137
13132
13134
13134
13135
13135
13133
13143
13135
13134
13135
13136
13128
13128
13119
13127
13126
13129
13136
13131
13127
13134
13131
13134
13138
13140
13139
13130
13127
13133
13133
13139
13139
13138
13135
13133
13133
13141
13135
13134
13139
13139
13137
13138
13135
13140
13137
13136
13133
13131
13131
13136
13133
13133
13131
13134
13127
13119
13122
13121
13121
13123
13132
13140
13147
13147
13146
13141
13138
13135
13136
13137
13138
13134
13124
13119
13115
13119
13122
13118
13125
13122
13127
13133
13121
13118
13120
13129
13132
13132
13129
13130
13130
13133
13137
13136
13140
13134
13145
13145
13138
13139
13135
13140
13137
13135
13133
13130
13136
13141
13132
13138
13128
13133
13138
13138
13132
13148
13139
13138
13143
13145
13146
13139
13132
13138
13140
13142
13140
13145
13141
13143
13134
13135
13131
13143
13138
13131
13137
13136
13142
13141
13136
13129
13124
13126
13128
13122
13131
13132
13132
13135
13135
13132
13133
13134
13123
13139
13121
13120
13127
13129
13132
13136
13135
13130
13129
13131
13128
13131
13136
13134
13139
13137
13134
13141
13137
13134
13138
13135
13136
13131
13126
13125
13121
13129
13138
13134
13134
13130
13135
13139
13134
13138
13136
13128
13129
13142
13133
13138
13139
13139
13153
13157
13150
13152
13150
13152
13155
13158
13159
13152
13149
13154
13147
13146
13137
13135
13137
13136
13131
13132
13127
13131
13131
13133
13129
13131
13137
13136
13135
13140
13137
13137
13140
13143
13137
13145
13136
13141
13146
13145
13139
13142
13145
13151
13151
13146
13148
13146
13147
13147
13140
13144
13126
13132
13123
13122
13130
13132
13131
13138
13138
13137
13138
13136
13137
13136
13141
13146
13136
13135
13131
13125
13130
13122
13124
13127
13122
13123
13126
13126
13134
13133
13136
13142
13143
13142
13140
13146
13138
13131
13137
13132
13132
13134
13133
13132
13132
13133
13133
13137
13137
13144
13144
13142
13137
13128
13130
13135
13128
13130
13137
13141
13141
13132
13134
13141
13134
13139
13140
13136
13129
13129
13135
13140
13140
13141
13137
13138
13132
13139
13137
13138
13136
13141
13139
13138
13143
13135
13137
13129
13122
13130
13124
13130
13134
13128
13136
13141
13140
13142
13142
13142
13149
13138
13138
13144
13136
13136
13143
13141
13137
13137
13135
13139
13139
13137
13134
12969
12564
12154
11858
11686
11590
11571
11572
11615
11663
11732
11796
11879
11939
12019
12088
12149
12203
12264
12314
12371
12419
12464
12503
12545
12589
12624
12650
12689
12705
12731
12762
12793
12810
12836
12853
12877
12886
12910
12914
12929
12941
12959
12969
12976
12982
12996
13004
13012
13013
13026
13032
13038
13052
13057
13064
13061
13067
13066
13078
13084
13087
13091
13092
13097
13102
13107
13112
13126
13126
13125
13123
13110
13116
13126
13129
13122
13124
13126
13115
13116
13112
13106
13107
13106
13103
13113
13103
13103
13104
13106
13116
13118
13118
13117
13124
13118
13125
13124
13125
13127
13123
13130
13138
13137
13139
13130
13130
13141
13133
13136
13134
13131
13124
13129
13132
13128
13121
13126
13122
13122
13123
13126
13129
13128
13124
13129
13122
13117
13121
13126
13129
13127
13126
13126
13126
13131
13128
13122
13125
13123
13117
13116
13118
13123
13125
13129
13128
13138
13137
13130
13130
13125
13129
13133
13136
13144
13143
13140
13137
13137
13138
13134
13136
13137
13135
13143
13138
13138
13139
13136
13132
13131
13130
13138
13125
13127
13131
13120
13118
13121
13115
13121
13123
13126
13135
13128
13132
13136
13131
13137
13135
13134
13135
13139
13139
13139
13135
13134
13135
13133
13131
13126
13126
13128
13130
13143
13140
13136
13143
13134
13139
13134
13134
13138
13138
13141
13139
13136
13141
13141
13137
13133
13133
13126
13131
13128
13125
13135
13138
13134
13134
13139
13141
13142
13139
13132
13125
13132
13136
13134
13136
13134
13138
13139
13130
13131
13128
13123
13123
13121
13125
13133
13133
13136
13141
13131
13133
13129
13142
13144
13130
13134
13136
13139
13146
13141
13136
13143
13145
13140
13142
13134
13137
13135
13130
13126
13119
13112
13110
13115
13120
13119
13115
13117
13115
13117
13115
13117
13122
13122
13129
13136
13142
13149
13145
13149
13148
13135
13139
13139
13135
13130
13133
13134
13135
13132
13131
13130
13130
13127
13132
13129
13134
13135
13135
13130
13129
13129
13131
13126
13123
13118
13120
13121
13123
13131
13135
13140
13133
13138
13141
13139
13137
13137
13137
13129
13131
13131
13133
13138
13137
13146
13148
13150
13154
13155
13145
13148
13135
13138
13135
13132
13128
13128
13130
13135
13138
13141
13139
13144
13149
13143
13141
13138
13135
13138
13130
13127
13122
13132
13138
13141
13146
13139
13138
13130
13021
12918
12866
12834
12817
12824
12828
12841
12859
12862
12873
12888
12895
12908
12917
12926
12943
12958
12972
12989
12999
13018
13030
13038
13045
13048
13053
13060
13062
13071
13063
13068
13069
13074
13083
13079
13081
13077
13078
13081
13088
13078
13085
13079
13089
13099
13103
13094
13102
13100
13099
13107
13098
13099
13103
13112
13113
13121
13124
13128
13127
13127
13130
13128
13130
13131
13131
13137
13129
13138
13126
13128
13127
13118
13122
13122
13124
13142
13145
13145
13142
13138
13140
13148
13146
13146
13140
13143
13149
13145
13139
13141
13138
13139
13137
13133
13123
13124
13125
13126
13126
13124
13121
13125
13124
13133
13133
13137
13125
13134
13128
13126
13129
13136
13134
13132
13124
13122
13123
13128
13130
13128
13124
13138
13133
13140
13135
13131
13134
13125
13122
13130
13126
13126
13135
13132
13133
13123
13119
13128
13123
13128
13127
13132
13137
13133
13133
13126
13125
13133
13129
