13124
13127
13129
13129
13131
13126
13129
13131
13132
13136
13140
13143
13147
13140
13135
13134
13131
13133
13131
13131
13134
13132
13124
13127
13116
13117
13120
13124
13132
13139
13143
13142
13139
13138
13140
13131
13135
13135
13134
13132
13129
13131
13127
13126
13132
13126
13125
13132
13127
13124
13130
13129
13134
13134
13137
13136
13128
13134
13137
13136
13132
13139
13147
13147
13149
13147
13145
13141
13137
13134
13131
13137
13133
13132
13135
13129
13139
13142
13140
13138
13145
13140
13135
13140
13150
13125
13009
12937
12886
12854
12840
12825
12838
12836
12845
12761
12687
12644
12623
12620
12627
12631
12650
12666
12682
12711
12740
12763
12795
12817
12835
12864
12886
12897
12914
12929
12944
12956
12962
12979
12987
12995
13003
13009
13009
13015
13019
13028
13041
13051
13061
13062
13073
13072
13073
13078
13079
13091
13080
13081
13079
13082
13088
13094
13092
13099
13102
13111
13107
13112
13121
13134
13131
13124
13129
13124
13122
13115
13113
13116
13114
13123
13130
13130
13129
13129
13128
13130
13131
13128
13121
13111
13118
13116
13125
13125
13123
13126
13130
13132
13137
13136
13137
13146
13139
13141
13135
13132
13141
13141
13130
13135
13135
13128
13139
13132
13125
13131
13138
13137
13135
13144
13146
13147
13143
13143
13141
13140
13139
13143
13138
13139
13144
13140
13142
13137
13139
13132
13122
13126
13130
13128
13124
13124
13125
13127
13127
13128
13133
13133
13134
13132
13124
13124
13131
13123
13127
13125
13125
13130
13124
13130
13136
13137
13142
13139
13146
13149
13147
13146
13141
13135
13140
13130
13132
13133
13124
13126
13129
13131
13133
13136
13139
13143
13137
13132
13138
13138
13134
13139
13134
13140
13132
13130
13133
13129
13130
13137
13135
13134
13139
13140
13147
13146
13145
13141
13140
13146
13149
13150
13149
13150
13152
13142
13143
13146
13138
13136
13135
13139
13132
13140
13139
13137
13134
13137
13139
13134
13146
13146
13139
13144
13141
13139
13146
13133
13130
13138
13138
13133
13133
13133
13130
13132
13138
13131
13132
13140
13144
13141
13135
13137
13147
13142
13140
13134
13133
13131
13135
13140
13135
13138
13142
13141
13142
13140
13141
13139
13145
13145
13151
13148
13146
13144
13145
13143
13134
13141
13140
13138
13133
13129
13127
13129
13130
13135
13129
13139
13143
13142
13145
13143
13143
13136
13130
13132
13128
13126
13124
13125
13130
13136
13137
13139
13138
13142
13150
13148
13150
13150
13148
13151
13140
13141
13146
13136
13137
13139
13136
13137
13135
13143
13137
13139
13141
13131
13134
13145
13139
13136
13136
13133
13133
13138
13136
13134
13135
13137
13132
13134
13139
13138
13142
13142
13134
13137
13133
13137
13135
13137
13146
13146
13134
13133
13143
13140
13137
13143
13144
13139
13143
13140
13142
13140
13143
13142
13144
13141
13142
13145
13145
13137
13142
13128
13125
13131
13128
13129
13123
13128
13128
13132
13134
13137
13129
13128
13122
13122
13121
13122
13123
13124
13124
13119
13122
13127
13122
13127
13129
13133
13133
13135
13141
13145
13147
13145
13144
13146
13148
13147
13144
13146
13153
13154
13151
13150
13140
13134
13123
13124
13122
13132
13127
13137
13130
13133
13131
13086
12470
11667
11015
10609
10412
10307
10182
10111
10136
10194
10315
10425
10574
10691
10838
10954
10944
10911
10956
11012
11108
11189
11297
11395
11508
11587
11687
11771
11864
11935
12014
12071
12140
12188
12260
12312
12358
12414
12467
12509
12554
12590
12619
12649
12678
12691
12728
12742
12768
12797
12827
12850
12871
12889
12906
12919
12933
12945
12958
12972
12970
12978
12991
12999
13015
13012
13019
13032
13036
13042
13042
13046
13049
13058
13066
13081
13082
13089
13097
13097
13099
13098
13094
13105
13098
13103
13106
13100
13103
13103
13104
13111
13109
13111
13108
13114
13122
13122
13120
13129
13126
13128
13127
13121
13126
13110
13118
13125
13130
13129
13130
13125
13126
13128
13127
13123
13118
13119
13123
13130
13130
13125
13129
13137
13134
13133
13140
13131
13132
13134
13134
13134
13131
13133
13131
13138
13140
13139
13138
13141
13135
13138
13134
13138
13137
13132
13133
13133
13129
13134
13127
13133
13128
13135
13126
13142
13135
13132
13138
13133
13137
13135
13124
13133
13128
13132
13136
13140
13142
13149
13146
13143
13137
13135
13131
13120
13121
13115
13117
13114
13115
13121
13124
13127
13130
13129
13125
13127
13127
13129
13126
13133
13143
13135
13132
13135
13128
13131
13130
13122
13129
13134
13139
13137
13132
13132
13135
13129
13124
13121
13122
13128
13129
13132
13139
13134
13131
13132
13135
13135
13130
13139
13142
13138
13142
13134
13129
13132
13135
13138
13144
13142
13141
13132
13137
13136
13129
13132
13131
13124
13127
13123
13120
13125
13120
13120
13128
13125
13127
13123
13121
13118
13118
13128
13129
13128
13132
13128
13127
13138
13139
13143
13147
13140
13144
13129
13127
13129
13120
13122
13123
13133
13129
13130
13131
13126
13126
13125
13122
13128
13124
13118
13122
13117
13121
13132
13132
13136
13137
13138
13130
13131
13133
13123
13118
13123
13125
13121
13125
13131
13128
13132
13138
13131
13137
13132
13133
13132
13141
13139
13142
13148
13150
13142
13138
13140
13139
13139
13134
13137
13137
13138
13141
13140
13134
13122
13130
13129
13121
13134
13135
13134
13133
13129
13126
13132
13135
13129
13133
13138
13140
13145
13152
13146
13142
13132
13138
13141
13140
13131
13133
13135
13137
13139
13136
13138
13126
13127
13136
13132
13128
13132
13133
13142
13139
13137
13141
13145
13146
13150
13142
13143
13143
13143
13142
13138
13139
13137
13140
13139
13140
13142
13140
13138
13146
13145
13144
13143
13140
13141
13138
13135
13135
13131
13130
13141
13141
13140
13134
13132
13142
13145
13147
13147
13147
13140
13154
13141
13135
13133
13130
13123
13126
13124
13125
13123
13126
13127
13130
13145
13141
13137
13143
13137
13148
13135
13134
13132
13132
13132
13137
13138
13135
13136
13142
13147
13132
13140
13134
13129
13128
13128
13134
13135
13133
13132
13136
13125
13125
13130
13129
13128
13129
13132
13132
13135
13140
13129
13132
13136
13135
13133
13129
13131
13128
13125
13129
13137
13128
13135
13129
13134
13132
13138
13137
13145
13147
13143
13141
13132
13136
13138
13141
13144
13132
13123
13121
13120
13121
13121
13123
13127
13127
13125
13120
13122
13118
13122
13125
13133
13132
13135
13137
13142
13148
13143
13138
13138
13140
13144
13136
13141
13140
13142
13148
13151
13143
13144
13144
13142
13150
13148
