13116
13125
13129
13131
13135
13131
13129
13132
13131
13136
13133
13134
13142
13133
13131
13137
13130
13126
13120
13123
13126
13135
13136
13136
13130
13129
13130
13123
13119
13119
13118
13122
13119
13120
13129
13124
13122
13128
13134
13141
13143
13147
13145
13145
13147
13142
13141
13137
13129
13131
13128
13130
13136
13126
13132
13133
13130
13129
13127
13123
13113
13115
13121
13127
13124
13128
13127
13132
13125
13122
13124
13127
13123
13122
13128
13128
13126
13132
13128
13136
13141
13140
13139
13137
13133
13125
13126
13124
13125
13130
13128
13127
13132
13126
13126
13127
13121
13129
13130
13134
13129
13134
13122
13132
13121
13128
13124
13130
13136
13134
13134
13145
13144
13146
13138
13145
13141
13147
13140
13146
13145
13141
13138
13138
13131
13128
13126
13133
13125
13131
13125
13135
13146
13144
13147
13150
13142
13140
13142
13140
13147
13149
13145
13149
13143
13148
13147
13144
13140
13140
13129
13136
13119
13114
13122
13117
13114
13127
13120
13123
13120
13129
13130
13127
13126
13122
13126
13126
13125
13132
13125
13121
13129
13128
13134
13136
13138
13133
13134
13137
13141
13144
13147
13147
13138
13144
13146
13145
13147
13139
13148
13155
13153
13151
13150
13142
13138
13137
13133
13130
13128
13130
13133
13138
13142
13138
13138
13139
13133
13135
13134
13132
13135
13136
13127
13136
13139
13140
13138
13144
13149
13143
13143
13138
13137
13128
13131
13127
13124
13124
13122
13133
13137
13138
13145
13143
13143
13141
13134
13128
13129
13136
13131
13132
13133
13134
13131
13142
13145
13151
13155
13149
13160
13147
13149
13152
13146
13143
13141
13133
13134
13131
13126
13123
13123
13126
13125
13119
13125
13130
13129
13138
13147
13143
13149
13145
13141
13144
13137
13138
13136
13132
13134
13135
13134
13126
13130
13128
13126
13126
13126
13130
13141
13130
13128
13134
13139
13140
13142
13138
13152
13147
13146
13142
13134
13135
13141
13136
13136
13137
13123
13137
13132
13128
13135
13132
13137
13135
13124
13125
13132
13135
13134
13135
13136
13131
13126
13126
13125
13121
13129
13136
13146
13141
13138
13132
13124
13126
13123
13121
13128
13125
13126
13127
13121
13122
13128
13128
13133
13137
13141
13147
13142
13140
13139
13139
13134
13133
13129
13134
13142
13145
13139
13132
13135
13137
13141
13144
13142
13142
13143
13136
13134
13125
13126
13131
13129
13125
13119
13123
13124
13120
13126
13130
13123
13123
13130
13133
13133
13136
13138
13139
13141
13141
13150
13139
13138
13140
13136
13138
13139
13135
13134
13138
13129
13133
13128
13129
13122
13121
13119
13119
13134
13122
13124
13130
13128
13127
13129
13129
13125
13129
13128
13132
13130
13137
13142
13139
13143
13137
13145
13145
13142
13141
13151
13141
13144
13134
13124
13129
13142
13141
13145
13145
13148
13155
13152
13144
13138
13140
13140
13136
13142
13129
13127
13124
13129
13133
13130
13128
13131
13131
13130
13132
13121
13123
13131
13126
13131
13132
13128
13124
13123
13117
13124
13126
13125
13134
13131
13134
13136
13135
13130
13137
13135
13126
13119
13127
13128
13130
13126
13125
13128
13125
13132
13133
13132
13136
13127
13130
13137
13141
13139
13097
12738
12210
11889
11692
11608
11559
11570
11598
11663
11718
11766
11775
11818
11872
11932
11996
12064
12123
12184
12240
12258
12085
11994
11954
11955
11976
12015
12047
12107
12154
12214
12259
12304
12343
12393
12443
12489
12528
12564
12604
12637
12669
12705
12729
12758
12780
12808
12828
12838
12858
12884
12897
12917
12937
12944
12945
12961
12971
12981
12991
12997
13004
13015
13022
13030
13038
13042
13045
13059
13054
13069
13075
13079
13084
13088
13090
13092
13092
13086
13097
13089
13098
13099
13100
13102
13112
13106
13114
13109
13109
13115
13119
13114
13118
13115
13113
13108
13118
13131
13123
13127
13121
13126
13122
13124
13127
13126
13121
13125
13125
13121
13119
13124
13127
13131
13134
13134
13136
13135
13130
13122
13126
13123
13123
13126
13130
13126
13130
13126
13125
13133
13122
13124
13123
13122
13119
13126
13126
13133
13131
13131
13126
13129
13137
13139
13132
13137
13130
13139
13127
13134
13138
13128
13129
13128
13120
13126
13119
13121
13124
13119
13121
13122
13124
13133
13136
13139
13139
13138
13138
13143
13139
13134
13139
13139
13133
13138
13137
13128
13126
13130
13129
13122
13120
13124
13119
13112
13115
13126
13118
13122
13126
13120
13119
13116
13120
13122
13125
13129
13133
13133
13138
13134
13135
13137
13137
13134
13132
13125
13125
13133
13123
13123
13133
13123
13125
13130
13127
13130
13130
13129
13130
13141
13140
13136
13135
13139
13138
13139
13135
13137
13138
13138
13139
13138
13138
13139
13138
13135
13133
13129
13135
13134
13134
13137
13132
13129
13133
13134
13135
13145
13139
13145
13151
13141
13140
13133
13138
13137
13138
13135
13132
13126
13128
13131
13134
13128
13132
13139
13136
13139
13136
13136
13133
13137
13144
13144
13146
13143
13139
13137
13138
13137
13132
13136
13132
13130
13133
13124
13126
13131
13133
13135
13139
13135
13130
13133
13135
13133
13133
13126
13120
13124
13124
13124
13127
13121
13125
13133
13123
13125
13128
13133
13135
13133
13135
13133
13133
13141
13140
13136
13135
13146
13144
13148
13136
13130
13139
13134
13129
13132
13126
13128
13134
13126
13138
13138
13137
13134
13137
13139
13135
13142
13146
13141
13147
13145
13141
13143
13138
13134
13134
13131
13135
13126
13127
13133
13134
13135
13135
13129
13129
13134
13132
13136
13131
13129
13136
13139
13143
13142
13135
13136
13139
13138
13135
13136
13142
13143
13138
13133
13126
13128
13132
13131
13138
13137
13140
13148
13137
13135
13138
13132
13134
13136
13134
13141
13137
13141
13142
13134
13131
13135
13134
13142
13140
13138
13146
13137
13135
13149
13142
13143
13146
13129
13135
13135
13133
13132
13137
13134
13134
13139
13144
13144
13143
13141
13144
13144
13138
13139
13133
13136
13135
13129
13122
13123
13125
13126
13129
13123
13120
13121
13115
13122
13116
13115
13123
13117
13119
13133
13125
13127
13127
13123
13126
13127
13136
13144
13142
13148
13142
13142
13142
13136
13139
13141
13132
13135
13130
13126
13132
13128
13129
13132
13130
13134
13137
13135
13136
13127
13125
13128
13128
13131
13137
13136
13142
13140
13135
13135
13133
13132
13134
13129
13134
13137
13133
13138
13134
13129
13124
13127
13131
13132
13128
13123
13117
13120
13114
13115
13116
13117
13121
13113
13115
13115
13118
13118
13121
13118
13123
13127
13121
13131
13134
