13129
13138
13138
13144
13138
13140
13142
13142
13139
13144
13147
13146
13142
13142
13146
13141
13136
13133
13139
13137
13134
13138
13139
13136
13137
13132
13124
13123
13134
13123
13123
13116
13117
13117
13128
13128
13129
13125
13125
13138
13135
13135
13135
13140
13145
13144
13134
13130
13124
13116
13117
13122
13120
13121
13119
13122
13125
13121
13136
13134
13138
13140
13134
13142
13141
13136
13133
13139
13151
13148
13144
13145
13142
13143
13138
13140
13140
13133
13131
13138
13135
13133
13133
13130
13134
13135
13128
13134
13123
13128
13128
13126
13136
13132
13127
13130
13128
13127
13131
13126
13122
13131
13132
13131
13124
13128
13130
13134
13138
13127
13128
13136
13133
13135
13133
13137
13143
13138
13145
13139
13140
13142
13142
13148
13150
13153
13154
13155
13141
13133
13126
13129
13133
13134
13126
13123
13120
13115
13116
13107
13102
13108
13104
13113
13111
13121
13135
13143
13146
13149
13150
13150
13146
13143
13134
13130
13129
13121
13121
13124
13126
13129
13123
13123
13122
13133
13139
13145
13140
13149
13138
13131
13131
13120
13118
13122
13115
13115
13121
13128
13133
13138
13130
13136
13128
13130
13129
13128
13130
13128
13128
13134
13136
13137
13135
13135
13137
13133
13130
13142
13134
13134
13138
13146
13146
13147
13147
13150
13147
13147
13150
13146
13147
13143
13143
13140
13130
13131
13138
13133
13133
13138
13137
13130
13132
13134
13128
13135
13133
13128
13130
13137
13132
13136
13129
13139
13145
13141
13136
13136
13125
13128
13130
13126
13130
13128
13130
13133
13126
13136
13135
13133
13132
13133
13134
13136
13132
13135
13146
13139
13147
13143
13135
13140
13143
13136
13133
13131
13129
13124
13123
13132
13133
13139
13137
13139
13139
13135
13128
13138
13141
13142
13145
13143
13141
13135
13130
13138
13127
13133
13129
13129
13128
13132
13130
13142
13132
13134
13135
13123
13123
13125
13126
13127
13122
13125
13124
13126
13127
13125
13121
13123
13126
13132
13131
13123
13124
13120
13121
13118
13126
13124
13124
13124
13125
13126
13126
13125
13128
13130
13130
13130
13130
13128
13125
13137
13125
13118
13125
13124
13123
13129
13127
13132
13137
13136
13145
13136
13133
13126
13131
13138
13135
13137
13126
13129
13137
13139
13141
13138
13138
13138
13142
13143
13142
13138
13133
13137
13136
13136
13129
13127
13133
13137
13134
13137
13132
13135
13144
13141
13139
13138
13138
13141
13134
13134
13133
13132
13124
13132
13127
13130
13126
13127
13126
13132
13141
13126
13121
13123
13119
13124
13122
13124
13133
13139
13141
13138
13132
13135
13141
13144
13143
13139
13144
13148
13136
13130
13133
13128
13126
13134
13130
13126
13130
13134
13139
13132
13130
13125
13129
13134
13128
13132
13133
13125
13133
13119
13123
13127
13137
13140
13136
13135
13135
13133
13126
13126
13126
13133
13135
13140
13141
13140
13145
13149
13147
13139
13142
13131
13124
13133
13127
13127
13128
13127
13125
13115
13110
13110
13118
13126
13131
13132
13126
13132
13142
13134
13131
13136
13132
13146
13149
13146
13150
13144
13137
13139
13125
13130
13133
13136
13140
13139
13137
13138
13126
13128
13133
13126
13129
13129
13128
13135
13136
13138
13109
12934
12496
11988
11334
10939
10730
10630
10626
10654
10745
10819
10934
11047
11170
11272
11387
11481
11584
11672
11772
11855
11938
12007
12087
12153
12221
12274
12329
12382
12430
12471
12522
12549
12590
12616
12649
12673
12713
12736
12761
12778
12796
12818
12846
12869
12884
12901
12910
12923
12943
12947
12964
12974
12990
12995
12999
13008
13023
13024
13028
13036
13030
13043
13046
13051
13064
13070
13072
13080
13077
13081
13092
13084
13090
13097
13088
13098
13094
13100
13101
13100
13100
13105
13105
13108
13105
13107
13099
13098
13103
13104
13105
13118
13117
13120
13122
13119
13118
13117
13124
13124
13124
13121
13123
13120
13119
13122
13119
13135
13132
13138
13150
13139
13129
13138
13136
13135
13138
13133
13131
13129
13138
13133
13134
13137
13135
13137
13139
13131
13131
13132
13138
13142
13144
13139
13145
13141
13141
13139
13133
13135
13133
13134
13135
13131
13131
13125
13125
13125
13118
13118
13123
13116
13122
13128
13124
13124
13128
13129
13131
13138
13141
13141
13140
13132
13132
13138
13140
13139
13143
13137
13126
13126
13123
13121
13126
13122
13122
13128
13128
13134
13134
13136
13142
13138
13140
13131
13122
13124
13125
13121
13129
13122
13123
13127
13124
13125
13123
13132
13134
13137
13140
13138
13136
13142
13150
13145
13138
13135
13139
13127
13129
13135
13126
13133
13136
13139
13140
13143
13131
13137
13133
13137
13137
13139
13136
13133
13131
13131
13125
13132
13142
13143
13142
13140
13140
13136
13133
13131
13133
13132
13132
13140
13139
13145
13144
13137
13141
13131
13139
13136
13139
13140
13138
13140
13139
13139
13140
13138
13141
13150
13142
13141
13142
13135
13132
13142
13142
13137
13130
13131
13129
13122
13121
13132
13132
13138
13138
13141
13138
13138
13134
13133
13129
13133
13138
13140
13143
13146
13145
13135
13137
13134
13130
13131
13131
13132
13131
13133
13130
13138
13134
13138
13137
13134
13141
13138
13136
13138
13129
13123
13123
13125
13117
13124
13109
13112
13120
13118
13116
13120
13116
13122
13131
13137
13140
13148
13143
13140
13146
13137
13135
13142
13141
13134
13138
13140
13140
13140
13137
13137
13128
13133
13131
13127
13128
13124
13118
13124
13112
13115
13128
13129
13125
13133
13136
13137
13136
13134
13127
13128
13132
13123
13132
13138
13132
13135
13134
13128
13142
13132
13136
13143
13137
13141
13136
13133
13140
13134
13128
13131
13126
13128
13131
13128
13125
13126
13125
13133
13120
13118
13125
13129
13126
13135
13134
13140
13141
13138
13140
13136
13140
13139
13130
13135
13140
13133
13131
13131
13137
13135
13135
13134
13137
13132
13139
13136
13132
13129
13134
13138
13128
13141
13128
13130
13134
13138
13143
13154
13149
13141
13146
13136
13136
13138
13142
13135
13133
13132
13123
13122
13120
13119
13129
13137
13139
13135
13132
13133
13144
13134
13139
13142
13140
13140
13141
13135
13142
13143
13137
13140
13134
13138
13140
13138
13137
13139
13143
13152
13136
13131
13137
13129
13126
13130
13129
13128
13136
13139
13145
13141
13141
13146
13148
13147
13143
13144
13144
13143
13146
13133
13129
13136
13130
13132
13133
13132
13135
13142
13143
13143
13128
13135
13138
13137
13142
13135
13125
13130
13123
13122
13127
13120
13119
13128
13127
13130
13134
13138
13140
13140
13143
13147
