13129
13118
13121
13115
13122
13117
13123
13124
13134
13124
13126
13125
13127
13126
13125
13124
13125
13129
13126
13131
13136
13134
13141
13146
13134
13138
13140
13143
13145
13143
13144
13148
13147
13147
13145
13139
13142
13137
13133
13133
13134
13134
13137
13138
13138
13142
13135
13143
13135
13136
13139
13138
13133
13134
13133
13129
13137
13133
13134
13137
13140
13144
13143
13142
13143
13147
13145
13136
13134
13128
13118
13125
13131
13137
13128
13130
13133
13138
13141
13146
13142
13142
13148
13133
13135
13138
13137
13144
13143
13142
13147
13134
13139
13141
13142
13138
13137
13137
13133
13135
13136
13135
13138
13145
13142
13147
13137
13138
13142
13141
13143
13143
13140
13140
13138
13137
13135
13137
13135
13136
13128
13133
13127
13122
13125
13132
13135
13142
13138
13126
13137
13129
13132
13132
13128
13139
13138
13138
13141
13132
13131
13132
13128
13126
13130
13120
13121
13124
13126
13122
13127
13131
13131
13131
13134
13132
13136
13141
13139
13144
13136
13127
13133
13131
13135
13133
13132
13135
13137
13133
13140
13133
13128
13128
13128
13128
13133
13140
13141
13137
13143
13142
13146
13140
13145
13142
13146
13141
13151
13143
13145
13141
13136
13136
13130
13127
13130
13133
13132
13134
13127
13135
13143
13145
13140
13139
13136
13138
13136
13128
13123
13114
13121
13120
13125
13126
13130
13136
13131
13133
13133
13126
13129
13130
13135
13134
13132
13129
13134
13127
13131
13140
13141
13140
13134
13137
13134
13133
13131
13135
13132
13135
13142
13138
13142
13137
13141
13137
13136
13132
13145
13135
13125
13127
13123
13121
13117
13122
13128
13129
13136
13137
13141
13136
13134
13132
13131
13126
13142
13135
13140
13140
13144
13137
13133
13134
13134
13137
13139
13135
13130
13135
13139
13135
13134
13133
13132
13137
13139
13138
13145
13146
13146
13152
13158
13154
13157
13159
13158
13158
13162
13160
13155
13155
13143
13144
13136
13132
13135
13136
13129
13131
13127
13122
13122
13122
13122
13125
13124
13126
13119
13125
13132
13129
13133
13129
13136
13138
13130
13125
13132
13126
13127
13134
13131
13129
13125
13127
13123
13129
13135
13135
13127
13130
13126
13134
13131
13135
13148
13142
13144
13151
13151
13144
13150
13139
13143
13141
13140
13146
13147
13141
13139
13139
13135
13136
13128
13136
13134
13118
13126
13121
13126
13128
13119
13121
13131
13135
13133
13133
13125
13122
13132
13132
13126
13129
13125
13125
13124
13122
13119
13122
13124
13132
13134
13140
13142
13136
13134
13140
13128
13130
13132
13125
13121
13124
13128
13134
13130
13126
13138
13135
13127
13132
13134
13137
13135
13137
13135
13139
13145
13143
13145
13146
13144
13137
13137
13135
13136
13131
13130
13131
13132
13124
13121
13115
13123
13118
13123
13125
13118
13119
13126
13130
13133
13134
13136
13140
13136
13138
13145
13142
13142
13130
13129
13129
13132
13133
13126
13120
13126
13122
13135
13138
13141
13139
13142
13142
13146
13138
13136
13140
13142
13140
13145
13136
13136
13139
13133
13140
13134
13131
13127
13128
13127
13135
13135
13142
13142
13136
13145
13138
13136
13142
13143
13139
13145
13145
13147
13141
13149
13149
13145
13145
13129
12410
11158
10139
9532
9137
8844
8602
8558
8587
8720
8867
9079
9271
9498
9690
9870
9998
10140
10149
10231
10329
10454
10577
10713
10841
10986
11107
11237
11355
11473
11564
11673
11758
11848
11919
12002
12063
12136
12195
12256
12309
12361
12402
12453
12487
12532
12563
12602
12641
12672
12696
12734
12754
12779
12810
12818
12844
12864
12883
12887
12908
12917
12919
12944
12952
12961
12972
12982
12995
13011
13020
13027
13036
13049
13060
13062
13064
13064
13071
13067
13080
13083
13084
13095
13092
13088
13097
13094
13101
13093
13092
13100
13102
13105
13114
13108
13110
13110
13120
13126
13130
13133
13138
13133
13130
13126
13113
13113
13115
13114
13112
13113
13117
13113
13115
13116
13114
13120
13131
13128
13141
13137
13136
13143
13143
13145
13149
13146
13143
13137
13137
13138
13138
13137
13148
13133
13132
13124
13121
13129
13126
13125
13130
13125
13126
13133
13131
13132
13142
13140
13149
13149
13147
13147
13138
13144
13140
13131
13135
13133
13134
13131
13132
13140
13134
13137
13138
13129
13132
13141
13142
13137
13138
13139
13142
13137
13133
13135
13131
13127
13127
13129
13132
13133
13129
13131
13128
13133
13136
13132
13129
13127
13132
13130
13139
13136
13132
13131
13130
13123
13126
13127
13127
13136
13131
13140
13145
13145
13139
13137
13138
13140
13138
13130
13134
13122
13124
13133
13130
13137
13141
13144
13152
13152
13149
13144
13139
13135
13138
13132
13136
13136
13139
13139
13138
13140
13133
13132
13131
13133
13131
13127
13124
13137
13134
13134
13133
13133
13141
13142
13138
13130
13128
13136
13142
13133
13129
13135
13132
13132
13146
13141
13142
13143
13137
13141
13132
13126
13139
13136
13140
13144
13143
13142
13135
13142
13129
13130
13138
13134
13134
13134
13128
13129
13125
13126
13126
13132
13145
13148
13144
13151
13148
13140
13143
13134
13137
13133
13130
13125
13127
13123
13129
13127
13126
13132
13135
13130
13133
13131
13127
13126
13127
13125
13127
13125
13124
13128
13130
13137
13128
13136
13135
13144
13137
13138
13138
13142
13139
13143
13134
13126
13128
13135
13134
13131
13122
13128
13124
13129
13130
13122
13131
13133
13126
13137
13136
13132
13138
13132
13135
13131
13127
13128
13131
13136
13134
13138
13140
13134
13128
13130
13129
13141
13139
13143
13139
13140
13140
13131
13132
13135
13128
13133
13138
13131
13132
13136
13138
13142
13140
13137
13145
13147
13145
13146
13133
13137
13140
13135
13138
13137
13138
13143
13142
13138
13135
13130
13135
13141
13137
13139
13129
13126
13126
13125
13132
13129
13126
13128
13127
13133
13136
13134
13137
13135
13133
13137
13138
13137
13137
13136
13142
13140
13133
13134
13125
13128
13126
13125
13125
13125
13126
13125
13128
13135
13123
13127
13134
13130
13125
13123
13133
13146
13136
13139
13136
13139
13138
13137
13138
13139
13137
13132
13130
13123
13132
13135
13133
13138
13140
13136
13141
13140
13129
13137
13128
13132
13132
13133
13132
13128
13131
13133
13132
13130
13134
13135
13138
13142
13147
13143
13140
13152
13151
13147
13143
13138
13135
13130
13134
13132
13135
13136
13142
13138
13141
13142
13139
13138
13139
13142
13140
13131
13126
13136
13135
13139
13140
13139
13139
13138
13140
13140
13135
13137
13133
13137
13137
13133
13126
13127
13132
13140
13130
