13140
13143
13142
13137
13132
13131
13129
13137
13130
13130
13130
13126
13126
13129
13130
13135
13132
13137
13134
13135
13135
13130
13128
13137
13132
13130
13135
13135
13138
13139
13135
13138
13135
13138
13137
13137
13138
13141
13136
13136
13139
13138
13133
13130
13128
13130
13128
13134
13131
13132
13146
13146
13141
13140
13132
13129
13132
13127
13130
13127
13126
13123
13123
13128
13122
13123
13121
13118
13126
13129
13126
13130
13131
13137
13139
13140
13141
13141
13138
13137
13133
13144
13143
13140
13139
13128
13123
13128
13121
13119
13130
13131
13130
13137
13131
13131
13135
13136
13134
13128
13129
13126
13127
13129
13125
13124
13127
13124
13141
13129
13126
13138
13134
13129
13129
13129
13128
13129
13128
13129
13126
13135
13138
13142
13141
13143
13141
13148
13141
13144
13141
13132
13124
13122
13115
13115
13119
13119
13120
13117
13119
13124
13133
13133
13135
13141
13143
13142
13152
13145
13144
13143
13144
13147
13146
13139
13136
13135
13142
13142
13131
13133
13132
13132
13134
13134
13140
13143
13137
13133
13142
13129
13126
13135
13133
13133
13136
13137
13138
13136
13142
13139
13133
13136
13138
13146
13143
13135
13136
13127
13126
13133
13125
13129
13134
13137
13138
13142
13138
13131
13124
13125
13118
13119
13115
13126
13128
13139
13143
13140
13150
13142
13144
13142
13132
13123
13127
13135
13142
13150
13144
13138
13140
13145
13139
13135
13132
13135
13139
13135
13134
13129
13134
13132
13135
13134
13129
13126
13127
13123
13118
13127
13134
13131
13126
13126
13123
13125
13118
13118
13131
13124
13126
13132
13132
13130
13138
13139
13134
13136
13132
13126
13131
13137
13135
13131
13138
13143
13155
13147
13141
13141
13136
13135
13133
13136
13127
13131
13132
13137
13130
13126
13130
13132
13137
13132
13128
13127
13123
13118
13130
13123
13123
13126
13123
13122
13126
13125
13126
13129
13123
13125
13123
13136
13131
13137
13140
13135
13142
13139
13136
13130
13133
13138
13139
13138
13145
13149
13152
13153
13146
13147
13151
13144
13147
13147
13130
13134
13126
13125
13131
13130
13130
13135
13130
13127
13125
13122
13118
13118
13123
13120
13122
13126
13123
13126
13131
13133
13137
13138
13133
13135
13132
13136
13137
13139
13138
13133
13131
13135
13128
13133
13133
13126
13134
13137
13133
13138
13130
13124
13136
13128
13134
13139
13137
13132
13142
13143
13138
13135
13133
13131
13130
13132
13136
13139
13143
13146
13154
13146
13135
13131
13130
13133
13126
13125
13121
13133
13134
13143
13136
13137
13135
13129
13128
13132
13132
13133
13140
13140
13146
13133
13133
13136
13130
13134
13133
13137
13151
13147
13149
13151
13139
13138
13142
13136
13129
13137
13142
13139
13138
13142
13144
13144
13138
13139
13136
13133
13136
13141
13137
13138
13140
13139
13132
13124
13119
13127
13116
13115
13121
13116
13120
13126
13120
13120
13129
13135
13135
13140
13143
13150
13158
13154
13155
13146
13140
13132
13135
13132
13127
13127
13129
13129
13132
13134
13136
13136
13131
13138
13131
13137
13138
13137
13140
13132
13133
13139
13142
13138
13145
13132
13134
13137
13133
13131
13136
13134
13139
13129
13127
13118
13120
13124
13026
12851
12221
11597
11244
11022
10934
10890
10798
10766
10807
10856
10954
11042
11158
11263
11381
11480
11584
11673
11771
11854
11944
12018
12083
12137
12213
12266
12323
12376
12419
12456
12505
12543
12590
12626
12659
12683
12710
12734
12761
12787
12808
12826
12847
12856
12876
12894
12907
12924
12933
12935
12956
12965
12976
12992
13001
13010
13014
13021
13027
13027
13036
13042
13038
13041
13057
13058
13059
13077
13082
13088
13089
13089
13091
13097
13098
13094
13097
13106
13106
13114
13108
13102
13107
13104
13100
13109
13102
13106
13102
13107
13101
13106
13110
13111
13105
13108
13110
13111
13119
13128
13130
13132
13130
13127
13136
13125
13119
13122
13113
13115
13123
13123
13132
13135
13137
13134
13128
13132
13125
13121
13120
13124
13127
13128
13127
13132
13128
13132
13126
13125
13126
13125
13126
13124
13121
13125
13127
13118
13120
13124
13126
13125
13123
13119
13123
13118
13116
13124
13126
13129
13127
13132
13128
13132
13137
13133
13134
13142
13142
13140
13143
13140
13141
13134
13136
13134
13134
13138
13137
13139
13142
13144
13143
13140
13133
13139
13132
13132
13132
13137
13141
13142
13136
13133
13138
13136
13133
13133
13138
13134
13122
13119
13117
13119
13123
13123
13122
13128
13129
13130
13131
13131
13134
13136
13136
13138
13135
13134
13129
13136
13143
13136
13135
13138
13126
13131
13133
13137
13134
13138
13134
13132
13130
13133
13136
13132
13132
13135
13127
13132
13131
13130
13127
13134
13135
13139
13139
13133
13134
13136
13137
13145
13146
13146
13141
13145
13142
13139
13140
13139
13139
13142
13145
13156
13146
13146
13140
13140
13140
13137
13137
13128
13120
13124
13130
13121
13117
13124
13122
13127
13135
13130
13140
13147
13148
13141
13136
13140
13139
13138
13134
13118
13128
13124
13125
13134
13126
13136
13137
13143
13147
13145
13134
13132
13126
13133
13128
13127
13128
13130
13132
13136
13134
13134
13140
13133
13127
13135
13129
13129
13131
13136
13138
13138
13132
13131
13132
13141
13141
13141
13143
13139
13138
13135
13126
13132
13125
13127
13126
13135
13138
13139
13137
13138
13130
13132
13130
13126
13132
13135
13140
13140
13138
13131
13138
13131
13133
13142
13138
13132
13136
13133
13129
13121
13124
13122
13122
13131
13127
13126
13133
13136
13138
13130
13131
13129
13130
13136
13136
13137
13135
13129
13126
13133
13126
13134
13127
13124
13128
13134
13132
13140
13137
13138
13138
13127
13132
13137
13133
13135
13134
13138
13135
13137
13131
13125
13121
13115
13115
13121
13122
13131
13141
13141
13147
13150
13146
13151
13148
13144
13138
13138
13140
13143
13138
13134
13132
13128
13135
13139
13141
13145
13138
13136
13141
13133
13136
13137
13140
13148
13147
13139
13141
13138
13137
13138
13143
13145
13137
13148
13142
13135
13135
13125
13128
13130
13128
13126
13116
13109
13118
13124
13123
13128
13128
13133
13134
13130
13134
13135
13139
13140
13140
13146
13145
13144
13142
13144
13138
13137
13136
13128
13130
13133
13130
13134
13144
13141
13138
13135
13140
13137
13140
13137
13139
13137
13135
13128
13131
13131
13135
13134
13135
13137
13134
13134
13131
13135
13131
13132
13130
13136
13137
13134
13142
13133
13129
13138
13124
13124
13130
13134
13137
13144
13140
13134
13134
13141
13142
13132
13131
13135
13137
13134
