13128
13124
13128
13127
13134
13128
13133
13130
13127
13128
13125
13120
13131
13134
13125
13129
13128
13122
13123
13123
13128
13131
13129
13140
13131
13133
13141
13135
13134
13138
13139
13138
13141
13133
13141
13140
13135
13139
13134
13131
13130
13040
12927
12859
12822
12799
12794
12797
12805
12818
12829
12844
12868
12877
12889
12915
12937
12950
12957
12975
12985
12996
12998
13012
13013
13018
13030
13034
13042
13049
13051
13065
13064
13067
13068
13068
13075
13076
13079
13084
13090
13097
13099
13109
13112
13110
13122
13119
13112
13120
13114
13118
13118
13109
13107
13115
13116
13117
13113
13120
13122
13124
13131
13132
13130
13130
13126
13130
13133
13129
13132
13137
13134
13135
13145
13137
13140
13132
13134
13137
13139
13137
13138
13135
13131
13119
13125
13134
13135
13129
13128
13128
13131
13131
13129
13131
13131
13134
13133
13134
13135
13131
13128
13133
13134
13138
13147
13148
13150
13153
13158
13153
13144
13132
13139
13137
13139
13140
13132
13128
13131
13134
13136
13142
13133
13135
13127
13125
13126
13121
13121
13122
13132
13126
13126
13131
13128
13123
13132
13133
13137
13132
13130
13138
13141
13140
13146
13135
13141
13137
13131
13133
13137
13138
13145
13142
13141
13134
13133
13136
13142
13133
13128
13124
13131
13127
13129
13137
13127
13131
13135
13132
13142
13137
13140
13143
13137
13138
13142
13140
13153
13143
13138
13145
13139
13144
13151
13146
13145
13146
13145
13153
13150
13145
13152
13139
13133
13134
13126
13133
13135
13135
13135
13136
13137
13134
13130
13134
13124
13125
13125
13126
13119
13118
13123
13132
13129
13132
13137
13136
13135
13130
13139
13138
13138
13133
13136
13132
13132
13130
13117
13117
13108
13107
13116
13113
13106
13112
13113
13122
13129
13130
13130
13128
13126
13132
13131
13136
13133
13139
13142
13132
13134
13127
13126
13131
13133
13134
13127
13122
13122
13115
13119
13133
13125
13135
13139
13135
13140
13138
13137
13140
13125
13122
13125
13124
13125
13130
13122
13134
13131
13130
13132
13135
13140
13140
13149
13151
13144
13146
13151
13148
13158
13143
13147
13146
13137
13137
13128
13127
13125
13127
13128
13131
13129
13137
13142
13136
13133
13132
13124
13127
13129
13131
13129
13127
13130
13132
13125
13116
13123
13127
13127
13133
13128
13123
13123
13126
13125
13130
13132
13131
13135
13132
13129
13128
13133
13127
13125
13123
13126
13125
13124
13130
13129
13137
13134
13130
13137
13138
13138
13141
13136
13140
13142
13138
13138
13134
13123
13123
13124
13126
13133
13132
13136
13132
13134
13135
13133
13129
13132
13142
13148
13146
13146
13147
13142
13141
13138
13139
13142
13142
13144
13137
13127
13130
13135
13138
13144
13142
13138
13131
13135
13133
13137
13134
13130
13138
13130
13130
13138
13138
13137
13140
13140
13141
13139
13138
13130
13133
13136
13138
13139
13142
13147
13147
13145
13141
13130
13135
13140
13137
13126
13122
13119
13128
13130
13127
13125
13122
13130
13138
13124
13119
13133
13124
13128
13131
13124
13137
13144
13145
13145
13149
13150
13147
13146
13143
13142
13137
13134
13128
13134
13132
13127
13131
13123
13124
13121
13119
13121
13118
13119
13127
13117
13125
13127
13131
12961
12301
11754
11333
11095
10964
10938
10944
11018
11084
11182
11259
11299
11349
11423
11482
11563
11634
11716
11787
11868
11937
12012
12078
12153
12208
12268
12329
12370
12311
12288
12284
12301
12317
12346
12383
12423
12469
12511
12541
12578
12608
12638
12679
12707
12730
12763
12775
12797
12825
12843
12869
12885
12901
12915
12934
12943
12948
12963
12978
12983
12998
13005
13006
13013
13014
13018
13029
13031
13037
13042
13048
13054
13060
13061
13069
13073
13082
13088
13097
13101
13101
13104
13110
13104
13102
13115
13107
13115
13115
13110
13117
13124
13124
13124
13118
13121
13129
13128
13135
13131
13127
13130
13130
13129
13131
13129
13122
13120
13121
13120
13122
13120
13128
13123
13127
13125
13120
13122
13113
13126
13132
13131
13135
13130
13135
13145
13135
13128
13131
13126
13124
13124
13129
13140
13138
13137
13135
13133
13135
13138
13133
13131
13133
13132
13130
13132
13141
13138
13140
13135
13137
13143
13145
13142
13146
13140
13140
13136
13133
13133
13130
13126
13129
13127
13129
13134
13133
13134
13140
13137
13137
13138
13133
13133
13128
13131
13126
13129
13129
13125
13123
13121
13119
13126
13122
13124
13128
13121
13125
13121
13123
13123
13124
13125
13140
13135
13141
13146
13141
13142
13139
13138
13139
13140
13137
13142
13137
13136
13136
13127
13131
13134
13136
13133
13134
13128
13126
13127
13133
13131
13137
13134
13133
13138
13133
13127
13131
13124
13128
13123
13122
13130
13127
13125
13135
13129
13132
13123
13124
13124
13131
13124
13129
13125
13125
13134
13133
13144
13145
13145
13144
13143
13152
13156
13157
13150
13147
13142
13140
13144
13141
13138
13145
13149
13140
13127
13131
13136
13137
13130
13130
13130
13136
13136
13137
13132
13132
13126
13129
13132
13130
13131
13130
13128
13131
13138
13131
13125
13131
13125
13129
13129
13133
13137
13139
13142
13134
13130
13137
13134
13139
13134
13133
13142
13134
13136
13137
13142
13141
13141
13147
13147
13146
13141
13146
13135
13139
13140
13141
13133
13138
13134
13132
13127
13126
13141
13140
13142
13142
13136
13134
13136
13134
13136
13131
13131
13129
13136
13134
13139
13143
13138
13139
13150
13142
13140
13138
13138
13144
13143
13142
13144
13141
13139
13149
13135
13142
13146
13141
13144
13141
13141
13135
13133
13120
13128
13125
13125
13123
13125
13121
13122
13131
13131
13132
13133
13132
13129
13134
13125
13123
13124
13129
13141
13135
13131
13125
13122
13130
13131
13130
13129
13132
13131
13137
13127
13123
13123
13117
13117
13121
13124
13134
13133
13137
13141
13133
13134
13143
13138
13147
13150
13152
13149
13145
13145
13142
13142
13145
13142
13137
13134
13124
13131
13132
13138
13137
13139
13139
13131
13129
13139
13138
13131
13132
13130
13138
13137
13141
13139
13144
13134
13142
13136
13137
13142
13139
13145
13145
13140
13142
13135
13133
13142
13141
13138
13140
13142
13144
13141
13142
13145
13136
13139
13134
13129
13136
13140
13142
13140
13141
13135
13139
13135
13128
13123
13123
13124
13122
13123
13124
13123
13136
13126
13122
13122
13124
13121
13125
13129
13134
13130
13132
13134
13127
13126
13124
13121
13129
13129
13129
13138
13139
13147
13147
13152
13158
13156
13158
13151
13149
13150
13151
13148
13140
13134
13135
13140
13137
13133
13129
