13142
13137
13130
13132
13136
13129
13126
13129
13129
13134
13137
13135
13137
13140
13145
13149
13142
13141
13133
13136
13134
13128
13128
13138
13132
13130
13141
13140
13136
13140
13138
13138
13141
13139
13136
13136
13138
13134
13138
13139
13140
13148
13142
13143
13142
13134
13133
13137
13134
13135
13133
13136
13131
13142
13145
13146
13142
13143
13142
13143
13139
13139
13136
13141
13134
13132
13140
13128
13126
13129
13132
13125
13131
13132
13128
13132
13128
13132
13129
13128
13134
13134
13141
13138
13140
13136
13136
13138
13138
13131
13126
13127
13130
13126
13126
13135
13126
13133
13140
13136
13132
13139
13135
13135
13136
13124
13128
13120
13124
13133
13116
12999
12916
12867
12839
12829
12828
12828
12838
12848
12852
12865
12874
12895
12917
12922
12936
12956
12966
12981
12986
12992
13001
13004
13009
13015
13020
13027
13032
13044
13055
13059
13066
13085
13080
13086
13093
13095
13091
13097
13101
13103
13104
13109
13111
13112
13110
13106
13100
13100
13106
13107
13110
13113
13121
13117
13123
13123
13116
13119
13118
13109
13115
13112
13109
13115
13117
13122
13124
13123
13123
13122
13121
13131
13125
13118
13125
13118
13121
13126
13123
13122
13124
13123
13127
13126
13129
13121
13123
13122
13124
13122
13117
13116
13121
13119
13127
13133
13135
13135
13133
13138
13140
13140
13142
13148
13143
13143
13144
13144
13140
13140
13141
13149
13139
13133
13142
13131
13130
13135
13127
13132
13130
13129
13135
13133
13137
13137
13134
13138
13138
13146
13142
13139
13142
13137
13136
13133
13133
13136
13128
13135
13126
13125
13118
13123
13116
13119
13130
13130
13127
13126
13135
13142
13142
13131
13137
13132
13135
13137
13138
13133
13130
13130
13127
13130
13133
13125
13137
13146
13144
13141
13141
13137
13135
13135
13131
13131
13125
13125
13117
13122
13128
13128
13122
13125
13126
13133
13137
13132
13136
13137
13141
13140
13136
13127
13136
13136
13133
13132
13127
13127
13131
13125
13133
13137
13137
13134
13129
13132
13126
13133
13133
13139
13148
13146
13145
13144
13135
13142
13142
13145
13141
13139
13137
13136
13129
13133
13126
13133
13132
13134
13125
13123
13118
13118
13126
13121
13121
13124
13129
13129
13131
13123
13125
13122
13125
13125
13131
13134
13130
13133
13136
13139
13151
13142
13145
13147
13145
13139
13143
13151
13148
13147
13147
13145
13133
13132
13134
13134
13130
13127
13127
13127
13131
13118
13134
13132
13131
13139
13137
13135
13134
13138
13136
13136
13131
13122
13122
13128
13125
13120
13120
13113
13129
13130
13130
13131
13132
13134
13137
13146
13142
13144
13137
13139
13132
13135
13131
13134
13135
13132
13134
13137
13135
13132
13143
13136
13129
13129
13127
13134
13132
13136
13137
13134
13125
13124
13126
13129
13130
13139
13136
13138
13149
13137
13137
13138
13134
13134
13132
13134
13132
13126
13125
13131
13129
13133
13134
13131
13133
13132
13131
13133
13127
13131
13140
13134
13128
13129
13134
13126
13123
13130
13137
13138
13147
13137
13131
13136
13140
13140
13140
13133
13148
13141
13143
13141
13142
13151
13151
13147
13142
13137
13131
13136
13128
13123
13126
13120
13126
13129
13133
13125
12934
12614
12417
12292
12234
12201
12206
12218
12250
12285
12333
12367
12418
12455
12504
12540
12582
12614
12644
12667
12701
12722
12749
12780
12806
12831
12852
12869
12891
12902
12916
12933
12932
12943
12953
12957
12974
12987
13006
13019
13035
13039
13050
13052
13051
13052
13058
13068
13073
13084
13092
13099
13106
13096
13099
13103
13094
13098
13101
13090
13098
13091
13094
13104
13106
13112
13114
13111
13102
13099
13103
13103
13105
13111
13113
13121
13132
13128
13126
13129
13126
13118
13133
13130
13125
13124
13127
13123
13122
13121
13119
13118
13125
13127
13133
13137
13130
13129
13122
13128
13141
13137
13127
13132
13125
13132
13134
13132
13136
13138
13135
13136
13129
13125
13130
13132
13135
13138
13136
13143
13149
13141
13145
13138
13146
13152
13148
13156
13152
13150
13145
13146
13142
13138
13134
13138
13134
13139
13138
13134
13141
13136
13142
13144
13142
13144
13144
13137
13140
13138
13139
13138
13125
13134
13137
13132
13142
13139
13138
13142
13132
13133
13144
13138
13142
13138
13142
13139
13138
13138
13136
13133
13133
13126
13125
13131
13129
13128
13131
13135
13138
13133
13136
13143
13142
13142
13136
13137
13142
13147
13141
13148
13140
13143
13135
13131
13135
13132
13133
13140
13136
13135
13136
13126
13129
13135
13131
13136
13129
13133
13134
13128
13133
13124
13123
13132
13136
13130
13133
13139
13145
13138
13134
13137
13142
13144
13145
13147
13144
13141
13136
13137
13132
13116
13001
12914
12868
12835
12813
12812
12814
12826
12847
12859
12868
12882
12904
12921
12938
12956
12966
12977
12987
12984
12991
12997
13012
13011
13023
13019
13035
13032
13044
13055
13059
13064
13073
13074
13086
13086
13089
13093
13090
13095
13100
13104
13108
13114
13117
13116
13118
13113
13114
13109
13109
13107
13111
13115
13123
13128
13126
13132
13135
13134
13134
13131
13133
13132
13130
13128
13129
13125
13127
13122
13124
13127
13127
13131
13132
13135
13132
13135
13129
13131
13127
13121
13130
13133
13130
13132
13135
13128
13137
13130
13126
13131
13125
13127
13139
13139
13144
13137
13139
13136
13144
13147
13144
13138
13141
13129
13125
13125
13124
13125
13119
13124
13118
13121
13117
13121
13119
13124
13125
13118
13120
13122
13128
13124
13123
13129
13127
13131
13138
13139
13139
13136
13140
13137
13145
13144
13147
13144
13150
13142
13144
13140
13138
13140
13147
13144
13149
13138
13132
13132
13121
13122
13121
13123
13131
13128
13133
13135
13132
13135
13129
13122
13117
13121
13124
13131
13129
13123
13135
13133
13129
13138
13138
13138
13141
13138
13139
13145
13146
13140
13140
13144
13137
13130
13134
13130
13136
13134
13134
13134
13138
13136
13134
13133
13134
13137
13135
13132
13131
13130
13131
13126
13126
13132
13134
13143
13144
13144
13151
13142
13138
13146
13145
13145
13150
13152
13154
13156
13154
13151
13151
13154
13157
13154
13150
13145
13141
13146
13140
13144
13145
13139
13136
13133
13133
13124
13118
13131
13128
13136
13136
13138
13137
13136
13077
12962
12887
12849
12830
12818
12812
12823
12829
12844
12861
12876
12897
12902
12925
12927
12945
12960
12967
12974
12989
12998
13008
13011
13020
13036
13045
13047
13058
13057
13064
13060
13069
13076
13076
13089
13090
13099
13100
13097
13095
13101
13092
13090
13112
13108
13116
13122
