13127
13130
13139
13134
13138
13129
13134
13135
13133
13136
13130
13128
13134
13129
13131
13135
13142
13144
13145
13144
13146
13146
13136
13136
13125
13129
13131
13140
13135
13133
13138
13142
13142
13139
13141
13136
13134
13134
13125
13121
13120
13123
13119
13122
13127
13123
13130
13140
13143
13136
13132
13132
13134
13124
13130
13138
13132
13139
13135
13141
13147
13147
13154
13152
13146
13142
13139
13137
13133
13132
13127
13139
13137
13138
13140
13138
13140
13146
13127
13128
13129
13133
13130
13132
13130
13122
13123
13127
13130
13135
13134
13142
13146
13143
13140
13144
13140
13140
13139
13141
13142
13138
13136
13137
13130
13133
13135
13138
13132
13138
13130
13136
13134
13128
13133
13131
13127
13130
13135
13136
13136
13136
13132
13131
13133
13133
13129
13127
13131
13126
13126
13124
13136
13137
13142
13140
13142
13140
13138
13135
13134
13133
13136
13139
13127
13139
13141
13134
13129
13131
13126
13134
13135
13128
13129
13121
13129
13133
13129
13132
13141
13143
13144
13145
13138
13137
13142
13144
13147
13144
13138
13141
13146
13139
13141
13144
13143
13146
13143
13147
13151
13151
13142
13144
13136
13141
13136
13137
13137
13135
13141
13142
13136
13131
13147
13139
13134
13140
13142
13138
13137
13136
13127
13128
13138
13133
13137
13139
13138
13143
13145
13149
13145
13139
13142
13150
13153
13154
13154
13141
13142
13131
13133
13132
13131
13134
13140
13135
13131
13136
13127
13133
13131
13126
13132
13127
13133
13138
13136
13132
13136
13141
13138
13134
13135
13130
13134
13136
13137
13146
13144
13139
13144
13143
13137
13137
13130
13136
13138
13138
13143
13148
13142
13140
13139
13140
13142
13137
13144
13139
13140
13144
13133
13129
13132
13126
13133
13137
13137
13134
13135
13133
13132
13132
13136
13133
13135
13142
13137
13137
13133
13128
13140
13133
13132
13131
13129
13130
13132
13127
13130
13125
13132
13135
13131
13132
13133
13124
13126
13132
13128
13129
13127
13125
13131
13130
13124
13129
13131
13131
13137
13138
13145
13148
13151
13142
13148
13147
13143
13138
13137
13134
13140
13136
13138
13142
13136
13137
13138
13139
13135
13126
13126
13131
13126
13132
13133
13132
13130
13136
13135
13137
13132
13130
13143
13138
13137
13140
13135
13145
13142
13137
13137
13137
13137
13140
13144
13146
13142
13139
13135
13135
13147
13133
13138
13138
13134
13132
13129
13122
13123
13128
13126
13126
13118
13114
13106
13109
13119
13123
13120
13131
13126
13121
13135
13123
13119
13124
13126
13132
13130
13124
13123
13123
13126
13122
13126
13131
13123
13126
13124
13120
13122
13116
13115
13129
13131
13139
13139
13143
13130
13133
13132
13131
13120
13127
13129
13131
13126
13126
13121
13125
13125
13123
13132
13127
13123
13134
13128
13131
13124
13129
13130
13133
13140
13141
13141
13143
13132
13138
13143
13137
13144
13147
13148
13150
13153
13154
13160
13157
13158
13155
13146
13142
13136
13139
13140
13136
13140
13145
13144
13147
13144
13138
13134
13130
13129
13129
13127
13127
13136
13136
13142
13144
13149
13147
13149
13143
13144
13142
13142
13134
13148
13139
13141
13143
13138
13138
13135
13133
13136
13136
13135
13090
12431
11549
10930
10559
10374
10126
9930
9852
9878
9920
9991
10075
10216
10338
10494
10625
10776
10907
11049
11168
11302
11404
11523
11626
11730
11815
11899
11971
12053
12116
12177
12234
12291
12341
12390
12431
12487
12528
12571
12601
12631
12656
12693
12711
12741
12771
12790
12812
12832
12851
12880
12892
12904
12925
12931
12944
12958
12972
12987
12992
12993
12987
12993
13005
13015
13034
13041
13046
13062
13053
13059
13062
13057
13066
13069
13075
13081
13081
13085
13098
13094
13101
13103
13098
13102
13102
13108
13112
13110
13114
13121
13115
13112
13114
13122
13122
13131
13134
13126
13131
13131
13126
13126
13129
13117
13118
13117
13122
13128
13122
13118
13117
13118
13114
13104
13109
13111
13118
13115
13116
13107
13117
13122
13121
13124
13122
13124
13137
13141
13131
13142
13139
13136
13142
13138
13135
13137
13136
13139
13137
13138
13133
13132
13130
13138
13140
13141
13142
13149
13139
13142
13138
13138
13136
13136
13133
13135
13135
13137
13136
13135
13136
13140
13133
13139
13138
13137
13146
13133
13122
13128
13125
13125
13137
13139
13147
13153
13151
13145
13138
13136
13128
13125
13129
13128
13135
13132
13128
13129
13127
13132
13134
13134
13134
13135
13134
13142
13139
13138
13137
13128
13134
13137
13138
13141
13139
13139
13144
13141
13132
13141
13127
13129
13124
13133
13133
13138
13144
13149
13150
13143
13140
13139
13143
13132
13131
13131
13136
13140
13133
13134
13130
13126
13130
13126
13138
13144
13144
13137
13139
13132
13144
13148
13145
13143
13138
13138
13142
13137
13133
13133
13134
13132
13142
13134
13138
13136
13135
13139
13138
13137
13136
13134
13134
13129
13125
13126
13130
13133
13127
13118
13125
13123
13131
13132
13128
13130
13129
13128
13132
13126
13132
13132
13127
13131
13134
13130
13139
13145
13136
13141
13130
13124
13129
13125
13134
13138
13141
13142
13140
13146
13143
13141
13143
13131
13126
13124
13121
13130
13123
13120
13116
13120
13116
13119
13128
13134
13138
13140
13142
13134
13138
13139
13136
13135
13140
13141
13138
13135
13132
13142
13136
13135
13134
13130
13137
13139
13134
13136
13137
13143
13140
13135
13137
13134
13135
13135
13134
13137
13131
13130
13132
13133
13136
13135
13132
13135
13131
13133
13136
13128
13133
13134
13129
13138
13137
13139
13144
13136
13136
13136
13130
13123
13123
13120
13122
13119
13131
13128
13125
13126
13122
13125
13125
13125
13130
13134
13134
13136
13132
13137
13136
13131
13128
13123
13128
13128
13130
13127
13135
13130
13137
13137
13134
13130
13136
13137
13126
13120
13126
13127
13127
13140
13142
13140
13142
13138
13137
13130
13130
13123
13122
13120
13122
13124
13131
13129
13123
13135
13127
13116
13125
13120
13125
13127
13135
13130
13129
13127
13135
13126
13129
13131
13136
13137
13137
13135
13134
13126
13125
13136
13127
13121
13128
13130
13136
13146
13138
13134
13133
13133
13138
13143
13136
13134
13138
13137
13133
13138
13133
13129
13138
13140
13137
13139
13143
13151
13144
13150
13152
13148
13152
13144
13139
13139
13140
13135
13141
13136
13140
13149
13140
13138
13140
13142
13140
13134
13134
13136
13136
13136
13126
13120
13126
13127
13131
13125
13122
13127
13126
13132
13129
13127
13124
13125
13131
13128
13129
13126
13132
13137
13135
13134
13130
13132
13132
