13142
13143
13150
13147
13150
13144
13143
13137
13144
13143
13141
13137
13134
13134
13132
13136
13125
13121
13121
13118
13120
13122
13125
13127
13125
13125
13128
13125
13127
13135
13143
13152
13149
13141
13147
13146
13144
13154
13146
13140
13147
13151
13145
13146
13142
13133
13129
13124
13124
13127
13126
13128
13131
13127
13124
13129
13128
13135
13131
13133
13135
13134
13136
13137
13131
13125
13130
13130
13126
13126
13136
13140
13139
13150
13152
13142
13134
13136
13133
13132
13127
13129
13125
13129
13129
13134
13134
13135
13133
13139
13138
13140
13136
13140
13138
13140
13138
13130
13131
13128
13124
13122
13123
13116
13114
13117
13123
13128
13134
13134
13133
13132
13137
13130
13141
13133
13133
13141
13140
13142
13135
13136
13132
13131
13129
13126
13131
13141
13128
13138
13140
13139
13148
13147
13143
13150
13139
13142
13143
13125
13126
13130
13126
13122
13126
13132
13136
13138
13138
13136
13133
13142
13135
13131
13132
13131
13126
13135
13134
13141
13141
13140
13135
13141
13140
13138
13141
13144
13133
13130
13125
13124
13127
13125
13125
13138
13140
13140
13136
13141
13142
13143
13146
13152
13142
13137
13143
13134
13138
13142
13145
13152
13144
13142
13145
13136
13135
13144
13141
13140
13140
13136
13139
13138
13136
13123
13123
13125
13121
13126
13128
13138
13141
13135
13131
13140
13135
13136
13134
13132
13138
13133
13130
13134
13122
13132
13133
13135
13136
13131
13129
13138
13139
13139
13143
13142
13141
13145
13143
13140
13142
13147
13145
13138
13133
13126
13125
13131
13129
13134
13136
13142
13146
13138
13136
13138
13128
13135
13120
13127
13133
13131
13129
13136
13127
13138
13139
13140
13140
13140
13143
13147
13138
13137
13130
13125
13135
13136
13128
13134
13140
13148
13148
13143
13142
13134
13129
13136
13135
13138
13137
13134
13134
13124
13121
13126
13127
13132
13135
13137
13140
13138
13137
13140
13136
13146
13142
13137
13138
13141
13137
13135
13132
13130
13134
13133
13130
13138
13132
13137
13136
13139
13142
13138
13137
13132
13144
13149
13142
13135
13130
13126
13126
13129
13120
13132
13131
13140
13139
13136
13135
13137
13142
13138
13127
13137
13132
13132
13131
13136
13136
13137
13130
13136
13140
13135
13133
13135
13126
13125
13131
13128
13131
13131
13134
13138
13134
13132
13132
13129
13130
13133
13140
13131
13127
13135
13141
13139
13135
13136
13137
13138
13139
13140
13136
13141
13141
13136
13135
13139
13138
13143
13131
13124
13133
13134
13130
13136
13125
13128
13124
13125
13123
13126
13122
13124
13132
13137
13124
13131
13125
13131
13139
13134
13133
13142
13148
13155
13146
13148
13143
13138
13132
13132
13130
13126
13123
13119
13119
13123
13130
13134
13127
13123
13124
13123
13127
13136
13133
13127
13131
13127
13122
13115
13118
13121
13124
13125
13121
13122
13085
12962
12895
12843
12815
12809
12807
12804
12815
12827
12838
12857
12873
12891
12897
12916
12939
12954
12965
12979
12988
12989
12997
13003
13013
13019
13024
13043
13041
13051
13057
13059
13062
13064
13064
13070
13071
13089
13092
13100
13107
13102
13110
13098
13104
13110
13109
13109
13120
13111
13106
13116
13115
13114
12901
12517
11960
11578
11264
11054
10983
10954
10996
11052
11144
11214
11319
11408
11511
11604
11704
11778
11808
11763
11777
11804
11853
11908
11970
12024
12091
12141
12212
12261
12320
12364
12411
12450
12490
12533
12576
12612
12643
12676
12703
12723
12743
12764
12797
12821
12845
12860
12879
12889
12917
12932
12954
12963
12970
12979
12997
13006
13019
13019
13030
13028
13042
13051
13050
13057
13059
13062
13069
13068
13064
13073
13078
13086
13089
13097
13097
13102
13101
13108
13095
13093
13089
13088
13087
13090
13097
13103
13109
13115
13121
13115
13124
13131
13127
13132
13138
13133
13136
13138
13138
13132
13130
13136
13128
13133
13129
13134
13145
13138
13135
13130
13131
13122
13125
13133
13126
13128
13128
13127
13125
13126
13129
13125
13131
13126
13129
13134
13135
13130
13141
13135
13129
13135
13131
13134
13135
13134
13139
13135
13138
13139
13137
13131
13133
13130
13127
13126
13128
13131
13134
13142
13143
13144
13144
13142
13129
13010
12919
12865
12830
12812
12806
12811
12829
12840
12846
12864
12877
12893
12917
12929
12942
12957
12967
12974
12985
12979
12898
12853
12828
12811
12807
12814
12833
12838
12848
12859
12879
12880
12894
12915
12926
12940
12952
12969
12975
12986
12991
13008
13017
13031
13034
13044
13047
13053
13059
13067
13070
13079
13087
13086
13086
13093
13096
13096
13086
13087
13093
13097
13103
13108
13110
13116
13116
13118
13110
13120
13121
13115
13117
13115
13116
13113
13106
13107
13110
13117
13122
13129
13126
13133
13132
13129
13135
13138
13141
13142
13142
13134
13142
13137
13136
13140
13138
13135
13137
13138
13140
13136
13134
13130
13124
13128
13129
13128
13126
13121
13130
13117
13119
13123
13118
13119
13118
13127
13128
13129
13132
13139
13127
13132
13125
13123
13127
13128
13127
13137
13127
13123
13135
13129
13126
13122
13121
13122
13128
13125
13129
13133
13132
13124
13126
13131
13135
13137
13137
13132
13135
13132
13128
13128
13132
13134
13129
13132
13132
13125
13118
13125
13125
13125
13126
13119
13129
13132
13134
13136
13136
13138
13153
13148
13137
13141
13142
13140
13145
13141
13141
13143
13139
13134
13132
13136
13134
13141
13141
13142
13149
13143
13140
13141
13135
13136
13130
13131
13133
13134
13134
13139
13136
13134
13136
13130
13135
13137
13137
13137
13137
13140
13144
13133
13127
13136
13134
13132
13130
13132
13138
13139
13142
13139
13138
13137
13134
13133
13128
13133
13138
13126
13124
13122
13128
13130
13138
13144
13142
13146
13139
13138
13134
13133
13133
13131
13136
13138
13138
13145
13140
13134
13140
13139
13143
13137
13137
13138
13137
13139
13142
13142
13140
13138
13139
13136
13137
13133
13130
13127
13132
13130
13125
13128
13125
13134
13141
13143
13131
13132
13130
13130
13126
13131
13128
13130
13132
13132
13135
13128
13122
13117
13127
13126
13121
13128
13130
13130
13138
13138
13137
13138
13136
13137
13138
13138
13144
13143
13136
13142
13148
13137
13133
13128
13129
13126
13130
13133
13136
13135
13135
13137
13135
13139
13140
13147
13143
13136
13134
13135
13136
13134
13142
13135
13137
13140
13131
13143
13144
13144
13150
13142
13141
13137
13129
13138
13137
13137
13132
13136
13131
13129
13127
13133
13137
13132
13129
13122
13128
13133
13131
13137
13130
13135
13142
13133
13137
13138
