13131
13136
13136
13135
13145
13137
13140
13143
13138
13141
13141
13132
13138
13131
13134
13140
13134
13135
13134
13138
13140
13138
13142
13139
13137
13138
13138
13131
13128
13121
13125
13130
13120
13115
13125
13125
13132
13136
13133
13137
13144
13138
13137
13130
13145
13136
13140
13133
13137
13139
13137
13131
13140
13130
13128
13121
13120
13115
13121
13117
13122
13126
13130
13139
13139
13146
13144
13148
13151
13146
13138
13144
13137
13139
13150
13140
13138
13142
13125
13125
13126
13127
13131
13130
13137
13138
13148
13145
13148
13142
13133
13134
13142
13126
13121
13126
13125
13130
13130
13132
13127
13129
13128
13134
13124
13125
13126
13126
13131
13128
13126
13125
13132
13128
13137
13131
13132
13137
13135
13140
13136
13134
13135
13132
13130
13124
13126
13121
13127
13131
13127
13128
13124
13126
13125
13125
13123
13119
13115
13120
13121
13120
13115
13117
13118
13120
13124
13126
13118
13116
13111
13125
13116
13113
13121
13119
13126
13132
13131
13129
13140
13140
13147
13151
13154
13150
13144
13141
13144
13144
13144
13142
13151
13150
13153
13150
13138
13139
13133
13133
13121
13123
13121
13123
13123
13126
13130
13135
13135
13133
13134
13136
13135
13130
13142
13140
13144
13150
13146
13145
13142
13135
13134
13141
13149
13143
13146
13142
13139
13134
13132
13122
13126
13122
13115
13122
13115
13117
13120
13128
13131
13136
13134
13138
13128
13131
13124
13122
13129
13131
13133
13129
13130
13134
13143
13138
13138
13140
13134
13150
13148
13145
13138
13131
13127
13131
13126
13137
13137
13136
13137
13132
13140
13135
13133
13137
13137
13140
13134
13131
13126
13123
13119
13129
13125
13133
13137
13132
13140
13133
13128
13130
13122
13122
13126
13127
13126
13129
13122
13124
13127
13125
13126
13127
13134
13136
13132
13139
13129
13133
13136
13132
13136
13137
13134
13138
13134
13140
13139
13140
13140
13136
13138
13139
13132
13132
13136
13137
13141
13146
13144
13150
13140
13138
13147
13136
13134
13136
13132
13132
13133
13134
13130
13139
13140
13137
13135
13133
13132
13135
13132
13126
13132
13129
13129
13126
13116
13125
13128
13124
13123
13131
13130
13136
13129
13134
13134
13132
13133
13122
13113
13123
13119
13120
13129
13117
13115
13124
13127
13126
13139
13135
13130
13130
13131
13129
13129
13132
13132
13133
13139
13135
13138
13137
13137
13136
13133
13138
13139
13137
13131
13123
13123
13132
13121
13123
13127
13122
13130
13132
13133
13140
13133
13131
13140
13140
13137
13141
13144
13141
13142
13143
13139
13133
13134
13132
13130
13136
13132
13131
13131
13123
13130
13131
13130
13137
13133
13134
13136
13139
13142
13141
13149
13147
13144
13145
13139
13136
13146
13140
13139
13144
13142
13135
13138
13138
13135
13136
13139
13137
13147
13144
13150
13147
13141
13132
13134
13135
13134
13133
13133
13132
13141
13134
13132
13138
13139
13140
13142
13137
13138
13137
13134
13139
13139
13140
13141
13139
13149
13152
13153
13145
13132
13123
13132
13128
13124
13132
13133
13136
13139
13140
13128
13134
13135
13134
13124
13129
13123
13127
13124
13120
13130
13125
13124
13130
13125
13122
13128
13132
13135
13032
12394
11702
11169
10851
10702
10636
10653
10688
10780
10865
10989
11085
11210
11317
11432
11523
11630
11724
11822
11901
11985
12053
12129
12186
12254
12312
12361
12400
12443
12479
12529
12560
12592
12625
12662
12686
12711
12736
12771
12796
12819
12849
12865
12875
12887
12901
12918
12925
12936
12956
12951
12966
12992
12988
12997
13018
13024
13034
13050
13046
13048
13054
13050
13052
13054
13054
13066
13074
13081
13085
13090
13083
13086
13096
13100
13099
13094
13090
13088
13086
13090
13100
13099
13099
13102
13112
13116
13118
13111
13116
13113
13117
13129
13126
13127
13132
13128
13131
13131
13133
13131
13131
13129
13128
13130
13129
13132
13121
13134
13130
13133
13126
13127
13127
13129
13130
13125
13130
13128
13134
13140
13134
13142
13145
13142
13141
13135
13136
13135
13136
13130
13132
13137
13131
13129
13130
13128
13128
13137
13138
13137
13132
13135
13128
13137
13132
13135
13131
13135
13128
13127
13129
13132
13128
13126
13128
13121
13123
13126
13115
13119
13115
13112
13113
13126
13126
13129
13134
13131
13141
13132
13129
13139
13133
13137
13140
13135
13133
13140
13139
13141
13134
13139
13138
13142
13137
13128
13118
13115
13113
13120
13115
13111
13116
13123
13126
13127
13129
13138
13134
13144
13146
13147
13151
13155
13146
13147
13145
13148
13142
13142
13137
13134
13124
13127
13124
13124
13131
13132
13129
13138
13132
13139
13138
13145
13140
13150
13144
13154
13149
13144
13141
13140
13131
13131
13134
13131
13127
13128
13125
13128
13130
13126
13125
13130
13136
13134
13136
13137
13132
13129
13126
13134
13132
13127
13127
13129
13132
13142
13135
13134
13132
13138
13131
13129
13128
13120
13121
13127
13125
13139
13134
13135
13140
13142
13134
13131
13135
13136
13139
13143
13143
13144
13149
13150
13150
13151
13148
13154
13162
13162
13155
13155
13145
13144
13144
13137
13129
13127
13131
13133
13127
13126
13122
13124
13126
13131
13129
13136
13132
13142
13134
13138
13140
13135
13131
13135
13134
13129
13127
13132
13138
13130
13132
13128
13131
13134
13133
13135
13136
13134
13137
13143
13137
13146
13143
13141
13146
13143
13143
13138
13136
13134
13137
13136
13147
13149
13142
13142
13143
13143
13138
13144
13148
13142
13146
13136
13138
13139
13131
13130
13129
13128
13129
13128
13127
13129
13135
13135
13135
13139
13135
13141
13127
13129
13131
13131
13126
13130
13135
13135
13139
13139
13134
13136
13131
13133
13129
13123
13124
13131
13123
13123
13128
13133
13135
13143
13142
13151
13139
13146
13139
13136
13136
13144
13132
13134
13128
13124
13131
13121
13126
13135
13133
13135
13131
13128
13133
13133
13123
13134
13126
13125
13124
13124
13131
13136
13132
13135
13126
13139
13130
13130
13135
13132
13128
13127
13132
13132
13130
13126
13125
13124
13124
13125
13119
13126
13132
13136
13137
13139
13137
13149
13137
13135
13141
13135
13137
13141
13132
13131
13135
13133
13128
13136
13141
13137
13142
13149
13146
13148
13137
13133
13136
13136
13132
13131
13132
13136
13133
13134
13137
13121
13122
13130
13125
13132
13134
13135
13135
13129
13120
13125
13124
13123
13126
13120
13117
13120
13130
13134
13136
13141
13132
13137
13139
13145
13143
13144
13142
13142
13132
13139
13143
13153
13146
13149
13144
13145
13139
13139
13140
13138
13144
13138
13129
13125
13122
