13125
13132
13137
13148
13149
13145
13143
13146
13137
13131
13127
13118
13124
13118
13114
13122
13122
13119
13120
13120
13121
13128
13129
13128
13130
13139
13142
13142
13150
13140
13144
13148
13142
13136
13141
13135
13129
13128
13121
13123
13123
13119
13131
13128
13130
13128
13132
13135
13143
13139
13135
13134
13140
13133
13132
13139
13141
13142
13135
13138
13133
13130
13133
13133
13125
13133
13143
13135
13131
13134
13133
13132
13131
13128
13137
13130
13133
13129
13125
13127
13118
13122
13120
13132
13133
13133
13129
13132
13120
13120
13117
13122
13127
13116
13120
13122
13130
13132
13129
13133
13131
13139
13138
13142
13137
13139
13145
13138
13141
13134
13131
13136
13125
13128
13132
13130
13124
13132
13129
13125
13127
13128
13126
13126
13133
13135
13136
13136
13139
13145
13139
13139
13142
13134
13131
13132
13129
13128
13130
13125
13127
13126
13131
13132
13134
13136
13136
13132
13136
13139
13138
13142
13134
13136
13148
13144
13143
13145
13139
13139
13143
13143
13141
13136
13131
13132
13133
13138
13132
13132
13126
13130
13137
13131
13130
13133
13134
13135
13137
13136
13129
13140
13133
13139
13130
13134
13139
13133
13140
13139
13140
13151
13146
13144
13151
13152
13153
13153
13150
13145
13145
13139
13138
13136
13127
13118
13116
13126
13121
13121
13124
13130
13132
13122
13124
13134
13135
13138
13136
13135
13128
13132
13126
13128
13122
13128
13136
13134
13134
13132
13129
13133
13129
13125
13124
13124
13133
13134
13130
13126
13129
13120
13118
13126
13125
13122
13127
13131
13135
13136
13135
13134
13138
13125
13122
13124
13130
13121
13126
13125
13135
13133
13127
13136
13137
13145
13145
13137
13147
13133
13126
13125
13114
13113
13112
13112
13115
13118
13123
13126
13130
13132
13133
13142
13137
13139
13141
13140
13145
13142
13142
13138
13145
13134
13143
13136
13133
13134
13128
13127
13132
13133
13137
13140
13132
13137
13136
13128
13132
13134
13140
13144
13142
13139
13150
13140
13135
13140
13134
13139
13135
13135
13139
13139
13134
13125
13125
13125
13120
13123
13119
13115
13119
13120
13128
13133
13131
13125
13126
13126
13131
13112
13116
13115
13119
13130
13128
13127
13131
13131
13131
13133
13133
13132
13139
13132
13128
13130
13127
13127
13128
13127
13123
13115
13120
13119
13122
13129
13139
13134
13138
13136
13146
13141
13138
13129
13126
13124
13124
13127
13130
13139
13142
13144
13140
13140
13141
13134
13136
13127
13128
13136
13138
13142
13153
13138
13131
13135
13133
13136
13133
13134
13130
13132
13131
13124
13122
13125
13124
13123
13121
13121
13127
13129
13127
13139
13140
13138
13144
13140
13134
13132
13131
13136
13128
13132
13135
13134
13138
13137
13135
13135
13132
13125
13134
13128
13125
13130
13129
13127
13136
13132
13128
13125
13122
13121
13121
13122
13132
13135
13134
13129
13138
13127
13129
13133
13129
13122
13120
13124
13123
13130
13131
13130
13131
13134
13133
13133
13128
13122
13119
13126
13124
13122
13128
13127
13130
13134
13127
13124
13126
13125
13117
13120
13129
13131
13136
13131
13129
13129
13132
13134
13136
13127
13126
13136
13142
13136
13135
13135
13133
13114
12691
11907
11278
10904
10714
10608
10608
10635
10721
10808
10921
11020
11149
11256
11374
11478
11582
11671
11771
11852
11933
12004
12085
12153
12232
12290
12353
12402
12444
12478
12527
12557
12590
12622
12600
12527
12500
12487
12501
12512
12498
12499
12511
12537
12561
12585
12621
12642
12671
12698
12722
12747
12784
12809
12828
12857
12868
12884
12898
12905
12907
12913
12924
12941
12950
12957
12968
12979
12995
13000
13021
13016
13025
13037
13053
13060
13062
13067
13073
13076
13075
13079
13079
13082
13087
13084
13099
13099
13092
13093
13088
13089
13094
13088
13091
13102
13107
13111
13111
13105
13113
13109
13113
13117
13110
13107
13110
13116
13117
13116
13120
13113
13115
13121
13121
13126
13127
13134
13143
13143
13147
13144
13134
13137
13061
12956
12900
12859
12836
12829
12824
12831
12843
12845
12859
12872
12887
12904
12920
12929
12953
12965
12976
12986
12992
13005
13004
13019
13026
13037
13046
13046
13050
13053
13052
13057
13061
13073
13078
13085
13092
13096
13089
13097
13096
13092
13090
13099
13100
13105
13102
13102
13108
13102
13102
13113
13116
13118
13121
13131
13122
13119
13122
13119
13115
13117
13110
13106
13112
13114
13120
13113
13113
13122
13121
13124
13126
13130
13137
13137
13135
13130
13125
13134
13128
13129
13134
13138
13137
13138
13135
13131
13132
13123
13123
13137
13131
13131
13130
13129
13136
13139
13136
13143
13137
13137
13141
13139
13144
13138
13145
13140
13141
13141
13135
13132
13134
13125
13122
13124
13119
13125
13111
13117
13120
13119
13124
13122
13130
13134
13136
13138
13140
13140
13141
13137
13133
13126
13133
13134
13133
13128
13126
13124
13131
13136
13132
13133
13133
13133
13142
13139
13133
13135
13136
13136
13131
13126
13136
13132
13136
13138
13131
13129
13126
13136
13134
13130
13137
13135
13132
13132
13134
13130
13124
13124
13121
13125
13133
13133
13131
13133
13139
13140
13141
13149
13146
13149
13145
13147
13148
13136
13134
13139
13135
13132
13127
13134
13138
13138
13142
13148
13136
13134
13126
13125
13129
13131
13129
13137
13134
13134
13134
13134
13129
13137
13129
13128
13126
13136
13134
13133
13131
13135
13138
13135
13130
13138
13136
13146
13158
13150
13145
13146
13142
13134
13128
13127
13130
13134
13122
13127
13123
13130
13130
13129
13132
13121
13126
13133
13125
13123
13120
13119
13122
13130
13127
13125
13131
13134
13138
13139
13148
13145
13141
13146
13148
13143
13141
13135
13140
13134
13133
13135
13137
13135
13134
13136
13134
13138
13133
13132
13125
13131
13136
13136
13141
13130
13130
13127
13122
13114
13117
13121
13123
13134
13139
13131
13138
13129
13123
13117
13126
13124
13130
13133
13135
13139
13132
13136
13139
13132
13131
13136
13130
13134
13133
13137
13137
13138
13135
13135
13132
13134
13131
13125
13131
13128
13130
13140
13130
13124
13136
13131
13127
13132
13129
13131
13121
13123
13118
13120
13121
13124
13128
13133
13130
13137
13137
13131
13136
13127
13123
13135
13132
13133
13129
13128
13131
13132
13134
13137
13126
13127
13129
13127
13131
13133
13130
13132
13132
13129
13133
13126
13126
13134
13134
13137
13141
13138
13139
13136
13132
13128
13121
13126
13127
13129
13124
13126
13127
13124
13126
13135
13127
13130
13132
13130
13136
13133
13133
13133
13126
13130
13141
13136
13134
13135
