13128
13132
13133
13122
13126
13132
13138
13141
13146
13146
13139
13136
13138
13128
13128
13128
13134
13133
13131
13133
13132
13132
13126
13129
13122
13126
13130
13131
13134
13139
13137
13139
13140
13133
13141
13132
13134
13144
13142
13145
13151
13152
13146
13148
13143
13140
13133
13136
13136
13130
13138
13139
13136
13132
13131
13139
13141
13142
13139
13140
13142
13137
13139
13138
13130
13133
13127
13124
13118
13128
13128
13135
13125
13120
13127
13124
13122
13129
13119
13122
13121
13123
13130
13126
13119
13118
13124
13126
13127
13130
13132
13132
13125
13129
13121
13124
13127
13127
13132
13135
13133
13133
13128
13131
13126
13131
13135
13134
13138
13134
13142
13138
13136
13138
13138
13137
13133
13137
13134
13134
13131
13122
13125
13128
13133
13133
13137
13139
13137
13135
13134
13132
13140
13132
13140
13143
13139
13140
13144
13141
13135
13135
13132
13133
13132
13139
13128
13128
13130
13124
13118
13122
13124
13124
13127
13126
13126
13139
13130
13133
13133
13137
13134
13135
13133
13128
13133
13137
13128
13130
13135
13133
13143
13139
13140
13142
13137
13134
13131
13132
13133
13131
13130
13132
13126
13129
13130
13126
13128
13130
13134
13132
13132
13140
13143
13135
13126
13033
12933
12870
12836
12818
12810
12812
12821
12831
12841
12850
12869
12891
12902
12919
12940
12937
12953
12969
12980
12990
12991
13001
13010
13020
13029
13040
13042
13045
13045
13060
13064
13064
13072
13079
13077
13082
13083
13088
13090
13098
13102
13104
13111
13106
13106
13112
13112
13113
13109
13123
13115
13113
13112
13116
13123
13117
13118
13117
13119
13116
13113
13115
13118
13121
13125
13127
13127
13137
13134
13130
13129
13134
13132
13129
13128
13121
13119
13115
13115
13124
13125
13128
13136
13135
13136
13135
13136
13131
13132
13133
13132
13138
13134
13133
13142
13137
13137
13144
13140
13135
13133
13134
13138
13134
13133
13138
13133
13141
13150
13147
13156
13150
13146
13147
13142
13129
13129
13130
13126
13142
13138
13144
13147
13157
13157
13155
13149
13141
13141
13140
13141
13138
13135
13128
13138
13134
13130
13135
13132
13138
13136
13127
13131
13129
13131
13133
13124
13125
13124
13122
13123
13121
13125
13133
13132
13128
13137
13132
13132
13137
13128
13125
13116
13121
13125
13127
13133
13133
13134
13139
13134
13134
13137
13139
13148
13138
13134
13133
13138
13140
13133
13130
13124
13131
13128
13131
13123
13124
13129
13130
13134
13129
13129
13134
13128
13135
13138
13136
13127
13135
13140
13147
13154
13151
13144
13148
13153
13153
13153
13154
13145
13149
13140
13138
13142
13132
13125
13133
13127
13122
13119
13129
13134
13148
13139
13142
13132
13134
13131
13124
13121
13118
13130
13137
13137
13134
13137
13135
13130
13133
13132
13134
13133
13132
13128
13132
13128
13137
13136
13144
13141
13141
13141
13137
13142
13123
13121
13117
13112
13112
13113
13119
13125
13126
13123
13124
13116
13124
13126
13133
13137
13135
13139
13143
13141
13129
13135
13130
13124
13130
13126
13124
13126
13129
13135
13133
13132
13134
13137
13141
13146
13138
13138
13136
13145
13141
13141
13139
13140
13140
13140
13140
13132
13132
13118
12662
11782
10811
10215
9870
9721
9659
9717
9759
9873
9974
10118
10198
10341
10457
10479
10511
10601
10692
10819
10926
11052
11155
11278
11383
11492
11583
11693
11777
11878
11947
12023
12088
12153
12218
12284
12331
12382
12432
12472
12516
12550
12587
12623
12658
12694
12718
12744
12773
12795
12817
12844
12859
12876
12892
12906
12922
12935
12944
12946
12947
12966
12973
12985
13000
13009
13016
13025
13028
13045
13043
13043
13049
13058
13062
13065
13072
13075
13079
13088
13087
13090
13096
13087
13091
13097
13093
13097
13103
13098
13101
13102
13098
13096
13102
13102
13113
13127
13121
13120
13129
13127
13119
13125
13120
13116
13116
13115
13123
13134
13122
13121
13122
13118
13116
13117
13118
13124
13133
13134
13139
13133
13130
13133
13130
13129
13126
13130
13127
13125
13119
13124
13127
13132
13134
13134
13136
13143
13130
13136
13139
13145
13136
13124
13131
13127
13126
13119
13116
13119
13124
13126
13134
13126
13126
13127
13124
13133
13136
13135
13132
13130
13134
13129
13131
13136
13139
13132
13133
13122
13119
13134
13131
13132
13134
13132
13131
13132
13128
13131
13131
13131
13128
13129
13132
13130
13124
13127
13130
13142
13140
13145
13142
13141
13141
13140
13138
13134
13138
13136
13134
13131
13133
13141
13140
13147
13150
13145
13152
13145
13138
13139
13131
13132
13135
13123
13126
13126
13125
13120
13126
13123
13127
13130
13132
13138
13132
13134
13132
13141
13127
13119
13117
13116
13123
13128
13128
13127
13134
13133
13137
13129
13134
13129
13127
13136
13132
13135
13135
13130
13127
13135
13130
13128
13137
13131
13128
13132
13140
13137
13133
13133
13128
13125
13129
13122
13122
13123
13116
13121
13113
13110
13114
13115
13124
13125
13124
13129
13135
13126
13130
13130
13129
13131
13126
13134
13129
13128
13131
13130
13129
13139
13134
13131
13139
13140
13134
13141
13137
13129
13133
13127
13126
13130
13142
13136
13139
13139
13134
13144
13138
13142
13152
13156
13159
13155
13145
13136
13137
13137
13138
13138
13152
13159
13148
13156
13147
13148
13147
13142
13128
13134
13128
13129
13138
13134
13129
13133
13127
13129
13129
13124
13126
13126
13130
13136
13132
13132
13124
13130
13128
13132
13134
13135
13134
13139
13137
13130
13134
13136
13137
13124
13131
13133
13134
13137
13132
13131
13132
13130
13127
13134
13120
13119
13121
13124
13121
13123
13133
13139
13147
13147
13145
13142
13141
13135
13136
13126
13122
13131
13122
13121
13122
13126
13132
13123
13126
13130
13132
13131
13134
13130
13140
13140
13136
13143
13145
13145
13145
13144
13142
13142
13138
13137
13144
13137
13136
13135
13141
13152
13147
13151
13142
13137
13136
13126
13126
13131
13123
13131
13127
13122
13119
13117
13124
13126
13132
13141
13136
13134
13138
13132
13131
13137
13131
13136
13130
13131
13138
13127
13124
13135
13136
13127
13138
13137
13139
13141
13140
13147
13142
13135
13131
13131
13132
13131
13135
13133
13132
13140
13133
13131
13132
13135
13132
13126
13135
13126
13130
13134
13132
13129
13132
13125
13123
13129
13126
13127
13123
13122
13119
13120
13110
13113
13116
13116
13125
13130
13135
13139
13140
13137
13133
13127
13133
13131
13134
13128
13129
13133
13132
13137
13140
13139
13136
13136
13135
13134
13138
13133
13133
13126
13128
13125
13121
13128
13131
