13141
13137
13135
13133
13133
13128
13132
13138
13131
13127
13125
13124
13140
13131
13126
13129
13130
13132
13127
13122
13131
13136
13135
13138
13132
13137
13138
13138
13141
13141
13137
13137
13130
13125
13134
13134
13130
13134
13134
13131
13128
13137
13133
13130
13134
13126
13133
13132
13125
13132
13128
13131
13136
13128
13135
13137
13134
13130
13129
13122
13127
13125
13131
13131
13129
13134
13137
13137
13140
13140
13141
13143
13141
13129
13139
13132
13128
13135
13133
13131
13129
13129
13126
13122
13133
13120
13119
13125
13133
13140
13137
13142
13145
13141
13154
13146
13144
13143
13136
13137
13126
13126
13123
13133
13126
13131
13124
13127
13130
13137
13133
13139
13132
13127
13132
13132
13126
13126
13125
13122
13126
13123
13128
13128
13126
13123
13120
13128
13131
13139
13137
13142
13150
13134
13125
13133
13135
13141
13136
13130
13129
13135
13134
13133
13123
13124
13121
13123
13123
13125
13129
13134
13136
13121
13133
13125
13126
13134
13126
13123
13127
13126
13132
13134
13134
13133
13132
13139
13144
13148
13133
13140
13146
13143
13145
13141
13141
13143
13139
13139
13136
13136
13135
13140
13134
13136
13137
13136
13144
13143
13147
13154
13152
13154
13152
13140
13136
13141
13129
13135
13130
13131
13128
13133
13128
13130
13126
13132
13127
13127
13123
13124
13130
13129
13129
13130
13131
13131
13126
13134
13128
13130
13139
13136
13133
13134
13135
13139
13137
13138
13134
13147
13139
13138
13150
13138
13142
13153
13147
13154
13152
13151
13145
13143
13134
13129
13125
13120
13117
13119
13118
13123
13132
13124
13122
13125
13120
13124
13123
13125
13129
13141
13134
13129
13118
13124
13121
13121
13122
13129
13117
13127
13128
13129
13135
13130
13133
13131
13131
13129
13133
13130
13125
13124
13132
13138
13137
13139
13147
13149
13145
13143
13139
13139
13145
13138
13139
13142
13145
13142
13143
13144
13142
13143
13132
13142
13143
13138
13135
13144
13140
13145
13137
13126
13136
13137
13130
13132
13116
13119
13124
13125
13127
13136
13132
13134
13135
13138
13133
13133
13129
13128
13139
13132
13133
13132
13127
13131
13132
13128
13134
13134
13129
13130
13129
13128
13136
13136
13137
13137
13137
13139
13136
13129
13145
13136
13134
13140
13134
13135
13131
13135
13132
13131
13134
13138
13143
13146
13146
13140
13137
13141
13149
13140
13139
13140
13134
13134
13134
13141
13147
13144
13140
13141
13135
13133
13132
13132
13134
13137
13140
13134
13130
13119
13125
13114
13119
13121
13114
13124
13127
13131
13131
13139
13136
13135
13133
13134
13132
13135
13133
13137
13141
13146
13152
13150
13137
13144
13147
13145
13141
13137
13133
13138
13141
13141
13139
13132
13132
13135
13126
13131
13127
13124
13138
13125
13025
12936
12866
12833
12814
12805
12813
12826
12840
12857
12863
12874
12893
12905
12910
12922
12946
12950
12967
12989
12999
13010
13013
13014
13022
13028
13029
13038
13038
13051
13058
13064
13068
13070
13077
13088
13024
12936
12885
12852
12840
12838
12843
12846
12859
12863
12875
12891
12902
12911
12923
12937
12951
12957
12967
12976
12982
12990
13003
13010
13017
13024
13038
13047
13066
13079
13082
12869
12227
11523
11062
10783
10658
10603
10631
10687
10781
10874
10996
11094
11228
11333
11450
11549
11654
11737
11833
11908
11993
12059
12138
12195
12266
12318
12363
12403
12333
12285
12275
12271
12282
12302
12345
12381
12423
12464
12504
12547
12588
12612
12641
12665
12698
12718
12746
12770
12792
12814
12843
12862
12878
12891
12905
12915
12934
12953
12964
12968
12974
12983
12988
12998
13009
13017
13023
13026
13043
13043
13048
13051
13061
13067
13069
13073
13078
13075
13075
13085
13065
12944
12857
12810
12791
12780
12781
12789
12806
12806
12824
12834
12854
12866
12884
12896
12918
12932
12951
12961
12988
12992
13002
13005
13011
13015
13019
13026
13040
13037
13047
13051
13055
13055
13057
13066
13068
13067
13071
13084
13077
13086
13091
13086
13098
13097
13093
13104
13110
13113
13115
13112
13111
13114
13118
13116
13112
13115
13116
13114
13123
13122
13127
13132
13127
13124
13129
13124
13132
13126
13125
13119
13118
13120
13117
13121
13125
13127
13131
13130
13125
13126
13126
13126
13129
13134
13126
13136
13136
13137
13145
13138
13133
13133
13135
13134
13134
13129
13130
13132
13133
13130
13134
13134
13134
13134
13137
13140
13147
13140
13137
13138
13137
13132
13130
13129
13136
13132
13132
13138
13128
13130
13135
13129
13134
13136
13130
13139
13131
13132
13139
13131
13127
13127
13125
13128
13126
13124
13120
13125
13123
13121
13124
13126
13129
13133
13131
13130
13137
13131
13135
13138
13132
13132
13125
13128
13134
13138
13133
13132
13120
13129
13129
13126
13122
13130
13126
13138
13127
13124
13128
13125
13125
13124
13118
13119
13121
13113
13120
13122
13125
13118
13125
13132
13132
13130
13131
13128
13137
13134
13133
13136
13130
13131
13130
13131
13131
13135
13135
13138
13129
13137
13143
13137
13143
13140
13140
13145
13137
13135
13148
13137
13140
13140
13135
13136
13147
13138
13138
13138
13136
13132
13136
13141
13148
13140
13134
13142
13150
13136
13139
13140
13135
13132
13132
13131
13130
13140
13139
13141
13134
13128
13129
13123
13133
13139
13129
13138
13127
13127
13132
13134
13127
13136
13137
13134
13135
13145
13143
13144
13147
13139
13137
13137
13131
13132
13130
13133
13142
13135
13132
13142
13139
13133
13138
13136
13136
13136
13132
13134
13126
13128
13137
13137
13138
13132
13124
13132
13131
13126
13134
13138
13144
13147
13149
13148
13147
13141
13142
13142
13137
13133
13131
13135
13136
13134
13129
13131
13122
13132
13138
13138
13137
13140
13142
13144
13143
13147
13142
13149
13144
13140
13142
13134
13138
13140
13134
13144
13139
13140
13148
13133
13125
13128
13132
13133
13136
13134
13133
13132
13136
13138
13139
13138
13143
13142
13135
13131
13141
13142
13142
13144
13147
13142
13136
13140
13148
13148
13149
13135
13132
13131
13125
13122
13130
13138
13137
13139
13137
13135
13137
13133
13130
13134
13134
13140
13144
13154
13150
13151
13154
13145
13142
13139
13135
13140
13138
13137
13134
13135
13128
13135
13129
13121
13126
13129
13135
13132
13129
13132
13125
13125
13138
13126
13135
13139
13137
13136
13134
13123
13139
13130
13124
13131
13128
13127
13126
13123
13121
13125
13132
13122
13135
13138
13137
13144
13141
13138
13142
13137
13139
13131
13123
13128
13123
13122
13125
13125
13132
13136
13139
13139
13142
13141
13139
13139
