13120
13123
13131
13128
13130
13125
13127
13129
13126
13130
13139
13137
13134
13138
13138
13133
13139
13135
13131
13130
13133
13128
13133
13141
13142
13143
13136
13134
13140
13130
13123
13130
13127
13128
13132
13133
13129
13133
13125
13132
13129
13129
13135
13120
13127
13126
13131
13137
13136
13126
13134
13127
13128
13133
13129
13138
13142
13142
13138
13135
13135
13134
13140
13145
13137
13133
13136
13142
13151
13140
13140
13136
13139
13140
13135
13138
13137
13137
13133
13145
13137
13138
13146
13138
13136
13146
13147
13147
13144
13139
13140
13136
13129
13139
13134
13127
13131
13127
13123
13116
13126
13128
13130
13132
13128
13134
13134
13135
13139
13132
13129
13132
13131
13124
13127
13122
13126
13127
13130
13131
13124
13133
13140
13137
13131
13129
13129
13136
13143
13141
13149
13137
13139
13144
13138
13135
13133
13138
13140
13135
13139
13126
13127
13134
13134
13133
13135
13132
13138
13125
13126
13122
13120
13123
13127
13122
13130
13136
13128
13138
13140
13140
13147
13138
13135
13136
13130
13132
13133
13127
13132
13123
13118
13127
13119
13118
13129
13122
13113
13113
13110
13105
13111
13113
13121
13128
13123
13127
13129
13128
13126
13144
13146
13147
13147
13147
13145
13145
13147
13142
13138
13127
13127
13125
13120
13122
13119
13125
13125
13121
13135
13132
13131
13131
13132
13131
13135
13133
13144
13132
13136
13123
13126
13128
13119
13121
13121
13121
13123
13121
13128
13131
13131
13139
13139
13138
13133
13123
13120
13130
13119
13131
13134
13127
13123
13129
13128
13143
13139
13138
13143
13134
13134
13134
13129
13132
13135
13138
13140
13135
13137
13142
13142
13140
13141
13139
13140
13136
13134
13130
13129
13135
13129
13137
13135
13128
13135
13134
13133
13136
13125
13135
13137
13131
13134
13133
13134
13136
13140
13143
13146
13138
13135
13138
13129
13126
13129
13126
13134
13133
13129
13123
13123
13126
13126
13130
13122
13125
13131
13129
13134
13138
13129
13135
13133
13137
13139
13137
13132
13133
13126
13125
13128
13130
13125
13130
13127
13125
13121
13120
13121
13120
13122
13128
13122
13129
13132
13138
13153
13146
13147
13142
13147
13147
13148
13140
13144
13137
13144
13142
13147
13145
13145
13149
13149
13142
13144
13138
13141
13144
13139
13138
13146
13139
13144
13138
13134
13135
13125
13123
13131
13124
13130
13132
13127
13124
13127
13134
13130
13129
13135
13133
13130
13132
13128
13125
13123
13123
13126
13126
13126
13131
13134
13133
13133
13136
13139
13138
13131
13132
13124
13131
13129
13126
13128
13130
13130
13132
13125
13116
13113
13114
13113
13114
13117
13122
13133
13137
13132
13130
13127
13130
13136
13144
13133
13129
13131
13132
13139
13126
13120
13116
13122
13125
13132
13130
13129
13132
13133
13136
13127
13129
13132
13131
13130
13128
13119
13119
13117
13115
13125
13128
13128
13130
13131
13127
13136
13126
13126
13126
13128
13127
13129
13130
13127
13129
13134
13130
13140
13129
13132
13138
13134
13137
13145
13117
12996
12911
12856
12828
12805
12806
12808
12816
12830
12847
12863
12885
12900
12905
12926
12937
12946
12962
12972
12972
12988
12997
13006
13012
13026
13033
13034
13041
12734
12299
12040
11855
11660
11544
11515
11518
11554
11599
11673
11730
11807
11874
11950
12014
12083
12147
12221
12269
12341
12393
12439
12479
12532
12566
12609
12634
12660
12692
12719
12738
12765
12777
12801
12814
12849
12867
12884
12899
12916
12923
12933
12944
12962
12964
12972
12981
12996
13001
13012
13029
13036
13042
13046
13062
13051
13059
13065
13065
13067
13077
13077
13080
13073
13072
13087
13090
13089
13098
13092
13091
13094
13098
13094
13105
13114
13115
13119
13121
13123
13130
13126
13119
13134
13128
13133
13130
13126
13125
13121
13128
13130
13125
13121
13118
13113
13121
13128
13132
13134
13126
13127
13127
13117
13113
13120
13115
13112
13115
13123
13123
13131
13135
13136
13135
13141
13143
13142
13143
13143
13131
13137
13136
13140
13138
13134
13136
13131
13128
13116
13119
13117
13110
13113
13120
13119
13122
13128
13127
13130
13132
13130
13133
13134
13134
13140
13130
13123
13128
13130
13133
13135
13135
13126
13126
13129
13125
13129
13131
13132
13127
13136
13143
13151
13140
13144
13142
13138
13137
13134
13135
13137
13143
13142
13143
13146
13143
13134
13136
13143
13143
13143
13151
13145
13145
13155
13144
13131
13130
13123
13126
13122
13125
13126
13128
13134
13131
13132
13129
13129
13129
13132
13131
13140
13129
13130
13135
13135
13141
13130
13126
13123
13120
13117
13121
13119
13129
13137
13144
13143
13141
13138
13139
13140
13136
13135
13134
13133
13141
13137
13140
13142
13142
13141
13142
13142
13138
13140
13145
13147
13143
13137
13126
13129
13123
13127
13130
13135
13133
13131
13136
13138
13137
13142
13137
13134
13135
13141
13135
13135
13139
13144
13146
13146
13142
13146
13141
13141
13143
13135
13139
13140
13142
13143
13141
13146
13138
13143
13153
13152
13150
13149
13138
13140
13131
13132
13135
13138
13135
13135
13130
13133
13132
13133
13132
13126
13131
13134
13138
13140
13147
13151
13160
13155
13149
13161
13148
13145
13142
13138
13138
13141
13133
13128
13125
13125
13125
13124
13125
13121
13123
13119
13124
13138
13136
13131
13135
13135
13138
13142
13138
13138
13125
13125
13125
13124
13129
13130
13130
13129
13121
13123
13127
13126
13122
13128
13121
13125
13132
13130
13128
13125
13116
13119
13114
13127
13122
13128
13128
13130
13133
13135
13127
13133
13132
13126
13132
13138
13141
13139
13141
13134
13136
13135
13138
13133
13136
13142
13139
13142
13142
13134
13136
13136
13137
13141
13141
13137
13140
13141
13145
13140
13143
13140
13146
13143
13138
13141
13142
13139
13134
13133
13131
13130
13122
13121
13121
13114
13118
13125
13131
13125
13125
13134
13138
13136
13139
13145
13139
13135
13143
13140
13148
13145
13145
13158
13142
13145
13148
13142
13145
13144
13140
13141
13136
13137
13130
13135
13141
13136
13132
13129
13129
13137
13126
13124
13128
13129
13134
13137
13138
13138
13138
13141
13144
13138
13138
13145
13147
13149
13148
13150
13158
13154
13149
13146
13137
13139
13139
13140
13143
13141
13137
13132
13136
13130
13124
13130
13133
13126
13126
13125
13121
13131
13133
13133
13131
13134
13137
13138
13132
13127
13127
13125
13133
13126
13130
13138
13138
13139
13142
13149
13146
13140
13137
13145
13134
13130
13130
13130
13129
13125
13125
13126
13121
13135
13140
13148
13148
13141
13138
13137
13138
13149
13142
