13139
13134
13140
13135
13125
13135
13126
13128
13130
13129
13127
13130
13125
13126
13128
13134
13135
13134
13134
13129
13142
13136
13134
13132
13125
13136
13127
13127
13126
13125
13131
13145
13140
13138
13142
13138
13139
13134
13118
13122
13120
13114
13121
13117
13126
13128
13126
13123
13130
13129
13126
13126
13129
13125
13128
13126
13125
13129
13128
13129
13132
13120
13121
13124
13126
13142
13138
13145
13145
13145
13142
13136
13131
13134
13134
13133
13140
13141
13142
13146
13145
13136
13145
13135
13133
13136
13128
13132
13128
13131
13137
13132
13133
13128
13129
13137
13134
13135
13133
13133
13135
13138
13143
13136
13134
13134
13135
13136
13135
13147
13142
13143
13134
13138
13138
13134
13140
13148
13147
13144
13134
13128
13124
13125
13122
13127
13123
13125
13125
13126
13124
13126
13125
13122
13124
13127
13135
13136
13130
13134
13131
13121
13123
13121
13131
13126
13130
13134
13135
13137
13142
13141
13137
13138
13140
13134
13133
13140
13135
13138
13135
13130
13143
13127
13138
13136
13130
13134
13140
13132
13131
13123
13119
13120
13122
13123
13123
13125
13124
13125
13134
13125
13128
13132
13125
13132
13134
13138
13135
13135
13142
13136
13142
13141
13135
13132
13133
13128
13132
13144
13142
13135
13144
13141
13139
13143
13136
13138
13136
13133
13133
13136
13136
13139
13143
13145
13138
13144
13146
13141
13140
13138
13133
13134
13133
13135
13132
13136
13136
13147
13142
13145
13139
13138
13140
13134
13131
13129
13124
13130
13122
13116
13125
13126
13126
13132
13131
13132
13137
13138
13137
13142
13145
13140
13144
13142
13137
13136
13127
13127
13135
13128
13130
13132
13136
13141
13135
13141
13146
13139
13138
13140
13139
13142
13141
13133
13128
13130
13134
13137
13129
13135
13133
13131
13134
13135
13124
13120
13119
13115
13114
13115
13128
13123
13129
13132
13131
13133
13125
13123
13130
13123
13124
13122
13129
13126
13129
13127
13130
13133
13138
13147
13142
13141
13138
13134
13144
13140
13129
13133
13119
13119
13134
13133
13137
13147
13137
13145
13141
13136
13131
13130
13131
13127
13127
13123
13120
13127
13130
13134
13136
13129
13132
13143
13145
13140
13140
13134
13139
13138
13141
13144
13145
13151
13148
13141
13147
13134
13130
13129
13123
13062
12954
12883
12848
12822
12804
12801
12816
12824
12837
12850
12862
12878
12889
12905
12918
12930
12943
12947
12964
12966
12979
12996
13003
13014
13022
13027
13034
13049
13049
13053
13054
13055
13058
13058
13060
13068
13076
13084
13083
13090
13097
13103
13107
13113
13109
13111
13116
13113
13107
13115
13112
13119
13118
13116
13117
13115
13121
13119
13125
13121
13118
13121
13120
13122
13121
13119
13124
13121
13120
13124
13121
13123
13126
13127
13130
13133
13132
13130
13136
13131
13136
13130
13127
13128
13129
13133
13129
13126
13129
13134
13139
13135
13128
13128
13129
13133
13135
13135
13136
13125
13134
13139
13135
13138
13138
13141
13138
13135
13129
13134
13124
13121
13123
13122
13121
13118
13113
13117
13109
13111
13115
13112
13120
13125
13125
13128
13125
13126
13135
13132
13140
13135
13131
13133
13140
13133
13127
13122
13125
12855
12221
11380
10674
10259
10048
9955
9982
10027
10154
10264
10411
10545
10701
10837
10987
11114
11246
11358
11467
11567
11683
11767
11856
11942
12021
12081
12155
12211
12265
12312
12371
12412
12466
12501
12535
12564
12607
12635
12676
12697
12729
12759
12782
12800
12820
12835
12851
12870
12895
12905
12919
12932
12947
12959
12977
12984
12994
13003
13006
13009
13015
13023
13028
13042
13034
13043
13043
13049
13050
13057
13068
13074
13083
13084
13081
13084
13093
13094
13103
13101
13104
13112
13111
13118
13113
13112
13117
13115
13115
13113
13109
13109
13116
13122
13127
13125
13125
13121
13121
13115
13123
13116
13110
13115
13118
13126
13126
13123
13123
13122
13120
13118
13119
13129
13122
13117
13126
13125
13133
13130
13125
13131
13129
13137
13137
13135
13141
13138
13135
13134
13125
13130
13129
13129
13129
13122
13118
13122
13117
13109
13110
13111
13113
13119
13115
13117
13118
13125
13132
13136
13132
13130
13129
13132
13136
13141
13137
13132
13137
13132
13121
13123
13126
13127
13137
13137
13141
13139
13139
13142
13132
13134
13125
13128
13126
13130
13133
13137
13129
13125
13134
13132
13126
13125
13119
13118
13125
13128
13134
13131
13136
13132
13134
13137
13132
13129
13129
13125
13132
13132
13128
13131
13132
13129
13129
13129
13129
13132
13128
13131
13129
13134
13127
13121
13120
13127
13129
13132
13123
13119
13127
13131
13133
13140
13137
13134
13135
13139
13133
13134
13140
13139
13145
13139
13138
13136
13135
13129
13137
13128
13125
13123
13126
13135
13136
13136
13141
13141
13142
13151
13143
13147
13148
13142
13146
13147
13139
13146
13141
13130
13140
13133
13136
13138
13129
13127
13127
13130
13132
13138
13140
13135
13135
13146
13141
13145
13139
13136
13140
13138
13127
13130
13129
13137
13130
13126
13126
13127
13131
13133
13127
13130
13131
13131
13139
13140
13136
13147
13131
13127
13134
13134
13134
13128
13131
13140
13140
13140
13140
13135
13138
13141
13141
13137
13135
13135
13134
13131
13125
13014
12927
12885
12863
12842
12836
12835
12845
12855
12865
12875
12885
12901
12921
12924
12942
12954
12959
12975
12980
12992
13012
13016
13026
13034
13036
13041
13041
13053
13056
13063
13059
13065
13064
13071
13070
13078
13082
13083
13092
13090
13089
13096
13103
13107
13102
13107
13118
13115
13113
13125
13119
13129
13129
13127
13131
13133
13132
13131
13125
13121
13125
13131
13131
13132
13119
13122
13126
13130
13130
13128
13128
13122
13120
13122
13123
13129
13126
13132
13136
13137
13128
13135
13132
13131
13134
13137
13131
13135
13129
13133
13123
13127
13139
13138
13141
13144
13137
13131
13125
13121
13124
13127
13134
13132
13121
13126
13136
13136
13132
13135
13132
13134
13132
13132
13128
13122
13133
13134
13141
13140
13130
13139
13130
13132
13127
13126
13123
13128
13129
13122
13114
13123
13124
13116
13121
13126
13137
13141
13141
13135
13142
13132
13128
13130
13122
13122
13130
13126
13124
13123
13123
13127
13130
13137
13135
13138
13129
13133
13143
13136
13118
13119
13118
13115
13121
13119
13119
13127
13129
13137
13129
13138
13136
13135
13134
13130
13135
13137
13128
13122
13132
13129
13120
13129
13127
13129
13136
13132
13133
13130
13129
13131
13140
13138
13134
13134
13137
13137
13135
13135
13134
13142
13146
13147
13141
13139
13132
13140
