13120
13118
13123
13120
13121
13125
13120
13127
13130
13131
13136
13135
13134
13130
13129
13138
13130
13130
13126
13121
13126
13123
13126
13137
13138
13144
13138
13136
13131
13132
13125
13132
13125
13124
13127
13124
13126
13130
13125
13128
13119
13119
13122
13117
13126
13136
13126
13124
13129
13130
13137
13141
13145
13143
13140
13140
13132
13131
13130
13130
13133
13126
13120
13134
13130
13131
13134
13136
13145
13153
13149
13151
13141
13142
13138
13129
13127
13129
13127
13133
13124
13125
13137
13133
13128
13136
13128
13133
13131
13129
13127
13130
13134
13135
13134
13138
13136
13135
13130
13126
13127
13127
13128
13130
13136
13129
13132
13125
13118
13117
13108
13112
13118
13123
13124
13122
13132
13132
13139
13141
13138
13136
13148
13134
13127
13132
13125
13132
13132
13136
13136
13137
13136
13126
13132
13137
13131
13135
13129
13122
13130
13118
13118
13117
13117
13116
13123
13123
13125
13122
13122
13129
13121
13123
13121
13116
13124
13123
13125
13128
13122
13115
13125
13111
13108
13111
13109
13119
13126
13132
13133
13132
13132
13136
13140
13141
13141
13140
13147
13142
13150
13143
13140
13146
13141
13143
13144
13138
13136
13134
13133
13135
13131
13136
13140
13136
13139
13137
13142
13138
13133
13136
13143
13141
13138
13146
13139
13139
13147
13144
13142
13144
13141
13147
13143
13148
13147
13144
13150
13142
13148
13139
13139
13143
13141
13135
13130
13129
13124
13124
13119
13119
13110
13115
13119
13122
13129
13128
13128
13134
13129
13129
13138
13132
13126
13129
13132
13128
13126
13125
13126
13123
13118
13115
13116
13116
13121
13117
13116
13121
13129
13127
13128
13137
13133
13134
13139
13139
13142
13143
13144
13146
13139
13138
13134
13133
13131
13128
13131
13128
13126
13125
13125
13122
13114
13121
13117
13125
13129
13123
13124
13132
13134
13126
13137
13132
13137
13135
13136
13135
13147
13136
13136
13130
13127
13134
13130
13127
13121
13122
13120
13118
13122
13120
13125
13121
13124
13126
13120
13130
13131
13129
13132
13133
13130
13131
13126
13123
13120
13118
13125
13128
13123
13122
13126
13136
13134
13138
13138
13140
13151
13145
13155
13150
13149
13142
13145
13138
13135
13134
13136
13139
13130
13126
13130
13130
13131
13131
13131
13133
13139
13134
13138
13122
13129
13138
13133
13138
13138
13139
13148
13139
13141
13139
13137
13139
13132
13128
13125
13122
13128
13126
13122
13117
13126
13132
13141
13131
13129
13129
13134
13139
13139
13136
13141
13140
13147
13137
13138
13137
13138
13138
13142
13141
13142
13143
13143
13144
13146
13143
13139
13138
13134
13129
13129
13125
13121
13125
13130
13123
13130
13125
13126
13131
13125
13126
13119
13117
13124
13131
13122
13127
13115
13124
13126
13130
13137
13138
13133
13138
13134
13132
13133
13131
13128
13131
13127
13126
13137
13134
13131
13127
13129
13123
13126
13129
13126
13123
13127
13124
13131
13123
13124
13131
13130
13137
13138
13137
13137
13137
13132
13128
13130
13137
13143
13137
13136
13138
13142
13145
13137
13129
13134
13129
13131
13137
13137
13134
13131
13134
13135
13129
13132
13132
13139
13141
13139
13142
13142
13140
13150
13137
13142
13141
13141
13142
13136
13048
12516
11613
10810
10202
9854
9668
9627
9650
9751
9861
10025
10162
10329
10477
10645
10779
10932
11068
11206
11315
11443
11551
11669
11753
11851
11916
11992
12059
12127
12187
12252
12307
12358
12403
12451
12496
12539
12578
12618
12645
12682
12695
12724
12742
12763
12791
12808
12828
12854
12870
12888
12909
12913
12920
12947
12952
12964
12978
12983
12984
13000
13005
13008
13021
13028
13034
13042
13051
13053
13058
13064
13062
13072
13074
13076
13089
13091
13097
13099
13101
13102
13103
13100
13104
13103
13104
13110
13104
13101
13102
13101
13114
13117
13118
13124
13119
13125
13138
13139
13130
13142
13137
13138
13145
13144
13140
13137
13147
13145
13144
13142
13126
13132
13133
13131
13140
13144
13130
13131
13135
13133
13137
13136
13134
13126
13125
13129
13129
13129
13136
13142
13138
13138
13122
13124
13116
13122
13126
13125
13122
13124
13127
13130
13135
13132
13133
13129
13133
13124
13132
13128
13133
13141
13133
13137
13133
13134
13136
13139
13136
13135
13132
13126
13125
13122
13121
13122
13121
13121
13125
13125
13133
13129
13125
13141
13136
13133
13129
13126
13120
13124
13128
13124
13127
13124
13122
13125
13132
13126
13126
13122
13126
13126
13122
13117
13121
13120
13126
13125
13128
13130
13127
13131
13133
13125
13135
13129
13124
13123
13130
13129
13128
13126
13130
13141
13142
13132
13138
13133
13131
13132
13134
13134
13135
13130
13132
13133
13136
13137
13139
13136
13127
13129
13126
13125
13132
13127
13134
13135
13136
13134
13133
13128
13136
13126
13136
13138
13133
13143
13145
13142
13142
13134
13137
13143
13139
13132
13135
13130
13137
13140
13139
13137
13136
13137
13130
13132
13134
13129
13136
13134
13137
13140
13138
13140
13139
13142
13145
13143
13135
13129
13134
13135
13139
13127
13129
13125
13129
13133
13127
13121
13130
13118
13124
13138
13138
13135
13137
13136
13138
13138
13132
13133
13135
13139
13135
13140
13143
13142
13145
13145
13133
13132
13130
13126
13131
13129
13125
13122
13122
13127
13127
13131
13132
13122
13120
13123
13124
13129
13132
13133
13135
13134
13128
13131
13126
13124
13124
13121
13122
13121
13124
13123
13130
13129
13124
13129
13139
13140
13136
13135
13135
13139
13137
13134
13135
13131
13133
13128
13132
13126
13125
13125
13121
13121
13122
13124
13123
13126
13122
13119
13119
13115
13122
13129
13130
13127
13135
13130
13125
13120
13117
13122
13123
13124
13126
13126
13135
13137
13141
13143
13141
13142
13139
13137
13135
13137
13135
13132
13124
13126
13127
13125
13123
13117
13121
13118
13117
13120
13123
13123
13135
13134
13132
13138
13128
13129
13135
13135
13134
13138
13137
13132
13136
13136
13138
13140
13142
13134
13129
13130
13133
13135
13130
13123
13121
13122
13115
13117
13126
13127
13131
13129
13129
13126
13129
13123
13122
13124
13133
13134
13135
13127
13122
13130
13128
13125
13127
13122
13129
13133
13135
13137
13136
13133
13132
13137
13141
13142
13138
13135
13137
13140
13130
13130
13133
13131
13134
13135
13138
13131
13135
13132
13141
13145
13138
13139
13134
13146
13143
13143
13151
13146
13145
13142
13135
13125
13131
13128
13132
13132
13138
13139
13134
13135
13131
13126
13119
13119
13118
13115
13113
13115
13113
13118
13119
13114
13124
13127
13129
13127
13132
