13133
13127
13128
13134
13133
13142
13140
13140
13137
13140
13144
13137
13140
13136
13131
13132
13126
13125
13134
13131
13138
13140
13135
13139
13134
13135
13138
13131
13138
13136
13130
13132
13131
13134
13136
13135
13137
13132
13125
13132
13134
13134
13133
13138
13141
13142
13137
13141
13137
13137
13142
13134
13136
13136
13133
13138
13137
13135
13142
13139
13134
13148
13136
13138
13136
13136
13135
13128
13137
13135
13142
13138
13142
13141
13135
13140
13142
13133
13130
13133
13126
13136
13131
13129
13133
13138
13134
13146
13140
13139
13142
13135
13141
13137
13137
13138
13130
13121
13124
13119
13114
13120
13117
13129
13138
13138
13134
13124
13126
13128
13124
13122
13123
13130
13134
13134
13135
13128
13120
13120
13124
13126
13131
13126
13126
13128
13127
13125
13120
13134
13134
13138
13142
13138
13134
13135
13133
13130
13136
13138
13131
13133
13127
13125
13117
13110
13109
13119
13129
13133
13136
13138
13147
13148
13148
13144
13147
13145
13147
13147
13150
13153
13144
13140
13142
13142
13139
13144
13141
13146
13145
13139
13140
13142
13137
13143
13137
13126
13129
13121
13120
13125
13128
13124
13128
13128
13134
13128
13129
13129
13133
13144
13141
13144
13143
13139
13146
13141
13133
13137
13137
13141
13137
13141
13142
13139
13135
13138
13129
13135
13145
13143
13150
13149
13146
13147
13143
13136
13143
13136
13142
13150
13145
13144
13142
13134
13134
13134
13132
13134
13134
13138
13135
13134
13128
13127
13134
13124
13128
13131
13133
13133
13125
13124
13120
13116
13118
13125
13121
13125
13133
13137
13141
13135
13134
13137
13133
13129
13140
13136
13129
13127
13124
13123
13122
13124
13129
13132
13134
13129
13130
13131
13125
13119
13125
13125
13125
13126
13127
13128
13129
13128
13119
13122
13119
13121
13125
13123
13116
13116
13124
13119
13116
13127
13126
13128
13121
13126
13142
13129
13129
13137
13131
13134
13139
13131
13132
13130
13126
13130
13134
13137
13138
13137
13134
13134
13142
13137
13140
13148
13141
13139
13139
13140
13147
13150
13145
13153
13142
13147
13144
13146
13140
13140
13133
13135
13131
13132
13137
13134
13132
13141
13134
13138
13140
13145
13145
13142
13139
13144
13148
13150
13154
13150
13150
13150
13152
13150
13140
13147
13141
13144
13139
13135
13139
13143
13139
13136
13132
13135
13133
13132
13133
13138
13143
13151
13142
13139
13142
13133
13128
13137
13142
13142
13140
13139
13134
13130
13134
13126
13126
13133
13127
13141
13137
13136
13143
13141
13137
13137
13133
13134
13129
13127
13123
13128
13129
13130
13132
13126
13129
13122
13129
13139
13136
13140
13137
13144
13151
13147
13142
13143
13137
13141
13138
13133
13130
13129
13128
13131
13124
13128
13124
13126
13125
13128
13123
13116
13113
13122
13125
13128
13125
13134
13142
13146
13143
13138
13130
13137
13141
13138
13135
13137
13138
13144
13134
13132
13143
13135
13134
13140
13139
13146
13149
13150
13151
13150
13136
13137
13131
13138
13147
13141
13142
13141
13151
13152
13153
13152
13143
13154
13154
13152
13139
13138
13139
13142
13142
13141
13139
13137
13141
13139
13136
13143
13137
13139
13144
13136
13119
12760
12100
11417
10992
10736
10624
10538
10537
10562
10657
10752
10872
10978
11098
11202
11333
11427
11542
11640
11740
11821
11909
11973
12055
12124
12199
12253
12312
12358
12409
12451
12495
12526
12561
12600
12628
12662
12694
12717
12752
12776
12796
12819
12836
12848
12866
12883
12899
12911
12921
12939
12958
12968
12985
12997
13019
13016
13027
13032
13029
13030
13028
13036
13042
13045
13045
13055
13050
13058
13068
13070
13077
13084
13088
13093
13095
13100
13103
13096
13100
13106
13103
13109
13113
13108
13115
13116
13114
13111
13117
13123
13134
13125
13122
13118
13127
13128
13124
13122
13123
13129
13132
13133
13132
13128
13127
13134
13127
13125
13118
13120
13120
13120
13124
13124
13119
13124
13133
13132
13126
13137
13139
13134
13139
13135
13135
13142
13139
13135
13136
13138
13136
13140
13133
13138
13142
13133
13128
13135
13124
13128
13128
13127
13131
13129
13123
13128
13122
13128
13130
13135
13140
13145
13143
13147
13141
13137
13137
13127
13127
13132
13125
13122
13121
13129
13134
13135
13141
13141
13145
13151
13152
13144
13138
13137
13142
13138
13135
13139
13137
13136
13128
13133
13130
13130
13127
13134
13126
13126
13124
13122
13129
13133
13131
13140
13134
13129
13131
13125
13120
13128
13122
13131
13129
13132
13137
13138
13142
13138
13139
13141
13142
13137
13142
13137
13142
13137
13136
13137
13139
13149
13139
13138
13127
13122
13125
13125
13120
13122
13125
13130
13134
13133
13131
13134
13128
13135
13143
13137
13139
13147
13139
13145
13142
13137
13134
13136
13140
13139
13139
13140
13134
13136
13136
13133
13147
13145
13152
13149
13149
13142
13137
13138
13136
13133
13123
13129
13126
13129
13124
13124
13125
13128
13125
13136
13133
13131
13137
13129
13126
13130
13129
13134
13134
13134
13138
13143
13152
13152
13147
13152
13152
13145
13139
13135
13139
13133
13137
13141
13138
13130
13126
13122
13122
13123
13128
13135
13125
13129
13121
13125
13125
13122
13125
13133
13125
13122
13121
13120
13121
13129
13133
13138
13137
13133
13135
13136
13137
13139
13133
13131
13127
13123
13125
13122
13120
13118
13121
13127
13130
13137
13133
13120
13124
13122
13118
13128
13117
13129
13133
13139
13145
13144
13145
13148
13147
13146
13152
13148
13140
13147
13142
13137
13144
13145
13151
13142
13145
13136
13135
13138
13138
13141
13141
13139
13146
13139
13130
13131
13140
13138
13140
13136
13135
13139
13143
13143
13134
13148
13145
13145
13153
13149
13146
13147
13139
13135
13135
13132
13128
13122
13120
13114
13123
13124
13138
13139
13148
13154
13152
13141
13139
13134
13142
13137
13143
13138
13132
13135
13136
13142
13143
13141
13133
13130
13131
13137
13134
13139
13138
13139
13139
13136
13135
13138
13135
13132
13139
13126
13135
13139
13136
13138
13141
13144
13147
13143
13138
13135
13129
13137
13136
13142
13149
13148
13149
13138
13135
13132
13134
13120
13121
13122
13124
13119
13115
13109
13111
13117
13117
13122
13122
13125
13131
13135
13126
13129
13129
13130
13122
13123
13123
13124
13121
13116
13115
13119
13123
13121
13127
13140
13135
13138
13134
13123
13134
13125
13122
13124
13131
13134
13131
13135
13137
13130
13126
13127
13126
13133
13135
13139
13142
13140
13141
13145
13144
13138
13145
13141
13140
13141
13133
13139
13137
13135
13140
13134
13138
13132
