13140
13145
13142
13143
13145
13141
13143
13149
13148
13153
13148
13147
13139
13133
13137
13146
13138
13130
13138
13133
13132
13136
13128
13123
13128
13128
13134
13133
13134
13132
13142
13133
13134
13135
13135
13132
13140
13131
13138
13144
13140
13141
13136
13137
13138
13137
13139
13149
13144
13142
13141
13143
13143
13146
13145
13145
13135
13126
13133
13129
13129
13141
13134
13137
13137
13135
13139
13134
13133
13134
13133
13138
13134
13136
13138
13134
13142
13140
13142
13154
13148
13145
13142
13148
13150
13144
13141
13146
13134
13136
13139
13138
13147
13148
13143
13144
13148
13147
13147
13140
13135
13135
13122
13132
13140
13134
13135
13131
13130
13130
13125
13129
13132
13124
13123
13128
13139
13135
13127
13131
13125
13132
13129
13132
13130
13133
13131
13136
13125
13131
13134
13132
13135
13137
13126
13130
13125
13119
13134
13130
13137
13147
13146
13147
13143
13139
13134
13132
13136
13133
13137
13147
13155
13152
13148
13144
13146
13134
13126
13137
13135
13136
13143
13143
13144
13145
13151
13154
13151
13147
13150
13147
13152
13144
13142
13142
13139
13130
13131
13132
13133
13138
13131
13130
13135
13137
13139
13137
13137
13130
13130
13135
13128
13132
13132
13128
13147
13142
13145
13146
13148
13147
13147
13144
13144
13133
13132
13127
13128
13138
13136
13139
13150
13153
13151
13162
13153
13149
13153
13144
13137
13137
13136
13131
13139
13139
13150
13143
13141
13139
13129
13133
13135
13136
13135
13135
13140
13133
13134
13134
13136
13138
13134
13142
13137
13136
13137
13143
13135
13138
13137
13142
13145
13142
13140
13144
13135
13138
13129
13123
13123
13142
13131
13012
12923
12861
12830
12813
12800
12800
12809
12818
12845
12870
12885
12898
12917
12926
12942
12953
12963
12975
12984
12988
12999
13001
13003
13020
13021
13035
13045
13050
13059
13076
13079
13086
13080
13074
13087
13088
13088
13096
13098
13103
13108
13115
13111
13116
13117
13117
13118
13123
13116
13121
13122
13117
13127
13116
13112
13124
13122
13126
13123
13126
13124
13133
13136
13142
13127
13133
13135
13137
13134
13130
13127
13135
13146
13139
13148
13139
13131
13136
13129
13127
13127
13125
13126
13126
13128
13129
13125
13129
13124
13128
13126
13129
13144
13143
13143
13147
13147
13148
13147
13140
13144
13146
13137
13140
13126
13128
13123
13122
13126
13122
13125
13132
13124
13131
13131
13133
13128
13139
13133
13137
13136
13132
13131
13133
13140
13132
13136
13147
13154
13149
13147
13145
13148
13141
13131
13136
13133
13131
13125
13127
13128
13126
13124
13124
13118
13129
13125
13123
13124
13132
13128
13136
13128
13123
13123
13124
13119
13126
13121
13126
13135
13139
13135
13138
13141
13135
13134
13138
13134
13136
13139
13138
13140
13134
13130
13128
13131
13132
13136
13134
13138
13142
13138
13140
13135
13134
13135
13134
13132
13135
13132
13139
13140
13135
13141
13138
13129
13130
13127
13128
13122
13121
13133
13138
13138
13130
13134
13136
13133
13130
13127
13126
13132
13123
13124
13127
13127
13135
13135
13137
13138
13142
13141
13146
13143
13140
13143
13138
13133
13132
13130
13135
13143
13134
13149
13143
13138
13149
13149
13137
12772
12215
11755
11437
11138
10850
10718
10665
10697
10752
10844
10927
11049
11149
11274
11377
11492
11577
11688
11769
11868
11947
12028
12098
12171
12230
12287
12334
12385
12426
12471
12515
12555
12582
12629
12652
12675
12704
12730
12760
12779
12803
12826
12845
12871
12880
12893
12910
12922
12934
12949
12962
12976
12978
12993
13006
13010
13013
13022
13024
13037
13040
13038
13048
13050
13063
13061
13068
13076
13085
13088
13094
13094
13090
13094
13093
13103
13116
13115
13113
13113
13112
13110
13112
13117
13113
13116
13111
13114
13110
13112
13104
13111
13112
13117
13119
13120
13115
13111
13120
13114
13120
13120
13125
13120
13120
13124
13118
13119
13122
13119
13124
13124
13128
13134
13128
13125
13135
13143
13148
13149
13154
13157
13155
13158
13153
13152
13154
13144
13145
13146
13139
13140
13141
13144
13139
13137
13137
13131
13132
13131
13129
13129
13129
13135
13133
13136
13136
13137
13135
13137
13139
13137
13132
13130
13125
13127
13130
13119
13121
13125
13125
13128
13128
13125
13121
13126
13127
13129
13133
13137
13136
13144
13146
13150
13142
13139
13138
13135
13140
13140
13137
13139
13137
13137
13135
13133
13125
13128
13129
13127
13127
13125
13125
13135
13132
13126
13131
13131
13131
13133
13131
13129
13133
13136
13133
13141
13137
13133
13132
13129
13127
13137
13132
13134
13136
13134
13137
13136
13138
13142
13140
13140
13139
13131
13137
13141
13134
13134
13131
13133
13130
13134
13137
13135
13127
13129
13135
13134
13136
13136
13132
13133
13136
13133
13133
13124
13128
13130
13129
13134
13132
13140
13138
13140
13148
13148
13144
13144
13150
13149
13134
13129
13142
13139
13141
13140
13136
13125
13126
13119
13119
13121
13117
13131
13123
13131
13127
13131
13131
13134
13136
13134
13133
13140
13138
13141
13135
13133
13126
13122
13122
13132
13132
13129
13134
13129
13127
13125
13125
13114
13116
13121
13126
13125
13133
13131
13137
13143
13145
13139
13142
13137
13130
13137
13133
13131
13135
13135
13129
13131
13127
13128
13120
13123
13119
13119
13124
13132
13132
13128
13136
13140
13135
13136
13142
13141
13142
13144
13143
13144
13140
13142
13141
13134
13141
13144
13136
13142
13137
13133
13143
13136
13138
13142
13140
13138
13139
13137
13137
13140
13135
13139
13146
13140
13140
13136
13136
13134
13136
13124
13129
13134
13126
13118
13121
13120
13123
13125
13126
13133
13137
13139
13145
13142
13140
13143
13129
13132
13138
13135
13139
13138
13137
13140
13137
13134
13138
13138
13138
13134
13131
13132
13132
13130
13134
13130
13136
13130
13131
13134
13132
13126
13125
13125
13129
13130
13134
13134
13138
13141
13144
13147
13143
13136
13132
13129
13121
13132
13133
13132
13137
13128
13126
13134
13129
13129
13132
13123
13123
13122
13130
13124
13126
13125
13134
13134
13142
13139
13137
13141
13139
13146
13137
13135
13142
13139
13138
13136
13137
13137
13140
13138
13139
13138
13142
13143
13140
13143
13139
13139
13140
13136
13138
13148
13140
13135
13139
13135
13137
13136
13137
13136
13147
13137
13130
13129
13134
13127
13135
13131
13122
13134
13131
13132
13138
13132
13138
13134
13134
13140
13139
13133
13135
13142
13146
13153
13146
13157
13154
13147
13151
13137
13124
13136
13131
13126
13133
13141
13141
13146
13147
13144
13140
13139
13138
