13131
13127
13125
13132
13136
13137
13138
13134
13138
13139
13141
13138
13136
13123
13124
13124
13126
13132
13138
13130
13126
13127
13130
13135
13129
13137
13142
13139
13149
13151
13146
13150
13144
13136
13131
13125
13126
13129
13131
13136
13134
13137
13145
13140
13138
13136
13131
13135
13137
13136
13137
13137
13146
13135
13129
13125
13121
13123
13128
13130
13130
13132
13128
13133
13126
13126
13128
13131
13131
13133
13134
13137
13141
13137
13142
13136
13143
13152
13150
13146
13153
13145
13147
13141
13130
13128
13131
13134
13132
13130
13124
13126
13138
13131
13129
13128
13131
13136
13132
13125
13123
13124
13131
13133
13122
13125
13128
13135
13136
13138
13131
13143
13137
13130
13140
13137
13136
13142
13134
13132
13133
13138
13137
13132
13130
13132
13131
13138
13142
13145
13140
13140
13142
13128
13126
13134
13130
13133
13136
13135
13133
13132
13129
13134
13133
13134
13141
13135
13135
13129
13130
13132
13122
13117
13118
13118
13120
13130
13133
13134
13131
13128
13134
13138
13137
13139
13141
13135
13133
13133
13140
13133
13139
13135
13136
13142
13145
13142
13142
13149
13149
13152
13153
13152
13134
13137
13137
13139
13143
13144
13138
13141
13138
13126
13132
13125
13119
13129
13125
13132
13135
13130
13131
13128
13129
13124
13126
13125
13127
13135
13147
13143
13147
13140
13141
13144
13149
13145
13140
13135
13144
13140
13143
13145
13143
13137
13142
13135
13137
13132
13138
13138
13130
13128
13133
13131
13135
13130
13131
13135
13139
13137
13138
13136
13140
13138
13146
13150
13147
13153
13158
13147
13147
13140
13140
13142
13143
13142
13138
13133
13139
13136
13134
13142
13141
13143
13148
13137
13137
13136
13127
13141
13136
13132
13142
13138
13137
13139
13139
13140
13148
13147
13143
13139
13144
13141
13138
13137
13137
13131
13132
13133
13137
13135
13135
13142
13142
13143
13140
13140
13140
13136
13127
13135
13132
13130
13138
13138
13150
13148
13147
13142
13137
13135
13140
13137
13140
13143
13141
13144
13152
13143
13147
13143
13140
13135
13128
13126
13127
13127
13126
13121
13133
13128
13131
13136
13129
13131
13131
13133
13132
13136
13138
13142
13136
13137
13135
13138
13139
13139
13142
13146
13144
13138
13148
13141
13139
13145
13141
13145
13142
13137
13145
13141
13150
13146
13147
13148
13142
13142
13136
13140
13139
13138
13129
13137
13132
13137
13127
13125
13126
13131
13127
13126
13131
13139
13139
13142
13141
13136
13132
13142
13131
13132
13138
13137
13136
13138
13138
13136
13141
13141
13147
13147
13141
13136
13142
13145
13144
13147
13146
13147
13158
13153
13147
13147
13146
13141
13134
13140
13134
13139
13137
13142
13145
13153
13146
13146
13146
13142
13144
13143
13141
13141
13142
13145
13143
13142
13138
13138
13138
13129
13131
13125
13126
13127
13130
13133
13130
13130
13131
13128
13132
13132
13131
13136
13128
13124
13131
13134
13136
13133
13129
13128
13134
13133
13134
13129
13130
13136
13130
13138
13129
13137
13140
13138
13131
13133
13134
13134
13136
13140
13143
13149
13148
13144
13145
13149
13150
13145
13145
13134
13133
13124
13119
13118
13125
13123
13126
13134
13136
13126
13126
13122
13122
13129
13128
13126
13000
12249
11557
10974
10589
10374
10309
10297
10366
10444
10568
10682
10825
10939
11078
11188
11309
11415
11525
11616
11725
11810
11898
11966
12055
12111
12187
12246
12207
12176
12186
12149
12065
12029
12025
12046
12086
12123
12169
12209
12258
12306
12243
12195
12184
12189
12224
12242
12287
12333
12377
12421
12465
12505
12544
12584
12624
12651
12682
12706
12731
12758
12782
12797
12824
12841
12860
12881
12893
12914
12922
12931
12942
12951
12963
12977
12982
12997
13014
13018
13032
13040
13039
13045
13046
13036
13048
13043
13052
13059
13060
13073
13075
13082
13089
13087
13088
13093
13105
13109
13116
13117
13119
13116
13114
13111
13108
13116
13117
13116
13113
13112
13116
13118
13116
13121
13121
13125
13132
13129
13131
13126
13127
13129
13122
13122
13125
13123
13121
13127
13121
13123
13128
13118
13122
13121
13127
13126
13126
13132
13124
13123
13119
13130
13136
13133
13128
13132
13131
13133
13127
13128
13124
13130
13128
13130
13126
13128
13129
13121
13117
13120
13123
13132
13134
13127
13131
13132
13123
13125
13118
13121
13125
13127
13129
13133
13138
13140
13141
13141
13144
13140
13129
13130
13133
13127
13127
13133
13123
13120
13119
13122
13113
13110
13110
13117
13120
13124
13125
13127
13131
13128
13133
13139
13137
13129
13136
13136
13136
13132
13125
13123
13122
13119
13124
13125
13127
13123
13125
13133
13139
13142
13140
13143
13143
13132
13123
13120
13126
13126
13134
13138
13132
13124
13130
13136
13129
13135
13133
13137
13134
13135
13135
13138
13135
13134
13137
13139
13137
13132
13122
13129
13128
13129
13127
13132
13138
13129
13133
13138
13149
13138
13131
13130
13133
13129
13125
13131
13131
13133
13131
13134
13138
13132
13133
13136
13125
13131
13127
13122
13127
13134
13138
13141
13144
13140
13151
13146
13140
13141
13137
13135
13128
13130
13135
13134
13130
13133
13138
13137
13134
13132
13132
13133
13145
13140
13137
13133
13135
13136
13144
13147
13154
13156
13155
13151
13145
13141
13148
13140
13142
13142
13141
13146
13134
13124
13135
13133
13130
13133
13125
13123
13126
13128
13128
13129
13130
13128
13128
13132
13129
13129
13135
13133
13135
13127
13121
13126
13129
13130
13135
13135
13139
13143
13146
13144
13138
13141
13145
13143
13140
13137
13138
13130
13127
13124
13124
13119
13118
13125
13120
13124
13126
13122
13126
13132
13135
13135
13135
13138
13138
13137
13140
13141
13147
13144
13142
13151
13145
13142
13146
13148
13146
13149
13140
13134
13124
13133
13129
13124
13128
13131
13134
13137
13129
13123
13134
13135
13138
13152
13144
13129
13126
13132
13136
13143
13140
13145
13142
13150
13143
13143
13140
13140
13144
13137
13138
13144
13149
13147
13139
13147
13144
13140
13141
13138
13130
13139
13134
13133
13145
13148
13142
13142
13132
13135
13138
13134
13129
13128
13129
13135
13133
13132
13130
13130
13129
13132
13130
13135
13132
13132
13128
13136
13139
13136
13139
13146
13138
13137
13134
13135
13137
13141
13148
13146
13138
13138
13142
13137
13136
13136
13128
13132
13129
13126
13133
13126
13128
13138
13130
13128
13122
13123
13119
13126
13127
13130
13128
13139
13133
13136
13127
13128
13129
13132
13139
13150
13149
13152
13144
13147
13147
13144
13131
13133
13125
13134
13127
13125
13128
13132
