13142
13138
13130
13124
13119
13119
13120
13134
13126
13133
13131
13134
13142
13141
13138
13140
13143
13143
13153
13149
13142
13139
13139
13136
13128
13129
13130
13132
13138
13134
13136
13142
13137
13140
13137
13137
13147
13137
13140
13145
13145
13144
13142
13144
13143
13140
13134
13137
13133
13138
13137
13139
13137
13126
13132
13136
13130
13126
13130
13130
13131
13133
13130
13134
13134
13141
13145
13151
13148
13138
13141
13148
13152
13143
13141
13139
13144
13138
13141
13137
13139
13138
13136
13138
13137
13135
13127
13122
13120
13126
13124
13119
13121
13126
13122
13134
13131
13127
13130
13136
13133
13134
13128
13134
13127
13130
13133
13136
13139
13134
13131
13134
13129
13132
13127
13125
13127
13118
13110
13117
13110
13115
13122
13127
13120
13122
13131
13143
13137
13143
13139
13137
13141
13132
13132
13140
13134
13134
13142
13131
13128
13128
13121
13115
13119
13132
13126
13123
13119
13118
13122
13125
13121
13123
13125
13122
13134
13130
13128
13138
13135
13135
13130
13135
13141
13140
13144
13141
13146
13146
13143
13139
13146
13140
13140
13143
13134
13127
13135
13132
13139
13142
13145
13144
13148
13148
13143
13142
13145
13144
13147
13144
13133
13138
13134
13138
13134
13127
13121
13130
13125
13137
13131
13140
13131
13134
13125
13131
13125
13134
13142
13138
13134
13136
13130
13134
13129
13128
13136
13134
13143
13143
13135
13133
13136
13129
13130
13124
13133
13130
13129
13131
13128
13132
13135
13138
13142
13131
13132
13134
13132
13134
13135
13142
13141
13140
13144
13145
13139
13143
13143
13137
13143
13152
13141
13138
13133
13129
13130
13121
13124
13130
13127
13135
13134
13134
13130
13135
13139
13139
13140
13135
13139
13139
13133
13123
13123
13121
13121
13129
13122
13119
13119
13132
13132
13133
13134
13132
13131
13136
13133
13131
13140
13144
13147
13149
13146
13141
13151
13154
13155
13153
13150
13152
13155
13149
13151
13147
13141
13140
13142
13143
13138
13139
13134
13135
13142
13137
13133
13138
13142
13134
13131
13131
13126
13124
13125
13134
13125
13126
13125
13121
13133
13139
13143
13146
13139
13134
13136
13138
13140
13145
13141
13145
13145
13141
13135
13133
13141
13138
13136
13137
13135
13133
13142
13139
13142
13133
13126
13123
13117
13122
13126
13131
13138
13135
13132
13137
13138
13138
13140
13132
13140
13141
13136
13135
13126
13127
13133
13128
13122
13131
13123
13119
13125
13128
13134
13128
13132
13130
13126
13121
13121
13126
13127
13127
13134
13122
13130
13138
13132
13125
13123
13121
13126
13131
13122
13133
13133
13136
13138
13133
13134
13133
13134
13133
13129
13132
13130
13131
13128
13138
13135
13137
13142
13138
13134
13131
13127
13120
13121
13130
13132
13137
13134
13125
13132
13121
13125
13127
13127
13135
13140
13135
13138
13138
13139
13142
13139
13138
13142
13131
13135
13140
13142
13139
13135
13131
13136
13135
13137
13139
13140
13138
13141
13140
13148
13148
13147
13140
13142
13142
13141
13149
13149
13144
13139
13131
13125
13129
13126
13122
13122
13130
13132
13134
13137
13130
13123
13125
13126
13128
13128
13125
13131
13137
13132
13129
13138
13132
13126
13133
13127
13128
13119
12966
12576
11990
11520
10986
10624
10421
10358
10335
10379
10438
10553
10583
10558
10554
10622
10699
10814
10909
11035
11147
11270
11378
11493
11590
11699
11772
11864
11936
12011
12068
12141
12200
12269
12315
12369
12419
12458
12507
12549
12590
12623
12653
12687
12711
12737
12752
12784
12803
12823
12837
12864
12872
12891
12916
12936
12948
12947
12960
12969
12970
12976
12986
12995
13005
13014
13019
13033
13037
13046
13050
13056
13059
13070
13071
13084
13090
13090
13096
13105
13106
13107
13103
13094
13086
13089
13101
13102
13116
13120
13117
13129
13117
13109
13113
13112
13115
13118
13119
13121
13128
13124
13122
13124
13130
13127
13121
13128
13129
13132
13134
13138
13127
13141
13138
13138
13139
13130
13127
13121
13122
13132
13130
13130
13135
13139
13138
13145
13147
13147
13144
13146
13131
13129
13134
13138
13146
13148
13142
13141
13143
13131
13133
13122
13122
13135
13131
13131
13128
13137
13138
13135
13130
13133
13125
13126
13132
13134
13129
13134
13133
13138
13136
13134
13135
13135
13136
13137
13139
13136
13143
13142
13133
13133
13132
13133
13138
13133
13126
13124
13129
13133
13135
13129
13133
13135
13136
13135
13136
13141
13140
13134
13133
13149
13150
13151
13155
13156
13144
13149
13149
13148
13140
13137
13136
13135
13137
13142
13125
13126
13137
13142
13143
13138
13140
13145
13140
13139
13138
13133
13137
13131
13127
13121
13115
13123
13128
13127
13126
13122
13123
13121
13123
13131
13134
13136
13138
13132
13134
13141
13139
13142
13135
13145
13146
13151
13150
13149
13147
13150
13148
13147
13139
13136
13144
13139
13141
13145
13142
13139
13139
13134
13135
13131
13132
13135
13130
13131
13126
13131
13137
13130
13130
13140
13135
13142
13142
13135
13135
13134
13137
13137
13139
13140
13134
13140
13135
13132
13128
13131
13123
13129
13122
13121
13127
13128
13129
13132
13127
13129
13133
13138
13140
13134
13138
13138
13135
13139
13131
13131
13126
13123
13124
13129
13120
13129
13126
13129
13126
13129
13131
13133
13128
13131
13134
13133
13139
13144
13149
13148
13141
13144
13139
13143
13148
13150
13142
13145
13135
13134
13138
13143
13148
13144
13140
13143
13141
13142
13138
13136
13137
13134
13122
13129
13124
13126
13136
13134
13138
13137
13131
13134
13135
13136
13133
13130
13128
13123
13123
13125
13119
13120
13121
13120
13127
13129
13125
13130
13131
13133
13125
13127
13126
13119
13128
13130
13131
13129
13130
13138
13138
13133
13122
13129
13122
13136
13134
13139
13138
13134
13131
13128
13124
13132
13121
13126
13123
13129
13129
13131
13127
13133
13136
13137
13135
13132
13133
13133
13137
13139
13142
13142
13143
13138
13139
13142
13136
13136
13142
13140
13142
13133
13131
13139
13139
13143
13139
13134
13140
13147
13148
13149
13145
13145
13141
13147
13129
13130
13131
13131
13132
13135
13125
13125
13125
13123
13137
13132
13138
13136
13130
13133
13132
13130
13134
13135
13135
13141
13135
13141
13139
13136
13133
13139
13138
13135
13145
13145
13143
13141
13141
13133
13139
13140
13136
13134
13136
13142
13138
13133
13126
13132
13123
13124
13126
13136
13141
13144
13143
13146
13143
13147
13143
13140
13137
13138
13135
13130
13129
13135
13135
13130
13121
13131
13122
13124
13128
13129
13134
13142
13143
13144
13141
13140
13133
