13141
13141
13133
13121
13121
13122
13129
13144
13136
13129
13132
13136
13127
13133
13125
13121
13130
13139
13132
13138
13137
13137
13138
13142
13144
13144
13137
13132
13139
13134
13136
13140
13138
13139
13138
13139
13142
13138
13134
13136
13130
13133
13132
13131
13136
13137
13136
13145
13137
13132
13141
13138
13132
13137
13131
13132
13132
13134
13137
13135
13131
13125
13123
13126
13130
13137
13132
13133
13142
13128
13131
13130
13125
13128
13126
13129
13134
13135
13140
13146
13139
13142
13142
13138
13142
13140
13135
13139
13138
13127
13139
13132
13127
13129
13126
13130
13134
13139
13139
13135
13148
13144
13146
13146
13146
13140
13138
13134
13140
13137
13137
13140
13135
13132
13130
13134
13132
13133
13136
13141
13143
13147
13138
13126
13126
13122
13123
13122
13118
13120
13136
13134
13134
13137
13139
13136
13140
13142
13147
13144
13141
13144
13147
13147
13140
13137
13144
13142
13142
13135
13130
13126
13126
13130
13130
13129
13138
13136
13137
13136
13136
13134
13143
13145
13154
13149
13144
13154
13149
13135
13140
13135
13125
13126
13120
13119
13122
13125
13129
13126
13131
13129
13129
13129
13126
13126
13129
13127
13130
13120
13125
13130
13127
13136
13145
13140
13137
13137
13140
13138
13129
13123
13123
13125
13129
13138
13138
13139
13145
13145
13151
13145
13146
13147
13145
13148
13150
13143
13142
13140
13127
13119
13116
13116
13125
13124
13120
13112
13118
13114
13118
13118
13121
13132
13136
13130
13131
13128
13138
13135
13127
13130
13132
13137
13143
13144
13136
13137
13135
13136
13143
13131
13131
13134
13132
13131
13130
13131
13126
13130
13141
13130
13144
13136
13135
13134
13134
13129
13134
13123
13123
13123
13123
13122
13123
13119
13131
13136
13142
13144
13137
13136
13139
13137
13137
13134
13132
13141
13150
13141
13150
13137
13136
13137
13136
13127
13134
13130
13129
13135
13144
13134
13136
13136
13125
13127
13120
13116
13128
13122
13125
13129
13132
13135
13134
13137
13138
13136
13135
13133
13123
13133
13135
13133
13147
13148
13153
13153
13144
13134
13134
13132
13131
13133
13130
13134
13137
13134
13133
13135
13131
13126
13127
13134
13134
13132
13127
13131
13136
13129
13135
13131
13133
13129
13128
13126
13131
13131
13131
13139
13141
13134
13138
13135
13134
13129
13123
13127
13127
13131
13140
13136
13139
13138
13126
13131
13130
13125
13130
13138
13143
13139
13135
13142
13139
13143
13142
13142
13150
13146
13144
13149
13134
13136
13126
13124
13126
13128
13132
13133
13126
13128
13128
13128
13122
13118
13122
13121
13117
13120
13127
13125
13126
13131
13120
13121
13123
13128
13123
13122
13127
13121
13117
13113
13108
13114
13119
13119
13133
13128
13129
13137
13137
13144
13141
13138
13133
13130
13133
13131
13127
13130
13140
13143
13146
13147
13143
13147
13141
13142
13148
13139
13134
13134
13132
13134
13132
13127
13129
13125
13129
13125
13124
13127
13136
13139
13144
13139
13146
13149
13150
13149
13149
13148
13137
13139
13133
13130
13129
13119
13117
13123
13125
13132
13137
13146
13144
13154
13151
13145
13149
13141
13141
13151
13148
13141
13145
13143
13142
13140
13147
13138
13141
13133
13133
13061
12950
12779
12422
11887
11555
11360
11272
11164
11076
11011
11019
11052
11125
11195
11289
11380
11486
11562
11669
11752
11843
11919
11999
12066
12147
12201
12268
12325
12370
12416
12465
12508
12551
12580
12615
12640
12667
12691
12670
12603
12577
12556
12565
12568
12587
12612
12630
12660
12691
12710
12739
12764
12783
12811
12821
12841
12869
12878
12789
12708
12665
12644
12645
12651
12667
12644
12638
12647
12660
12681
12691
12706
12724
12741
12767
12778
12802
12835
12856
12878
12890
12902
12915
12925
12934
12948
12955
12966
12974
12988
12998
13000
13009
13021
13024
13039
13049
13053
13049
13063
13068
13083
13083
13078
13085
13086
13086
13100
13096
13102
13099
13101
13094
13092
13094
13093
13103
13106
13116
13125
13133
13131
13145
13141
13139
13138
13134
13138
13133
13138
13137
13133
13123
13125
13124
13129
13127
13123
13131
13127
13122
13131
13124
13129
13137
13140
13135
13137
13132
13130
13132
13136
13135
13133
13134
13129
13137
13139
13138
13139
13136
13136
13135
13128
13125
13122
13117
13118
13119
13120
13039
12936
12875
12836
12813
12813
12821
12829
12843
12857
12873
12889
12894
12897
12918
12922
12929
12937
12945
12955
12966
12973
12984
13004
13018
13025
13038
13036
13039
13051
13055
13060
13068
13070
13075
13076
13076
13079
13077
13087
13090
13090
13088
13092
13089
13098
13099
13099
13104
13102
13103
13107
13110
13106
13121
13122
13117
13116
13122
13118
13121
13113
13115
13127
13132
13133
13138
13132
13125
13127
13125
13125
13132
13128
13129
13133
13131
13128
13134
13129
13127
13121
13124
13128
13122
13125
13126
13127
13130
13140
13145
13148
13136
13135
13139
13135
13140
13132
13131
13130
13134
13140
13134
13131
13132
13134
13126
13135
13136
13137
13130
13130
13136
13138
13132
13133
13127
13128
13130
13130
13126
13122
13127
13141
13138
13140
13137
13132
13141
13141
13142
13147
13138
13132
13141
13131
13128
13133
13134
13137
13135
13138
13126
13127
13123
13122
13124
13126
13128
13126
13130
13128
13132
13121
13124
13124
13124
13128
13130
13131
13122
13121
13123
13115
13111
13116
13118
13120
13124
13118
13117
13119
13121
13123
13133
13126
13122
13124
13129
13133
13144
13141
13134
13134
13134
13131
13127
13128
13131
13139
13131
13127
13130
13130
13124
13131
13126
13123
13124
13133
13140
13145
13141
13148
13142
13152
13149
13143
13138
13137
13129
13132
13125
13124
13133
13136
13135
13139
13135
13136
13141
13139
13137
13137
13134
13136
13137
13145
13141
13141
13142
13136
13139
13132
13136
13139
13143
13141
13135
13132
13126
13126
13133
13138
13137
13138
13142
13144
13148
13138
13137
13138
13136
13139
13149
13138
13138
13139
13139
13148
13144
13137
13127
13129
13126
13126
13127
13132
13134
13130
13134
13136
13142
13134
13131
13129
13125
13132
13136
13133
13138
13130
13127
13126
13119
13125
13132
13134
13137
13133
13130
13133
13134
13130
13136
13129
13138
13143
13142
13138
13142
13137
13137
13144
13142
13141
13142
13142
13151
13148
13139
13134
13144
13137
13133
13140
13142
13138
13126
13130
13132
13136
13132
13138
13131
13145
13150
13146
13148
13148
13147
13147
13144
13134
13143
13138
13150
13141
13139
13142
13137
13137
13129
13116
13119
13121
13129
13132
13126
13136
13138
13135
13145
13132
