13136
13135
13138
13135
13136
13133
13135
13136
13137
13139
13140
13136
13126
13131
13126
13135
13134
13132
13134
13128
13119
13122
13119
13118
13120
13116
13120
13132
13132
13132
13138
13139
13139
13143
13137
13130
13140
13135
13132
13127
13126
13125
13129
13133
13128
13130
13127
13128
13118
13122
13123
13128
13130
13136
13139
13136
13129
13126
13129
13127
13122
13132
13126
13131
13137
13139
13138
13138
13133
13132
13133
13137
13135
13138
13134
13132
13135
13127
13120
13127
13126
13128
13130
13124
13122
13124
13132
13144
13144
13149
13152
13146
13144
13144
13144
13146
13144
13142
13146
13142
13137
13131
13134
13137
13140
13139
13133
13134
13129
13132
13128
13130
13132
13133
13144
13143
13139
13134
13127
13138
13141
13137
13134
13132
13132
13129
13130
13134
13133
13133
13134
13131
13123
13126
13116
13122
13126
13122
13128
13128
13130
13133
13129
13128
13132
13129
13129
13131
13130
13127
13121
13127
13128
13135
13143
13141
13149
13145
13150
13158
13156
13149
13138
13136
13139
13143
13137
13138
13135
13138
13131
13128
13132
13135
13143
13146
13144
13141
13149
13144
13137
13138
13142
13142
13141
13142
13148
13145
13144
13139
13147
13146
13140
13141
13144
13145
13152
13146
13141
13141
13136
13139
13139
13130
13133
13136
13143
13139
13140
13143
13145
13136
13138
13133
13134
13133
13132
13126
13134
13126
13122
13133
13134
13128
13128
13123
13129
13135
13138
13131
13131
13132
13129
13127
13129
13130
13133
13125
13130
13138
13138
13134
13133
13130
13134
13132
13132
13136
13133
13139
13138
13135
13130
13136
13129
13134
13121
13119
13131
13133
13141
13140
13138
13140
13144
13146
13139
13138
13132
13126
13126
13132
13128
13125
13133
13126
13135
13122
13121
13126
13141
13142
13141
13140
13134
13133
13139
13139
13138
13140
13142
13138
13141
13147
13145
13148
13152
13148
13153
13148
13144
13142
13135
13134
13141
13137
13134
13132
13134
13135
13135
13129
13121
13135
13137
13142
13147
13141
13143
13144
13140
13146
13136
13134
13131
13132
13131
13134
13126
13126
13131
13125
13127
13124
13123
13131
13125
13131
13140
13139
13138
13141
13142
13148
13144
13143
13145
13139
13136
13135
13133
13137
13134
13129
13131
13133
13138
13132
13130
13135
13126
13130
13132
13132
13139
13140
13141
13146
13135
13131
13132
13128
13131
13132
13134
13132
13129
13127
13139
13138
13125
13132
13131
13135
13137
13135
13136
13131
13132
13132
13134
13139
13134
13135
13137
13133
13144
13135
13135
13135
13131
13138
13137
13140
13144
13145
13137
13142
13136
13141
13141
13133
13142
13143
13146
13143
13132
13125
13132
13123
13132
13129
13120
13115
13119
13122
13125
13131
13132
13134
13141
13143
13139
13140
13145
13146
13151
13141
13138
13140
13138
13134
13134
13133
13131
13132
13133
13129
13126
13138
13139
13138
13134
13135
13129
13131
13128
13121
13131
13121
13121
13127
13128
13123
13131
13131
13134
13134
13128
13124
13124
13134
13136
13137
13133
13132
13137
13126
13127
13130
13139
13140
13141
13138
13132
13133
13129
13135
13132
13128
13136
13137
13135
13137
13139
13138
13144
13142
13138
13136
13145
13147
13072
12434
11835
11256
10876
10554
10410
10339
10373
10432
10550
10653
10785
10900
11031
11142
11272
11386
11499
11588
11696
11775
11860
11929
12019
12087
12160
12214
12279
12328
12380
12424
12472
12513
12547
12577
12624
12652
12692
12721
12747
12762
12779
12802
12827
12847
12866
12881
12901
12917
12936
12944
12953
12970
12982
12983
12991
12998
13005
13013
13017
13023
13030
13029
13038
13041
13040
13050
13057
13057
13071
13080
13081
13088
13089
13091
13098
13101
13103
13114
13110
13111
13113
13118
13116
13112
13117
13113
13118
13123
13115
13118
13119
13117
13122
13116
13115
13118
13117
13121
13121
13121
13123
13130
13142
13139
13134
13137
13138
13133
13130
13121
13118
13122
13116
13115
13122
13115
13122
13135
13136
13138
13140
13138
13137
13137
13140
13137
13126
13128
13118
13128
13126
13123
13132
13119
13124
13129
13129
13127
13126
13125
13127
13130
13132
13135
13136
13144
13138
13132
13132
13135
13137
13140
13133
13131
13134
13135
13131
13136
13137
13137
13139
13141
13136
13134
13133
13137
13133
13135
13136
13134
13126
13123
13131
13120
13118
13122
13118
13123
13127
13121
13122
13129
13120
13116
13110
13112
13114
13116
13120
13123
13121
13132
13131
13134
13136
13135
13125
13135
13129
13134
13138
13139
13135
13132
13133
13128
13135
13137
13137
13135
13131
13132
13142
13135
13128
13134
13133
13128
13120
13119
13117
13122
13121
13132
13128
13134
13138
13139
13144
13141
13138
13151
13142
13138
13148
13140
13138
13141
13145
13137
13132
13131
13131
13133
13135
13129
13134
13133
13133
13136
13135
13133
13142
13136
13137
13140
13137
13132
13137
13136
13142
13142
13139
13144
13141
13148
13145
13142
13144
13140
13141
13145
13148
13139
13147
13146
13138
13143
13132
13126
13124
13127
13119
13114
13113
13114
13110
13115
13118
13122
13123
13118
13131
13119
13118
13118
13122
13128
13122
13131
13129
13140
13136
13135
13125
13128
13127
13127
13128
13125
13123
13123
13120
13120
13127
13118
13117
13120
13117
13115
13116
13116
13121
13128
13127
13130
13132
13131
13129
13134
13137
13130
13133
13132
13127
13137
13138
13145
13138
13136
13133
13135
13140
13136
13132
13138
13136
13135
13140
13139
13147
13150
13145
13137
13143
13138
13140
13137
13131
13129
13135
13137
13135
13133
13129
13128
13127
13128
13130
13128
13134
13129
13134
13130
13125
13135
13131
13130
13132
13133
13129
13133
13136
13135
13126
13127
13130
13128
13133
13136
13140
13141
13125
13124
13132
13124
13127
13134
13133
13133
13128
13131
13133
13135
13135
13137
13139
13139
13133
13133
13133
13136
13142
13138
13139
13136
13137
13134
13128
13129
13139
13137
13142
13139
13135
13136
13141
13131
13137
13137
13136
13137
13142
13134
13142
13140
13144
13145
13129
13130
13132
13127
13130
13132
13129
13120
13121
13126
13128
13133
13136
13133
13145
13136
13135
13145
13143
13147
13144
13139
13143
13138
13143
13147
13135
13145
13144
13139
13141
13140
13136
13137
13139
13130
13135
13124
13119
13130
13124
13130
13128
13129
13123
13124
13122
13125
13124
13122
13121
13130
13134
13126
13127
13129
13126
13137
13143
13142
13136
13131
13125
13130
13126
13132
13120
13121
13118
13121
13128
13133
13137
13138
13136
13136
13142
13132
13131
13139
13130
13132
13127
13118
13122
13119
13118
13120
