13129
13132
13133
13130
13135
13137
13140
13141
13134
13131
13132
13130
13134
13131
13131
13138
13141
13140
13134
13136
13134
13135
13130
13135
13134
13134
13139
13135
13142
13134
13130
13136
13131
13132
13141
13133
13136
13138
13132
13131
13134
13138
13135
13139
13136
13126
13127
13128
13130
13130
13131
13134
13141
13143
13140
13137
13123
13126
13128
13134
13137
13134
13142
13138
13138
13138
13130
13124
13125
13125
13126
13131
13124
13123
13142
13139
13142
13144
13142
13135
13132
13133
13136
13132
13132
13130
13130
13134
13131
13132
13128
13127
13139
13133
13135
13144
13144
13136
13134
13129
13121
13123
13124
13129
13125
13135
13137
13138
13137
13138
13141
13147
13141
13130
13144
13135
13133
13137
13142
13141
13147
13147
13142
13136
13139
13136
13139
13137
13127
13132
13128
13135
13137
13135
13129
13124
13130
13130
13130
13128
13126
13127
13131
13136
13133
13128
13128
13127
13130
13135
13131
13137
13138
13137
13144
13135
13131
13135
13137
13137
13138
13131
13127
13131
13138
13128
13129
13134
13136
13136
13132
13134
13143
13131
13127
13122
13120
13125
13121
13122
13123
13119
13126
13137
13130
13135
13139
13141
13150
13150
13142
13149
13153
13142
13153
13141
13148
13153
13144
13144
13141
13139
13144
13151
13146
13143
13146
13144
13135
13129
13121
13122
13131
13124
13126
13126
13123
13124
13129
13133
13131
13124
13131
13135
13131
13133
13135
13131
13133
13128
13133
13139
13131
13126
13137
13139
13136
13142
13133
13131
13131
13131
13137
13136
13135
13128
13129
13131
13126
13125
13133
13132
13147
13137
13131
13133
13136
13130
13126
13124
13123
13126
13128
13133
13131
13134
13139
13144
13149
13145
13143
13140
13136
13130
13140
13133
13136
13140
13136
13142
13138
13132
13136
13134
13131
13135
13130
13131
13134
13132
13130
13134
13143
13136
13141
13134
13131
13132
13137
13135
13137
13133
13134
13134
13126
13127
13123
13126
13137
13133
13126
13131
13120
13112
13121
13115
13116
13122
13116
13121
13126
13124
13133
13140
13139
13139
13137
13146
13149
13156
13151
13147
13150
13139
13140
13135
13134
13133
13131
13122
13126
13127
13129
13133
13129
13124
13125
13123
13128
13137
13136
13146
13140
13140
13144
13133
13134
13134
13131
13128
13124
13129
13125
13128
13134
13133
13142
13139
13141
13143
13145
13143
13140
13133
13125
13132
13126
13126
13128
13128
13125
13132
13131
13131
13132
13132
13138
13137
13137
13138
13128
13143
13137
13141
13146
13131
13133
13134
13137
13139
13140
13141
13146
13151
13153
13148
13143
13149
13150
13143
13133
13132
13130
13132
13130
13135
13131
13134
13133
13132
13130
13126
13123
13132
13119
13127
13132
13126
13134
13132
13137
13138
13142
13138
13145
13140
13135
13135
13136
13133
13135
13133
13136
13138
13140
13132
13141
13138
13136
13135
13137
13139
13142
13137
13139
13142
13140
13141
13143
13140
13133
13133
13127
13128
13132
13140
13151
13142
13151
13139
13141
13144
13136
13135
13140
13126
13126
13132
13126
13125
13134
13130
13131
13133
13135
13133
13138
13144
13140
13139
13139
13136
13135
13133
13126
13131
13124
13134
13128
13123
13121
13121
13121
13097
12746
12123
11694
11313
11105
10982
10958
10976
11032
11098
11199
11278
11392
11484
11586
11674
11771
11845
11926
12003
12082
12147
12220
12277
12342
12386
12429
12471
12517
12547
12589
12621
12658
12677
12712
12738
12770
12794
12813
12838
12842
12864
12875
12887
12905
12915
12920
12937
12947
12969
12981
12990
13003
13014
13016
13027
13033
13038
13038
13042
13052
13060
13058
13069
13072
13083
13080
13082
13091
13087
13097
13095
13087
13083
13081
13088
13095
13096
13092
13101
13098
13106
13115
13109
13111
13107
13114
13124
13121
13118
13123
13114
13111
13115
13116
13117
13121
13129
13127
13124
13130
13128
13124
13122
13120
13115
13119
13118
13124
13118
13114
13126
13130
13133
13131
13132
13137
13139
13141
13145
13134
13139
13137
13137
13136
13129
13125
13126
13115
13125
13128
13130
13126
13123
13123
13123
13125
13125
13126
13129
13131
13132
13128
13134
13127
13132
13129
13121
13128
13115
13125
13125
13120
13126
13123
13129
13134
13134
13134
13143
13137
13141
13142
13080
12957
12891
12848
12827
12808
12809
12823
12824
12831
12851
12869
12884
12897
12907
12919
12930
12940
12947
12959
12980
12993
13000
13005
13011
13029
13037
13047
13055
13052
13042
13049
13062
13067
13071
13082
13091
13084
13088
13095
13095
13097
13105
13110
13120
13110
13107
13110
13110
13104
13111
13108
13108
13110
13112
13109
13115
13117
13119
13121
13120
13118
13117
13113
13115
13120
13114
13117
13125
13131
13130
13130
13135
13137
13139
13143
13147
13140
13138
13139
13127
13128
13129
13132
13142
13140
13135
13145
13129
13121
13131
13124
13126
13125
13129
13132
13130
13130
13123
13127
13129
13130
13131
13131
13130
13134
13126
13119
13124
13129
13127
13125
13126
13125
13127
13134
13143
13139
13139
13146
13148
13151
13151
13146
13145
13139
13136
13132
13126
13126
13127
13131
13128
13135
13134
13129
13123
13122
13118
13122
13125
13130
13139
13142
13132
13130
13128
13125
13124
13121
13119
13120
13130
13125
13128
13128
13139
13137
13135
13136
13132
13136
13127
13127
13121
13125
13117
13130
13128
13127
13125
13122
13124
13128
13125
13130
13130
13135
13133
13134
13138
13131
13128
13121
13123
13121
13128
13125
13138
13131
13130
13125
13132
13133
13136
13136
13135
13125
13133
13138
13139
13133
13143
13139
13144
13144
13140
13144
13141
13138
13143
13142
13140
13143
13139
13143
13140
13140
13136
13133
13139
13133
13136
13138
13134
13138
13137
13138
13137
13133
13138
13131
13134
13136
13134
13130
13134
13125
13129
13127
13127
13129
13130
13128
13136
13141
13139
13142
13137
13133
13137
13129
13129
13127
13128
13132
13132
13133
13127
13123
13129
13129
13132
13128
13116
13116
13112
13114
13121
13124
13129
13129
13134
13136
13135
13135
13138
13133
13136
13131
13125
13128
13141
13142
13149
13145
13147
13143
13138
13133
13134
13138
13140
13143
13142
13137
13135
13135
13135
13134
13133
13125
13122
13124
13123
13128
13122
13125
13131
13135
13139
13129
13131
13134
13134
13134
13143
13136
13138
13143
13135
13139
13133
13136
13137
13128
13124
13131
13127
13119
13126
13126
13127
13130
13129
13129
13126
13128
13124
13131
13137
13140
13142
13137
13139
13147
13134
13134
13146
13140
13138
13132
13132
13131
13135
13139
13147
13145
13148
13149
13141
13139
13136
