13126
13125
13122
13119
13120
13124
13124
13127
13129
13119
13128
13123
13119
13132
13135
13133
13140
13133
13140
13138
13144
13138
13136
13141
13144
13148
13145
13138
13147
13140
13141
13141
13143
13147
13144
13139
13143
13142
13143
13133
13129
13131
13138
13138
13144
13150
13144
13152
13145
13141
13147
13146
13149
13149
13138
13143
13147
13149
13148
13147
13139
13138
13138
13139
13135
13133
13135
13135
13143
13136
13134
13132
13132
13127
13121
13122
13126
13121
13119
13124
13124
13132
13138
13138
13143
13135
13135
13125
13121
13125
13137
13138
13129
13133
13133
13135
13131
13131
13133
13137
13142
13134
13130
13136
13128
13134
13136
13134
13137
13133
13133
13138
13136
13138
13134
13136
13135
13133
13128
13133
13123
13126
13131
13137
13136
13132
13132
13136
13125
13123
13128
13136
13137
13144
13140
13142
13145
13137
13137
13135
13133
13129
13125
13118
13122
13127
13125
13129
13132
13125
13126
13131
13130
13130
13136
13136
13148
13141
13144
13140
13134
13138
13138
13136
13138
13138
13135
13139
13140
13133
13149
13145
13145
13143
13143
13137
13135
13133
13130
13125
13126
13117
13122
13125
13120
13118
13127
13135
13139
13138
13143
13143
13142
13147
13143
13139
13141
13134
13133
13141
13131
13130
13137
13135
13133
13130
13125
13125
13112
13108
13115
13112
13112
13126
13121
13127
13133
13132
13134
13135
13136
13137
13140
13143
13138
13134
13139
13144
13148
13147
13147
13144
13145
13145
13146
13143
13139
13141
13142
13142
13136
13135
13132
13133
13131
13139
13131
13127
13126
13124
13132
13133
13126
13122
13121
13119
13120
13120
13120
13126
13123
13124
13128
13129
13129
13135
13134
13139
13136
13132
13133
13134
13130
13131
13124
13127
13132
13131
13133
13134
13128
13131
13121
13116
13120
13122
13121
13125
13121
13124
13137
13135
13143
13146
13133
13133
13136
13131
13135
13134
13138
13132
13136
13136
13133
13138
13138
13131
13137
13127
13131
13125
13121
13127
13119
13122
13128
13132
13133
13139
13138
13142
13142
13145
13148
13140
13137
13141
13133
13134
13136
13126
13129
13130
13128
13123
13120
13121
13122
13119
13124
13124
13129
13131
13133
13135
13140
13132
13135
13129
13125
13123
13120
13127
13127
13128
13130
13127
13127
13128
13120
13124
13130
13133
13125
13123
13135
13136
13128
13122
13131
13127
13130
13133
13133
13138
13143
13149
13143
13142
13131
13132
13133
13132
13133
13137
13131
13129
13129
13129
13120
13126
13127
13132
13131
13135
13137
13137
13142
13140
13145
13143
13139
13137
13142
13153
13151
13156
13148
13147
13158
13155
13151
13150
13147
13143
13146
13140
13142
13137
13135
13141
13143
13148
13144
13142
13146
13137
13139
13137
13134
13142
13142
13145
13144
13139
13141
13146
13142
13138
13141
13135
13133
13133
13129
13129
13134
13136
13124
13128
13136
13135
13132
13141
13132
13133
13129
13130
13133
13134
13137
13133
13128
13130
13127
13127
13119
13122
13137
13138
13138
13136
13129
13127
13119
13120
13117
13121
13122
13121
13114
13121
13120
13118
13132
13134
13138
13148
13143
13136
13140
13133
13134
13135
13139
13143
13137
13139
13137
13134
13136
13131
13126
13134
13130
13132
12934
11980
11062
10445
10008
9663
9492
9426
9473
9561
9712
9852
10023
10176
10357
10501
10670
10808
10963
11084
11220
11342
11468
11560
11677
11759
11855
11930
12006
12069
12143
12203
12273
12321
12375
12411
12467
12516
12557
12594
12631
12656
12700
12724
12743
12770
12790
12813
12830
12853
12867
12881
12886
12904
12919
12927
12945
12955
12968
12972
12981
12998
13003
13004
13012
13021
13030
13042
13040
13049
13053
13058
13062
13064
13067
13066
13072
13077
13074
13080
13084
13092
13099
13095
13100
13108
13111
13114
13108
13099
13106
13109
13107
13112
13108
13109
13113
13110
13118
13118
13122
13126
13129
13126
13129
13126
13123
13129
13131
13128
13136
13133
13133
13130
13133
13128
13132
13126
13133
13126
13130
13131
13133
13124
13122
13125
13129
13130
13134
13129
13138
13139
13136
13127
13121
13124
13127
13129
13132
13128
13125
13131
13125
13122
13126
13120
13125
13121
13120
13120
13125
13130
13132
13137
13148
13137
13149
13148
13150
13140
13136
13134
13140
13134
13130
13134
13135
13136
13134
13131
13128
13128
13135
13129
13119
13126
13124
13126
13133
13134
13130
13136
13134
13134
13152
13147
13135
13137
13135
13130
13132
13133
13127
13126
13129
13123
13131
13134
13134
13143
13145
13146
13146
13139
13130
13129
13123
13118
13115
13113
13114
13124
13127
13133
13129
13129
13137
13138
13148
13145
13134
13132
13126
13123
13134
13131
13133
13138
13136
13136
13134
13129
13133
13122
13126
13125
13127
13133
13129
13134
13137
13138
13144
13138
13140
13142
13138
13138
13128
13134
13129
13132
13125
13127
13123
13137
13137
13134
13140
13136
13145
13154
13150
13143
13149
13139
13135
13137
13143
13138
13129
13124
13125
13122
13116
13115
13121
13128
13128
13122
13129
13125
13126
13123
13121
13125
13123
13125
13127
13136
13135
13132
13139
13143
13138
13137
13135
13128
13133
13136
13126
13137
13134
13130
13138
13134
13130
13132
13133
13129
13128
13127
13126
13130
13132
13132
13134
13132
13136
13136
13129
13126
13138
13131
13130
13137
13135
13135
13126
13127
13126
13129
13128
13134
13136
13135
13140
13138
13134
13126
13129
13129
13126
13120
13126
13117
13119
13123
13128
13134
13134
13137
13138
13139
13138
13140
13137
13137
13133
13124
13122
13118
13123
13122
13129
13130
13129
13133
13132
13129
13122
13129
13125
13134
13126
13132
13136
13131
13139
13135
13149
13144
13147
13138
13145
13140
13133
13135
13137
13142
13142
13143
13142
13144
13139
13139
13144
13140
13140
13132
13135
13134
13143
13126
13127
13125
13127
13131
13134
13132
13134
13139
13144
13150
13143
13147
13150
13148
13150
13149
13146
13143
13140
13135
13134
13128
13124
13126
13126
13123
13129
13129
13133
13135
13135
13129
13138
13136
13137
13140
13139
13137
13141
13126
13131
13132
13133
13132
13140
13134
13137
13133
13130
13140
13143
13147
13143
13136
13135
13136
13136
13136
13132
13129
13137
13133
13124
13127
13126
13131
13139
13132
13139
13140
13145
13140
13136
13134
13133
13139
13133
13138
13144
13143
13147
13144
13147
13146
13142
13141
13146
13140
13135
13133
13132
13132
13131
13132
13124
13127
13129
13135
13132
13126
13136
13134
13138
13137
13139
13137
13135
13137
13138
13127
13133
13128
13135
13140
13137
13134
13135
13128
13128
13131
