13131
13123
13128
13132
13130
13134
13135
13137
13131
13126
13138
13138
13133
13132
13134
13131
13130
13137
13130
13128
13130
13140
13141
13143
13142
13140
13142
13139
13142
13130
13134
13139
13142
13144
13146
13141
13142
13142
13138
13139
13136
13137
13137
13135
13136
13135
13136
13139
13132
13124
13133
13130
13134
13145
13138
13140
13138
13136
13138
13136
13131
13126
13124
13130
13126
13124
13126
13133
13138
13133
13137
13138
13134
13132
13131
13131
13135
13136
13136
13138
13132
13138
13133
13136
13141
13138
13142
13146
13139
13133
13135
13132
13127
13133
13130
13132
13141
13145
13143
13140
13139
13133
13134
13146
13145
13147
13151
13145
13151
13145
13134
13134
13131
13131
13126
13132
13133
13135
13138
13140
13136
13143
13142
13141
13137
13137
13138
13142
13141
13134
13145
13132
13124
13125
13124
13125
13123
13126
13120
13125
13130
13124
13122
13129
13130
13138
13142
13140
13149
13137
13137
13139
13142
13135
13134
13132
13138
13133
13133
13142
13135
13141
13142
13143
13142
13136
13130
13135
13130
13127
13133
13133
13128
13131
13128
13135
13135
13139
13150
13158
13155
13155
13146
13148
13150
13142
13139
13136
13144
13132
13127
13128
13127
13127
13131
13127
13126
13127
13129
13132
13129
13132
13131
13135
13132
13132
13124
13129
13129
13132
13132
13125
13126
13134
13140
13138
13134
13134
13131
13132
13133
13133
13131
13138
13132
13127
13124
13122
13132
13127
13127
13132
13130
13128
13124
13123
13125
13126
13126
13129
13126
13132
13138
13141
13144
13148
13142
13149
13147
13142
13147
13136
13134
13138
13141
13137
13134
13135
13136
13139
13134
13131
13133
13135
13134
13137
13132
13135
13140
13126
13131
13128
13125
13123
13131
13124
13122
13121
13117
13123
13119
13122
13129
13131
13129
13137
13129
13133
13123
13119
13128
13122
13128
13138
13134
13138
13139
13141
13137
13140
13140
13132
13132
13132
13134
13137
13139
13147
13149
13143
13142
13148
13143
13146
13136
13137
13144
13140
13138
13149
13141
13141
13142
13138
13139
13136
13135
13134
13130
13126
13129
13121
13123
13122
13124
13134
13129
13136
13140
13140
13145
13135
13135
13142
13142
13138
13132
13122
13132
13126
13129
13133
13132
13138
13144
13145
13148
13139
13139
13139
13132
13143
13147
13142
13143
13137
13136
13141
13137
13136
13145
13138
13141
13141
13140
13136
13141
13139
13135
13137
13135
13132
13131
13138
13134
13137
13131
13133
13132
13129
13122
13122
13122
13125
13126
13131
13127
13133
13129
13136
13138
13131
13133
13126
13123
13127
13117
13126
13125
13123
13131
13125
13118
13126
13130
13129
13131
13122
13125
13130
13131
13126
13126
13132
13135
13140
13136
13132
13139
13140
13138
13142
13140
13136
13133
13132
13139
13138
13145
13151
13149
13152
13159
13154
13153
13146
13145
13150
13140
13145
13145
13136
13134
13133
13125
13122
13123
13124
13125
13127
13130
13119
13121
13134
13136
13137
13134
13129
13134
13124
13126
13126
13128
13128
13130
13132
13134
13132
13138
13138
13133
13138
13135
13136
13137
13138
13135
13137
13126
13124
13136
13138
13136
13140
13135
13134
13135
13126
13126
13130
13131
13126
13127
13131
13136
13136
13139
13121
12608
11841
11265
10818
10515
10357
10320
10335
10419
10500
10626
10740
10869
10994
11124
11241
11366
11464
11577
11674
11775
11858
11948
12021
12094
12160
12223
12273
12338
12393
12440
12479
12514
12548
12598
12638
12673
12701
12725
12744
12775
12791
12809
12823
12837
12853
12869
12891
12905
12921
12940
12957
12974
12983
12997
13002
13008
13015
13020
13023
13024
13023
13032
13035
13041
13058
13066
13074
13076
13076
13078
13089
13085
13087
13096
13102
13109
13113
13114
13108
13107
13106
13102
13100
13097
13104
13108
13112
13107
13105
13110
13112
13107
13113
13109
13114
13115
13128
13125
13131
13123
13128
13133
13134
13131
13138
13140
13146
13142
13137
13140
13137
13142
13142
13142
13147
13132
13134
13129
13135
13142
13144
13144
13141
13139
13142
13137
13134
13130
13128
13129
13130
13123
13124
13115
13123
13125
13121
13118
13129
13129
13125
13131
13124
13118
13127
13125
13126
13130
13133
13135
13132
13141
13141
13149
13149
13142
13145
13143
13146
13146
13140
13137
13141
13134
13134
13133
13135
13132
13131
13136
13132
13125
13130
13131
13137
13146
13141
13140
13146
13135
13138
13141
13135
13133
13137
13131
13130
13130
13131
13135
13137
13140
13129
13126
13129
13136
13137
13137
13138
13145
13144
13131
13133
13136
13140
13143
13136
13136
13134
13130
13135
13121
13127
13126
13124
13126
13129
13128
13132
13131
13128
13139
13137
13135
13137
13133
13138
13140
13138
13141
13136
13133
13125
13123
13135
13138
13137
13136
13142
13148
13138
13133
13138
13137
13134
13133
13136
13130
13132
13133
13136
13135
13135
13134
13134
13133
13142
13142
13147
13143
13144
13149
13144
13140
13143
13134
13140
13137
13143
13141
13132
13142
13147
13137
13139
13142
13131
13131
13143
13152
13144
13137
13129
13131
13136
13142
13139
13138
13137
13142
13144
13132
13132
13132
13129
13135
13137
13130
13134
13132
13135
13142
13137
13131
13139
13138
13140
13139
13136
13131
13131
13133
13135
13135
13136
13137
13141
13143
13141
13154
13147
13147
13150
13150
13156
13146
13142
13142
13137
13134
13132
13126
13122
13122
13127
13131
13132
13128
13130
13132
13126
13133
13131
13130
13134
13139
13142
13144
13141
13143
13137
13135
13134
13127
13132
13133
13129
13128
13131
13130
13129
13122
13127
13123
13129
13132
13135
13140
13145
13141
13146
13139
13135
13133
13138
13141
13137
13129
13137
13136
13135
13141
13136
13129
13135
13130
13131
13132
13127
13131
13136
13144
13147
13148
13150
13144
13144
13139
13139
13137
13128
13125
13137
13134
13142
13136
13134
13134
13128
13124
13123
13123
13132
13134
13135
13126
13128
13127
13131
13127
13121
13122
13118
13113
13120
13120
13133
13127
13135
13139
13138
13139
13136
13133
13133
13133
13125
13123
13124
13128
13124
13128
13131
13135
13133
13136
13134
13140
13145
13137
13140
13138
13148
13151
13145
13142
13140
13138
13139
13133
13133
13137
13136
13134
13138
13133
13127
13134
13126
13124
13119
13116
13112
13115
13123
13122
13122
13123
13129
13134
13125
13129
13135
13135
13141
13136
13137
13142
13133
13142
13136
13134
13137
13140
13138
13141
13145
13146
13142
13139
13135
13138
13137
13130
13133
13134
13139
13140
13137
13137
13129
13134
13133
13137
13140
13136
13132
13140
13140
13149
13140
