13131
13136
13146
13143
13150
13151
13150
13150
13139
13146
13138
13134
13125
13122
13119
13131
13129
13123
13137
13138
13135
13144
13142
13140
13139
13140
13142
13140
13134
13131
13130
13134
13136
13130
13131
13129
13133
13125
13119
13130
13127
13129
13132
13128
13127
13123
13122
13131
13130
13135
13136
13132
13135
13138
13136
13143
13137
13127
13128
13122
13116
13115
13118
13123
13126
13128
13131
13127
13130
13131
13123
13135
13143
13137
13136
13138
13137
13135
13126
13131
13129
13135
13139
13135
13139
13139
13143
13147
13141
13142
13136
13134
13137
13132
13134
13136
13126
13120
13122
13122
13117
13125
13116
13114
13113
13114
13123
13131
13136
13135
13147
13156
13147
13153
13146
13145
13150
13133
13131
13138
13140
13143
13144
13135
13137
13137
13129
13132
13126
13134
13137
13129
13134
13122
13120
13132
13127
13127
13132
13132
13128
13131
13123
13124
13130
13131
13131
13132
13134
13132
13135
13134
13136
13133
13128
13133
13138
13133
13134
13132
13123
13127
13129
13125
13126
13125
13122
13128
13122
13124
13126
13129
13133
13136
13141
13137
13126
13124
13125
13116
13107
13111
13102
13106
13107
13107
13119
13128
13140
13141
13139
13139
13132
13127
13125
13129
13132
13131
13120
13124
13120
13122
13127
13128
13135
13133
13134
13132
13129
13124
13137
13136
13142
13139
13138
13137
13126
13126
13138
13132
13126
13134
13128
13125
13131
13130
13129
13127
13131
13131
13134
13142
13140
13143
13149
13144
13148
13142
13141
13140
13140
13137
13144
13131
13127
13125
13129
13125
13130
13129
13136
13126
13134
13130
13134
13140
13136
13139
13151
13142
13138
13134
13130
13128
13124
13124
13129
13125
13127
13132
13139
13144
13151
13156
13161
13158
13160
13148
13141
13135
13129
13119
13117
13121
13119
13120
13126
13132
13126
13129
13142
13134
13131
13129
13134
13137
13137
13131
13144
13132
13133
13137
13131
13127
13131
13130
13130
13120
13127
13127
13128
13128
13127
13133
13131
13136
13142
13133
13132
13133
13136
13138
13134
13133
13127
13126
13126
13133
13125
13130
13134
13136
13137
13139
13141
13143
13133
13129
13136
13121
13125
13127
13125
13132
13141
13137
13130
13125
13129
13124
13130
13130
13124
13123
13123
13132
13142
13133
13128
13138
13143
13139
13137
13135
13141
13153
13152
13153
13149
13142
13148
13147
13150
13147
13150
13148
13146
13133
13135
13118
13117
13120
13116
13119
13122
13122
13128
13124
13128
13124
13121
13127
13121
13124
13132
13128
13133
13123
13122
13127
13125
13130
13126
13124
13129
13134
13128
13135
13128
13129
13128
13134
13134
13139
13142
13139
13133
13127
13134
13133
13132
13138
13134
13135
13130
13139
13143
13142
13142
13137
13134
13127
13124
13121
13120
13128
13141
13137
13134
13137
13130
13138
13137
13137
13130
13137
13139
13137
13128
13142
13145
13147
13150
13151
13151
13146
13140
13139
13143
13145
13142
13144
13132
13137
13142
13140
13134
13138
13138
13125
13124
13124
13120
13124
13128
13130
13134
13131
13120
13130
13134
13137
13134
13131
13132
13133
13136
13137
13128
13128
13140
13132
13138
13136
13137
13139
13135
13129
13136
13128
13134
13139
13134
13134
13139
13138
13143
13141
12980
12402
11687
11005
10510
10185
10047
9970
9858
9823
9898
9979
10106
10230
10387
10532
10690
10827
10972
11093
11226
11352
11481
11570
11674
11760
11850
11922
12002
12066
12140
12196
12258
12320
12372
12416
12468
12503
12548
12583
12619
12643
12677
12710
12736
12764
12789
12805
12837
12852
12866
12885
12894
12905
12915
12930
12945
12956
12968
12974
12980
12991
13000
13007
13018
13021
13031
13041
13041
13049
13062
13066
13071
13083
13087
13090
13092
13091
13093
13100
13102
13107
13105
13116
13111
13108
13100
13100
13109
13107
13111
13121
13118
13122
13124
13131
13138
13135
13124
13127
13122
13124
13117
13117
13115
13114
13117
13124
13117
13117
13128
13123
13122
13127
13124
13127
13127
13140
13137
13137
13143
13140
13150
13148
13147
13148
13138
13131
13131
13135
13137
13137
13136
13141
13138
13145
13145
13139
13139
13142
13137
13138
13132
13131
13141
13143
13143
13139
13129
13127
13129
13123
13132
13141
13139
13141
13143
13137
13135
13134
13133
13133
13128
13133
13137
13142
13141
13137
13148
13138
13129
13133
13130
13121
13124
13113
13108
13111
13118
13121
13126
13137
13143
13130
13129
13131
13130
13142
13135
13134
13146
13141
13143
13141
13135
13132
13140
13133
13137
13135
13137
13136
13141
13142
13148
13142
13142
13140
13148
13135
13130
13130
13126
13130
13133
13138
13140
13133
13129
13133
13118
13116
13116
13120
13124
13127
13122
13122
13118
13115
13126
13122
13121
13129
13132
13125
13129
13124
13127
13131
13131
13131
13132
13140
13141
13140
13145
13138
13146
13133
13135
13137
13133
13131
13131
13134
13130
13124
13129
13132
13132
13121
13118
13118
13113
13118
13118
13125
13125
13122
13127
13125
13126
13131
13121
13120
13124
13129
13133
13134
13129
13132
13136
13142
13138
13138
13135
13134
13151
13145
13145
13138
13136
13137
13134
13129
13124
13119
13123
13128
13123
13128
13119
13113
13123
13126
13134
13134
13136
13131
13148
13150
13143
13140
13133
13138
13144
13142
13150
13142
13138
13137
13145
13144
13141
13137
13136
13130
13142
13132
13130
13131
13131
13132
13125
13131
13133
13139
13125
13137
13133
13122
13127
13126
13130
13138
13132
13135
13132
13129
13135
13132
13132
13125
13126
13124
13122
13118
13120
13122
13128
13124
13128
13131
13127
13126
13126
13126
13130
13128
13123
13129
13128
13129
13130
13134
13131
13126
13131
13133
13130
13141
13138
13141
13141
13139
13141
13144
13147
13139
13144
13135
13126
13123
13124
13126
13136
13129
13142
13136
13135
13138
13131
13138
13134
13136
13133
13129
13133
13131
13130
13135
13135
13137
13135
13132
13127
13129
13124
13122
13122
13126
13134
13134
13129
13128
13123
13126
13119
13117
13122
13119
13123
13127
13131
13131
13137
13134
13131
13124
13130
13126
13128
13126
13125
13128
13125
13123
13124
13125
13125
13138
13143
13149
13146
13139
13134
13135
13129
13127
13119
13127
13126
13122
13121
13118
13115
13127
13132
13134
13140
13129
13133
13133
13138
13147
13147
13150
13157
13149
13157
13146
13148
13155
13147
13145
13141
13137
13145
13142
13144
13145
13144
13139
13143
13141
13141
13146
13145
13145
13142
13143
13145
13145
13147
13146
13145
13149
13143
13138
13145
13137
13134
13142
13141
13139
13144
13140
13140
13142
13138
13134
