13137
13133
13129
13132
13134
13134
13137
13145
13144
13132
13140
13135
13137
13127
13127
13132
13138
13144
13141
13142
13140
13142
13143
13142
13148
13144
13140
13140
13148
13134
13136
13133
13128
13136
13137
13138
13138
13137
13136
13133
13128
13127
13125
13124
13129
13132
13129
13134
13143
13126
13134
13127
13122
13126
13132
13129
13133
13134
13131
13135
13140
13134
13130
13128
13131
13132
13133
13131
13139
13135
13136
13134
13136
13128
13130
13132
13141
13136
13141
13146
13144
13156
13151
13144
13145
13141
13145
13143
13140
13138
13154
13154
13150
13143
13140
13139
13136
13130
13126
13127
13137
13134
13129
13138
13131
13131
13136
13132
13142
13139
13133
13137
13129
13142
13142
13137
13135
13139
13139
13136
13133
13137
13142
13137
13132
13131
13120
13121
13118
13124
13065
12949
12880
12843
12816
12814
12815
12824
12828
12844
12858
12867
12883
12903
12914
12927
12944
12956
12972
12974
12982
12989
12996
13005
13011
13012
13028
13038
13044
13063
13054
13062
13065
13064
13062
13072
13073
13080
13085
13091
13098
13090
13090
13102
13101
13105
13107
13111
13110
13120
13123
13121
13127
13132
13135
13135
13131
13119
13129
13132
13133
13134
13127
13132
13133
13134
13130
13125
13128
13135
13130
13132
13133
13130
13133
13130
13126
13124
13122
13117
13123
13120
13115
13124
13128
13128
13127
13128
13125
13120
13129
13131
13131
13126
13129
13134
13125
13130
13131
13124
13131
13131
13125
13130
13135
13141
13147
13146
13146
13142
13133
13135
13127
13129
13128
13139
13128
13140
13139
13140
13150
13144
13137
13141
13134
13136
13133
13136
13139
13138
13145
13140
13143
13145
13141
13135
13135
13136
13142
13143
13150
13142
13135
13125
13120
13123
13127
13125
13131
13137
13131
13132
13132
13130
13132
13130
13127
13131
13130
13126
13133
13131
13135
13137
13141
13142
13134
13132
13127
13138
13142
13138
13141
13142
13142
13141
13133
13122
13145
13141
13139
13140
13138
13137
13138
13135
13136
13133
13131
13140
13133
13139
13146
13146
13148
13152
13141
13142
13144
13141
13142
13137
13143
13136
13135
13124
13127
13124
13122
13124
13119
13114
13123
13126
13122
13125
13125
13118
13127
13133
13132
13129
13137
13139
13141
13143
13139
13147
13144
13144
13143
13143
13145
13138
13134
13139
13135
13138
13143
13132
13140
13136
13128
13126
13124
13125
13121
13119
13117
13115
13117
13117
13119
13122
13123
13132
13132
13133
13137
13127
13125
13134
13133
13135
13132
13136
13136
13139
13135
13134
13126
13132
13133
13133
13136
13134
13137
13142
13141
13144
13153
13147
13142
13139
13138
13132
13133
13128
13129
13125
13135
13128
13131
13138
13141
13145
13140
13140
13136
13139
13137
13144
13143
13139
13130
13130
13134
13136
13129
13134
13130
13137
13129
13119
13121
13132
13129
13131
13126
13122
13128
13132
13134
13139
13139
13138
13140
13140
13138
13131
13130
13124
13128
13129
13132
13134
13129
13122
13129
13120
13121
13126
13127
13131
13134
13132
13132
13130
13126
13133
13133
13138
13144
13140
13145
13145
13142
13140
13144
13138
13148
13142
13134
13130
13122
13122
13121
13127
13131
13135
13130
13129
13127
13132
13120
13127
13123
13126
12827
12104
11532
11193
11009
10917
10911
10939
11014
11091
11186
11280
11386
11477
11581
11662
11760
11842
11925
12005
12077
12142
12221
12270
12331
12385
12439
12470
12511
12553
12589
12620
12654
12674
12713
12746
12776
12805
12818
12841
12861
12870
12885
12902
12904
12921
12935
12946
12959
12973
12983
12991
13001
13022
13023
13026
13028
13035
13041
13041
13045
13046
13055
13056
13047
13064
13073
13077
13092
13092
13094
13095
13097
13104
13107
13108
13116
13116
13109
13107
13116
13112
13105
13102
13102
13102
13105
13104
13104
13104
13105
13110
13106
13119
13121
13118
13122
13128
13133
13137
13137
13126
13141
13134
13145
13144
13141
13140
13141
13139
13144
13135
13135
13138
13142
13144
13140
13139
13141
13137
13133
13127
13124
13128
13130
13134
13128
13132
13137
13136
13144
13144
13137
13146
13146
13143
13139
13138
13134
13137
13132
13123
13126
13127
13128
13134
13135
13133
13139
13134
13132
13130
13128
13123
13129
13132
13133
13135
13126
13130
13136
13137
13146
13138
13139
13140
13143
13138
13137
13132
13020
12915
12859
12820
12788
12655
12582
12543
12534
12539
12547
12559
12588
12613
12641
12667
12692
12718
12750
12776
12799
12818
12839
12850
12865
12890
12907
12921
12931
12948
12966
12976
12985
12997
13007
13011
13019
13036
13033
13043
13044
13047
13054
13060
13069
13073
13078
13077
13082
13079
13081
13082
13091
13087
13088
13099
13101
13098
13099
13100
13106
13107
13112
13118
13121
13125
13119
13122
13119
13122
13129
13121
13127
13131
13134
13137
13142
13137
13151
13150
13150
13147
13138
13138
13134
13134
13136
13134
13140
13135
13135
13132
13136
13134
13136
13137
13137
13137
13144
13142
13138
13139
13134
13134
13129
13129
13129
13126
13119
13116
13122
13124
13128
13132
13139
13138
13142
13136
13130
13129
13128
13135
13133
13134
13142
13144
13151
13149
13140
13147
13145
13134
13136
13128
13133
13140
13141
13142
13144
13142
13142
13143
13143
13138
13138
13138
13136
13135
13136
13138
13142
13132
13134
13134
13133
13133
13130
13132
13125
13128
13130
13128
13120
13125
13128
13138
13137
13134
13131
13138
13134
13134
13137
13129
13128
13129
13123
13129
13128
13134
13137
13143
13141
13140
13142
13143
13145
13133
13133
13129
13135
13132
13132
13138
13132
13135
13135
13129
13137
13134
13137
13136
13129
13124
13125
13130
13134
13134
13133
13137
13133
13126
13129
13132
13139
13142
13140
13138
13146
13145
13142
13138
13145
13140
13144
13148
13140
13146
13145
13149
13147
13145
13146
13152
13151
13149
13139
13144
13143
13144
13141
13138
13134
13141
13136
13137
13137
13139
13134
13137
13136
13139
13142
13133
13132
13133
13132
13132
13133
13133
13131
13125
13128
13122
13124
13132
13131
13128
13137
13134
13148
13138
13140
13152
13149
13134
13132
13132
13134
13137
13142
13143
13134
13140
13137
13135
13136
13131
13136
13141
13137
13136
13142
13136
13134
13131
13121
13127
13127
13131
13131
13132
13134
13137
13142
13143
13142
13145
13145
13142
13153
13140
13137
13145
13138
13137
13134
13139
13146
13144
13141
13147
13137
13138
13143
13141
13139
13134
13133
13139
13136
13129
13133
13133
13135
13139
13135
13133
13126
13131
13132
13136
13139
13138
13141
13145
13139
13143
13130
13136
13143
13139
