13131
13135
13134
13133
13137
13130
13129
13132
13130
13136
13143
13132
13134
13129
13130
13130
13131
13131
13144
13142
13137
13142
13132
13134
13142
13138
13135
13128
13128
13124
13130
13135
13129
13135
13131
13124
13132
13122
13123
13119
13121
13125
13122
13119
13119
13122
13121
13124
13126
13130
13130
13132
13137
13131
13138
13144
13140
13142
13140
13134
13135
13133
13126
13128
13133
13131
13139
13139
13139
13139
13140
13142
13139
13136
13125
13131
13135
13123
13130
13131
13127
13126
13124
13124
13129
13132
13133
13131
13125
13125
13125
13135
13131
13128
13131
13128
13128
13129
13136
13132
13132
13144
13140
13146
13154
13151
13146
13148
13144
13136
13137
13140
13145
13139
13135
13134
13141
13138
13143
13145
13137
13133
13134
13139
13135
13134
13139
13137
13128
13130
13131
13122
13125
13122
13125
13132
13130
13126
13125
13124
13122
13125
13127
13128
13126
13133
13138
13144
13145
13136
13129
13133
13127
13126
13129
13120
13125
13122
13125
13132
13136
13139
13142
13139
13137
13146
13134
13137
13134
13145
13143
13139
13134
13135
13131
13138
13134
13127
13135
13127
13124
13133
13136
13133
13139
13140
13136
13137
13134
13125
13124
13132
13135
13134
13131
13133
13138
13134
13134
13129
13134
13138
13140
13134
13140
13138
13138
13135
13133
13135
13133
13124
13129
13128
13120
13126
13121
13123
13124
13124
13123
13130
13134
13131
13129
13134
13134
13127
13129
13124
13123
13130
13125
13125
13118
13123
13129
13129
13132
13132
13126
13132
13128
13129
13134
13136
13142
13149
13142
13140
13143
13140
13144
13146
13143
13142
13136
13123
13127
13125
13123
13134
13141
13136
13141
13142
13140
13144
13138
13136
13138
13142
13141
13138
13131
13124
13128
13126
13133
13138
13143
13146
13143
13142
13145
13149
13149
13148
13151
13157
13154
13149
13148
13147
13140
13144
13137
13137
13141
13141
13136
13139
13139
13139
13145
13141
13138
13140
13138
13135
13132
13141
13137
13137
13134
13131
13133
13129
13127
13128
13133
13131
13128
13129
13134
13129
13135
13140
13134
13139
13133
13127
13122
13127
13127
13131
13126
13127
13133
13130
13126
13128
13124
13132
13134
13132
13134
13131
13127
13131
13135
13136
13132
13137
13137
13138
13140
13140
13142
13146
13147
13149
13145
13143
13147
13139
13142
13139
13133
13134
13133
13129
13134
13139
13134
13133
13129
13127
13127
13121
13120
13125
13130
13127
13128
13131
13129
13138
13136
13119
13126
13125
13133
13132
13127
13118
13129
13130
13133
13128
13128
13134
13130
13131
13133
13127
13126
13132
13132
13135
13131
13137
13138
13139
13143
13142
13135
13127
13133
13135
13135
13142
13134
13134
13132
13134
13131
13132
13131
13121
13134
13135
13135
13135
13135
13140
13139
13140
13142
13139
13147
13148
13142
13147
13142
13137
13139
13144
13144
13147
13148
13139
13140
13148
13145
13147
13145
13143
13150
13142
13135
13138
13137
13131
13127
13122
13129
13125
13128
13127
13121
13131
13125
13117
13126
13125
13125
13120
13118
13116
13123
13126
13123
13126
13122
13126
13134
13138
13130
13140
13143
13141
13148
13143
13139
13138
13129
13131
13136
13126
13122
13132
13129
13135
12922
12425
11994
11574
11217
11008
10920
10894
10931
10992
11088
11174
11285
11382
11487
11575
11612
11577
11599
11632
11699
11759
11838
11906
11978
12036
12102
12152
12223
12273
12333
12388
12436
12472
12526
12554
12592
12626
12658
12680
12707
12721
12749
12768
12796
12813
12837
12857
12874
12897
12923
12933
12947
12955
12971
12984
12991
12994
13005
13017
13015
13023
13030
13040
13040
13051
13063
13064
13075
13076
13082
13087
13089
13086
13097
13096
13099
13100
13096
13104
13105
13112
13110
13100
13104
13102
13102
13110
13111
13111
13110
13112
13124
13128
13134
13138
13137
13139
13143
13134
13133
13135
13133
13134
13131
13131
13135
13131
13132
13132
13126
13126
13122
13110
13113
13105
13109
13117
13116
13123
13131
13127
13134
13136
13138
13137
13130
13132
13126
13129
13125
13132
13134
13122
13125
13123
13117
13118
13120
13121
13125
13128
13134
13135
13129
13139
13140
13136
13133
13126
13127
13123
13121
13114
13126
13122
13121
13132
13121
13126
13126
13132
13131
13127
13126
13126
13121
13124
13122
13121
13122
13127
13134
13126
13121
13128
13126
13132
13134
13145
13137
13135
13136
13136
13131
13134
13133
13131
13130
13133
13135
13141
13141
13138
13146
13140
13138
13138
13134
13130
13132
13131
13130
13137
13142
13139
13139
13137
13135
13135
13135
13125
13130
13127
13124
13130
13133
13133
13129
13137
13132
13136
13136
13135
13137
13133
13138
13139
13141
13133
13128
13128
13127
13126
13134
13129
13124
13131
13131
13135
13134
13125
13121
13120
13128
13125
13122
13121
13118
13126
13120
13116
13124
13122
13126
13132
13126
13124
13121
13125
13124
13135
13131
13135
13136
13143
13143
13140
13138
13144
13144
13146
13148
13140
13144
13137
13134
13138
13137
13141
13142
13140
13147
13140
13137
13137
13136
13137
13141
13139
13145
13154
13153
13151
13148
13144
13141
13140
13134
13130
13127
13134
13133
13131
13122
13129
13141
13136
13141
13138
13134
13142
13145
13140
13138
13138
13136
13134
13138
13130
13132
13127
13122
13119
13125
13124
13122
13132
13134
13139
13139
13137
13147
13133
13136
13142
13139
13136
13138
13136
13137
13142
13137
13137
13129
13135
13138
13142
13143
13136
13135
13140
13139
13130
13137
13132
13134
13141
13131
13137
13145
13140
13145
13147
13150
13150
13148
13144
13137
13137
13134
13134
13140
13133
13139
13138
13137
13135
13132
13124
13129
13131
13131
13127
13126
13130
13127
13128
13135
13134
13137
13142
13144
13147
13154
13141
13139
13139
13130
13140
13145
13146
13140
13145
13142
13139
13141
13135
13135
13131
13133
13139
13143
13137
13139
13143
13144
13147
13141
13140
13142
13139
13130
13127
13126
13129
13131
13125
13130
13125
13126
13141
13137
13132
13141
13143
13142
13136
13140
13131
13131
13125
13118
13122
13126
13124
13131
13126
13125
13126
13132
13130
13134
13127
13133
13134
13130
13128
13127
13135
13137
13139
13132
13136
13134
13132
13142
13140
13137
13135
13133
13134
13126
13121
13130
13131
13135
13135
13139
13137
13138
13138
13140
13146
13147
13138
13136
13134
13130
13127
13129
13122
13127
13137
13132
13136
13139
13145
13150
13147
13139
13135
13139
13139
13134
13143
13146
13140
13137
13141
13149
13149
13148
13136
13141
13131
13130
13133
13134
13126
13131
13138
13134
13134
13137
13130
