13118
13126
13130
13130
13142
13147
13152
13147
13144
13140
13150
13140
13129
13130
13126
13128
13129
13127
13134
13137
13142
13135
13132
13132
13132
13140
13137
13131
13139
13137
13138
13140
13139
13138
13129
13129
13133
13138
13139
13139
13132
13140
13142
13140
13139
13132
13124
13130
13134
13130
13128
13124
13120
13130
13120
13124
13129
13135
13136
13135
13134
13133
13129
13129
13136
13136
13137
13137
13145
13142
13141
13143
13139
13146
13143
13145
13142
13137
13144
13139
13135
13134
13133
13136
13132
13137
13139
13146
13146
13141
13149
13141
13133
13132
13126
13133
13136
13140
13143
13142
13140
13132
13140
13143
13144
13140
13135
13136
13143
13137
13129
13126
13126
13132
13124
13128
13129
13128
13127
13131
13131
13132
13137
13141
13139
13139
13144
13153
13146
13140
13143
13139
13135
13139
13136
13133
13131
13132
13130
13132
13133
13133
13135
13144
13144
13144
13142
13138
13137
13134
13137
13135
13142
13138
13136
13134
13126
13125
13125
13128
13126
13130
13133
13139
13149
13151
13148
13145
13133
13134
13143
13139
13143
13149
13150
13149
13150
13147
13149
13142
13141
13129
13129
13136
13135
13133
13132
13129
13136
13126
13127
13125
13131
13136
13138
13139
13139
13139
13135
13133
13131
13131
13134
13131
13142
13138
13137
13140
13138
13130
13139
13134
13139
13138
13132
13129
13126
13126
13125
13127
13132
13126
13132
13133
13138
13132
13126
13126
13131
13117
13121
13130
13126
13134
13134
13134
13130
13124
13126
13131
13131
13137
13142
13136
13141
13136
13134
13140
13138
13133
13140
13132
13125
13129
13126
13131
13128
13127
13129
13135
13138
13131
13129
13134
13129
13127
13125
13129
13134
13126
13128
13135
13128
13132
13126
13123
13122
13121
13130
13134
13130
13133
13132
13126
13131
13136
13136
13139
13137
13134
13139
13124
13125
13136
13129
13130
13132
13131
13132
13131
13129
13120
13120
13131
13126
13126
13126
13133
13140
13138
13137
13136
13137
13138
13142
13141
13142
13147
13141
13148
13139
13141
13148
13146
13153
13157
13149
13156
13147
13132
13133
13128
13124
13133
13131
13131
13140
13144
13142
13140
13135
13132
13138
13140
13145
13137
13143
13142
13151
13140
13136
13138
13139
13141
13139
13143
13138
13133
13133
13134
13132
13137
13137
13138
13145
13143
13138
13138
13129
13133
13137
13138
13142
13147
13142
13147
13152
13151
13149
13139
13134
13135
13137
13133
13132
13131
13134
13139
13142
13131
13134
13137
13137
13135
13132
13130
13134
13134
13130
13139
13134
13140
13148
13147
13147
13143
13139
13141
13134
13125
13135
13134
13130
13133
13130
13138
13138
13136
13139
13138
13136
13132
13130
13134
13132
13133
13131
13135
13134
13134
13136
13137
13135
13141
13132
13136
13132
13135
13142
13147
13144
13150
13150
13152
13151
13140
13135
13138
13139
13138
13142
13141
13137
13145
13139
13139
13141
13138
13137
13140
13144
13135
13135
13138
13141
13145
13148
13138
13147
13140
13142
13138
13130
13137
13134
13136
13133
13136
13130
13135
13130
13138
13136
13135
13142
13142
13139
13145
13138
13134
13140
13132
13127
13127
13128
13134
13135
13130
13135
13140
13143
13138
13139
13139
13135
13137
13138
13132
13123
12816
12086
11226
10596
10227
10051
9971
10001
10063
10176
10241
10338
10403
10521
10624
10759
10874
11009
11129
11253
11366
11491
11580
11682
11762
11850
11930
12012
12084
12156
12216
12273
12315
12370
12417
12466
12511
12553
12578
12622
12645
12678
12705
12734
12760
12782
12806
12828
12844
12865
12883
12891
12905
12921
12918
12941
12948
12960
12974
12981
12988
13006
13005
13007
13019
13027
13043
13044
13045
13053
13066
13076
13074
13076
13084
13085
13089
13081
13081
13090
13085
13083
13092
13090
13096
13097
13102
13103
13106
13109
13115
13116
13117
13121
13122
13118
13122
13116
13115
13109
13113
13124
13128
13124
13130
13130
13134
13131
13127
13122
13124
13128
13126
13127
13120
13127
13122
13125
13121
13128
13126
13128
13133
13129
13136
13134
13135
13146
13138
13134
13138
13128
13124
13128
13118
13116
13117
13127
13135
13131
13126
13139
13132
13127
13125
13126
13131
13131
13134
13133
13136
13136
13133
13130
13138
13143
13142
13140
13141
13141
13137
13134
13138
13128
13133
13124
13126
13126
13130
13134
13135
13129
13128
13135
13131
13129
13129
13129
13135
13132
13128
13134
13122
13122
13124
13122
13123
13123
13128
13133
13138
13133
13127
13124
13121
13121
13127
13116
13118
13125
13117
13123
13136
13138
13137
13138
13135
13136
13135
13132
13132
13128
13130
13127
13122
13128
13125
13128
13135
13133
13132
13140
13136
13135
13133
13124
13130
13131
13129
13129
13124
13127
13129
13131
13141
13134
13138
13145
13141
13150
13147
13140
13139
13136
13135
13132
13133
13137
13134
13136
13138
13136
13136
13132
13131
13138
13142
13140
13149
13139
13139
13140
13131
13130
13130
13089
12963
12889
12843
12818
12813
12813
12817
12831
12841
12855
12871
12890
12898
12918
12931
12938
12952
12961
12968
12979
12987
12999
13011
13022
13037
13035
13045
13052
13053
13053
13052
13046
13054
13056
13062
13075
13075
13079
13098
13099
13103
13106
13104
13101
13106
13111
13111
13112
13114
13120
13120
13116
13110
13114
13113
13115
13118
13126
13118
13125
13123
13128
13132
13130
13137
13133
13131
13128
13120
13132
13133
13137
13134
13136
13127
13133
13134
13134
13136
13134
13137
13140
13145
13143
13139
13133
13129
13122
13129
13128
13132
13136
13127
13134
13136
13128
13133
13132
13133
13130
13122
13123
13125
13126
13132
13122
13138
13136
13135
13139
13136
13134
13137
13135
13130
13139
13131
13142
13147
13145
13137
13142
13141
13149
13147
13144
13143
13149
13148
13150
13149
13147
13145
13144
13139
13139
13138
13139
13132
13130
13131
13133
13135
13124
13125
13125
13130
13132
13133
13130
13132
13129
13136
13135
13129
13137
13133
13137
13147
13136
13142
13143
13144
13143
13139
13144
13140
13135
13138
13134
13132
13129
13129
13131
13137
13144
13144
13142
13140
13143
13137
13138
13135
13140
13136
13124
13126
13124
13130
13141
13146
13144
13140
13142
13135
13141
13134
13130
13128
13120
13125
13126
13127
13127
13135
13142
13140
13147
13141
13128
13129
13126
13129
13134
13132
13130
13141
13144
13148
13140
13141
13141
13141
13134
13132
13128
13128
13136
13137
13130
13132
13132
13131
13130
13125
13133
13126
13124
13129
13122
13129
13133
13130
13131
13132
13138
13133
13133
13133
13131
13128
13130
13135
13143
13135
