13147
13138
13150
13141
13138
13142
13133
13139
13143
13139
13150
13150
13150
13145
13150
13153
13146
13142
13141
13137
13140
13140
13139
13139
13133
13137
13137
13135
13145
13137
13143
13143
13136
13139
13137
13137
13138
13137
13133
13136
13137
13134
13135
13139
13137
13138
13134
13131
13140
13136
13138
13138
13132
13125
13127
13128
13123
13123
13121
13115
13127
13122
13121
13123
13117
13130
13132
13125
13125
13131
13139
13145
13139
13139
13139
13136
13140
13137
13134
13132
13126
13127
13134
13132
13130
13135
13134
13134
13136
13137
13145
13150
13141
13135
13132
13138
13131
13125
13127
13129
13136
13131
13133
13133
13134
13136
13134
13134
13131
13132
13125
13131
13126
13122
13123
13119
13120
13127
13134
13140
13143
13147
13150
13137
13137
13132
13135
13136
13140
13138
13137
13133
13131
13134
13135
13136
13133
13133
13133
13134
13137
13133
13126
13126
13126
13124
13123
13128
13135
13133
13134
13135
13138
13134
13134
13137
13137
13132
13132
13137
13135
13129
13140
13136
13139
13150
13146
13135
13144
13143
13143
13141
13135
13130
13125
13131
13130
13121
13119
13130
13135
13130
13135
13138
13143
13139
13139
13139
13139
13141
13142
13141
13139
13138
13139
13141
13147
13145
13139
13147
13137
13130
13135
13132
13134
13131
13128
13137
13135
13137
13136
13140
13142
13140
13149
13150
13147
13142
13150
13149
13156
13142
13144
13150
13154
13150
13150
13144
13143
13141
13144
13144
13141
13144
13143
13137
13137
13135
13146
13145
13145
13133
13142
13137
13143
13140
13137
13131
13131
13135
13139
13139
13145
13134
13134
13135
13128
13129
13129
13130
13144
13135
13133
13123
13124
13128
13133
13142
13149
13144
13138
13142
13130
13132
13131
13128
13129
13125
13127
13125
13125
13122
13128
13125
13122
13125
13124
13132
13128
13129
13122
13125
13122
13121
13118
13123
13126
13133
13132
13133
13138
13126
13126
13128
13130
13127
13132
13130
13141
13135
13126
13129
13128
13127
13137
13132
13133
13135
13144
13144
13137
13135
13141
13134
13126
13128
13124
13124
13123
13116
13124
13125
13133
13136
13138
13138
13138
13135
13136
13139
13146
13142
13147
13143
13132
13136
13132
13131
13128
13132
13134
13136
13138
13147
13138
13135
13136
13142
13142
13142
13133
13134
13139
13136
13129
13134
13125
13123
13127
13127
13127
13124
13128
13129
13130
13126
13125
13126
13122
13133
13143
13137
13140
13140
13131
13128
13123
13127
13135
13140
13141
13140
13136
13133
13134
13142
13142
13144
13144
13143
13143
13145
13144
13141
13144
13142
13132
13128
13133
13122
13129
13137
13137
13124
13129
13131
13134
13131
13133
13122
13126
13127
13125
13118
13117
13114
13115
13124
13127
13128
13130
13132
13134
13132
13133
13128
13133
13132
13125
13131
13133
13133
13134
13132
13130
13137
13135
13134
13134
13136
13137
13136
13137
13136
13136
13134
13129
13128
13127
13127
13137
13134
13133
13138
13139
13137
13147
13143
13143
13143
13147
13140
13146
13148
13148
13142
13146
13144
13137
13137
13133
13128
13128
13135
13137
13144
13147
13144
13155
13141
13144
13143
13139
13133
13131
13133
13127
13132
13133
13132
13138
13132
13133
13133
13131
13131
13130
12969
12543
11954
11389
10951
10728
10503
10394
10359
10404
10481
10593
10704
10829
10945
11087
11189
11323
11433
11542
11631
11736
11823
11914
11989
12064
12126
12192
12253
12312
12356
12404
12436
12500
12530
12573
12609
12639
12671
12704
12729
12754
12770
12802
12820
12836
12856
12869
12884
12905
12914
12935
12954
12961
12960
12986
12982
12994
13009
13013
13016
13026
13030
13041
13051
13057
13059
13071
13076
13082
13083
13085
13075
13084
13080
13080
13089
13086
13086
13089
13089
13094
13102
13110
13116
13112
13119
13120
13118
13122
13126
13128
13129
13123
13125
13127
13118
13119
13118
13120
13122
13127
13128
13135
13134
13141
13133
13131
13123
13124
13118
13121
13120
13130
13130
13128
13123
13129
13131
13128
13130
13125
13126
13126
13129
13126
13134
13134
13135
13146
13139
13136
13141
13137
13130
13139
13138
13137
13138
13132
13127
13122
13124
13126
13130
13129
13126
13133
13141
13141
13140
13142
13146
13155
13138
13136
13139
13142
13138
13139
13135
13126
13134
13144
13143
13143
13137
13139
13136
13137
13138
13141
13141
13140
13137
13143
13136
13136
13143
13134
13132
13137
13132
13133
13128
13125
13132
13137
13136
13141
13142
13136
13135
13139
13136
13139
13140
13145
13143
13136
13136
13131
13125
13129
13132
13124
13125
13125
13123
13127
13132
13132
13139
13134
13135
13144
13137
13133
13137
13137
13134
13135
13121
13121
13120
13122
13131
13131
13130
13129
13125
13129
13129
13140
13132
13133
13136
13131
13127
13132
13137
13136
13130
13125
13122
13118
13129
13128
13125
13128
13129
13127
13135
13135
13135
13141
13138
13139
13132
13124
13132
13136
13135
13135
13133
13128
13124
13120
13126
13124
13122
13123
13128
13135
13133
13136
13139
13143
13147
13141
13138
13141
13137
13131
13134
13132
13141
13131
13132
13136
13137
13147
13146
13145
13138
13138
13136
13128
13133
13135
13134
13140
13142
13146
13142
13141
13134
13132
13136
13131
13133
13140
13145
13144
13136
13137
13137
13133
13132
13135
13138
13141
13139
13135
13141
13138
13139
13143
13142
13136
13141
13141
13145
13139
13129
13138
13134
13133
13135
13131
13143
13143
13148
13148
13142
13137
13132
13136
13138
13135
13137
13137
13136
13148
13141
13133
13140
13141
13145
13146
13138
13142
13143
13140
13140
13130
13135
13133
13133
13132
13131
13135
13132
13133
13133
13134
13131
13131
13136
13134
13135
13133
13137
13139
13138
13132
13134
13134
13141
13141
13136
13140
13143
13151
13146
13147
13141
13130
13125
13122
13122
13120
13116
13116
13117
13112
13117
13120
13118
13127
13131
13136
13140
13139
13140
13140
13138
13142
13140
13133
13142
13139
13131
13133
13124
13128
13138
13131
13136
13136
13135
13134
13131
13139
13132
13125
13138
13134
13132
13134
13139
13144
13147
13142
13150
13152
13155
13156
13146
13142
13139
13131
13133
13123
13129
13141
13139
13134
13141
13137
13143
13140
13132
13138
13134
13132
13131
13135
13134
13134
13132
13129
13129
13128
13128
13127
13130
13130
13134
13132
13134
13141
13134
13135
13130
13123
13132
13131
13130
13118
13124
13128
13135
13125
13128
13132
13134
13131
13137
13135
13136
13137
13141
13141
13139
13136
13129
13133
13134
13133
13138
13145
13143
13161
13155
13158
13155
13145
13142
13142
13138
13137
13132
