13135
13137
13133
13131
13120
13116
13119
13126
13123
13128
13122
13131
13147
13144
13142
13150
13147
13146
13140
13142
13137
13137
13135
13137
13133
13134
13133
13126
13125
13124
13120
13132
13134
13126
13144
13138
13131
13137
13135
13137
13140
13142
13142
13143
13147
13133
13136
13133
13130
13124
13123
13121
13131
13127
13129
13132
13136
13139
13144
13148
13149
13148
13148
13146
13142
13136
13132
13126
13132
13136
13136
13143
13144
13142
13148
13142
13143
13148
13136
13139
13135
13132
13129
13129
13131
13128
13126
13122
13124
13131
13128
13123
13125
13126
13116
13123
13121
13129
13136
13134
13131
13132
13122
13127
13126
13133
13137
13138
13137
13139
13138
13139
13140
13138
13145
13141
13139
13147
13145
13140
13139
13136
13140
13138
13140
13136
13135
13134
13136
13137
13128
13136
13135
13131
13134
13136
13129
13135
13133
13140
13145
13146
13139
13140
13136
13134
13129
13127
13127
13132
13132
13137
13138
13136
13136
13132
13121
13124
13108
13115
13123
13128
13131
13132
13127
13124
13130
13137
13132
13135
13137
13136
13147
13142
13147
13147
13147
13144
13137
13135
13138
13140
13140
13146
13141
13148
13142
13135
13137
13140
13143
13148
13138
13135
13141
13139
13139
13143
13130
13139
13140
13137
13137
13134
13135
13137
13138
13138
13139
13149
13149
13150
13153
13139
13138
13138
13137
13146
13140
13129
13133
13134
13142
13140
13136
13139
13137
13133
13132
13135
13137
13137
13134
13136
13145
13140
13145
13147
13141
13144
13150
13137
13142
13136
13141
13139
13136
13137
13136
13135
13140
13137
13138
13136
13144
13148
13139
13139
13129
13120
13116
13123
13122
13134
13132
13135
13141
13134
13133
13132
13131
13133
13121
13126
13138
13132
13134
13132
13129
13116
13110
13111
13112
13118
13127
13127
13129
13138
13140
13150
13146
13145
13143
13132
13132
13139
13129
13133
13135
13136
13137
13133
13126
13130
13129
13136
13133
13129
13133
13133
13130
13133
13129
13129
13143
13139
13138
13138
13131
13136
13142
13141
13147
13145
13150
13145
13150
13147
13145
13138
13137
13133
13137
13132
13135
13137
13141
13140
13135
13140
13143
13144
13143
13138
13131
13134
13129
13123
13125
13126
13130
13137
13131
13132
13140
13131
13125
13133
13129
13131
13129
13128
13129
13133
13137
13134
13142
13139
13143
13142
13137
13128
13131
13126
13130
13135
13136
13138
13131
13134
13138
13129
13129
13140
13129
13137
13146
13140
13148
13149
13146
13147
13141
13129
13134
13126
13125
13135
13134
13132
13131
13126
13129
13128
13127
13129
13123
13133
13133
13138
13132
13131
13140
13130
13131
13126
13132
13133
13132
13126
13134
13132
13138
13139
13136
13140
13142
13146
13141
13138
13128
13124
13120
13119
13120
13118
13122
13136
13130
13135
13138
13138
13136
13133
13135
13137
13140
13137
13139
13135
13143
13136
13137
13135
13133
13130
13134
13130
13129
13128
13128
13130
13132
13128
13121
13127
13134
13132
13134
13134
13143
13145
13133
13128
13124
13126
13131
13138
13135
13136
13136
13132
13134
13136
13140
13136
13137
13130
13132
13137
13136
13136
13141
13136
13134
13127
13131
13128
13126
13128
13138
13139
13140
13086
12461
11699
11158
10830
10674
10597
10618
10654
10748
10841
10968
11063
11182
11293
11408
11504
11606
11695
11788
11871
11956
12025
12105
12166
12236
12287
12342
12390
12448
12478
12520
12563
12599
12632
12660
12687
12718
12742
12772
12791
12806
12829
12844
12860
12880
12895
12906
12916
12928
12940
12970
12979
12990
13005
13011
13019
13027
13030
13046
13034
13040
13045
13054
13061
13068
13074
13077
13093
13114
13105
13105
13103
13106
13101
13107
13102
13103
13101
13101
13110
13099
13100
13103
13100
13102
13098
13095
13103
13101
13104
13105
13104
13110
13111
13119
13115
13120
13120
13123
13121
13116
13118
13124
13127
13128
13137
13134
13135
13133
13130
13128
13135
13133
13135
13138
13130
13129
13127
13125
13122
13117
13124
13132
13130
13125
13116
13120
13127
13125
13127
13135
13131
13130
13130
13124
13125
13123
13120
13127
13127
13134
13130
13126
13123
13127
13135
13125
13117
13126
13118
13125
13130
13133
13133
13134
13128
13126
13132
13131
13130
13129
13134
13142
13136
13132
13131
13133
13133
13134
13131
13134
13131
13127
13132
13126
13131
13132
13131
13131
13137
13134
13132
13128
13127
13129
13127
13129
13126
13133
13125
13129
13129
13125
13129
13142
13136
13142
13136
13138
13135
13136
13140
13142
13138
13143
13141
13142
13148
13138
13132
13133
13129
13131
13139
13132
13141
13144
13145
13144
13144
13149
13146
13149
13145
13146
13141
13141
13132
13145
13144
13145
13146
13142
13137
13136
13141
13140
13136
13133
13133
13136
13140
13134
13132
13130
13137
13135
13144
13143
13140
13143
13143
13153
13151
13142
13142
13145
13140
13143
13138
13132
13126
13130
13130
13131
13127
13126
13132
13142
13136
13131
13127
13125
13131
13133
13135
13137
13139
13140
13141
13139
13146
13147
13137
13143
13142
13145
13143
13144
13130
13140
13137
13132
13138
13130
13131
13133
13134
13137
13138
13132
13130
13135
13137
13133
13134
13131
13146
13151
13151
13144
13141
13142
13141
13142
13138
13144
13138
13132
13139
13134
13137
13129
13132
13133
13129
13128
13138
13147
13150
13159
13156
13151
13149
13144
13144
13146
13144
13139
13136
13142
13139
13144
13139
13144
13145
13150
13148
13155
13145
13139
13137
13121
13126
13125
13126
13129
13137
13136
13135
13130
13139
13141
13136
13131
13129
13133
13135
13134
13132
13136
13136
13132
13136
13142
13136
13132
13132
13130
13129
13134
13136
13132
13136
13130
13128
13125
13119
13125
13127
13126
13129
13130
13130
13131
13131
13137
13141
13133
13134
13130
13138
13144
13136
13138
13146
13142
13151
13142
13130
13139
13138
13138
13133
13128
13135
13139
13137
13143
13139
13142
13142
13142
13143
13130
13124
13117
13122
13127
13122
13117
13123
13126
13136
13134
13131
13136
13133
13137
13137
13134
13137
13140
13138
13137
13132
13129
13132
13128
13126
13131
13126
13124
13129
13122
13125
13123
13123
13125
13129
13132
13136
13134
13135
13133
13129
13126
13128
13131
13128
13125
13130
13137
13139
13129
13128
13127
13136
13138
13128
13125
13129
13124
13127
13125
13126
13129
13132
13126
13125
13135
13131
13127
13137
13132
13134
13139
13130
13131
13134
13137
13136
13138
13137
13136
13137
13131
13135
13142
13133
13131
13127
13127
13125
13125
13129
13126
13127
13134
13137
13132
13140
13139
13139
13136
13129
