13142
13141
13144
13139
13140
13139
13141
13139
13146
13143
13142
13141
13145
13142
13144
13140
13135
13132
13125
13119
13130
13124
13128
13130
13130
13125
13118
13128
13129
13141
13140
13143
13138
13144
13143
13142
13147
13149
13144
13142
13140
13140
13145
13138
13136
13137
13139
13147
13143
13144
13142
13137
13132
13126
13126
13132
13135
13132
13132
13131
13136
13130
13129
13125
13134
13129
13129
13128
13135
13132
13132
13139
13131
13135
13140
13137
13141
13147
13145
13141
13134
13128
13133
13120
13121
13126
13128
13121
13122
13124
13122
13122
13123
13127
13131
13134
13126
13124
13118
13118
13119
13118
13116
13119
13126
13126
13130
13135
13133
13131
13131
13133
13134
13138
13135
13133
13140
13138
13135
13134
13130
13135
13137
13136
13131
13136
13134
13132
13129
13129
13125
13126
13130
13136
13142
13143
13148
13144
13142
13137
13140
13135
13134
13138
13128
13136
13134
13127
13127
13135
13129
13127
13131
13137
13137
13146
13146
13152
13145
13147
13146
13147
13147
13154
13147
13148
13142
13143
13145
13146
13146
13139
13143
13136
13138
13143
13141
13143
13134
13130
13142
13138
13136
13138
13137
13137
13134
13133
13135
13133
13131
13138
13136
13139
13138
13139
13140
13137
13133
13140
13138
13137
13145
13137
13133
13137
13134
13125
13122
13110
13114
13119
13123
13125
13135
13137
13146
13147
13148
13138
13147
13141
13142
13139
13137
13140
13141
13135
13133
13138
13128
13132
13126
13129
13142
13147
13149
13153
13151
13152
13144
13139
13146
13141
13141
13142
13145
13141
13137
13139
13141
13138
13140
13139
13137
13140
13136
13138
13134
13131
13138
13136
13136
13136
13138
13142
13139
13138
13139
13136
13130
13135
13127
13134
13134
13132
13139
13137
13131
13137
13132
13126
13137
13128
13133
13140
13136
13137
13140
13141
13131
13132
13128
13127
13130
13134
13133
13133
13135
13141
13134
13129
13129
13132
13133
13134
13129
13121
13125
13127
13126
13129
13124
13132
13136
13143
13142
13135
13128
13134
13129
13116
13126
13123
13126
13135
13134
13136
13123
13121
13127
13124
13127
13125
13124
13128
13134
13136
13128
13125
13128
13125
13129
13137
13134
13134
13132
13131
13138
13140
13139
13147
13136
13138
13143
13136
13136
13132
13122
13134
13124
13129
13133
13122
13124
13126
13124
13129
13133
13135
13125
13130
13127
13121
13125
13131
13136
13136
13142
13142
13142
13128
13127
13133
13133
13140
13140
13142
13144
13143
13136
13137
13138
13145
13143
13136
13140
13138
13139
13143
13135
13130
13130
13124
13129
13135
13122
13121
13125
13131
13129
13129
13135
13129
13136
13130
13130
13138
13135
13129
13127
13123
13123
13129
13134
13138
13131
13139
13139
13137
13135
13135
13131
13133
13142
13138
13135
13135
13133
13138
13134
13129
13139
13128
13127
13132
13129
13133
13142
13149
13145
13140
13137
13131
13128
13133
13128
13136
13138
13135
13134
13128
13129
13129
13121
13118
13110
13119
13122
13129
13128
13137
13135
13137
13135
13140
13137
13139
13136
13139
13139
13136
13140
13134
13136
13129
13123
13124
13125
13126
13123
13120
13120
13118
13124
13128
13126
13133
13135
13133
13138
13135
13133
13133
13137
13137
13137
13086
12627
12008
11553
11081
10807
10642
10596
10589
10643
10676
10758
10843
10952
11055
11180
11276
11394
11496
11590
11686
11788
11867
11951
12025
12102
12168
12229
12276
12332
12378
12433
12475
12522
12559
12595
12636
12676
12707
12732
12755
12781
12797
12814
12833
12844
12864
12877
12887
12906
12920
12935
12958
12970
12977
12996
12991
13004
13024
13026
13025
13034
13032
13040
13046
13057
13057
13065
13072
13076
13080
13078
13074
13082
13087
13088
13097
13099
13103
13099
13097
13094
13101
13103
13111
13109
13121
13121
13118
13122
13122
13117
13127
13124
13121
13132
13123
13121
13128
13127
13117
13124
13127
13125
13122
13132
13127
13130
13128
13126
13119
13119
13117
13127
13130
13135
13133
13133
13134
13133
13132
13131
13127
13135
13133
13138
13137
13138
13132
13131
13128
13136
13138
13131
13132
13132
13129
13133
13136
13126
13120
13131
13138
13143
13137
13134
13133
13135
13135
13134
13122
13124
13128
13136
13140
13145
13147
13146
13153
13151
13143
13142
13138
13137
13132
13128
13134
13133
13131
13136
13133
13137
13144
13136
13132
13144
13138
13134
13135
13125
13117
13122
13119
13125
13120
13125
13126
13124
13128
13122
13126
13131
13136
13140
13138
13132
13136
13132
13127
13134
13132
13139
13138
13142
13149
13147
13142
13144
13134
13133
13136
13137
13138
13140
13138
13144
13146
13145
13143
13142
13137
13139
13140
13143
13139
13147
13140
13146
13152
13149
13147
13150
13148
13151
13149
13146
13148
13140
13142
13133
13138
13140
13131
13134
13136
13127
13122
13121
13122
13124
13127
13124
13138
13132
13132
13136
13134
13124
13130
13126
13130
13129
13129
13132
13132
13134
13133
13139
13138
13135
13134
13135
13133
13141
13130
13134
13141
13147
13142
13143
13139
13146
13139
13141
13146
13142
13141
13138
13142
13140
13140
13134
13131
13130
13123
13130
13122
13123
13131
13128
13127
13126
13132
13133
13128
13127
13122
13126
13134
13134
13133
13138
13134
13133
13119
13124
13122
13128
13134
13135
13133
13134
13133
13134
13132
13125
13130
13132
13129
13140
13134
13139
13146
13142
13133
13137
13125
13122
13125
13126
13132
13132
13138
13132
13138
13137
13139
13138
13145
13138
13139
13136
13135
13143
13139
13137
13148
13149
13149
13143
13136
13139
13133
13131
13137
13139
13136
13133
13134
13134
13134
13128
13132
13129
13130
13137
13128
13132
13135
13132
13137
13140
13141
13138
13136
13137
13133
13125
13128
13125
13130
13138
13140
13143
13138
13134
13140
13143
13140
13142
13138
13142
13139
13138
13140
13129
13129
13126
13126
13121
13121
13121
13128
13124
13126
13139
13134
13128
13133
13132
13140
13136
13137
13136
13136
13134
13132
13130
13138
13135
13135
13140
13140
13146
13129
13122
13125
13131
13130
13126
13122
13131
13132
13133
13134
13129
13127
13133
13127
13129
13129
13122
13128
13126
13130
13129
13135
13125
13138
13134
13144
13145
13145
13141
13138
13133
13135
13133
13138
13139
13139
13136
13130
13127
13125
13123
13130
13133
13135
13133
13131
13136
13139
13141
13144
13139
13145
13147
13140
13135
13132
13133
13137
13134
13130
13146
13144
13139
13146
13147
13144
13149
13148
13144
13138
13144
13141
13141
13137
13132
13136
13127
13127
13140
13135
13133
13138
13136
13136
13129
13137
13141
13136
