13119
13126
13124
13123
13120
13114
13108
13115
13111
13120
13127
13126
13128
13122
13125
13133
13135
13132
13140
13130
13131
13134
13129
13122
13126
13126
13119
13110
13116
13129
13141
13145
13141
13138
13129
13122
13127
13116
13123
13130
13133
13141
13137
13138
13134
13137
13128
13132
13133
13130
13123
13125
13127
13130
13120
13116
13121
13119
13124
13129
13118
13126
13126
13128
13129
13129
13129
13126
13133
13134
13132
13128
13124
13124
13128
13131
13135
13122
13126
13130
13134
13134
13131
13128
13137
13139
13132
13138
13138
13141
13141
13140
13142
13142
13139
13136
13133
13132
13144
13132
13133
13134
13131
13133
13131
13128
13129
13131
13132
13130
13126
13127
13127
13128
13131
13131
13140
13136
13138
13138
13129
13124
13118
13125
13126
13128
13132
13139
13138
13140
13148
13139
13146
13144
13142
13140
13140
13139
13137
13140
13144
13148
13150
13151
13150
13146
13141
13145
13146
13139
13139
13141
13136
13136
13134
13127
13134
13131
13132
13134
13144
13150
13143
13143
13147
13149
13148
13144
13139
13132
13142
13137
13139
13145
13136
13142
13139
13136
13142
13129
13128
13137
13132
13137
13130
13130
13133
13130
13134
13127
13131
13134
13131
13132
13135
13130
13139
13137
13131
13133
13134
13130
13124
13133
13144
13146
13146
13143
13140
13140
13142
13136
13128
13126
13125
13132
13128
13124
13131
13133
13130
13134
13132
13134
13137
13138
13139
13133
13125
13122
13123
13124
13126
13128
13124
13125
13140
13131
13136
13146
13137
13136
13133
13130
13123
13129
13130
13136
13129
13129
13129
13133
13140
13138
13140
13145
13146
13136
13142
13137
13133
13134
13134
13138
13137
13140
13137
13137
13140
13135
13132
13132
13131
13129
13126
13126
13133
13127
13129
13124
13122
13130
13131
13129
13129
13137
13129
13133
13122
13125
13130
13128
13125
13130
13134
13146
13145
13136
13137
13130
13132
13137
13132
13137
13133
13139
13138
13138
13130
13126
13125
13133
13133
13135
13130
13121
13128
13119
13129
13134
13137
13141
13142
13136
13139
13138
13135
13136
13126
13132
13140
13134
13131
13135
13136
13136
13125
13119
13128
13123
13126
13128
13125
13126
13126
13127
13126
13123
13122
13118
13119
13131
13121
13126
13123
13129
13138
13133
13131
13141
13131
13130
13129
13130
13127
13123
13126
13125
13119
13130
13142
13143
13151
13144
13130
13142
13130
13123
13132
13134
13128
13132
13123
13126
13126
13132
13136
13137
13137
13138
13136
13139
13143
13139
13137
13140
13147
13138
13136
13133
13130
13130
13121
13121
13126
13122
13125
13123
13122
13132
13138
13130
13124
13131
13131
13137
13133
13129
13133
13131
13132
13135
13132
13131
13131
13131
13135
13137
13134
13128
13129
13130
13130
13132
13136
13138
13148
13141
13135
13136
13133
13132
13134
13130
13137
13132
13135
13140
13134
13135
13137
13135
13133
13138
13133
13131
13128
13123
13133
13128
13120
13128
13130
13136
13128
13126
13122
13120
13118
13125
13129
13133
13129
13131
13134
13132
13136
13128
13123
13130
13129
13127
13125
13122
13123
13124
13126
13129
13125
13126
13123
13116
13121
13125
13125
13136
13125
13123
13134
13132
13130
13124
12995
12571
11776
11043
10514
10204
10076
10030
10088
10169
10294
10410
10559
10688
10842
10962
11105
11224
11343
11457
11561
11584
11576
11595
11643
11701
11772
11831
11904
11965
12043
12103
12158
12209
12260
12306
12372
12420
12473
12526
12564
12595
12628
12661
12685
12713
12738
12758
12785
12812
12834
12856
12875
12895
12916
12922
12937
12950
12958
12972
12970
12972
12987
13003
13013
13035
13033
13041
13045
13048
13052
13055
13060
13064
13056
13057
13065
13061
13070
13081
13085
13089
13094
13096
13103
13110
13116
13114
13116
13119
13114
13106
13108
13107
13110
13114
13096
12988
12918
12864
12835
12823
12824
12829
12850
12857
12864
12879
12898
12912
12922
12935
12950
12966
12981
12986
13010
13007
13023
13024
13020
13027
13032
13041
13043
13048
13062
13066
13080
13088
13086
13089
13096
13091
13100
13093
13092
13097
13100
13104
13100
13099
13102
13100
13102
13105
13103
13102
13108
13117
13126
13128
13129
13126
13124
13126
13134
13132
13130
13129
13122
13116
13115
13118
13123
13124
13127
13127
13122
13127
13123
13117
13115
13118
13124
13118
13118
13130
13132
13138
13125
13122
13121
13118
13123
13131
13133
13135
13142
13141
13149
13147
13140
13152
13144
13138
13140
13129
13129
13136
13133
13135
13138
13137
13137
13137
13140
13138
13140
13134
13131
13122
13131
13128
13135
13130
13128
13123
13120
13125
13123
13126
13125
13131
13126
13132
13130
13136
13044
12946
12887
12852
12842
12826
12829
12835
12849
12853
12860
12880
12893
12904
12924
12938
12947
12960
12974
12985
12994
13004
13008
13020
13024
13028
13040
13040
13037
13040
13049
13060
13056
13058
13061
13077
13082
13090
13086
13093
13099
13099
13096
13105
13102
13114
13117
13115
13116
13114
13110
13115
13112
13113
13114
13115
13126
13132
13130
13125
13128
13130
13123
13122
13124
13124
13135
13130
13123
13117
13108
13112
13110
13113
13117
13112
13106
13112
13111
13127
13128
13129
13134
13133
13126
13132
13126
13118
13117
13115
13123
13131
13126
13128
13128
13130
13125
13133
13130
13134
13134
13142
13136
13134
13132
13126
13135
13126
13121
13121
13119
13119
13113
13112
13116
13120
13119
13125
13115
13117
13120
13123
13130
13138
13136
13141
13140
13138
13144
13141
13142
13145
13139
13142
13140
13133
13132
13132
13134
13137
13137
13137
13133
13137
13134
13136
13143
13132
13130
13128
13137
13131
13134
13128
13128
13133
13134
13135
13123
13119
13117
13124
13133
13135
13134
13140
13138
13128
13136
13133
13129
13133
13134
13134
13138
13134
13137
13139
13138
13136
13135
13138
13135
13137
13131
13130
13134
13126
13137
13138
13137
13134
13124
13126
13123
13121
13120
13132
13126
13122
13130
13133
13132
13134
13127
13129
13129
13126
13137
13127
13124
13126
13126
13131
13134
13132
13129
13134
13133
13130
13132
13135
13134
13139
13135
13135
13136
13121
13124
13126
13121
13123
13126
13130
13131
13131
13132
13128
13120
13123
13127
13122
13134
13134
13139
13139
13142
13138
13149
13145
13149
13087
12837
12686
12597
12551
12523
12519
12522
12531
12557
12576
12607
12635
12664
12689
12726
12741
12766
12788
12811
12827
12848
12861
12884
12897
12913
12923
12938
12954
12968
12981
12988
12997
13006
13019
13026
13027
13046
13044
13049
13058
13059
13068
13078
13084
13084
13084
13089
13096
