13127
13127
13120
13119
13119
13126
13133
13146
13147
13142
13145
13139
13132
13133
13134
13136
13137
13135
13138
13135
13136
13132
13124
13122
13119
13122
13122
13122
13128
13130
13131
13145
13143
13144
13144
13144
13148
13153
13146
13140
13132
13132
13136
13133
13131
13128
13133
13138
13134
13134
13131
13122
13129
13132
13134
13138
13136
13136
13135
13136
13131
13133
13133
13139
13140
13137
13141
13140
13142
13138
13130
13137
13127
13127
13124
13114
13124
13131
13137
13142
13138
13144
13136
13129
13128
13137
13137
13138
13132
13129
13130
13132
13125
13127
13124
13124
13124
13131
13128
13137
13136
13134
13137
13141
13128
13136
13138
13142
13148
13138
13141
13141
13138
13138
13138
13141
13143
13145
13140
13141
13138
13137
13138
13138
13140
13145
13140
13139
13132
13131
13129
13123
13121
13132
13130
13132
13136
13141
13155
13156
13155
13150
13144
13139
13130
13133
13128
13105
12986
12897
12848
12823
12810
12809
12816
12830
12843
12850
12867
12880
12891
12909
12929
12950
12968
12979
12993
13005
13002
13006
13018
13013
13015
13026
13025
13024
13034
13033
13036
13046
13043
13050
13059
13074
13080
13094
13096
13101
13118
13114
13118
13122
13110
13113
13105
13111
13109
13112
13118
13130
13133
13138
13131
13124
13119
13114
13111
13119
13118
13123
13137
13126
13126
13124
13129
13128
13130
13131
13135
13132
13129
13121
13119
13113
13118
13122
13122
13120
13121
13119
13121
13121
13116
13123
13127
13129
13132
13137
13138
13144
13143
13148
13147
13148
13150
13143
13141
13138
13134
13131
13134
13131
13128
13138
13135
13135
13136
13137
13142
13146
13144
13138
13138
13133
13134
13135
13127
13124
13135
13139
13136
13142
13138
13147
13144
13149
13134
13123
13121
13125
13127
13122
13123
13116
13125
13128
13119
13124
13113
13114
13122
13127
13125
13128
13120
13130
13133
13129
13131
13128
13136
13137
13128
13131
13128
13127
13130
13126
13130
13131
13122
13135
13136
13137
13140
13142
13138
13139
13141
13139
13139
13140
13137
13134
13136
13137
13138
13139
13141
13139
13143
13136
13128
13138
13138
13145
13145
13139
13134
13130
13132
13129
13130
13126
13128
13136
13134
13135
13142
13139
13135
13134
13125
13124
13120
13124
13126
13124
13124
13131
13124
13126
13127
13129
13128
13129
13130
13138
13136
13133
13146
13139
13147
13145
13145
13141
13140
13147
13151
13145
13143
13139
13142
13153
13151
13138
13137
13139
13141
13137
13136
13136
13136
13139
13139
13142
13142
13136
13136
13144
13134
13126
13122
13121
13124
13122
13124
13132
13131
13134
13136
13129
13126
13130
13134
13139
13142
13135
13133
13132
13132
13126
13121
13120
13126
13127
13125
13129
13138
13132
13135
13138
13136
13133
13135
13130
13129
13127
13123
13130
13126
13131
13136
13130
13134
13125
13127
13133
13123
13125
13133
13138
13135
13136
13135
13129
13126
13122
13119
13118
13127
13130
13134
13139
13144
13140
13142
13136
13141
13131
13127
13127
13126
13124
13134
13137
13139
13144
13135
13135
13133
13143
13140
13134
13134
13131
13125
13128
13128
13116
13125
13127
13126
13123
13121
13128
13129
13132
13130
13139
13134
13142
13145
13147
13142
13134
13131
13124
12918
12226
11366
10705
10298
10072
10007
9999
10071
10154
10290
10409
10563
10693
10850
10966
11114
11238
11366
11477
11590
11675
11791
11850
11842
11857
11890
11929
11986
12033
12097
12136
12205
12253
12317
12359
12414
12462
12508
12540
12578
12604
12637
12668
12704
12727
12755
12771
12794
12811
12836
12859
12875
12890
12905
12912
12930
12939
12953
12961
12971
12984
12993
12991
12993
13008
13016
13025
13041
13054
13055
13059
13067
13066
13070
13068
13075
13076
13086
13084
13100
13100
13097
13105
13101
13102
13096
13096
13095
13099
13104
13109
13107
13110
13117
13111
13113
13117
13123
13124
13125
13121
13129
13124
13125
13129
13122
13129
13131
13122
13122
13120
13124
13125
13124
13128
13130
13135
13132
13134
13141
13133
13128
13137
13135
13133
13126
13130
13125
13125
13125
13120
13117
13131
13125
13119
13120
13129
13128
13138
13131
13129
13134
13131
13130
13136
13138
13136
13139
13138
13140
13140
13132
13130
13130
13129
13132
13131
13125
13129
13141
13135
13136
13140
13140
13131
13124
13125
13130
13130
13131
13129
13122
13132
13138
13134
13136
13131
13133
13141
13131
13129
13135
13132
13126
13139
13139
13133
13137
13139
13138
13135
13142
13138
13137
13136
13130
13131
13122
13122
13134
13131
13137
13142
13142
13140
13142
13145
13150
13149
13150
13154
13164
13172
13170
13149
13147
13139
13142
13143
13137
13124
13122
13116
13120
13126
13133
13138
13138
13139
13134
13131
13126
13128
13126
13126
13120
13122
13122
13119
13134
13131
13129
13131
13129
13128
13134
13135
13136
13141
13142
13140
13134
13137
13144
13140
13140
13143
13155
13153
13153
13150
13162
13150
13146
13141
13136
13137
13135
13131
13126
13121
13120
13124
13122
13128
13126
13126
13132
13134
13137
13132
13134
13143
13139
13136
13135
13132
13130
13127
13126
13128
13121
13123
13129
13127
13130
13136
13134
13144
13139
13140
13145
13140
13136
13136
13128
13132
13131
13127
13133
13138
13142
13138
13140
13134
13134
13135
13134
13127
13126
13127
13122
13128
13128
13134
13136
13135
13141
13141
13139
13148
13134
13141
13136
13138
13131
13129
13131
13130
13130
13122
13127
13118
13118
13121
13115
13112
13114
13120
13123
13125
13121
13123
13129
13135
13129
13135
13132
13128
13135
13132
13125
13129
13120
13124
13130
13135
13136
13137
13136
13133
13131
13137
13139
13138
13137
13139
13133
13139
13132
13126
13135
13135
13133
13130
13130
13134
13137
13136
13131
13140
13141
13138
13138
13138
13131
13138
13133
13136
13138
13132
13136
13123
13127
13130
13134
13133
13134
13138
13141
13142
13138
13139
13141
13146
13150
13147
13149
13143
13138
13133
13139
13122
13128
13130
13131
13132
13130
13124
13129
13125
13133
13135
13132
13129
13125
13133
13132
13132
13137
13137
13135
13137
13138
13139
13125
13123
13110
13108
13108
13102
13107
13117
13116
13111
13118
13123
13125
13124
13119
13118
13127
13129
13131
13138
13138
13144
13144
13147
13142
13138
13136
13138
13148
13153
13145
13146
13149
13145
13146
13138
13136
13139
13144
13149
13141
13140
13141
13139
13137
13138
13131
13136
13138
13131
13129
13129
13124
13132
13121
13125
13125
13130
13133
13136
13134
13133
13134
13129
13134
13138
13134
13137
13134
13137
13133
13136
13138
13133
13133
13128
