13121
13122
13130
13130
13135
13132
13132
13133
13135
13133
13133
13135
13133
13140
13133
13137
13134
13140
13137
13134
13132
13131
13126
13128
13121
13115
13122
13119
13124
13132
13129
13138
13142
13147
13147
13142
13148
13142
13143
13144
13137
13133
13123
13118
13121
13115
13113
13117
13118
13122
13120
13123
13124
13129
13131
13132
13126
13125
13131
13133
13141
13137
13131
13137
13134
13131
13128
13124
13122
13134
13131
13131
13134
13135
13135
13133
13131
13125
13133
13134
13131
13134
13137
13133
13139
13137
13132
13126
13132
13131
13122
13117
13123
13122
13124
13123
13117
13124
13129
13134
13135
13131
13137
13136
13143
13136
13141
13134
13135
13137
13128
13132
13137
13130
13134
13138
13133
13128
13131
13137
13135
13127
13119
13118
13125
13122
13120
13132
13128
13132
13126
13132
13145
13136
13145
13150
13145
13148
13148
13137
13144
13137
13139
13143
13134
13127
13138
13135
13138
13138
13136
13137
13136
13133
13127
13125
13125
13127
13130
13137
13126
13127
13120
13128
13127
13118
13117
13129
13127
13125
13118
13118
13122
13122
13122
13124
13131
13138
13147
13155
13158
13150
13148
13150
13153
13147
13150
13146
13138
13134
13130
13133
13133
13137
13131
13132
13137
13136
13134
13133
13130
13132
13137
13135
13142
13132
13130
13128
13130
13137
13133
13138
13140
13140
13143
13151
13142
13143
13142
13138
13137
13136
13134
13134
13133
13123
13137
13127
13129
13135
13134
13133
13129
13132
13132
13136
13131
13133
13142
13137
13135
13134
13142
13140
13139
13135
13132
13131
13127
13128
13122
13126
13124
13122
13124
13132
13131
13133
13142
13144
13149
13149
13143
13153
13142
13139
13142
13136
13136
13138
13134
13136
13137
13136
13136
13137
13139
13142
13140
13131
13124
13132
13133
13135
13134
13125
13125
13128
13132
13134
13135
13137
13130
13125
13125
13132
13124
13133
13131
13127
13124
13129
13125
13132
13131
13123
13128
13126
13133
13130
13127
13128
13133
13135
13130
13135
13137
13131
13126
13135
13135
13134
13142
13136
13141
13136
13134
13137
13126
13132
13137
13135
13137
13138
13140
13146
13136
13136
13140
13133
13138
13135
13134
13140
13133
13138
13146
13138
13134
13135
13135
13138
13126
13125
13124
13126
13119
13118
13128
13132
13134
13144
13138
13138
13148
13134
13135
13145
13140
13141
13138
13132
13127
13122
13121
13129
13124
13127
13124
13120
13125
13125
13127
13126
13125
13127
13135
13135
13139
13139
13136
13136
13136
13134
13133
13130
13136
13130
13134
13139
13136
13132
13127
13126
13137
13121
13121
13118
13121
13122
13128
13128
13129
13138
13141
13140
13133
13134
13133
13127
13131
13130
13126
13135
13128
13121
13128
13122
13126
13126
13124
13125
13129
13128
13133
13134
13133
13135
13138
13138
13137
13134
13135
13134
13140
13127
13123
13132
13131
13131
13130
13128
13129
13129
13134
13134
13134
13135
13133
13124
13129
13127
13124
13128
13133
13128
13131
13126
13133
13138
13134
13137
13134
13136
13139
13139
13140
13130
13136
13128
13126
13130
13132
13130
13142
13132
13140
13138
13135
13140
13136
13139
13139
13136
13129
13134
13127
13131
13132
13127
13005
12899
12450
11674
11002
10594
10404
10297
10304
10350
10449
10541
10681
10797
10944
11065
11192
11295
11421
11519
11618
11709
11803
11887
11966
12032
12103
12163
12235
12283
12341
12387
12440
12486
12531
12567
12592
12629
12665
12695
12721
12752
12771
12797
12819
12835
12860
12865
12886
12902
12914
12926
12942
12957
12972
12973
12990
12992
13000
13013
13015
13014
13017
13020
13038
13035
13049
13053
13059
13064
13066
13075
13082
13080
13079
13088
13081
13090
13094
13101
13107
13107
13109
13108
13105
13098
13112
13114
13116
13123
13125
13121
13122
13122
13123
13120
13125
13120
13122
13127
13126
13125
13121
13117
13125
13122
13120
13119
13113
13112
13117
13122
13118
13119
13115
13121
13114
13113
13114
13111
13118
13127
13126
13138
13131
13132
13139
13135
13127
13132
13134
13130
13130
13130
13131
13134
13136
13136
13130
13135
13121
13126
13123
13125
13127
13118
13114
13128
13125
13138
13139
13133
13130
13134
13140
13143
13130
13132
13129
13127
13124
13133
13133
13135
13127
13132
13141
13136
13135
13137
13134
13133
13130
13126
13123
13123
13126
13122
13123
13126
13124
13132
13130
13128
13130
13128
13136
13137
13136
13135
13124
13126
13120
13122
13126
13127
13124
13122
13119
13124
13126
13127
13123
13132
13131
13127
13133
13125
13124
13132
13128
13132
13126
13133
13140
13139
13138
13136
13139
13140
13136
13134
13134
13137
13146
13143
13143
13132
13134
13132
13132
13135
13130
13130
13117
13121
13118
13122
13122
13124
13120
13132
13132
13135
13134
13121
13131
13135
13135
13140
13130
13135
13140
13138
13140
13135
13132
13137
13140
13136
13126
13127
13125
13132
13136
13121
13119
13115
13117
13118
13125
13120
13125
13126
13128
13128
13124
13122
13132
13135
13135
13133
13130
13135
13133
13123
13130
13121
13126
13128
13124
13129
13125
13130
13137
13136
13133
13133
13134
13130
13137
13136
13137
13138
13147
13145
13141
13149
13148
13150
13141
13144
13142
13137
13136
13146
13135
13139
13142
13138
13145
13150
13150
13143
13141
13130
13142
13142
13138
13148
13141
13136
13136
13137
13134
13137
13135
13125
13129
13136
13136
13139
13138
13137
13145
13133
13139
13138
13135
13145
13139
13135
13139
13130
13128
13136
13134
13133
13136
13133
13139
13147
13137
13142
13141
13137
13144
13127
13119
13123
13110
13120
13125
13126
13121
13125
13135
13134
13131
13133
13132
13131
13134
13128
13135
13130
13131
13125
13134
13136
13138
13138
13138
13137
13143
13142
13133
13138
13134
13133
13131
13125
13132
13129
13121
13121
13132
13128
13122
13132
13125
13138
13135
13141
13135
13135
13136
13133
13133
13144
13128
13137
13136
13137
13141
13140
13145
13148
13144
13143
13134
13133
13133
13133
13128
13135
13125
13128
13129
13132
13137
13137
13135
13139
13135
13135
13137
13135
13133
13134
13125
13130
13125
13125
13121
13122
13124
13117
13123
13127
13131
13141
13139
13138
13142
13136
13144
13146
13144
13146
13142
13144
13140
13132
13131
13134
13132
13138
13135
13122
13125
13131
13121
13123
13126
13125
13136
13136
13134
13138
13143
13140
13138
13132
13131
13129
13127
13121
13123
13131
13135
13139
13144
13140
13142
13137
13138
13136
13135
13137
13144
13141
13135
13133
13129
13138
13125
13133
13132
13133
13136
13138
13142
13138
13134
13126
13131
13133
13133
13138
