13145
13153
13151
13150
13145
13142
13134
13139
13131
13133
13137
13130
13132
13134
13134
13135
13131
13127
13139
13135
13138
13139
13136
13134
13137
13137
13138
13141
13135
13128
13137
13145
13144
13138
13140
13139
13141
13134
13128
13131
13122
13132
13142
13136
13138
13135
13133
13138
13126
13130
13126
13129
13130
13133
13133
13144
13145
13142
13142
13135
13131
13132
13128
13129
13129
13126
13125
13126
13126
13123
13123
13130
13131
13137
13132
13132
13132
13132
13134
13132
13136
13135
13135
13135
13132
13126
13137
13144
13145
13147
13150
13143
13138
13132
13127
13135
13128
13126
13135
13136
13132
13139
13134
13138
13131
13134
13137
13139
13141
13137
13134
13141
13143
13146
13145
13147
13151
13152
13150
13153
13141
13148
13145
13140
13145
13138
13130
13129
13131
13133
13135
13134
13137
13134
13134
13130
13122
13121
13130
13124
13131
13137
13128
13131
13126
13130
13134
13130
13132
13132
13134
13139
13142
13137
13136
13138
13143
13137
13131
13131
13133
13135
13134
13136
13129
13131
13130
13129
13127
13127
13134
13137
13142
13138
13134
13133
13123
13121
13129
13128
13123
13135
13137
13141
13149
13147
13147
13142
13148
13139
13131
13130
13128
13133
13138
13140
13149
13143
13137
13139
13142
13141
13136
13133
13134
13128
13128
13133
13129
13135
13135
13134
13138
13137
13137
13140
13136
13139
13139
13137
13136
13137
13140
13137
13142
13134
13136
13136
13135
13130
13133
13138
13135
13131
13135
13134
13133
13124
13121
13122
13118
13119
13119
13127
13133
13136
13131
13141
13142
13141
13141
13132
13132
13137
13142
13141
13140
13141
13146
13138
13133
13135
13129
13133
13130
13133
13136
13135
13145
13146
13149
13146
13143
13136
13140
13137
13132
13129
13128
13136
13137
13138
13134
13133
13126
13126
13121
13130
13131
13136
13135
13137
13135
13128
13122
13129
13127
13131
13139
13141
13133
13138
13140
13138
13134
13132
13133
13139
13145
13139
13145
13146
13144
13143
13142
13136
13135
13132
13131
13138
13143
13140
13141
13136
13138
13138
13134
13129
13121
13129
13134
13131
13136
13138
13144
13154
13148
13143
13153
13148
13145
13150
13143
13137
13134
13134
13130
13137
13138
13133
13129
13133
13136
13136
13139
13137
13135
13123
13123
13130
13132
13130
13118
13113
13119
13123
13125
13131
13124
13133
13138
13130
13128
13129
13128
13133
13123
13124
13135
13130
13133
13125
13121
13117
13118
13121
13116
13118
13115
13117
13126
13130
13130
13134
13129
13127
13139
13133
13129
13132
13124
13127
13128
13134
13132
13126
13130
13136
13130
13135
13141
13139
13149
13141
13136
13136
13131
13122
13130
13123
13127
13136
13140
13136
13133
13134
13136
13136
13143
13139
13132
13138
13133
13130
13128
13127
13133
13123
13123
13132
13130
13137
13136
13137
13135
13136
13133
13138
13128
13130
13127
13126
13133
13133
13129
13137
13139
13131
13134
13129
13123
13130
13128
13137
13137
13135
13134
13136
13141
13146
13141
13142
13135
13137
13146
13146
13147
13139
13133
13139
13139
13137
13138
13141
13142
13145
13145
13142
13137
13139
13147
13144
13146
13145
13140
13142
13135
13131
13138
13144
13142
13104
12710
12195
11815
11390
11133
10989
10956
10955
11016
11087
11181
11276
11383
11475
11583
11667
11759
11845
11925
11990
12068
12134
12198
12255
12326
12377
12423
12478
12528
12557
12598
12628
12654
12680
12705
12730
12761
12785
12813
12838
12854
12873
12886
12901
12919
12932
12947
12949
12962
12976
12985
12989
12996
12996
13011
13018
13028
13049
13043
13043
13046
13048
13057
13060
13069
13072
13069
13073
13074
13084
13093
13092
13094
13113
13107
13107
13121
13121
13116
13122
13116
13119
13110
13109
13108
13115
13115
13115
13112
13114
13112
13120
13114
13115
13121
13111
13122
13132
13124
13125
13117
13122
13129
13136
13133
13129
13126
13136
13127
13123
13125
13129
13132
13136
13133
13131
13131
13127
13123
13129
13124
13123
13123
13125
13125
13128
13127
13132
13134
13136
13138
13140
13144
13139
13148
13142
13138
13144
13133
13137
13135
13136
13141
13135
13134
13135
13129
13136
13136
13128
13122
13129
13126
13134
13132
13126
13134
13135
13137
13136
13125
13128
13132
13128
13131
13133
13126
13129
13126
13130
13130
13124
13120
13119
13126
13117
13113
13128
13128
13135
13138
13139
13135
13140
13133
13139
13131
13133
13131
13124
13129
13137
13139
13140
13132
13129
13133
13132
13124
13129
13127
13133
13135
13134
13125
13125
13130
13124
13122
13126
13122
13124
13124
13128
13130
13128
13134
13133
13128
13125
13122
13127
13131
13136
13135
13141
13139
13139
13140
13132
13133
13132
13132
13134
13139
13133
13148
13144
13141
13139
13135
13134
13139
13145
13154
13147
13151
13150
13148
13149
13145
13142
13141
13136
13141
13139
13141
13140
13146
13148
13139
13143
13141
13144
13135
13140
13139
13147
13145
13139
13139
13137
13142
13144
13135
13132
13143
13139
13135
13140
13140
13138
13145
13148
13140
13139
13143
13139
13142
13145
13143
13141
13142
13136
13137
13137
13134
13132
13133
13136
13127
13130
13126
13120
13128
13128
13128
13138
13140
13137
13137
13142
13141
13154
13145
13141
13152
13145
13141
13149
13144
13137
13138
13141
13142
13136
13132
13129
13135
13138
13128
13126
13128
13131
13139
13128
13133
13138
13140
13138
13137
13133
13141
13138
13137
13152
13145
13151
13158
13159
13157
13153
13143
13143
13128
13126
13133
13131
13134
13140
13131
13127
13132
13132
13128
13129
13134
13126
13119
13127
13130
13129
13134
13132
13139
13138
13137
13133
13137
13139
13137
13139
13139
13136
13140
13138
13139
13143
13148
13147
13148
13146
13142
13141
13141
13139
13145
13141
13142
13138
13134
13136
13139
13138
13137
13139
13135
13138
13136
13137
13136
13135
13138
13137
13142
13141
13136
13140
13139
13137
13140
13135
13129
13129
13124
13122
13121
13124
13127
13126
13127
13123
13127
13131
13129
13129
13148
13147
13145
13152
13145
13139
13134
13133
13131
13131
13135
13138
13142
13141
13141
13147
13150
13147
13155
13141
13133
13137
13129
13130
13122
13126
13124
13124
13121
13131
13122
13130
13139
13140
13145
13150
13143
13150
13143
13137
13142
13133
13128
13136
13131
13137
13135
13132
13134
13135
13141
13138
13142
13142
13137
13132
13140
13135
13144
13139
13133
13139
13140
13145
13132
13139
13137
13139
13148
13150
13139
13143
13135
13137
13133
13138
13127
13134
13127
13124
13132
13135
13139
13143
13142
13145
13142
13144
13147
13144
13139
13140
