13148
13148
13141
13143
13139
13143
13138
13129
13124
13123
13131
13133
13132
13131
13136
13140
13140
13143
13143
13142
13128
13133
13130
13134
13134
13132
13130
13127
13134
13134
13130
13142
13146
13144
13146
13142
13151
13139
13139
13143
13137
13135
13141
13135
13141
13139
13136
13137
13129
13138
13142
13137
13141
13143
13143
13147
13139
13139
13142
13130
13126
13134
13134
13131
13133
13142
13145
13147
13149
13146
13142
13139
13140
13146
13141
13134
13140
13129
13126
13136
13133
13132
13129
13135
13130
13132
13127
13131
13128
13138
13138
13137
13135
13131
13127
13136
13126
13122
13125
13115
13122
13123
13125
13130
13139
13145
13146
13150
13151
13146
13143
13145
13142
13143
13134
13132
13143
13140
13131
13137
13133
13135
13128
13132
13135
13135
13132
13135
13133
13137
13141
13133
13138
13133
13137
13138
13127
13133
13142
13139
13132
13133
13137
13137
13141
13140
13134
13129
13135
13133
13138
13136
13125
13130
13136
13133
13142
13138
13138
13145
13147
13140
13134
13135
13133
13138
13130
13128
13116
13124
13119
13120
13116
13122
13127
13131
13125
13126
13130
13123
13130
13139
13139
13142
13137
13140
13140
13131
13138
13131
13134
13135
13131
13134
13133
13134
13148
13138
13141
13145
13145
13146
13142
13141
13143
13145
13146
13145
13141
13143
13139
13132
13134
13131
13130
13134
13129
13117
13125
13125
13123
13127
13120
13118
13121
13128
13126
13135
13134
13128
13127
13132
13136
13132
13135
13128
13128
13123
13130
13132
13126
13125
13130
13128
13127
13134
13131
13138
13135
13139
13137
13126
13132
13131
13125
13139
13137
13135
13142
13137
13134
13138
13134
13137
13142
13145
13148
13146
13147
13147
13148
13140
13137
13137
13138
13137
13140
13139
13132
13138
13139
13130
13134
13135
13128
13138
13135
13138
13136
13138
13146
13136
13144
13143
13142
13150
13142
13138
13149
13144
13148
13146
13150
13141
13137
13140
13143
13134
13134
13134
13137
13138
13138
13138
13130
13130
13143
13136
13127
13136
13130
13130
13134
13134
13143
13143
13138
13134
13125
13130
13126
13123
13128
13131
13137
13141
13136
13139
13152
13145
13146
13148
13147
13143
13145
13141
13139
13141
13140
13134
13128
13133
13128
13126
13127
13117
13125
13116
13116
13128
13126
13130
13134
13136
13139
13145
13140
13144
13133
13137
13140
13140
13141
13137
13134
13138
13135
13131
13134
13125
13120
13120
13123
13124
13136
13137
13133
13142
13150
13150
13148
13148
13146
13139
13135
13131
13132
13131
13133
13139
13135
13135
13128
13135
13135
13136
13137
13137
13137
13136
13136
13140
13137
13139
13134
13140
13123
13126
13126
13115
13122
13119
13118
13123
13126
13128
13140
13137
13133
13133
13133
13143
13149
13151
13149
13152
13163
13161
13162
13155
13144
13140
13136
13140
13135
13129
13116
13115
13119
13126
13128
13123
13124
13121
13122
13126
13131
13126
13135
13137
13133
13139
13135
13134
13142
13139
13137
13131
13128
13126
13126
13133
13134
13134
13131
13132
13142
13140
13138
13146
13142
13143
13148
13149
13152
13142
13140
13138
13136
13145
13134
13124
13122
13129
13131
13137
13130
13122
13138
13138
13136
13075
12396
11305
10388
9774
9357
9125
9088
9121
9237
9373
9550
9713
9913
10085
10279
10434
10608
10757
10916
11047
11185
11299
11425
11528
11631
11725
11814
11888
11973
12032
12110
12173
12245
12297
12348
12395
12449
12489
12533
12570
12607
12638
12673
12700
12732
12746
12772
12796
12812
12840
12856
12870
12893
12909
12928
12930
12940
12959
12970
12978
12979
12984
12991
13008
13012
13016
13030
13032
13042
13045
13056
13057
13062
13075
13075
13081
13091
13088
13090
13101
13103
13107
13109
13115
13113
13110
13106
13108
13109
13109
13105
13108
13103
13106
13116
13115
13113
13130
13124
13128
13125
13125
13119
13125
13128
13129
13122
13127
13122
13125
13129
13129
13127
13125
13123
13124
13133
13133
13132
13132
13133
13132
13133
13139
13134
13129
13131
13132
13136
13138
13131
13132
13137
13139
13137
13129
13133
13135
13135
13140
13142
13138
13136
13137
13134
13138
13131
13139
13142
13133
13132
13132
13137
13141
13137
13130
13126
13125
13123
13129
13126
13124
13121
13124
13124
13122
13135
13138
13145
13144
13145
13144
13142
13132
13134
13126
13123
13132
13134
13135
13135
13134
13132
13135
13134
13133
13125
13132
13141
13141
13149
13149
13150
13150
13146
13138
13141
13132
13130
13123
13117
13123
13129
13131
13131
13137
13142
13139
13142
13138
13136
13137
13134
13137
13151
13143
13136
13142
13146
13143
13140
13141
13145
13140
13148
13153
13148
13149
13152
13147
13151
13151
13158
13160
13151
13152
13156
13139
13132
13135
13131
13136
13128
13125
13119
13113
13123
13122
13120
13127
13122
13128
13135
13134
13136
13133
13131
13129
13128
13134
13137
13133
13138
13138
13128
13130
13126
13132
13137
13132
13125
13131
13126
13132
13126
13124
13138
13134
13128
13133
13126
13132
13134
13134
13143
13144
13142
13142
13135
13137
13136
13137
13139
13138
13139
13135
13132
13133
13128
13132
13136
13137
13144
13141
13145
13143
13138
13142
13137
13123
13127
13130
13131
13138
13138
13133
13136
13134
13129
13138
13132
13134
13133
13136
13133
13132
13126
13121
13130
13141
13136
13143
13133
13128
13141
13139
13132
13130
13127
13132
13127
13136
13141
13141
13145
13144
13133
13135
13144
13141
13143
13140
13140
13148
13141
13136
13143
13132
13127
13128
13125
13119
13120
13120
13124
13133
13130
13127
13134
13135
13133
13138
13130
13133
13138
13132
13136
13134
13129
13133
13134
13131
13126
13131
13126
13133
13125
13127
13131
13134
13138
13144
13142
13149
13148
13147
13151
13142
13141
13146
13137
13140
13136
13136
13135
13138
13140
13142
13143
13144
13142
13137
13133
13135
13141
13135
13128
13129
13129
13135
13135
13140
13145
13142
13144
13145
13139
13141
13137
13138
13136
13137
13133
13138
13145
13137
13144
13132
13133
13138
13132
13132
13140
13145
13147
13145
13144
13130
13133
13131
13135
13138
13130
13132
13145
13134
13135
13141
13139
13137
13137
13135
13130
13133
13140
13130
13126
13125
13127
13131
13132
13127
13134
13134
13132
13132
13140
13134
13134
13145
13142
13139
13143
13138
13135
13136
13136
13126
13135
13143
13147
13137
13132
13128
13134
13132
13130
13132
13134
13136
13130
13132
13132
13126
13126
13138
13137
13139
13148
13143
13139
13135
13132
13138
13140
13142
13156
13150
13139
13140
13132
13127
13131
13137
13138
13133
13127
13122
