13119
13118
13131
13127
13123
13126
13137
13138
13140
13140
13134
13127
13138
13131
13125
13122
13125
13121
13124
13121
13116
13118
13115
13118
13117
13122
13115
13121
13122
13131
13134
13135
13138
13139
13147
13143
13138
13135
13129
13128
13126
13126
13123
13121
13118
13127
13130
13144
13138
13135
13136
13129
13134
13132
13129
13137
13135
13137
13133
13129
13129
13135
13140
13138
13141
13153
13153
13146
13150
13145
13137
13135
13133
13132
13139
13138
13134
13137
13135
13141
13137
13140
13141
13145
13147
13141
13143
13143
13147
13139
13139
13138
13143
13141
13139
13133
13130
13136
13137
13133
13138
13140
13132
13134
13131
13127
13127
13124
13131
13133
13131
13136
13136
13142
13148
13139
13136
13139
13139
13138
13138
13132
13133
13130
13127
13123
13127
13126
13136
13142
13142
13137
13147
13135
13132
13135
13129
13137
13141
13139
13143
13139
13145
13138
13125
13132
13135
13132
13144
13133
13134
13137
13126
13125
13138
13139
13135
13137
13139
13135
13137
13134
13139
13144
13148
13147
13148
13150
13142
13140
13139
13133
13144
13135
13134
13134
13133
13142
13132
13133
13137
13135
13139
13136
13132
13139
13145
13141
13139
13136
13134
13133
13129
13126
13134
13124
13126
13134
13129
13136
13132
13135
13137
13127
13121
13130
13128
13132
13135
13138
13139
13134
13140
13139
13136
13138
13133
13132
13128
13122
13126
13132
13128
13132
13127
13127
13130
13128
13125
13133
13140
13140
13140
13143
13155
13147
13134
13007
12928
12872
12846
12821
12819
12817
12831
12840
12852
12869
12879
12892
12905
12915
12935
12940
12950
12969
12978
12995
13004
13010
13015
13024
13030
13033
13038
13049
13056
13065
13065
13070
13073
13076
13068
13070
13070
13066
13075
13085
13087
13095
13095
13094
13099
13096
13098
13099
13105
13106
13106
13107
13113
13119
13126
13123
13126
13139
13130
13135
13131
13129
13124
13129
13123
13123
13121
13120
13126
13130
13130
13132
13129
13136
13130
13134
13139
13139
13138
13147
13135
13132
13130
13129
13126
13121
13131
13128
13131
13137
13130
13136
13139
13138
13141
13131
13124
13131
13134
13134
13128
13127
13127
13128
13130
13137
13128
13121
13134
13128
13137
13134
13132
13141
13143
13137
13136
13132
13130
13135
13138
13139
13130
13131
13129
13131
13133
13132
13130
13132
13133
13141
13149
13144
13148
13138
13134
13142
13140
13133
13126
13124
13127
13121
13125
13125
13126
13134
13137
13133
13134
13130
13124
13125
13128
13123
13126
13121
13124
13134
13132
13135
13137
13132
13128
13127
13125
13124
13134
13134
13136
13137
13142
13142
13153
13149
13150
13147
13148
13145
13135
13137
13140
13139
13140
13144
13137
13137
13142
13136
13141
13140
13138
13150
13144
13140
13143
13139
13142
13144
13138
13138
13140
13139
13135
13136
13134
13124
13120
13124
13119
13123
13126
13121
13129
13125
13121
13129
13132
13138
13133
13124
13126
13125
13126
13124
13117
13125
13072
12952
12889
12843
12833
12825
12823
12821
12842
12849
12862
12885
12900
12919
12927
12937
12950
12958
12967
12985
12996
13015
13014
13022
13023
13032
13037
13042
13049
13055
13052
13052
13061
13060
13061
13065
13076
13079
13086
13096
13102
13102
13018
12507
11902
11417
11138
10974
10929
10923
10972
11037
11120
11207
11327
11419
11528
11617
11719
11804
11901
11975
12053
12115
12189
12241
12314
12359
12404
12444
12490
12526
12558
12594
12626
12650
12687
12715
12746
12770
12794
12814
12833
12849
12860
12874
12889
12904
12932
12937
12951
12965
12975
12986
12997
13006
13023
13034
13041
13043
13051
13060
13054
13049
13050
13050
13060
13069
13067
13083
13088
13089
13091
13094
13090
13098
13100
13110
13111
13115
13119
13117
13129
13123
13121
13125
13126
13121
13119
13112
13117
13114
13111
13113
13125
13128
13127
13128
13131
13126
13128
13131
13133
13135
13131
13127
13145
13133
13135
13136
13128
13133
13122
13121
13122
13119
13124
13129
13132
13129
13129
13126
13125
13129
13131
13132
13132
13133
13134
13135
13132
13136
13129
13128
13135
13133
13140
13139
13144
13137
13137
13140
13139
13138
13133
13120
13127
13123
13123
13136
13134
13133
13132
13128
13128
13123
13126
13134
13129
13134
13141
13139
13150
13150
13156
13156
13150
13141
13140
13137
13132
13132
13126
13124
13127
13132
13135
13133
13136
13126
13129
13135
13130
13129
13130
13128
13134
13130
13127
13132
13135
13136
13138
13145
13142
13137
13140
13138
13148
13142
13144
13138
13142
13141
13143
13138
13132
13129
13142
13140
13139
13144
13143
13143
13147
13142
13141
13143
13145
13147
13144
13148
13141
13138
13137
13133
13134
13132
13139
13136
13141
13137
13138
13138
13135
13130
13126
13128
13132
13126
13129
13123
13133
13133
13129
13131
13128
13128
13135
13131
13135
13139
13144
13144
13146
13138
13143
13142
13145
13138
13141
13139
13145
13144
13141
13139
13146
13137
13133
13135
13129
13136
13138
13132
13131
13131
13131
13138
13135
13137
13136
13138
13140
13138
13137
13141
13137
13139
13147
13140
13142
13145
13146
13141
13149
13154
13152
13146
13148
13135
13135
13136
13126
13125
13127
13129
13141
13128
13124
13122
13125
13133
13132
13134
13134
13137
13135
13138
13132
13133
13131
13129
13129
13129
13131
13134
13135
13138
13142
13141
13138
13140
13137
13135
13138
13137
13139
13141
13135
13136
13128
13132
13134
13136
13134
13133
13136
13131
13126
13125
13126
13131
13136
13130
13135
13131
13128
13134
13128
13131
13139
13133
13139
13134
13138
13136
13129
13118
13128
13123
13127
13130
13131
13126
13129
13132
13133
13133
13139
13137
13140
13141
13148
13143
13150
13147
13153
13141
13144
13143
13147
13148
13154
13154
13151
13143
13142
13141
13136
13139
13150
13147
13151
13143
13148
13151
13150
13148
13140
13138
13141
13150
13154
13153
13151
13147
13142
13141
13143
13135
13142
13134
13131
13136
13135
13142
13155
13145
13136
13139
13135
13127
13126
13126
13130
13132
13128
13127
13123
13133
13126
13131
13136
13135
13137
13141
13137
13135
13140
13137
13136
13134
13131
13127
13133
13123
13127
13119
13129
13132
13142
13141
13138
13138
13137
13129
13136
13124
13124
13132
13131
13127
13130
13121
13128
13131
13128
13122
13120
13122
13132
13134
13141
13135
13139
13133
13138
13131
13139
13135
13139
13146
13140
13140
13138
13142
13138
13133
13137
13134
13142
13139
13139
13140
13140
13133
13134
13124
13118
13117
13119
13124
13128
13125
13120
13123
13126
13120
13126
13124
13132
13128
13137
13136
