13142
13139
13133
13129
13132
13134
13133
13133
13134
13132
13134
13132
13134
13135
13132
13136
13131
13127
13139
13139
13143
13146
13150
13152
13153
13146
13142
13134
13135
13130
13134
13132
13130
13137
13140
13137
13144
13138
13130
13130
13133
13135
13126
13122
13125
13118
13119
13123
13121
13127
13134
13134
13138
13139
13137
13138
13135
13135
13137
13133
13131
13133
13132
13131
13142
13143
13142
13140
13148
13139
13135
13131
13140
13141
13145
13140
13151
13134
13141
13143
13143
13147
13145
13143
13148
13151
13150
13144
13142
13139
13142
13141
13138
13137
13139
13136
13131
13126
13138
13131
13129
13138
13135
13139
13134
13135
13136
13139
13142
13139
13134
13136
13137
13136
13141
13138
13145
13145
13143
13138
13132
13132
13136
13138
13145
13139
13131
13140
13133
13134
13135
13133
13132
13133
13133
13136
13140
13135
13140
13140
13143
13140
13139
13139
13152
13141
13139
13124
13125
13119
13121
13125
13129
13127
13134
13134
13140
13139
13142
13140
13138
13139
13140
13133
13135
13138
13136
13145
13145
13142
13145
13135
13133
13137
13133
13131
13125
13128
13137
13132
13132
13139
13048
12951
12889
12851
12836
12832
12833
12842
12852
12871
12869
12887
12906
12914
12935
12941
12955
12969
12976
12981
12995
13002
13015
13022
13025
13030
13029
13043
13052
13062
13068
13072
13080
13088
13082
13082
13093
13090
13096
13104
13100
13103
13099
13098
13096
13104
13098
13098
13103
13108
13107
13115
13115
13115
13121
13118
13118
13118
13119
13119
13122
13122
13117
13119
13117
13120
13121
13125
13126
13125
13126
13133
13135
13138
13129
13128
13131
13131
13125
13125
13120
13122
13124
13118
13123
13121
13122
13119
13120
13135
13136
13134
13132
13127
13132
13128
13125
13126
13133
13140
13141
13149
13151
13148
13157
13152
13146
13145
13142
13138
13141
13140
13141
13144
13133
13138
13148
13150
13146
13147
13147
13144
13138
13136
13135
13138
13140
13135
13135
13137
13137
13140
13141
13137
13135
13138
13139
13138
13132
13126
13119
13123
13120
13128
13137
13143
13141
13145
13145
13137
13142
13144
13140
13147
13143
13136
13145
13130
13123
13127
13125
13129
13129
13132
13128
13134
13128
13130
13136
13132
13133
13131
13129
13121
13125
13128
13129
13129
13124
13125
13131
13129
13129
13128
13128
13134
13132
13136
13127
13125
13126
13128
13132
13140
13129
13125
13134
13126
13129
13132
13128
13128
13138
13140
13142
13138
13135
13131
13121
13122
13125
13133
13133
13134
13137
13136
13133
13140
13135
13136
13134
13135
13136
13135
13134
13146
13136
13136
13137
13134
13132
13142
13141
13143
13134
13130
13142
13138
13134
13133
13136
13136
13138
13133
13132
13134
13128
13129
13129
13132
13131
13133
13123
13129
13131
13125
13130
13132
13128
13130
13131
13136
13133
13132
13130
13134
13130
13135
13133
13132
13128
13134
13124
13131
13126
13136
13142
13134
13133
13136
13131
13131
13133
13128
13126
13120
13121
13123
13128
13132
13131
13125
13124
13127
13128
13128
13128
13130
13132
13133
13126
13132
13134
13134
13133
13133
13125
13131
13143
13142
13136
13137
13146
13144
13146
13143
13142
13133
13126
13133
13126
13126
13129
13135
13129
13125
13075
12403
11460
10441
9721
9284
8977
8825
8843
8854
8970
9100
9292
9461
9674
9850
10052
10230
10421
10581
10744
10886
11046
11176
11315
11421
11530
11629
11722
11800
11895
11966
12045
12106
12170
12126
12110
12108
12130
12154
12200
12238
12292
12341
12380
12424
12463
12498
12545
12581
12621
12654
12685
12712
12738
12765
12783
12804
12815
12841
12852
12864
12883
12895
12917
12930
12944
12961
12970
12979
12984
12986
12991
13009
13013
13026
13029
13040
13043
13055
13053
13052
13061
13065
13077
13083
13087
13084
13087
13086
13086
13092
13084
13093
13097
13095
13101
13096
13099
13100
13099
13107
13107
13108
13110
13116
13120
13129
13124
13119
13129
13125
13124
13132
13124
13123
13136
13136
13134
13136
13128
13126
13137
13130
13128
13134
13133
13140
13138
13132
13133
13132
13133
13141
13146
13136
13138
13138
13127
13131
13120
13117
13125
13129
13124
13125
13115
13123
13123
13114
13119
13114
13109
13119
13119
13112
13121
13116
13112
13116
13114
13123
13125
13130
13122
13123
13123
13126
13135
13125
13126
13133
13135
13133
13125
13131
13129
13133
13125
13129
13127
13133
13132
13129
13135
13128
13136
13152
13143
13137
13140
13131
13138
13146
13142
13143
13142
13141
13143
13140
13140
13141
13143
13148
13150
13146
13149
13140
13149
13144
13133
13140
13130
13133
13127
13130
13134
13128
13032
12933
12871
12838
12829
12823
12827
12829
12841
12855
12861
12879
12902
12913
12932
12938
12949
12958
12971
12983
12994
12998
13006
13017
13027
13038
13045
13055
13063
13062
13071
13065
13070
13081
13077
13081
13080
13081
13093
13094
13093
13100
13103
13112
13111
13106
13109
13113
13117
13129
13121
13122
13125
13121
13121
13120
13121
13133
13126
13131
13134
13132
13132
13127
13126
13123
13118
13115
13117
13111
13117
13114
13120
13123
13122
13132
13143
13143
13143
13133
13133
13138
13134
13133
13134
13133
13133
13136
13141
13150
13144
13143
13147
13145
13146
13146
13136
13134
13135
13135
13137
13138
13143
13142
13139
13142
13135
13137
13135
13133
13134
13125
13122
13132
13132
13135
13137
13140
13138
13144
13140
13146
13142
13142
13143
13138
13140
13134
13134
13134
13131
13134
13141
13133
13130
13136
13135
13129
13129
13129
13133
13130
13127
13135
13142
13145
13149
13145
13143
13139
13145
13138
13131
13133
13133
13132
13135
13130
13129
13136
13128
13139
13138
13140
13139
13135
13134
13133
13137
13141
13137
13131
13135
13131
13137
13144
13142
13137
13139
13140
13141
13144
13151
13147
13153
13148
13150
13153
13147
13142
13144
13135
13135
13134
13139
13130
13132
13131
13135
13135
13135
13135
13136
13133
13131
13127
13136
13138
13138
13138
13127
13122
13123
13121
13122
13122
13117
13113
13118
13122
13125
13123
13127
13129
13123
13130
13129
13119
13115
13122
13128
13121
13119
13121
13126
13132
13134
13138
13135
13138
13141
13141
13147
13147
13141
13133
13133
13138
13136
13137
13126
13117
13126
13124
13120
13126
13122
13125
13130
13134
13138
13134
13140
13140
13144
13145
13135
13135
13138
13131
13136
13133
13130
13137
13138
13140
13135
13134
13138
13136
13136
13131
13125
13134
13134
13138
13141
13136
13132
13145
13134
13125
13135
13132
13137
13137
13134
13142
13142
13140
13133
13132
13131
13137
