13137
13138
13155
13144
13132
13140
13138
13134
13142
13142
13142
13140
13139
13130
13133
13136
13132
13130
13132
13136
13136
13126
13126
13127
13124
13128
13122
13129
13127
13135
13140
13138
13138
13142
13145
13148
13146
13143
13142
13139
13135
13134
13133
13134
13133
13139
13136
13130
13136
13132
13128
13134
13129
13130
13133
13132
13138
13126
13127
13129
13140
13141
13142
13146
13144
13138
13141
13147
13147
13145
13138
13142
13128
13130
13129
13125
13123
13126
13125
13125
13128
13130
13135
13127
13131
13135
13124
13126
13124
13122
13123
13124
13132
13126
13123
13123
13122
13129
13130
13136
13139
13135
13137
13136
13138
13139
13137
13140
13129
13118
13114
13120
13112
13125
13123
13117
13129
13132
13130
13144
13139
13129
13129
13122
13125
13136
13136
13139
13136
13141
13142
13139
13141
13138
13133
13132
13132
13132
13127
13124
13135
13131
13131
13127
13124
13130
13122
13131
13131
13130
13136
13142
13140
13142
13147
13138
13138
13138
13139
13144
13139
13133
13141
13142
13140
13141
13134
13137
13149
13150
13154
13145
13141
13134
13128
13127
13122
13127
13131
13130
13141
13136
13134
13126
13123
13125
13125
13127
13127
13130
13132
13137
13136
13141
13147
13139
13141
13140
13136
13134
13139
13141
13145
13146
13148
13151
13150
13151
13149
13148
13144
13142
13141
13138
13134
13131
13134
13129
13134
13133
13144
13138
13143
13143
13142
13144
13140
13136
13131
13123
13118
13122
13115
13123
13130
13132
13137
13141
13132
13134
13127
13132
13143
13135
13137
13139
13141
13140
13142
13136
13133
13140
13145
13139
13144
13149
13145
13148
13150
13147
13154
13146
13137
13141
13136
13135
13129
13126
13129
13135
13136
13140
13135
13137
13137
13138
13138
13131
13130
13136
13130
13132
13136
13137
13132
13138
13134
13138
13138
13138
13137
13140
13143
13135
13132
13138
13133
13138
13139
13133
13142
13133
13130
13133
13129
13129
13123
13121
13129
13134
13131
13146
13141
13142
13044
12947
12893
12851
12827
12813
12817
12819
12842
12851
12857
12878
12890
12909
12919
12931
12949
12958
12963
12963
12977
12988
12995
13007
13006
13011
13024
13031
13044
13057
13050
13061
13061
13065
13064
13067
13071
13079
13083
13093
13094
13099
13100
13098
13096
13102
13102
13099
13103
13099
13097
13109
13112
13120
13123
13132
13134
13137
13133
13130
13125
13121
13123
13124
13124
13120
13129
13127
13123
13123
13124
13123
13125
13132
13132
13130
13133
13133
13134
13133
13126
13118
13125
13124
13132
13139
13137
13132
13141
13131
13127
13134
13129
13127
13125
13118
13124
13125
13122
13120
13128
13127
13126
13122
13120
13124
13129
13129
13120
13118
13117
13122
13127
13128
13125
13125
13129
13128
13121
13129
13127
13124
13136
13136
13134
13136
13125
13128
13132
13130
13126
13134
13132
13125
13125
13126
13119
13119
13119
13121
13127
13133
13137
13141
13136
13140
13145
13131
13128
13137
13142
13141
13145
13143
13138
13138
13133
13137
13128
13136
13141
13136
13135
13138
13133
13133
13128
13128
13136
13138
13130
13134
13128
13128
13126
13130
13129
13130
13134
13138
13127
13132
13127
13130
13128
13128
13133
13122
12842
12546
12344
11888
11554
11362
11254
11199
11218
11246
11317
11394
11491
11573
11669
11730
11746
11773
11820
11862
11930
11978
12046
12110
12182
12238
12295
12345
12393
12439
12486
12518
12557
12586
12627
12658
12691
12712
12748
12764
12788
12809
12830
12848
12856
12881
12900
12914
12921
12937
12945
12961
12977
12989
13003
13010
13017
13036
13037
13028
13044
13042
13041
13049
13050
13066
13075
13078
13091
13091
13088
13087
13091
13103
13107
13104
13095
13100
13111
13104
13107
13104
13038
12911
12844
12803
12786
12774
12780
12798
12806
12825
12839
12852
12870
12882
12900
12914
12928
12934
12955
12963
12972
12983
12985
12994
13008
13014
13021
13030
13039
13038
13042
13053
13066
13074
13069
13072
13070
13075
13076
13083
13085
13091
13087
13095
13094
13101
13105
13116
13113
13107
13114
13112
13115
13104
13110
13114
13115
13108
13119
13115
13120
13128
13124
13125
13127
13129
13139
13138
13139
13137
13133
13136
13133
13129
13126
13125
13126
13129
13132
13136
13138
13136
13134
13135
13132
13130
13127
13133
13119
13117
13120
13113
13116
13118
13124
13126
13124
13125
13133
13130
13129
13128
13126
13132
13135
13137
13136
13137
13143
13138
13142
13138
13133
13127
13133
13132
13128
13125
13129
13131
13131
13122
13119
13123
13127
13135
13135
13142
13139
13147
13153
13152
13153
13146
13139
13140
13133
13129
13134
13123
13114
13122
13122
13134
13139
13136
13138
13143
13146
13138
13133
13133
13128
13133
13126
13122
13123
13116
13117
13125
13115
13120
13119
13120
13136
13140
13141
13141
13134
13134
13135
13134
13129
13129
13136
13142
13137
13135
13145
13141
13141
13143
13137
13138
13134
13139
13139
13138
13133
13138
13139
13141
13140
13144
13131
13125
13126
13118
13126
13128
13134
13135
13137
13143
13136
13134
13134
13136
13134
13138
13135
13129
13123
13132
13126
13134
13126
13122
13125
13123
13119
13128
13126
13128
13128
13130
13129
13127
13133
13127
13127
13127
13120
13120
13116
13107
13112
13116
13122
13126
13121
13122
13122
13131
13140
13138
13145
13143
13139
13143
13141
13139
13138
13136
13133
13132
13125
13126
13131
13127
13123
13128
13120
13124
13130
13129
13129
13128
13130
13132
13134
13137
13142
13140
13137
13135
13130
13132
13133
13135
13132
13126
13127
13128
13129
13129
13121
13131
13125
13132
13133
13126
13126
13129
13133
13140
13135
13139
13146
13143
13139
13138
13137
13136
13135
13138
13132
13130
13133
13132
13132
13135
13140
13141
13141
13138
13140
13134
13133
13137
13137
13130
13131
13134
13130
13121
13123
13126
13125
13133
13137
13134
13137
13138
13141
13140
13133
13127
13132
13129
13131
13138
13134
13133
13134
13137
13136
13135
13134
13129
13134
13132
13136
13131
13146
13140
13148
13145
13142
13143
13144
13142
13147
13144
13142
13138
13133
13143
13134
13139
13139
13140
13137
13136
13134
13125
13127
13129
13142
13138
13144
13148
13145
13057
12952
12883
12844
12826
12814
12808
12822
12835
12857
12865
12878
12888
12899
12913
12929
12945
12951
12968
12971
12985
12995
12999
13009
13020
13023
13028
13040
13043
13055
13067
13070
13079
13074
13076
13076
13076
13076
13089
13088
13098
13098
13099
13098
13098
13100
13101
13105
13110
13105
13111
13110
13110
13126
13118
13108
13110
13111
13116
13110
13107
13112
13115
