13129
13129
13128
13126
13131
13132
13132
13142
13137
13131
13138
13128
13125
13138
13130
13137
13137
13133
13126
13128
13127
13118
13121
13122
13120
13124
13125
13126
13122
13118
13120
13128
13133
13140
13142
13145
13141
13140
13136
13140
13128
13133
13136
13133
13131
13133
13130
13134
13133
13134
13140
13135
13141
13147
13144
13140
13135
13133
13138
13141
13137
13139
13131
13137
13138
13136
13139
13085
12972
12899
12854
12838
12828
12829
12835
12839
12853
12866
12878
12894
12908
12918
12935
12939
12958
12972
12985
12994
13007
13009
13019
13023
13023
13037
13039
13046
13057
13065
13067
13065
13073
13071
13072
13079
13081
13090
13086
13087
13092
13092
13085
13091
13087
13085
13085
13091
13097
13093
13099
13108
13112
13117
13119
13120
13122
13112
13117
13123
13115
13112
13118
13111
13117
13120
13125
13127
13126
13126
13128
13136
13138
13133
13132
13139
13135
13131
13128
13128
13132
13128
13126
13134
13131
13138
13129
13125
13129
13127
13125
13126
13114
13124
13130
13134
13137
13135
13131
13129
13125
13127
13135
13136
13133
13134
13131
13126
13131
13131
13125
13124
13128
13132
13132
13136
13134
13136
13132
13134
13136
13137
13134
13133
13124
13124
13117
13123
13124
13127
13136
13142
13141
13138
13145
13148
13152
13143
13127
13132
13137
13130
13132
13124
13123
13132
13134
13136
13141
13138
13138
13141
13143
13137
13136
13139
13140
13142
13145
13140
13153
13141
13143
13140
13139
13139
13136
13134
13133
13134
13135
13129
13130
13135
13131
13135
13133
13131
13124
13131
13124
13120
13122
13120
13121
13133
13131
13131
13136
13136
13137
13141
13146
13136
13135
13138
13137
13138
13130
13125
13138
13138
13139
13138
13132
13135
13134
13133
13128
13123
13118
13127
13120
13123
13130
13133
13135
13138
13135
13137
13132
13133
13138
13133
13134
13138
13139
13143
13136
13135
13133
13133
13136
13131
13137
13142
13141
13142
13139
13137
13140
13132
13129
13126
13122
13120
13119
13121
13127
13124
13130
13135
13125
13130
13130
13117
13128
13133
13139
13148
13143
13140
13150
13147
13145
13146
13146
13144
13139
13133
13135
13133
13142
13142
13134
13145
13138
13132
13130
13131
13130
13124
13126
13132
13123
13132
13133
13123
13124
13122
13117
13123
13122
13131
13132
13132
13141
13148
13145
13152
13154
13147
13143
13143
13140
13150
13145
13146
13144
13144
13142
13142
13139
13133
13135
13143
13142
13129
13124
13117
13123
13120
13124
13133
13131
13133
13134
13129
13131
13129
13124
13129
13114
13117
13116
13119
13125
13125
13128
13126
13126
13130
13138
13136
13139
13137
13135
13136
13140
13138
13145
13143
13154
13145
13140
13139
13136
13130
13134
13131
13138
13122
13121
13119
13114
13113
13112
13110
13117
13113
13113
13120
13110
13115
13119
13125
13133
13142
13144
13144
13143
13138
13145
13148
13144
13149
13146
13148
13146
13138
13133
13135
13140
13133
13135
13139
13139
13139
13139
13133
13140
13136
13142
13145
13148
13145
13145
13140
13140
13134
13132
13130
13120
13128
13132
13129
13136
13144
13145
13150
13149
13137
13133
13131
13126
13134
13138
13135
13138
13131
13134
13132
13134
12941
12522
12164
11751
11469
11333
11257
11246
11238
11278
11333
11411
11496
11588
11671
11741
11747
11790
11842
11900
11959
11975
11909
11904
11922
11965
12008
12060
12099
12165
12212
12267
12323
12369
12411
12462
12501
12541
12570
12603
12633
12663
12684
12707
12715
12624
12572
12571
12563
12577
12590
12610
12633
12659
12683
12722
12748
12772
12793
12811
12835
12848
12867
12885
12905
12922
12939
12939
12950
12975
12985
12991
12998
13006
13014
13026
13036
13042
13050
13050
13056
13065
13069
13071
13080
13080
13076
13080
13076
13075
13074
13076
13078
13080
13084
13093
13098
13095
13104
13107
13102
13102
13098
13100
13106
13112
13120
13118
13120
13126
13124
13120
13123
13118
13120
13126
13127
13125
13131
13132
13135
13139
13141
13141
13143
13141
13138
13136
13130
13130
13127
13130
13128
13123
13135
13135
13132
13136
13138
13131
13133
13134
13131
13133
13134
13126
13130
13135
13132
13135
13126
13130
13135
13136
13146
13143
13140
13142
13142
13144
13143
13141
13132
13130
13133
13129
13122
13136
13128
13135
13137
13137
13138
13134
13135
13138
13139
13139
13137
13133
13138
13146
13138
13139
13143
13140
13139
13129
13129
13133
13134
13124
13130
13129
13122
13123
13126
13126
13131
13137
13120
13120
13117
13126
13133
13131
13141
13145
13148
13142
13142
13139
13132
13126
13133
13126
13133
13136
13128
13129
13126
13125
13125
13137
13132
13138
13151
13142
13141
13144
13144
13139
13141
13136
13133
13128
13124
13120
13115
13128
13124
13125
13140
13142
13144
13143
13132
13137
13132
13130
13127
13124
13128
13130
13131
13136
13139
13136
13138
13142
13149
13157
13152
13151
13148
13149
13144
13139
13137
13148
13135
13139
13141
13140
13137
13139
13135
13141
13139
13135
13136
13142
13143
13142
13140
13138
13132
13140
13143
13146
13144
13149
13151
13153
13144
13147
13144
13139
13140
13138
13135
13134
13127
13131
13135
13128
13133
13135
13138
13142
13142
13147
13144
13144
13145
13147
13141
13144
13144
13143
13142
13141
13140
13132
13139
13142
13142
13136
13139
13141
13145
13140
13134
13138
13134
13135
13140
13140
13152
13149
13146
13147
13138
13139
13135
13132
13139
13131
13128
13134
13126
13123
13124
13125
13131
13134
13134
13138
13138
13137
13134
13138
13139
13132
13134
13133
13134
13142
13135
13134
13139
13146
13150
13146
13143
13148
13142
13140
13136
13134
13134
13126
13123
13126
13122
13120
13135
13132
13128
13136
13134
13126
13134
13131
13131
13131
13137
13140
13132
13135
13130
13134
13139
13137
13139
13130
13137
13132
13125
13125
13129
13128
13136
13136
13138
13142
13138
13137
13137
13131
13133
13141
13139
13144
13145
13140
13148
13136
13132
13133
13131
13129
13131
13126
13124
13134
13138
13126
13131
13134
13134
13131
13128
13134
13133
13132
13133
13138
13132
13134
13141
13139
13136
13130
13132
13134
13138
13137
13140
13138
13136
13138
13134
13132
13131
13125
13121
13117
13118
13126
13122
13125
13132
13126
13130
13136
13138
13144
13133
13138
13130
13128
13128
13119
13117
13117
13125
13125
13117
13129
13136
13139
13135
13135
13129
13134
13130
13123
13127
13122
13122
13119
13121
13128
13133
13140
13141
13142
13136
13146
13145
13141
13143
13145
13144
13150
13148
13138
13140
13140
13135
13132
13130
13132
13131
13134
13133
13140
13131
