13125
13127
13127
13124
13130
13134
13131
13136
13133
13138
13143
13136
13134
13133
13120
13133
13128
13127
13134
13133
13128
13129
13124
13121
13125
13132
13134
13129
13129
13129
13131
13131
13130
13135
13137
13136
13141
13134
13127
13133
13140
13139
13133
13134
13130
13140
13147
13152
13144
13145
13149
13153
13145
13147
13148
13150
13149
13141
13142
13136
13137
13145
13132
13137
13135
13139
13140
13136
13142
13138
13137
13137
13136
13139
13130
13129
13133
13129
13127
13132
13129
13128
13126
13127
13126
13125
13124
13131
13126
13136
13128
13128
13128
13135
13137
13154
13143
13131
13141
13132
13136
13138
13130
13133
13125
13127
13123
13123
13127
13138
13133
13136
13130
13133
13134
13134
13134
13127
13127
13125
13123
13127
13121
13124
13125
13121
13121
13129
13113
13118
13123
13121
13125
13128
13127
13134
13130
13122
13131
13126
13132
13132
13128
13137
13136
13143
13141
13139
13137
13133
13141
13139
13131
13134
13138
13142
13147
13145
13145
13143
13141
13146
13139
13139
13142
13139
13135
13135
13136
13138
13136
13137
13134
13139
13139
13146
13144
13137
13144
13146
13147
13146
13139
13139
13138
13144
13141
13143
13145
13144
13140
13144
13138
13134
13133
13128
13133
13123
13124
13133
13135
13142
13139
13146
13149
13151
13143
13148
13147
13138
13140
13127
13131
13136
13132
13133
13123
13128
13136
13127
13124
13118
13115
13123
13128
13138
13142
13145
13148
13142
13146
13147
13145
13145
13145
13145
13142
13133
13133
13133
13132
13130
13126
13129
13126
13132
13133
13145
13143
13144
13146
13143
13136
13133
13132
13131
13129
13137
13149
13136
13133
13128
13131
13135
13131
13124
13122
13124
13132
13126
13126
13138
13139
13140
13141
13134
13145
13145
13144
13152
13157
13155
13155
13158
13151
13140
13132
13134
13122
13122
13127
13127
13119
13115
13116
13120
13125
13121
13131
13141
13142
13146
13148
13149
13152
13149
13145
13140
13139
13127
13129
13132
13136
13132
13136
13136
13140
13134
13135
13134
13139
13142
13134
13144
13138
13139
13140
13140
13135
13143
13139
13139
13136
13138
13132
13137
13134
13137
13147
13141
13126
13138
13134
13134
13129
13137
13136
13135
13136
13130
13130
13137
13125
13124
13126
13127
13135
13132
13136
13138
13142
13145
13139
13132
13131
13129
13124
13122
13123
13130
13130
13133
13134
13140
13136
13142
13143
13142
13149
13143
13137
13136
13138
13140
13137
13139
13137
13130
13132
13134
13138
13136
13129
13131
13126
13124
13135
13130
13131
13133
13130
13132
13129
13128
13128
13129
13138
13138
13129
13132
13126
13130
13139
13143
13137
13153
13146
13141
13145
13138
13139
13143
13148
13149
13146
13138
13134
13132
13123
13122
13128
13132
13131
13137
13134
13135
13144
13136
13135
13140
13138
13139
13139
13141
13139
13139
13145
13146
13139
13146
13148
13144
13142
13143
13143
13146
13141
13139
13139
13135
13133
13134
13128
13131
13132
13128
13118
13131
13140
13137
13136
13142
13141
13137
13130
13128
13134
13132
13130
13137
13138
13139
13140
13139
13142
13139
13136
13136
13128
13132
13137
13134
13141
13139
13139
13144
13138
13140
13141
13139
13135
13139
13137
13138
12959
12461
11918
11278
10889
10651
10558
10525
10583
10642
10744
10848
10974
11075
11206
11320
11433
11533
11634
11722
11813
11899
11983
12053
12127
12197
12265
12314
12377
12415
12465
12503
12538
12574
12615
12630
12665
12685
12710
12737
12768
12793
12819
12838
12855
12864
12885
12903
12918
12938
12949
12960
12982
12989
12997
13009
13015
13021
13023
13034
13040
13044
13043
13050
13053
13056
13067
13061
13062
13069
13073
13091
13084
13089
13098
13095
13095
13095
13099
13105
13109
13115
13116
13120
13123
13122
13129
13126
13122
13120
13114
13111
13123
13116
13113
13119
13119
13123
13118
13123
13131
13125
13126
13129
13119
13123
13122
13126
13122
13127
13128
13129
13127
13126
13128
13122
13114
13122
13126
13126
13130
13135
13135
13137
13136
13129
13133
13134
13136
13136
13125
13126
13132
13128
13133
13135
13130
13129
13134
13129
13142
13141
13137
13138
13136
13139
13139
13138
13137
13136
13135
13145
13146
13144
13150
13143
13142
13144
13144
13137
13135
13141
13142
13139
13136
13138
13144
13145
13138
13139
13135
13132
13140
13134
13130
13131
13129
13133
13126
13123
13123
13126
13131
13135
13133
13140
13138
13139
13141
13137
13133
13142
13143
13137
13142
13139
13133
13134
13131
13136
13135
13137
13142
13138
13139
13132
13127
13126
13121
13115
12980
12904
12857
12827
12822
12824
12835
12846
12849
12854
12863
12875
12894
12907
12917
12891
12776
12717
12692
12673
12675
12676
12694
12706
12737
12755
12774
12801
12826
12840
12865
12882
12899
12920
12933
12947
12955
12967
12982
12991
13005
13010
13019
13017
13014
13023
13029
13046
13053
13054
13060
13070
13074
13092
13087
13097
13095
13096
13102
13098
13101
13105
13100
13099
13106
13100
13103
13114
13110
13115
13117
13129
13123
13133
13136
13128
13138
13137
13139
13131
13129
13132
13134
13135
13136
13131
13126
13126
13120
13121
13122
13115
13110
13122
13113
13122
13125
13130
13134
13135
13134
13135
13130
13130
13133
13124
13116
13128
13129
13132
13132
13132
13131
13137
13141
13140
13140
13144
13145
13141
13138
13130
13139
13138
13142
13147
13144
13139
13144
13153
13152
13157
13151
13150
13142
13139
13138
13138
13139
13136
13131
13138
13130
13140
13141
13132
13137
13138
13126
13126
13130
13130
13139
13138
13141
13134
13138
13139
13141
13143
13138
13138
13143
13139
13142
13140
13137
13142
13138
13133
13132
13132
13133
13137
13124
13132
13141
13141
13145
13141
13135
13142
13145
13135
13150
13140
13129
13138
13131
13127
13130
13133
13129
13136
13138
13137
13138
13133
13134
13131
13127
13124
13136
13131
13127
13130
13128
13129
13126
13136
13139
13138
13144
13147
13137
13142
13136
13129
13132
13139
13136
13140
13137
13137
13147
13141
13141
13145
13141
13141
13139
13138
13141
13145
13139
13134
13140
13139
13134
13135
13134
13132
13132
13132
13130
13129
13124
13130
13131
13122
13128
13127
13129
13132
13124
13130
13137
13142
13154
13154
13142
13150
13147
13141
13154
13141
13133
13141
13142
13138
13132
13131
13121
13128
13131
13131
13136
13139
13135
13135
13138
13139
13153
13141
13143
13150
13146
13144
13148
13147
13145
13142
13139
13145
13142
13141
13142
13140
13141
13145
13139
13138
13131
13128
13129
13123
13122
13126
13129
13121
13125
13124
13135
13134
13135
13132
