13141
13139
13142
13139
13135
13132
13131
13128
13128
13138
13146
13142
13139
13140
13134
13136
13130
13133
13129
13131
13133
13136
13123
13125
13128
13121
13124
13124
13126
13131
13130
13133
13127
13133
13136
13134
13141
13137
13135
13138
13140
13145
13137
13133
13140
13135
13134
13128
13118
13120
13122
13129
13130
13136
13137
13141
13137
13139
13133
13132
13140
13144
13141
13147
13143
13139
13149
13143
13148
13143
13142
13135
13135
13133
13135
13135
13141
13142
13139
13148
13143
13143
13131
13133
13133
13130
13126
13126
13134
13134
13138
13141
13133
13133
13130
13131
13132
13134
13132
13134
13135
13134
13137
13140
13142
13133
13143
13133
13134
13144
13144
13138
13139
13138
13138
13147
13141
13141
13140
13139
13137
13133
13037
12923
12870
12830
12809
12804
12803
12806
12819
12837
12857
12873
12884
12899
12911
12920
12941
12957
12972
12978
12987
13000
13012
13020
13035
13038
13042
13053
13057
13055
13063
13072
13075
13083
13083
13082
13074
13079
13084
13099
13099
13104
13104
13102
13104
13106
13101
13100
13103
13109
13109
13116
13112
13119
13119
13124
13115
13117
13129
13127
13127
13127
13132
13132
13133
13132
13123
13128
13132
13129
13134
13129
13125
13125
13126
13121
13126
13130
13132
13132
13134
13128
13130
13132
13126
13129
13130
13127
13128
13133
13136
13143
13139
13136
13132
13137
13138
13144
13148
13145
13142
13143
13143
13130
13135
13123
13122
13133
13135
13127
13127
13123
13130
13132
13129
13126
13131
13132
13133
13138
13138
13139
13136
13136
13135
13134
13136
13134
13137
13139
13134
13134
13135
13137
13133
13137
13136
13132
13131
13137
13127
13134
13122
13120
13130
13122
13121
13123
13124
13125
13128
13134
13132
13134
13133
13128
13122
13123
13121
13121
13117
13128
13139
13138
13132
13135
13130
13137
13131
13134
13125
13129
13123
13132
13130
13132
13126
13128
13129
13136
13135
13141
13136
13133
13127
13122
13126
13129
13129
13124
13129
13139
13144
13141
13142
13142
13139
13145
13150
13140
13147
13143
13149
13148
13148
13150
13150
13150
13144
13134
13134
13136
13135
13144
13133
13135
13134
13131
13126
13133
13134
13135
13132
13123
13125
13122
13121
13129
13131
13130
13126
13129
13133
13133
13132
13132
13135
13143
13144
13145
13138
13132
13140
13134
13125
13134
13142
13138
13136
13139
13135
13135
13139
13135
13130
13133
13131
13129
13126
13133
13135
13132
13125
13122
13122
13114
13116
13121
13128
13137
13131
13127
13133
13138
13135
13123
13126
13129
13128
13124
13129
13132
13136
13140
13140
13141
13138
13135
13133
13130
13128
13131
13128
13132
13130
13128
13128
13128
13131
13138
13136
13138
13128
13129
13141
13132
13137
13137
13132
13139
13139
13141
13140
13138
13137
13140
13137
13137
13134
13135
13140
13130
13138
13133
13134
13143
13142
13139
13135
13138
13134
13134
13140
13142
13134
13140
13139
13142
13136
13138
13129
13126
13124
13127
13133
13128
13126
13127
13119
13126
13130
13131
13132
13136
13137
13137
13139
13140
13141
13142
13146
13144
13150
13133
13134
13138
13142
13140
13138
13133
13133
13135
13135
13135
13127
13127
13125
13119
13119
13120
13121
13141
13134
13138
13134
12982
12757
12510
12352
12262
12223
12210
12227
12242
12279
12316
12354
12397
12436
12478
12523
12552
12594
12614
12525
12475
12459
12449
12460
12482
12507
12528
12563
12592
12621
12648
12681
12698
12729
12756
12779
12808
12826
12835
12854
12754
12665
12620
12598
12592
12608
12620
12643
12665
12700
12726
12754
12776
12801
12814
12837
12852
12869
12879
12889
12913
12918
12929
12942
12953
12970
12980
12988
13000
13018
13020
13033
13032
13039
13033
13055
13067
13068
13069
13085
13077
13081
13083
13088
13085
13094
13088
13090
13093
13100
13097
13098
13098
13104
13110
13113
13114
13118
13110
13112
13118
13111
13114
13110
13121
13126
13132
13136
13134
13133
13140
13146
13142
13135
13132
13134
13138
13138
13134
13140
13133
13126
13132
13132
13127
13127
13128
13130
13134
13137
13140
13143
13153
13155
13154
13151
13139
13151
13142
13140
13135
13131
13136
13132
13137
13137
13133
13124
13124
13124
13132
13130
13124
13132
13136
13146
13150
13134
13133
13139
13137
13136
13141
13138
13137
13137
13144
13145
13144
13143
13145
13143
13139
13138
13136
13135
13138
13140
13140
13134
13136
13128
13128
13125
13123
13117
13118
13122
13122
13115
13122
13124
13112
13118
13115
13119
13136
13131
13133
13142
13142
13133
13138
13139
13136
13136
13133
13131
13137
13136
13134
13132
13134
13137
13142
13140
13138
13138
13138
13142
13150
13152
13149
13149
13141
13133
13135
13133
13147
13143
13149
13146
13137
13130
13131
13131
13142
13133
13130
13140
13138
13137
13142
13142
13139
13143
13145
13148
13143
13137
13140
13148
13150
13147
13140
13136
13128
13132
13131
13133
13137
13136
13136
13135
13137
13142
13141
13145
13147
13139
13140
13141
13140
13136
13138
13138
13148
13140
13140
13146
13146
13148
13146
13138
13136
13135
13136
13138
13138
13148
13148
13153
13151
13144
13150
13149
13143
13143
13141
13144
13155
13149
13149
13138
13140
13143
13148
13144
13139
13140
13140
13138
13140
13132
13129
13129
13133
13124
13125
13131
13125
13124
13131
13127
13131
13133
13136
13135
13137
13138
13135
13134
13137
13132
13137
13135
13140
13148
13146
13137
13140
13142
13137
13138
13138
13137
13137
13135
13143
13142
13145
13149
13144
13142
13137
13135
13138
13135
13143
13139
13138
13135
13132
13131
13127
13129
13132
13124
13128
13132
13130
13123
13128
13130
13130
13130
13130
13135
13134
13135
13133
13129
13130
13128
13131
13135
13130
13128
13132
13132
13127
13128
13129
13127
13127
13125
13130
13124
13118
13129
13127
13129
13122
13122
13125
13126
13123
13129
13121
13125
13126
13126
13126
13130
13120
13120
13122
13131
13122
13123
13129
13126
13130
13132
13134
13137
13143
13147
13148
13144
13144
13143
13139
13141
13140
13134
13133
13124
13120
13128
13124
13109
12983
12892
12850
12821
12790
12780
12770
12780
12784
12803
12822
12831
12846
12867
12879
12899
12909
12920
12938
12950
12964
12976
12985
12994
13000
13010
13023
13024
13032
13035
13044
13048
13039
13045
13052
13054
13061
13070
13073
13079
13097
13091
13094
13089
13094
13094
13095
13098
13093
13103
13110
13116
13114
13120
13121
13121
13114
13113
13114
13115
13117
13116
13112
13111
13119
13111
13114
13106
13114
13117
13115
13122
13130
13134
13136
13137
13131
13140
13129
13128
13137
