13133
13133
13132
13133
13137
13138
13126
13129
13127
13128
13135
13138
13134
13137
13128
13130
13127
13134
13134
13133
13134
13131
13134
13133
13131
13131
13130
13134
13143
13138
13134
13141
13140
13149
13142
13140
13134
13136
13137
13137
13129
13137
13137
13141
13139
13134
13126
13130
13123
13132
13140
13133
13129
13130
13120
13124
13123
13124
13130
13133
13137
13144
13140
13145
13142
13137
13132
13131
13134
13133
13135
13140
13140
13142
13136
13138
13134
13128
13132
13136
13129
13129
13124
13126
13130
13134
13135
13138
13133
13127
13136
13125
13118
13122
13119
13123
13123
13123
13132
13134
13141
13133
13137
13138
13137
13142
13131
13132
13129
13126
13126
13132
13127
13131
13128
13134
13134
13130
13131
13129
13118
13132
13134
13126
13124
13128
13132
13138
13133
13132
13139
13135
13133
13134
13133
13133
13127
13141
13142
13141
13139
13136
13134
13135
13129
13131
13126
13123
13134
13129
13124
13128
13121
13129
13131
13125
13126
13130
13134
13136
13130
13139
13138
13133
13138
13137
13124
13122
13123
13122
13131
13125
13126
13125
13123
13129
13128
13131
13125
13130
13133
13132
13133
13138
13136
13138
13136
13139
13139
13136
13133
13137
13139
13142
13133
13138
13134
13135
13135
13144
13134
13137
13144
13146
13147
13139
13135
13137
13131
13132
13135
13126
13117
13133
13131
13138
13140
13130
13133
13137
13138
13135
13142
13138
13148
13148
13140
13138
13142
13136
13125
13123
13117
13124
13127
13132
13139
13140
13143
13151
13144
13144
13131
13130
13126
13128
13126
13139
13141
13139
13149
13135
13131
13131
13129
13133
13135
13133
13128
13123
13128
13122
13121
13134
13130
13136
13139
13137
13135
13138
13146
13146
13146
13144
13145
13140
13139
13133
13140
13146
13139
13138
13143
13138
13139
13140
13138
13140
13135
13133
13135
13129
13124
13130
13128
13126
13129
13132
13130
13129
13137
13135
13128
13132
13129
13129
13133
13134
13139
13129
13128
13130
13129
13130
13130
13128
13123
13125
13124
13133
13126
13128
13130
13137
13133
13132
13134
13126
13122
13124
13128
13127
13134
13137
13130
13139
13149
13145
13145
13143
13143
13140
13140
13147
13146
13153
13150
13155
13162
13149
13151
13151
13151
13144
13139
13134
13132
13129
13124
13134
13124
13132
13133
13135
13137
13140
13133
13139
13133
13135
13141
13140
13136
13133
13123
13126
13127
13127
13135
13126
13133
13136
13138
13142
13146
13145
13134
13132
13136
13125
13120
13121
13119
13119
13109
13122
13123
13133
13134
13133
13133
13136
13138
13138
13138
13138
13133
13137
13133
13127
13139
13126
13127
13132
13137
13142
13148
13140
13137
13135
13038
12939
12885
12845
12831
12827
12826
12823
12834
12847
12864
12885
12902
12912
12929
12937
12955
12966
12981
12994
13001
13021
13023
13028
13041
13041
13043
13053
13055
13058
13063
13063
13070
13079
13081
13086
13087
13095
13098
13103
13109
13102
13101
13109
13106
13111
13118
13110
13113
13107
13110
13122
13118
13109
13109
13106
13111
13119
13122
13118
13120
13130
13138
13135
13131
13128
13130
13134
13140
13137
13141
13138
13132
13138
13134
13128
13127
13131
13130
13123
13134
13127
13130
12934
12129
11247
10600
10035
9528
9238
9157
9147
9251
9364
9534
9685
9755
9841
9985
10115
10286
10428
10591
10724
10879
11013
11155
11276
11403
11501
11605
11692
11788
11868
11944
12008
12086
12141
12210
12269
12329
12370
12420
12456
12504
12541
12577
12511
12467
12437
12438
12455
12475
12501
12531
12558
12590
12614
12657
12687
12710
12726
12755
12773
12789
12812
12831
12856
12873
12883
12908
12922
12937
12950
12960
12967
12971
12986
12994
13009
13016
13024
13035
13040
13051
13061
13066
13070
13077
13080
13081
13092
13092
13101
13099
13097
13103
13102
13103
13109
13105
13113
13111
13116
13116
13110
13118
13126
13119
13114
13112
13113
13113
13118
13122
13128
13129
13132
13128
13131
13134
13130
13138
13142
13138
13132
13128
13127
13139
13131
13124
13129
13125
13129
13129
13126
13125
13130
13125
13133
13123
13122
13132
13122
13124
13122
13120
13127
13125
13125
13126
13119
13115
13127
13125
13128
13129
13129
13123
13121
13118
13124
13129
13128
13129
13133
13138
13138
13141
13138
13133
13141
13138
13134
13129
13127
13132
13132
13136
13134
13130
13134
13140
13138
13137
13135
13129
13131
13129
13119
13125
13124
13123
13137
13133
13131
13131
13132
13137
13132
13133
13132
13134
13137
13134
13138
13128
13124
13133
13128
13131
13132
13127
13132
13126
13132
13142
13129
13127
13127
13128
13137
13134
13137
13140
13144
13141
13151
13154
13148
13154
13147
13141
13139
13133
13130
13128
13130
13126
13123
13124
13122
13126
13132
13134
13132
13133
13135
13141
13132
13130
13139
13143
13147
13142
13137
13138
13143
13147
13144
13141
13149
13153
13149
13148
13146
13139
13138
13139
13133
13142
13133
13131
13133
13132
13133
13137
13137
13133
13132
13128
13129
13134
13135
13141
13140
13133
13136
13144
13137
13125
13134
13126
13125
13127
13121
13125
13129
13126
13137
13128
13137
13141
13144
13150
13143
13146
13151
13146
13141
13145
13140
13141
13144
13135
13133
13135
13141
13139
13144
13145
13135
13135
13144
13146
13139
13131
13131
13129
13123
13117
13124
13131
13137
13134
13132
13139
13139
13145
13147
13141
13149
13153
13147
13150
13146
13146
13148
13146
13150
13151
13146
13141
13145
13142
13140
13138
13132
13123
13124
13129
13131
13130
13138
13139
13146
13148
13143
13143
13139
13135
13136
13130
13127
13119
13116
13115
13116
13111
13122
13126
13131
13131
13138
13141
13139
13129
13132
13125
13121
13124
13113
13114
13122
13124
13127
13126
13126
13137
13136
13133
13135
13132
13129
13130
13129
13128
13122
13129
13134
13133
13139
13135
13139
13142
13134
13133
13133
13130
13129
13130
13133
13138
13142
13149
13143
13146
13146
13144
13143
13150
13139
13131
13134
13126
13123
13124
13127
13122
13134
13132
13125
13126
13137
13139
13140
13144
13146
13147
13137
13137
13131
13128
13131
13129
13138
13145
13143
13143
13139
13131
13129
13128
13134
13131
13130
13134
13147
13137
13133
13135
13129
13132
13141
13129
13133
13132
13133
13126
13129
13129
13132
13139
13139
13138
13130
13121
13124
13126
13123
13119
13125
13129
13131
13126
13126
13131
13125
13126
13126
13125
13126
13127
13123
13123
13128
13136
13143
13143
13144
13145
13141
13140
13142
13138
13137
13137
13139
13139
13137
13139
13137
13143
13138
13135
13137
13137
13135
13139
13136
