13126
13123
13131
13131
13133
13144
13135
13149
13146
13148
13146
13144
13137
13132
13134
13142
13141
13140
13138
13135
13139
13134
13130
13135
13140
13142
13140
13138
13142
13142
13131
13135
13124
13130
13131
13131
13136
13141
13134
13133
13134
13128
13125
13124
13134
13140
13140
13146
13143
13137
13147
13142
13142
13136
13137
13142
13138
13133
13134
13129
13133
13134
13133
13136
13137
13137
13131
13131
13127
13127
13124
13124
13121
13123
13118
13120
13126
13124
13126
13127
13125
13124
13129
13133
13137
13136
13138
13135
13136
13130
13132
13133
13128
13122
13118
13121
13115
13122
13126
13131
13135
13128
13125
13127
13120
13128
13124
13126
13129
13132
13132
13137
13131
13138
13133
13130
13130
13135
13137
13142
13141
13143
13143
13145
13137
13126
13123
13127
13131
13136
13136
13138
13131
13130
13135
13137
13138
13137
13137
13140
13146
13145
13139
13136
13137
13135
13133
13133
13134
13140
13140
13142
13139
13140
13138
13134
13134
13132
13123
13125
13128
13125
13130
13130
13134
13135
13135
13138
13134
13133
13135
13132
13129
13125
13123
13124
13121
13119
13117
13117
13129
13132
13133
13132
13132
13135
13137
13134
13130
13131
13129
13133
13135
13138
13140
13138
13138
13136
13131
13141
13137
13129
13129
13125
13130
13139
13124
13128
13129
13133
13144
13145
13151
13149
13145
13142
13128
13123
13122
13124
13133
13132
13133
13139
13131
13134
13134
13130
13132
13129
13138
13145
13140
13139
13134
13130
13134
13135
13129
13137
13126
13124
13134
13125
13124
13134
13130
13136
13144
13142
13142
13145
13147
13138
13140
13138
13131
13133
13135
13138
13144
13133
13130
13127
13128
13127
13121
13116
13119
13120
13122
13122
13122
13128
13137
13131
13131
13134
13134
13136
13135
13132
13134
13129
13136
13140
13135
13132
13135
13136
13136
13129
13124
13129
13126
13133
13138
13137
13136
13132
13139
13135
13140
13135
13134
13133
13134
13130
13133
13131
13131
13141
13131
13131
13132
13128
13137
13131
13142
13144
13140
13131
13141
13133
13129
13127
13120
13128
13137
13138
13132
13127
13129
13139
13148
13143
13141
13148
13141
13145
13152
13137
13137
13141
13144
13138
13139
13138
13141
13143
13153
13150
13146
13143
13142
13136
13143
13142
13142
13142
13141
13135
13139
13138
13129
13132
13131
13134
13141
13143
13145
13141
13141
13132
13137
13139
13133
13134
13133
13131
13137
13126
13121
13130
13127
13129
13134
13131
13131
13136
13132
13132
13128
13145
13146
13138
13135
13133
13127
13131
13131
13127
13136
13133
13133
13130
13125
13131
13123
13122
13126
13127
13129
13124
13118
13129
13130
13129
13123
13119
13126
13119
13119
13127
13131
13132
13131
13131
13132
13137
13140
13140
13140
13137
13134
13133
13137
13141
13142
13147
13144
13133
13138
13134
13127
13132
13134
13136
13141
13138
13146
13136
13130
13134
13134
13129
13136
13133
13132
13133
13134
13133
13135
13135
13134
13133
13134
13129
13137
13132
13136
13132
13135
13136
13137
13135
13135
13132
13128
13128
13120
13122
13136
13138
13141
13147
13140
13139
13141
13137
13143
13139
13138
13140
13139
13138
13134
13144
13133
13134
13139
13127
12674
11779
11210
10869
10708
10619
10629
10646
10694
10757
10849
10948
11065
11166
11289
11391
11509
11602
11705
11783
11877
11947
12035
12102
12165
12224
12289
12333
12390
12429
12476
12505
12549
12588
12623
12650
12678
12710
12752
12771
12800
12818
12838
12859
12878
12896
12904
12915
12931
12942
12957
12974
12982
12992
13007
13014
13021
13028
13026
13025
13033
13032
13037
13050
13053
13056
13069
13072
13079
13086
13088
13094
13094
13096
13103
13102
13104
13105
13109
13108
13101
13114
13105
13111
13110
13109
13109
13110
13112
13115
13110
13118
13117
13114
13120
13125
13119
13130
13118
13120
13135
13132
13132
13137
13130
13134
13140
13138
13139
13135
13131
13130
13125
13130
13129
13129
13124
13131
13139
13138
13133
13139
13134
13139
13129
13132
13134
13139
13140
13143
13141
13136
13131
13127
13128
13126
13128
13137
13138
13136
13130
13127
13127
13131
13130
13133
13133
13135
13144
13139
13142
13135
13139
13143
13142
13136
13128
13128
13131
13126
13124
13124
13130
13132
13123
13129
13130
13131
13131
13133
13128
13132
13135
13127
13131
13134
13134
13135
13129
13126
13134
13133
13134
13132
13123
13123
13128
13126
13125
13125
13125
13127
13131
13132
13132
13127
13126
13128
13128
13127
13116
13125
13128
13130
13129
13137
13128
13123
13117
13125
13116
13125
13127
13123
13125
13131
13133
13139
13130
13128
13138
13136
13135
13139
13139
13139
13133
13138
13128
13127
13123
13122
13119
13123
13131
13130
13127
13123
13125
13123
13123
13134
13132
13134
13129
13136
13132
13130
13126
13132
13126
13133
13132
13126
13123
13124
13124
13129
13129
13131
13142
13143
13147
13152
13149
13145
13146
13143
13136
13141
13141
13138
13146
13142
13138
13141
13145
13139
13144
13137
13129
13129
13122
13123
13121
13133
13132
13136
13134
13138
13135
13136
13134
13127
13138
13141
13144
13144
13137
13140
13149
13142
13141
13147
13144
13146
13142
13143
13133
13135
13135
13136
13136
13143
13141
13135
13138
13132
13142
13134
13133
13147
13145
13138
13140
13143
13142
13134
13129
13130
13126
13133
13140
13136
13134
13131
13126
13128
13122
13122
13131
13132
13127
13132
13126
13130
13132
13129
13137
13135
13132
13139
13138
13142
13141
13140
13144
13142
13145
13136
13134
13140
13135
13138
13131
13137
13131
13138
13127
13129
13124
13119
13116
13121
13124
13121
13125
13132
13127
13132
13129
13124
13120
13125
13127
13128
13135
13135
13134
13134
13135
13132
13121
13129
13126
13128
13133
13130
13136
13124
13127
13130
13134
13137
13131
13137
13128
13130
13129
13135
13127
13130
13131
13134
13136
13141
13136
13134
13125
13126
13126
13129
13126
13135
13128
13129
13130
13129
13125
13122
13122
13119
13121
13125
13119
13126
13126
13126
13130
13132
13126
13136
13138
13142
13142
13140
13141
13138
13141
13142
13135
13138
13143
13140
13144
13142
13140
13140
13135
13132
13133
13125
13122
13123
13126
13132
13123
13126
13121
13124
13127
13125
13129
13128
13131
13137
13140
13140
13143
13139
13141
13136
13140
13140
13128
13139
13135
13136
13138
13135
13138
13137
13142
13136
13134
13132
13134
13137
13130
13130
13138
13138
13133
13144
13133
13131
13129
13137
13140
13134
13132
13122
13121
13123
13121
13118
13118
13116
13128
13126
13113
13123
13126
13128
13128
13132
13132
13136
