13133
13132
13137
13140
13149
13141
13137
13141
13140
13139
13140
13139
13126
13138
13137
13135
13127
13131
13133
13138
13143
13138
13134
13143
13145
13147
13157
13151
13142
13145
13138
13136
13142
13142
13151
13145
13140
13138
13136
13136
13129
13131
13128
13123
13135
13134
13128
13135
13125
13124
13131
13125
13133
13133
13139
13135
13132
13126
13138
13135
13135
13135
13134
13136
13131
13131
13133
13132
13128
13132
13140
13135
13134
13130
13129
13136
13136
13139
13144
13148
13151
13153
13146
13146
13140
13134
13130
13131
13131
13124
13126
13132
13145
13138
13138
13138
13126
13128
13135
13132
13130
13138
13137
13140
13135
13127
13130
13124
13121
13132
13124
13126
13130
13137
13129
13124
13124
13122
13131
13135
13136
13134
13141
13137
13139
13130
13129
13132
13140
13138
13137
13138
13133
13134
13140
13137
13128
13132
13126
13132
13130
13132
13134
13134
13138
13126
13139
13138
13137
13142
13147
13142
13144
13142
13138
13129
13129
13134
13133
13139
13139
13142
13140
13138
13143
13129
13124
13133
13132
13138
13143
13142
13143
13138
13141
13139
13135
13136
13136
13129
13128
13129
13134
13139
13139
13136
13133
13124
13126
13136
13131
13133
13127
13133
13141
13134
13139
13138
13140
13137
13134
13134
13128
13128
13134
13127
13130
13136
13131
13130
13133
13132
13136
13132
13133
13135
13133
13135
13135
13140
13145
13144
13142
13142
13133
13137
13138
13140
13137
13141
13137
13144
13145
13139
13132
13132
13131
13128
13135
13141
13140
13145
13146
13146
13153
13143
13137
13142
13143
13143
13142
13145
13140
13134
13128
13133
13125
13127
13135
13137
13130
13124
13133
13140
13125
13127
13134
13126
13130
13134
13135
13139
13142
13143
13137
13134
13130
13130
13126
13124
13125
13124
13125
13128
13130
13133
13130
13131
13127
13132
13133
13133
13139
13142
13144
13140
13138
13141
13138
13130
13129
13127
13126
13132
13123
13118
13125
13130
13130
13138
13142
13138
13142
13138
13132
13125
13113
13112
13122
13128
13134
13138
13138
13133
13136
13124
13126
13127
13127
13134
13138
13136
13137
13138
13139
13143
13138
13142
13140
13137
13138
13138
13139
13138
13139
13138
13145
13134
13005
12916
12869
12836
12814
12803
12809
12818
12822
12837
12847
12866
12886
12895
12910
12920
12939
12950
12955
12973
12988
13000
13009
13014
13019
13028
13030
13044
13047
13056
13062
13067
13072
13077
13078
13085
13076
13076
13087
13085
13093
13107
13110
13108
13118
13120
13122
13118
13120
13115
13112
13115
13115
13116
13119
13122
13128
13124
13118
13121
13116
13119
13122
13127
13128
13123
13125
13134
13128
13135
13136
13134
13126
13134
13127
13124
13120
13120
13132
13132
13137
13137
13137
13137
13130
13136
13131
13128
13129
13130
13129
13133
13124
13131
13135
13136
13144
13135
13129
13130
13126
13122
13126
13125
13124
13126
13134
13137
13128
13132
13133
13134
13140
13135
13138
13147
13141
13136
13139
13133
13126
13130
13126
13134
13132
13133
13130
13129
13132
13120
13125
13130
13139
13141
13146
13142
13153
13156
13147
13150
13147
13141
13145
13138
13137
13142
13137
13142
13146
13141
13145
13138
13142
13093
12545
11571
10690
10075
9589
9223
9090
9048
9126
9225
9394
9555
9750
9921
10127
10291
10481
10593
10634
10693
10802
10899
11027
11123
11248
11359
11470
11569
11669
11758
11853
11934
12009
12082
12142
12198
12256
12303
12362
12412
12458
12495
12535
12564
12603
12624
12659
12687
12718
12743
12776
12793
12815
12837
12861
12872
12881
12895
12910
12923
12935
12951
12965
12969
12985
12992
12992
12996
13011
13026
13036
13039
13041
13053
13057
13069
13078
13074
13074
13082
13079
13085
13078
13076
13092
13096
13092
13102
13101
13101
13103
13108
13107
13116
13120
13117
13122
13128
13126
13126
13125
13122
13131
13122
13129
13137
13137
13141
13142
13141
13141
13137
13140
13140
13133
13133
13136
13136
13136
13132
13133
13136
13134
13131
13135
13134
13119
13132
13133
13132
13136
13135
13141
13135
13134
13131
13129
13130
13132
13128
13123
13124
13134
13129
13133
13137
13142
13144
13136
13140
13145
13140
13141
13137
13128
13130
13131
13133
13139
13136
13129
13138
13133
13134
13139
13128
13128
13123
13127
13122
13123
13122
13124
13124
13130
13128
13124
13126
13119
13120
13121
13117
13128
13127
13132
13137
13138
13134
13130
13127
13132
13130
13124
13125
13118
13127
13125
13122
13126
13126
13123
13129
13131
13122
13129
13124
13127
13134
13131
13130
13129
13129
13127
13127
13130
13130
13130
13137
13136
13130
13127
13135
13145
13136
13135
13130
13136
13141
13133
13131
13131
13134
13130
13135
13135
13137
13133
13137
13135
13131
13132
13135
13130
13119
13123
13130
13126
13131
13128
13130
13125
13130
13129
13129
13124
13128
13138
13140
13136
13141
13141
13137
13141
13141
13128
13132
13134
13133
13131
13125
13129
13132
13136
13133
13140
13140
13141
13131
13135
13140
13144
13147
13140
13133
13138
13132
13132
13141
13137
13136
13141
13139
13137
13130
13127
13125
13135
13141
13143
13142
13139
13138
13146
13133
13132
13137
13131
13133
13136
13140
13139
13136
13131
13137
13135
13137
13139
13137
13137
13127
13126
13127
13125
13129
13137
13129
13122
13121
13119
13111
13118
13118
13113
13118
13119
13119
13121
13129
13132
13133
13135
13131
13132
13127
13131
13133
13137
13139
13135
13134
13136
13132
13129
13130
13124
13131
13126
13125
13128
13128
13136
13140
13138
13133
13124
13123
13129
13133
13134
13140
13146
13145
13149
13151
13148
13147
13143
13135
13131
13126
13128
13128
13138
13145
13150
13146
13141
13133
13136
13128
13130
13127
13122
13135
13126
13131
13132
13126
13124
13135
13130
13139
13142
13137
13148
13140
13142
13146
13142
13139
13138
13141
13144
13148
13145
13136
13141
13146
13142
13138
13140
13140
13150
13142
13139
13137
13134
13134
13136
13138
13133
13132
13128
13130
13126
13132
13134
13128
13137
13139
13138
13139
13128
13123
13133
13120
13118
13116
13118
13119
13126
13124
13126
13128
13126
13127
13129
13124
13122
13123
13133
13132
13129
13127
13129
13137
13133
13130
13129
13129
13131
13129
13127
13127
13127
13126
13125
13122
13124
13127
13131
13134
13123
13123
13142
13133
13134
13134
13128
13133
13138
13143
13149
13147
13145
13141
13141
13145
13143
13137
13133
13130
13136
13129
13128
13127
13111
12981
12902
12851
12821
12720
12621
12569
12541
12536
12544
12557
12581
12606
12643
12671
12694
12716
12753
12770
12791
12814
