13144
13136
13137
13135
13142
13143
13142
13138
13140
13141
13133
13129
13139
13140
13151
13152
13145
13144
13147
13141
13145
13145
13141
13144
13138
13129
13134
13137
13140
13140
13134
13136
13128
13118
13126
13121
13116
13121
13125
13130
13140
13135
13135
13131
13131
13124
13129
13131
13128
13131
13132
13130
13133
13129
13126
13140
13133
13141
13138
13141
13144
13143
13136
13136
13134
13135
13141
13142
13144
13150
13145
13146
13140
13137
13142
13138
13134
13136
13130
13130
13133
13126
13127
13134
13133
13127
13126
13132
13126
13120
13119
13115
13124
13128
13131
13138
13129
13133
13135
13135
13131
13136
13141
13143
13135
13140
13143
13140
13146
13142
13141
13139
13131
13122
13127
13127
13131
13135
13138
13135
13135
13127
13131
13125
13127
13127
13125
13127
13127
13128
13121
13124
13133
13132
13139
13140
13139
13148
13143
13142
13145
13148
13140
13142
13137
13135
13136
13135
13136
13140
13138
13140
13139
13139
13150
13145
13146
13148
13143
13148
13147
13149
13143
13147
13144
13143
13135
13134
13133
13133
13133
13141
13152
13146
13140
13141
13140
13135
13135
13128
13134
13135
13138
13138
13138
13138
13137
13132
13132
13132
13128
13134
13134
13127
13135
13138
13144
13141
13147
13149
13145
13148
13139
13146
13153
13148
13149
13148
13141
13143
13142
13146
13149
13143
13141
13143
13145
13143
13141
13136
13137
13139
13137
13144
13139
13137
13137
13131
13138
13131
13123
13127
13125
13120
13133
13130
13121
13123
13123
13137
13134
13138
13143
13147
13145
13141
13136
13143
13149
13149
13149
13147
13148
13137
13134
13131
13130
13134
13133
13128
13134
13131
13126
13130
13126
13133
13133
13135
13132
13136
13129
13141
13140
13140
13145
13138
13132
13137
13136
13135
13132
13130
13131
13130
13132
13126
13126
13129
13135
13141
13138
13133
13133
13135
13133
13129
13129
13134
13127
13129
13128
13127
13125
13122
13128
13129
13128
13119
13121
13124
13130
13135
13125
13126
13135
13132
13131
13129
13125
13131
13122
13123
13124
13128
13128
13124
13133
13135
13140
13145
13150
13146
13150
13140
13141
13141
13139
13138
13131
13132
13132
13124
13126
13130
13128
13129
13130
13130
13135
13130
13127
13126
13127
13121
13133
13125
13123
13129
13127
13128
13137
13135
13142
13138
13138
13136
13139
13142
13141
13136
13142
13138
13142
13135
13133
13135
13132
13130
13132
13129
13129
13138
13142
13147
13141
13144
13147
13149
13149
13145
13140
13137
13127
13129
13131
13135
13139
13142
13133
13138
13139
13134
13128
13130
13136
13131
13130
13132
13137
13138
13136
13136
13140
13138
13142
13143
13135
13138
13135
13133
13136
13137
13145
13144
13132
13137
13134
13133
13130
13133
13131
13137
13135
13138
13140
13136
13139
13140
13136
13132
13126
13132
13135
13138
13136
13137
13135
13133
13141
13138
13143
13143
13146
13134
13138
13141
13137
13135
13134
13138
13135
13125
13126
13130
13127
13133
13139
13136
13127
13134
13136
13138
13135
13136
13140
13135
13125
13133
13134
13139
13140
13134
13133
13128
13129
13123
13120
13131
13128
13128
13131
13133
13139
13133
13138
13141
13138
13139
13137
13139
13137
13135
13132
13130
13127
12842
12178
11726
11474
11307
11130
11040
11026
11040
11109
11177
11275
11366
11461
11552
11652
11738
11830
11898
11991
12059
12129
12183
12243
12297
12358
12401
12452
12492
12533
12567
12601
12628
12665
12695
12726
12744
12769
12798
12820
12845
12867
12878
12890
12900
12917
12926
12941
12953
12971
12977
12990
12997
13010
13030
13039
13047
13049
13050
13056
13065
13064
13072
13077
13079
13085
13080
13083
13084
13088
13092
13099
13099
13096
13103
13105
13107
13106
13118
13115
13119
13119
13123
13126
13132
13129
13137
13132
13129
13131
13122
13115
13115
13113
13113
13113
13112
13121
13123
13130
13134
13140
13135
13136
13131
13125
13129
13131
13126
13128
13133
13129
13133
13126
13129
13126
13127
13126
13129
13125
13125
13125
13121
13135
13136
13130
13139
13144
13141
13146
13142
13134
13135
13127
13130
13130
13132
13130
13132
13129
13131
13127
13138
13131
13135
13132
13126
13128
13119
13128
13137
13128
13129
13131
13136
13132
13132
13125
13127
13118
13129
13121
13129
13138
13134
13136
13137
13129
13135
13142
13142
13136
13139
13137
13144
13142
13133
13130
13133
13129
13135
13134
13136
13138
13136
13133
13127
13134
13131
13130
13136
13139
13138
13128
13125
13123
13135
13126
13135
13131
13138
13141
13137
13138
13144
13142
13148
13141
13138
13145
13142
13148
13145
13140
13141
13142
13135
13140
13137
13131
13133
13134
13129
13128
13122
13124
13119
13121
13112
13110
13118
13115
13116
13112
13117
13120
13122
13130
13131
13124
13128
13130
13124
13134
13132
13135
13135
13129
13123
13137
13135
13134
13136
13135
13135
13133
13134
13126
13132
13131
13128
13129
13135
13134
13136
13137
13136
13138
13129
13130
13131
13133
13137
13135
13141
13138
13139
13137
13136
13125
13127
13133
13135
13138
13141
13136
13134
13137
13129
13138
13136
13126
13133
13125
13136
13139
13140
13132
13135
13133
13128
13125
13128
13122
13122
13127
13129
13137
13136
13134
13137
13134
13129
13123
13120
13117
13117
13118
13130
13127
13134
13136
13141
13145
13153
13148
13143
13146
13142
13153
13140
13138
13138
13131
13138
13139
13135
13130
13133
13136
13130
13130
13131
13130
13129
13124
13121
13119
13112
13117
13118
13119
13136
13132
13130
13127
13126
13125
13135
13131
13132
13134
13132
13125
13121
13115
13127
13130
13129
13128
13125
13125
13136
13134
13133
13133
13134
13134
13133
13137
13135
13135
13138
13136
13137
13137
13128
13135
13129
13131
13133
13126
13127
13129
13128
13126
13125
13127
13129
13126
13137
13139
13138
13139
13137
13136
13140
13134
13125
13133
13136
13135
13142
13144
13151
13147
13152
13145
13146
13145
13143
13144
13149
13144
13142
13139
13140
13148
13148
13150
13143
13139
13144
13133
13127
13132
13137
13135
13135
13136
13137
13134
13130
13128
13129
13120
13125
13121
13117
13121
13111
13116
13120
13115
13117
13128
13135
13137
13138
13139
13131
13127
13128
13128
13133
13127
13130
13134
13134
13124
13125
13125
13131
13131
13127
13126
13132
13128
13133
13130
13137
13134
13131
13135
13139
13135
13147
13137
13138
13143
13147
13142
13146
13145
13142
13140
13136
13136
13124
13126
13125
13135
13143
13142
13149
13149
13142
13144
13140
13140
13141
13135
13127
13129
13127
13128
13128
13134
13134
13131
13134
13130
13127
13133
13133
