13134
13127
13134
13128
13128
13125
13130
13135
13134
13126
13126
13126
13127
13128
13134
13134
13129
13135
13136
13139
13139
13133
13127
13126
13119
13124
13124
13131
13126
13133
13135
13146
13139
13143
13138
13139
13137
13147
13150
13157
13157
13156
13161
13147
13138
13138
13138
13130
13127
13125
13126
13128
13127
13126
13125
13123
13127
13123
13122
13125
13126
13129
13132
13131
13124
13123
13126
13127
13136
13139
13138
13138
13130
13133
13134
13129
13133
13138
13139
13146
13142
13132
13135
13133
13126
13125
13118
13115
13123
13121
13120
13118
13126
13128
13133
13131
13127
13132
13137
13138
13142
13140
13134
13135
13132
13132
13130
13133
13132
13137
13141
13138
13133
13133
13125
13128
13136
13132
13130
13136
13132
13132
13138
13141
13131
13139
13132
13130
13130
13133
13135
13139
13145
13141
13145
13138
13137
13141
13140
13145
13144
13129
13130
13131
13126
13125
13127
13132
13127
13139
13142
13153
13150
13150
13156
13152
13152
13147
13139
13138
13138
13127
13128
13124
13121
13124
13120
13120
13127
13136
13132
13131
13133
13138
13139
13143
13140
13137
13132
13131
13133
13133
13135
13138
13134
13137
13134
13140
13140
13144
13143
13143
13137
13141
13142
13140
13147
13146
13141
13142
13138
13139
13141
13140
13137
13144
13136
13141
13138
13145
13142
13140
13135
13136
13130
13134
13141
13136
13137
13136
13148
13142
13141
13138
13134
13135
13133
13136
13134
13140
13133
13137
13130
13132
13134
13137
13138
13131
13128
13128
13132
13131
13135
13126
13119
13125
13122
13128
13129
13119
13116
13112
13117
13124
13123
13129
13126
13129
13125
13121
13126
13119
13125
13125
13122
13124
13131
13136
13134
13128
13123
13124
13118
13115
13121
13128
13122
13124
13123
13135
13132
13128
13122
13121
13122
13127
13130
13130
13134
13137
13134
13136
13135
13135
13135
13141
13140
13140
13142
13143
13144
13142
13139
13144
13138
13140
13141
13144
13142
13136
13136
13134
13128
13137
13142
13138
13137
13138
13137
13139
13129
13131
13133
13124
13131
13133
13131
13137
13138
13136
13134
13138
13146
13142
13146
13147
13151
13145
13141
13139
13135
13127
13129
13129
13131
13133
13128
13137
13135
13141
13140
13146
13135
13140
13144
13139
13142
13143
13142
13149
13141
13139
13154
13149
13139
13140
13137
13136
13129
13127
13126
13125
13135
13137
13138
13138
13141
13139
13138
13133
13135
13134
13137
13149
13150
13152
13145
13145
13141
13144
13139
13131
13127
13135
13138
13133
13133
13128
13123
13129
13122
13118
13126
13120
13120
13129
13122
13115
13122
13134
13137
13130
13131
13129
13133
13132
13132
13132
13128
13126
13131
13131
13128
13137
13133
13135
13137
13139
13140
13133
13126
13133
13116
13122
13125
13129
13127
13128
13131
13136
13141
13136
13146
13137
13136
13134
13129
13131
13131
13133
13126
13136
13126
13122
13114
13118
13117
13120
13120
13117
13126
13127
13133
13138
13134
13137
13139
13136
13137
13139
13137
13129
13127
13132
13130
13124
13125
13127
13131
13131
13129
13118
13128
13126
13134
13129
13130
13122
13125
13134
13128
13126
13121
13120
13122
13131
13129
13131
13132
13128
13136
13130
13126
12965
12495
11913
11290
10920
10738
10642
10643
10677
10757
10851
10958
11057
11174
11277
11403
11507
11605
11693
11796
11869
11957
12025
12095
12161
12229
12277
12333
12373
12427
12463
12508
12544
12586
12624
12652
12686
12728
12751
12774
12802
12813
12831
12849
12861
12881
12894
12912
12933
12943
12955
12975
12981
12996
13003
13008
13016
13015
13018
13031
13028
13035
13042
13040
13057
13057
13070
13078
13083
13088
13089
13097
13102
13093
13093
13091
13095
13100
13098
13093
13098
13093
13103
13097
13106
13111
13114
13112
13115
13108
13110
13118
13116
13125
13124
13123
13128
13117
13119
13130
13125
13123
13124
13121
13122
13128
13128
13126
13127
13125
13129
13124
13123
13119
13123
13129
13128
13127
13124
13126
13137
13137
13131
13132
13127
13127
13128
13125
13125
13124
13135
13141
13141
13145
13144
13141
13144
13138
13134
13141
13137
13132
13136
13130
13127
13127
13128
13130
13128
13132
13122
13127
13131
13131
13137
13136
13135
13139
13128
13123
13128
13125
13121
13120
13118
13116
13116
13111
13124
13125
13129
13130
13125
13129
13127
13133
13142
13133
13137
13149
13138
13141
13144
13140
13141
13146
13137
13139
13134
13130
13124
13137
13134
13140
13140
13142
13138
13142
13138
13141
13142
13146
13144
13139
13142
13140
13142
13144
13142
13134
13137
13133
13128
13133
13132
13133
13145
13139
13132
13134
13134
13122
13125
13125
13125
13130
13128
13132
13132
13142
13129
13134
13135
13133
13137
13138
13131
13138
13129
13127
13134
13131
13129
13119
13114
13115
13123
13124
13127
13121
13120
13120
13122
13124
13129
13133
13138
13132
13128
13133
13120
13124
13123
13114
13116
13116
13122
13129
13129
13131
13131
13131
13136
13134
13138
13139
13130
13132
13131
13132
13134
13141
13140
13143
13137
13133
13132
13140
13137
13138
13134
13141
13136
13136
13139
13135
13138
13139
13131
13137
13135
13124
13129
13122
13127
13132
13131
13144
13138
13138
13141
13141
13146
13143
13145
13146
13142
13142
13137
13126
13128
13122
13120
13121
13120
13122
13125
13126
13133
13128
13134
13129
13132
13129
13126
13131
13135
13132
13132
13143
13138
13142
13148
13149
13143
13140
13134
13134
13136
13141
13135
13128
13127
13129
13129
13130
13130
13131
13128
13131
13130
13123
13125
13124
13122
13121
13124
13129
13129
13124
13132
13136
13141
13140
13138
13127
13130
13130
13131
13135
13126
13129
13136
13134
13133
13139
13138
13128
13131
13126
13130
13125
13125
13123
13129
13134
13132
13145
13138
13143
13147
13152
13155
13145
13145
13144
13146
13141
13147
13143
13141
13143
13135
13131
13124
13127
13127
13126
13126
13134
13131
13142
13154
13144
13139
13141
13142
13147
13138
13137
13133
13132
13132
13129
13133
13122
13122
13138
13129
13124
13130
13135
13136
13141
13140
13138
13139
13143
13141
13132
13130
13131
13124
13127
13128
13123
13127
13124
13125
13129
13126
13128
13134
13134
13134
13135
13135
13142
13138
13139
13132
13132
13135
13130
13127
13122
13123
13123
13116
13121
13130
13128
13133
13128
13132
13134
13137
13134
13137
13133
13134
13143
13134
13141
13138
13143
13146
13144
13137
13148
13138
13141
13146
13141
13137
13133
13132
13134
13136
13138
13129
13135
13137
13130
13128
13128
13132
13136
13137
13140
13138
13138
13141
13125
13122
13120
13130
