13132
13131
13131
13132
13131
13139
13138
13134
13130
13126
13134
13137
13142
13130
13127
13132
13129
13132
13124
13125
13130
13132
13133
13133
13129
13132
13131
13118
13122
13127
13124
13137
13136
13134
13139
13130
13134
13131
13132
13129
13130
13126
13126
13126
13131
13131
13129
13131
13129
13128
13122
13129
13129
13126
13139
13139
13147
13149
13146
13138
13137
13133
13123
13126
13115
13122
13124
13124
13128
13125
13126
13134
13132
13135
13138
13131
13140
13139
13149
13145
13143
13142
13141
13140
13134
13131
13134
13140
13138
13141
13140
13140
13140
13139
13143
13145
13142
13140
13139
13136
13136
13131
13133
13138
13131
13132
13138
13138
13146
13147
13142
13139
13132
13129
13130
13121
13121
13126
13126
13124
13132
13130
13138
13134
13137
13140
13143
13139
13139
13137
13147
13136
13140
13132
13133
13136
13127
13127
13129
13124
13129
13136
13137
13137
13136
13144
13149
13136
13138
13136
13136
13142
13143
13138
13142
13133
13135
13137
13127
13122
13115
13118
13119
13119
13119
13115
13120
13119
13125
13126
13126
13130
13141
13136
13128
13127
13125
13135
13129
13133
13136
13131
13130
13130
13120
13129
13129
13126
13121
13118
13121
13132
13123
13124
13128
13125
13126
13131
13123
13121
13120
13126
13120
13122
13131
13129
13134
13133
13133
13132
13128
13133
13140
13133
13132
13138
13134
13135
13129
13123
13115
13120
13122
13132
13125
13128
13134
13128
13127
13128
13126
13132
13128
13122
13134
13120
13127
13118
12989
12909
12858
12831
12823
12816
12821
12829
12838
12850
12865
12884
12902
12912
12927
12932
12948
12957
12974
12986
12995
13004
13021
13030
13030
13042
13046
13058
13069
13078
13072
13074
13079
13085
13085
13090
13095
13088
13096
13102
13101
13103
13106
13113
13116
13113
13116
13106
13117
13118
13117
13120
13116
13113
13118
13116
13115
13113
13113
13117
13118
13119
13117
13122
13125
13119
13112
13120
13124
13124
13130
13128
13127
13137
13134
13127
13132
13131
13136
13139
13133
13132
13130
13134
13129
13128
13117
13119
13118
13119
13121
13123
13118
13121
13135
13130
13125
13132
13129
13134
13131
13135
13127
13125
13123
13135
13135
13139
13145
13140
13142
13141
13135
13138
13129
13121
13131
13132
13136
13142
13135
13132
13130
13136
13141
13140
13137
13138
13136
13134
13138
13136
13129
13130
13138
13130
13131
13139
13143
13138
13141
13134
13133
13133
13134
13141
13138
13142
13139
13142
13147
13146
13143
13139
13133
13127
13134
13137
13135
13139
13137
13138
13137
13136
13140
13141
13136
13129
13138
13136
13127
13129
13125
13132
13131
13132
13131
13135
13137
13139
13139
13139
13141
13141
13142
13141
13140
13141
13148
13150
13152
13141
13142
13146
13151
13140
13151
13138
13134
13136
13126
13126
13131
13139
13136
13140
13142
13133
13134
13137
13138
13136
13134
13124
13137
13128
13127
13137
13135
13138
13130
13129
13129
13133
13136
13138
13135
13133
13140
13138
13139
13140
13134
13138
13133
13132
13134
13131
13126
13129
13125
13127
13127
13136
13136
13138
13151
13138
13138
13141
13134
13131
13134
13132
13134
13131
13124
13136
13131
13134
13127
13124
13122
13122
13126
13133
13130
12973
12747
12225
11722
11201
10881
10706
10645
10628
10693
10739
10658
10563
10572
10608
10701
10788
10867
10912
11003
11081
11190
11287
11399
11490
11599
11678
11778
11851
11932
12010
12071
12008
11982
11983
12011
12041
12093
12139
12198
12261
12318
12358
12400
12435
12469
12514
12544
12577
12621
12645
12684
12717
12742
12765
12792
12816
12829
12844
12863
12875
12889
12903
12910
12923
12939
12951
12969
12975
12988
13004
13011
13018
13029
13042
13045
13043
13045
13058
13053
13063
13057
13068
13071
13081
13083
13090
13084
13089
13090
13092
13097
13098
13090
13095
13101
13101
13095
13101
13106
13103
13106
13120
13125
13132
13132
13126
13131
13122
13123
13128
13121
13131
13126
13129
13127
13136
13126
13130
13128
13117
13120
13122
13130
13130
13132
13132
13127
13124
13137
13122
13121
13128
13128
13133
13126
13129
13128
13126
13118
13114
13118
13117
13116
13121
13117
13124
13128
13125
13130
13136
13135
13139
13138
13145
13144
13144
13145
13147
13145
13142
13142
13140
13133
13138
13132
13139
13141
13135
13137
13138
13137
13141
13140
13134
13141
13144
13141
13140
13138
13139
13139
13141
13142
13149
13149
13147
13154
13145
13145
13138
13134
13137
13133
13134
13128
13129
13120
13126
13119
13125
13130
13123
13126
13126
13117
13124
13127
13134
13142
13126
13130
13133
13126
13131
13131
13126
13118
13124
13122
13124
13133
13133
13135
13139
13137
13136
13140
13135
13144
13142
13139
13140
13131
13134
13135
13138
13136
13139
13122
13128
13128
13128
13124
13131
13122
13135
13127
13134
13141
13135
13143
13146
13143
13138
13134
13135
13137
13133
13137
13132
13127
13135
13137
13138
13136
13131
13138
13130
13135
13140
13136
13139
13131
13133
13136
13137
13134
13140
13132
13135
13129
13130
13128
13123
13123
13134
13129
13125
13128
13126
13126
13140
13134
13137
13137
13136
13130
13133
13140
13133
13137
13138
13134
13135
13138
13140
13144
13137
13140
13139
13141
13149
13141
13138
13135
13140
13143
13138
13134
13138
13143
13142
13141
13137
13142
13139
13141
13134
13138
13133
13126
13125
13118
13120
13125
13127
13127
13127
13130
13130
13132
13133
13132
13127
13133
13129
13134
13125
13126
13126
13120
13125
13127
13131
13134
13139
13137
13146
13139
13144
13143
13139
13137
13135
13137
13141
13134
13133
13144
13135
13131
13139
13129
13138
13138
13139
13138
13137
13137
13132
13133
13134
13131
13134
13129
13135
13132
13131
13133
13137
13136
13129
13132
13135
13134
13134
13127
13126
13122
13120
13121
13112
13119
13124
13129
13135
13128
13129
13136
13140
13139
13148
13142
13148
13149
13143
13152
13148
13150
13146
13151
13152
13142
13147
13144
13134
13131
13132
13136
13143
13131
13128
13134
13136
13142
13138
13142
13140
13134
13131
13133
13125
13130
13138
13144
13146
13144
13140
13149
13138
13136
13140
13137
13133
13131
13135
13134
13129
13130
13134
13135
13138
13135
13139
13141
13138
13139
13138
13137
13138
13135
13126
13126
13126
13129
13138
13130
13141
13141
13137
13138
13135
13130
13126
13130
13134
13129
13124
13127
13125
13122
13127
13125
13127
13131
13132
13132
13126
13132
13128
13133
13133
13136
13137
13138
13141
13149
13142
13147
13146
13138
13127
13126
13122
13130
13126
13130
13132
13128
13134
13131
13136
13136
13132
