13135
13138
13135
13131
13136
13131
13139
13135
13129
13122
13132
13137
13136
13135
13137
13137
13137
13147
13142
13136
13140
13137
13132
13133
13138
13137
13148
13142
13133
13133
13129
13133
13137
13138
13147
13146
13146
13137
13136
13133
13127
13132
13125
13125
13128
13126
13134
13138
13143
13140
13144
13143
13149
13141
13136
13139
13143
13141
13143
13138
13141
13133
13140
13147
13136
13130
13140
13133
13127
13123
13123
13116
13122
13125
13131
13133
13137
13129
13133
13136
13131
13135
13129
13130
13136
13130
13126
13124
13128
13126
13128
13133
13131
13130
13133
13134
13136
13135
13131
13127
13127
13133
13134
13132
13128
13129
13142
13137
13140
13137
13127
13132
13138
13143
13142
13145
13142
13136
13138
13142
13141
13141
13141
13135
13137
13128
13123
13128
13127
13132
13131
13128
13133
13133
13138
13137
13133
13131
13125
13123
13131
13136
13134
13137
13134
13124
13130
13119
13117
13124
13119
13123
13128
13134
13130
13132
13146
13137
13141
13142
13145
13137
13145
13142
13136
13124
13134
13139
13143
13142
13129
13133
13134
13133
13128
13133
13123
13126
13128
13122
13117
13120
13117
13123
13123
13121
13127
13132
13137
13141
13141
13146
13142
13139
13141
13141
13137
13133
13130
13130
13134
13138
13139
13138
13145
13136
13140
13148
13153
13154
13152
13145
13143
13138
13131
13126
13124
13126
13134
13128
13130
13129
13134
13140
13138
13139
13144
13145
13147
13147
13143
13141
13142
13141
13135
13140
13139
13136
13139
13137
13137
13138
13132
13134
13134
13130
13135
13139
13135
13137
13142
13138
13135
13143
13142
13142
13139
13136
13140
13139
13142
13144
13142
13149
13145
13139
13146
13138
13132
13133
13134
13141
13142
13149
13151
13144
13142
13138
13136
13142
13143
13143
13133
13130
13142
13137
13137
13137
13134
13134
13138
13135
13135
13140
13132
13137
13134
13140
13149
13141
13143
13140
13127
13125
13119
13112
13123
13123
13120
13131
13132
13139
13141
13144
13149
13142
13139
13142
13136
13142
13139
13137
13135
13138
13142
13138
13130
13138
13141
13141
13135
13136
13137
13132
13133
13139
13130
13127
13125
13128
13131
13127
13133
13133
13133
13136
13142
13147
13143
13150
13136
13139
13142
13136
13134
13133
13128
13133
13134
13140
13130
13128
13134
13134
13137
13131
13127
13135
13138
13138
13139
13133
13133
13130
13125
13121
13122
13122
13132
13133
13140
13140
13141
13148
13153
13150
13155
13147
13145
13148
13152
13146
13142
13133
13136
13137
13135
13124
13129
13124
13120
13116
13122
13124
13127
13119
13119
13121
13126
13128
13118
13121
13123
13120
13126
13129
13127
13136
13140
13126
13124
13127
13128
13131
13131
13128
13137
13139
13142
13141
13134
13132
13133
13139
13144
13143
13148
13141
13146
13143
13134
13142
13136
13133
13138
13128
13121
13124
13124
13125
13125
13122
13124
13126
13128
13133
13129
13136
13136
13141
13141
13142
13144
13150
13142
13132
13134
13137
13141
13136
13130
13134
13135
13134
13132
13125
13131
13126
13137
13135
13137
13132
13133
13125
13133
13119
13122
13123
13124
13127
13126
13132
13138
13129
13139
13137
13126
13129
13132
13127
13132
13130
13132
13132
13123
13115
13051
12548
11908
11340
10949
10722
10641
10612
10665
10723
10832
10932
11052
11159
11286
11387
11497
11589
11698
11779
11869
11942
12015
12081
12159
12214
12281
12338
12391
12432
12481
12522
12566
12600
12639
12676
12698
12731
12760
12781
12808
12817
12838
12856
12874
12885
12903
12909
12921
12933
12948
12964
12976
12985
12995
13004
13012
13016
13029
13024
13031
13034
13043
13049
13054
13058
13072
13075
13086
13090
13090
13090
13093
13094
13090
13100
13110
13117
13107
13105
13110
13105
13102
13115
13116
13112
13114
13121
13119
13118
13121
13111
13115
13129
13125
13130
13121
13123
13131
13127
13126
13135
13139
13139
13136
13139
13131
13130
13133
13136
13125
13121
13123
13125
13127
13133
13136
13136
13127
13132
13133
13132
13124
13132
13127
13132
13137
13140
13143
13138
13148
13138
13140
13138
13140
13134
13137
13134
13138
13134
13136
13141
13143
13135
13138
13137
13139
13129
13135
13138
13131
13132
13131
13128
13132
13131
13125
13129
13128
13121
13125
13124
13121
13122
13129
13134
13134
13136
13140
13139
13142
13138
13140
13143
13140
13137
13136
13132
13136
13127
13133
13135
13140
13137
13130
13133
13131
13134
13134
13140
13132
13137
13141
13127
13130
13130
13137
13137
13140
13133
13142
13138
13130
13128
13122
13121
13134
13138
13137
13135
13140
13134
13137
13137
13135
13129
13126
13131
13128
13122
13124
13123
13127
13132
13138
13135
13138
13142
13142
13138
13134
13130
13127
13124
13141
13140
13141
13139
13142
13131
13141
13139
13140
13138
13136
13138
13137
13135
13138
13140
13145
13142
13142
13136
13127
13126
13127
13124
13132
13123
13132
13135
13139
13137
13135
13134
13135
13132
13131
13129
13122
13125
13137
13137
13141
13146
13149
13154
13157
13157
13157
13149
13152
13150
13139
13144
13143
13138
13135
13139
13135
13132
13129
13134
13132
13134
13143
13139
13137
13129
13130
13126
13126
13126
13123
13123
13132
13133
13127
13126
13118
13122
13127
13131
13128
13128
13129
13132
13130
13118
13127
13121
13128
13130
13134
13138
13142
13139
13136
13140
13143
13140
13144
13142
13138
13131
13135
13138
13144
13135
13134
13134
13133
13135
13133
13135
13132
13130
13130
13142
13139
13144
13143
13137
13132
13129
13128
13137
13146
13143
13153
13145
13139
13138
13133
13131
13131
13126
13126
13125
13122
13121
13119
13115
13117
13115
13115
13118
13126
13123
13129
13133
13129
13133
13144
13143
13147
13147
13145
13146
13136
13140
13142
13146
13150
13147
13142
13143
13139
13138
13147
13148
13150
13145
13145
13141
13138
13145
13138
13139
13142
13137
13141
13146
13140
13135
13129
13133
13139
13136
13137
13139
13140
13146
13138
13138
13136
13145
13146
13144
13145
13142
13144
13144
13145
13141
13135
13137
13135
13131
13137
13129
13133
13139
13130
13132
13130
13134
13134
13140
13145
13146
13152
13154
13150
13145
13153
13143
13145
13136
13130
13131
13125
13124
13116
13112
13113
13113
13119
13124
13121
13133
13132
13131
13128
13122
13117
13133
13123
13125
13132
13130
13137
13139
13139
13145
13146
13143
13143
13151
13146
13145
13142
13147
13148
13142
13137
13133
13137
13132
13135
13131
13128
13133
13132
13136
13137
13136
13140
13144
13139
13143
13146
13147
13145
13142
13135
13141
13137
13132
13136
13134
13132
13137
