13135
13135
13136
13133
13139
13134
13134
13140
13140
13137
13135
13134
13139
13138
13133
13135
13134
13133
13129
13135
13136
13132
13135
13138
13134
13135
13137
13133
13136
13134
13130
13142
13141
13138
13140
13136
13128
13133
13125
13127
13123
13125
13129
13134
13135
13131
13128
13139
13137
13135
13133
13132
13134
13132
13132
13129
13126
13127
13126
13129
13131
13127
13128
13129
13125
13134
13131
13125
13126
13125
13117
13123
13125
13122
13134
13136
13135
13132
13128
13128
13125
13126
13124
13129
13131
13130
13138
13139
13143
13142
13134
13126
13133
13127
13125
13122
13124
13123
13125
13130
13137
13140
13142
13145
13137
13138
13140
13137
13135
13136
13138
13139
13136
13138
13138
13138
13139
13140
13137
13135
13140
13141
13138
13137
13139
13136
13144
13145
13135
13135
13129
13129
13133
13140
13137
13145
13144
13139
13118
12986
12901
12852
12821
12815
12810
12814
12818
12829
12850
12871
12889
12902
12908
12915
12930
12937
12942
12957
12964
12982
12990
12997
13010
13020
13029
13039
13049
13054
13059
13062
13061
13063
13070
13074
13080
13086
13092
13093
13096
13095
13093
13093
13093
13096
13094
13102
13102
13105
13110
13115
13123
13123
13119
13122
13127
13118
13114
13125
13124
13128
13133
13129
13126
13135
13145
13143
13148
13147
13145
13141
13139
13142
13142
13137
13131
13138
13130
13127
13119
13120
13123
13118
13122
13126
13122
13131
13132
13129
13133
13132
13137
13140
13138
13132
13136
13126
13124
13133
13134
13132
13131
13123
13131
13131
13129
13123
13134
13133
13129
13128
13130
13124
13130
13121
13117
13125
13118
13127
13132
13134
13131
13131
13126
13136
13131
13130
13131
13129
13128
13126
13129
13133
13137
13139
13141
13136
13124
13128
13129
13134
13132
13132
13130
13128
13128
13124
13129
13128
13131
13133
13130
13133
13142
13139
13142
13143
13144
13138
13129
13128
13126
13133
13131
13138
13136
13132
13136
13132
13136
13134
13137
13139
13139
13138
13143
13137
13137
13132
13135
13128
13134
13129
13133
13130
13132
13122
13117
13123
13120
13125
13130
13131
13134
13127
13128
13138
13131
13131
13133
13130
13129
13124
13117
13127
13120
13129
13120
13126
13118
13125
13133
13141
13148
13138
13143
13133
13131
13129
13127
13128
13131
13132
13134
13135
13124
13127
13128
13126
13130
13133
13136
13143
13151
13138
13139
13133
13135
13133
13131
13129
13134
13135
13131
13131
13118
13122
13122
13127
13129
13129
13133
13137
13136
13135
13138
13128
13126
13122
13117
13121
13120
13126
13135
13132
13143
13143
13146
13137
13140
13138
13138
13135
13144
13133
13138
13139
13139
13137
13137
13130
13135
13136
13142
13141
13137
13134
13126
13126
13125
13126
13127
13137
13129
13130
13127
13124
13128
13132
13134
13137
13136
13136
13137
13129
13132
13132
13134
13134
13134
13138
13141
13145
13151
13131
13133
13143
13142
13141
13136
13136
13135
13128
13127
13126
13119
13119
13118
13121
13124
13128
13129
13134
13129
13118
13128
13121
13123
13136
13130
13129
13132
13130
13129
13127
13135
13141
13138
13142
13144
13143
13138
13138
13138
13138
13135
13128
13128
13122
13122
13120
13131
13129
13036
12808
12512
12343
12239
12182
12184
12186
12214
12252
12290
12321
12370
12409
12458
12494
12529
12567
12613
12637
12674
12706
12733
12756
12786
12818
12831
12850
12868
12880
12894
12904
12920
12934
12951
12961
12978
12988
13002
13008
13020
13028
13027
13039
13035
13037
13042
13047
13058
13063
13065
13066
13078
13074
13082
13085
13083
13081
13093
13094
13094
13105
13106
13106
13100
13106
13107
13106
13117
13121
13127
13118
13120
13122
13128
13122
13124
13129
13122
13127
13118
13124
13120
13114
13119
13122
13121
13113
13119
13115
13117
13120
13127
13125
13117
13118
13113
13119
13120
13124
13127
13127
13129
13132
13136
13142
13137
13139
13141
13142
13146
13134
13133
13137
13137
13133
13133
13129
13133
13123
13128
13134
13131
13128
13134
13135
13139
13143
13137
13145
13133
13126
13135
13135
13133
13138
13132
13133
13127
13125
13128
13122
13119
13119
13120
13122
13122
13119
13124
13129
13134
13132
13136
13133
13143
13142
13144
13151
13147
13148
13147
13148
13141
13136
13141
13133
13134
13137
13130
13132
13136
13136
13145
13144
13146
13152
13150
13149
13145
13146
13146
13144
13137
13143
13140
13146
13132
13133
13130
13124
13133
13137
13136
13137
13142
13141
13140
13142
13137
13137
13131
13124
13124
13131
13137
13133
13141
13144
13149
13140
13147
13142
13146
13145
13148
13146
13140
13140
13138
13131
13135
13143
13138
13135
13139
13143
13138
13126
13123
13125
13134
13129
13127
13129
13138
13140
13145
13142
13142
13141
13133
13132
13132
13133
13126
13123
13125
13132
13131
13134
13126
13121
13131
13128
13131
13132
13126
13132
13136
13135
13130
13124
13122
13129
13125
13129
13128
13131
13130
13122
13129
13123
13124
13135
13132
13133
13129
13125
13122
13129
13125
13131
13125
13129
13129
13133
13130
13137
13130
13140
13136
13132
13136
13127
13127
13135
13137
13135
13130
13128
13129
13121
13122
13124
13128
13131
13135
13138
13143
13139
13138
13134
13130
13134
13138
13136
13135
13132
13139
13138
13139
13135
13129
13132
13134
13123
13134
13130
13127
13128
13126
13123
13130
13128
13127
13134
13136
13134
13141
13142
13146
13140
13141
13130
13125
13124
13123
13130
13129
13130
13136
13125
13124
13129
13127
13128
13127
13128
13133
13132
13133
13141
13140
13145
13144
13140
13139
13134
13141
13140
13142
13142
13153
13142
13145
13144
13144
13145
13142
13142
13142
13143
13141
13139
13135
13140
13144
13143
13142
13136
13140
13137
13143
13142
13140
13140
13135
13125
13127
13132
13129
13132
13133
13132
13132
13130
13132
13129
13125
13133
13135
13132
13135
13129
13127
13133
13131
13131
13127
13124
13128
13134
13131
13127
13128
13132
13127
13119
13128
13125
13138
13127
13131
13135
13134
13133
13126
13125
13127
13132
13129
13127
13126
13139
13142
13139
13139
13138
13145
13145
13139
13136
13143
13135
13140
13136
13138
13136
13144
13143
13141
13138
13138
13137
13139
13142
13135
13134
13136
13133
13143
13138
13132
13144
13142
13142
13140
13140
13144
13139
13139
13139
13136
13142
13144
13140
13142
13140
13143
13151
13146
13140
13149
13140
13135
13139
13136
13135
13140
13139
13135
13130
13135
13132
13129
13140
13133
13133
13131
13130
13133
13127
13122
13124
13127
13141
13135
13132
13133
13134
13132
13127
13123
13130
13133
13134
13136
13133
