13138
13139
13136
13139
13140
13138
13134
13139
13136
13133
13133
13131
13129
13129
13132
13129
13132
13134
13130
13126
13126
13121
13115
13117
13111
13110
13129
13123
13127
13132
13131
13135
13137
13138
13139
13138
13136
13133
13134
13129
13125
13129
13130
13125
13128
13116
13120
13118
13115
13123
13117
13126
13129
13132
13136
13137
13138
13137
13145
13138
13146
13142
13138
13149
13145
13140
13150
13148
13139
13147
13143
13141
13142
13135
13133
13137
13139
13132
13133
13138
13131
13131
13131
13127
13138
13132
13131
13138
13130
13131
13131
13131
13134
13137
13133
13142
13129
13141
13135
13132
13123
13130
13128
13132
13124
13121
13127
13128
13127
13132
13124
13129
13137
13142
13142
13135
13129
13128
13128
13131
13132
13130
13129
13133
13136
13134
13138
13144
13140
13143
13142
13144
13150
13151
13147
13138
13125
13138
13131
13125
13128
13123
13120
13132
13129
13126
13143
13145
13144
13145
13137
13138
13146
13143
13137
13140
13142
13144
13139
13138
13135
13136
13141
13137
13137
13132
13129
13131
13132
13131
13130
13123
13126
13127
13134
13136
13130
13135
13141
13140
13137
13142
13147
13149
13150
13150
13150
13145
13138
13141
13135
13135
13131
13128
13120
13128
13128
13129
13135
13140
13138
13137
13134
13136
13143
13142
13141
13149
13141
13133
13134
13128
13134
13132
13139
13142
13135
13138
13143
13136
13136
13131
13133
13133
13131
13127
13134
13131
13128
13135
13131
13131
13134
13134
13133
13133
13132
13130
13130
13133
13130
13128
13127
13119
13122
13117
13119
13124
13124
13129
13133
13134
13136
13134
13134
13142
13136
13132
13134
13117
13116
13122
13123
13133
13126
13126
13133
13136
13135
13135
13133
13123
13130
13127
13134
13132
13126
13126
13125
13136
13143
13138
13140
13133
13143
13137
13133
13134
13134
13145
13136
13131
13127
13126
13118
13124
13124
13122
13127
13129
13132
13132
13134
13137
13136
13133
13141
13138
13137
13142
13143
13137
13138
13132
13135
13130
13130
13128
13135
13144
13135
13130
13128
13130
13145
13133
13134
13137
13126
13129
13134
13139
13135
13141
13141
13142
13132
13133
13129
13126
13127
13121
13118
13123
13123
13124
13134
13125
13130
13135
13126
13134
13125
13122
13122
13131
13125
13124
13129
13139
13138
13143
13143
13148
13149
13136
13136
13133
13131
13135
13130
13129
13129
13126
13119
13123
13122
13120
13124
13124
13133
13135
13137
13142
13141
13135
13135
13129
13132
13134
13130
13133
13137
13140
13148
13143
13138
13141
13141
13139
13143
13138
13135
13140
13144
13140
13140
13137
13140
13137
13139
13142
13141
13142
13144
13143
13136
13126
13127
13127
13132
13131
13123
13122
13131
13129
13137
13138
13140
13140
13129
13136
13134
13142
13139
13151
13149
13144
13143
13146
13145
13145
13141
13140
13146
13137
13136
13134
13134
13127
13120
13122
13128
13129
13132
13137
13133
13138
13141
13133
13131
13136
13134
13142
13142
13139
13134
13133
13130
13139
13128
13131
13127
13136
13137
13138
13138
13133
13142
13145
13142
13140
13132
13137
13141
13133
13127
13133
13128
13134
13123
13127
13124
13127
13133
13141
13137
13147
13146
13142
13140
13138
13133
13137
13128
13126
13126
13014
12409
11750
11333
11089
10981
10929
10947
10997
11082
11164
11276
11376
11473
11562
11661
11742
11838
11914
11996
12068
12152
12217
12277
12331
12390
12438
12480
12524
12548
12579
12612
12638
12669
12701
12725
12756
12784
12808
12834
12844
12869
12885
12903
12925
12935
12946
12951
12968
12981
12986
12998
13012
13019
13030
13036
13045
13054
13055
13057
13057
13057
13058
13054
13061
13069
13076
13076
13080
13078
13081
13086
13094
13099
13097
13105
13107
13107
13113
13125
13120
13118
13126
13117
13113
13115
13116
13111
13115
13117
13115
13109
13111
13120
13119
13127
13128
13133
13131
13129
13128
13128
13124
13125
13134
13138
13140
13137
13145
13138
13138
13139
13131
13135
13130
13130
13131
13140
13132
13138
13138
13133
13134
13127
13123
13123
13118
13123
13125
13129
13126
13125
13124
13123
13132
13130
13133
13136
13137
13138
13137
13138
13137
13134
13133
13127
13124
13126
13138
13126
13129
13132
13122
13122
13122
13119
13130
13132
13131
13141
13136
13142
13147
13137
13141
13139
13142
13144
13147
13144
13136
13136
13137
13135
13134
13132
13126
13138
13134
13137
13134
13131
13133
13126
13129
13136
13136
13141
13141
13138
13134
13129
13130
13133
13134
13125
13136
13128
13127
13134
13132
13129
13136
13132
13131
13128
13126
13126
13128
13126
13121
13122
13122
13126
13129
13124
13125
13130
13127
13125
13137
13135
13137
13142
13140
13145
13140
13139
13142
13134
13142
13146
13140
13143
13144
13141
13142
13132
13129
13139
13136
13138
13142
13148
13140
13144
13141
13132
13133
13130
13128
13133
13127
13127
13130
13130
13125
13126
13130
13138
13141
13138
13135
13134
13134
13127
13123
13119
13122
13123
13128
13134
13131
13134
13136
13140
13140
13131
13121
13126
13124
13128
13130
13136
13135
13130
13134
13137
13133
13132
13131
13130
13132
13127
13132
13132
13126
13131
13122
13119
13127
13131
13132
13131
13139
13136
13139
13140
13135
13126
13123
13131
13138
13135
13131
13135
13134
13136
13136
13147
13136
13133
13138
13132
13139
13132
13133
13129
13135
13132
13137
13133
13139
13145
13146
13142
13131
13133
13126
13125
13131
13121
13121
13115
13122
13128
13127
13130
13133
13136
13147
13147
13142
13145
13147
13140
13140
13137
13132
13133
13131
13128
13135
13132
13135
13128
13131
13129
13137
13141
13143
13141
13145
13141
13144
13137
13142
13150
13144
13135
13142
13138
13139
13137
13141
13145
13145
13135
13146
13143
13140
13133
13145
13147
13146
13151
13156
13148
13152
13158
13148
13149
13149
13153
13146
13142
13134
13132
13130
13131
13125
13126
13135
13131
13135
13127
13128
13132
13124
13124
13124
13127
13129
13130
13126
13129
13138
13126
13133
13131
13132
13132
13131
13134
13135
13134
13139
13135
13137
13066
12964
12895
12861
12843
12830
12806
12779
12772
12769
12782
12788
12804
12822
12849
12859
12873
12886
12913
12929
12945
12959
12965
12967
12978
12986
13000
13006
13014
13019
13018
13024
13037
13040
13048
13054
13059
13067
13075
13070
13076
13082
13084
13096
13098
13097
13104
13108
13113
13117
13118
13110
13109
13109
13114
13107
13111
13115
13115
13111
13114
13116
13117
13118
13116
13126
13129
13129
13132
13133
13123
13122
13118
13118
13128
13123
13126
13133
13126
13122
13125
13119
13124
13130
