13134
13136
13137
13126
13135
13129
13133
13137
13134
13133
13132
13132
13137
13143
13144
13152
13144
13144
13145
13141
13136
13135
13135
13139
13134
13135
13137
13133
13133
13134
13133
13132
13135
13133
13133
13135
13134
13128
13128
13123
13121
13127
13125
13127
13130
13119
13126
13130
13128
13123
13121
13115
13117
13118
13122
13130
13126
13135
13132
13133
13138
13138
13138
13137
13121
13119
13124
13122
13124
13138
13136
13140
13148
13147
13156
13148
13151
13152
13150
13150
13145
13140
13134
13142
13147
13139
13135
13140
13137
13139
13136
13140
13139
13135
13136
13131
13123
13125
13134
13134
13133
13136
13130
13136
13133
13128
13136
13136
13125
13136
13128
13130
13120
13123
13117
13116
13113
13116
13118
13128
13123
13132
13130
13128
13130
13121
13123
13131
13128
13125
13130
13133
13128
13132
13122
13132
13123
13132
13132
13126
13122
13123
13121
13132
13130
13126
13140
13135
13133
13143
13135
13147
13151
13160
13156
13154
13154
13147
13143
13146
13144
13139
13143
13150
13157
13144
13135
13142
13137
13145
13145
13146
13134
13134
13131
13139
13133
13134
13129
13125
13125
13130
13130
13126
13119
13120
13123
13128
13122
13128
13119
13124
13129
13133
13130
13134
13133
13133
13130
13126
13126
13137
13137
13134
13143
13140
13136
13142
13138
13135
13130
13134
13138
13138
13137
13137
13134
13132
13132
13131
13137
13136
13134
13138
13128
13129
13132
13126
13120
13132
13134
13137
13126
13131
13131
13133
13135
13136
13134
13145
13147
13141
13143
13138
13143
13141
13143
13150
13148
13153
13152
13153
13142
13141
13140
13139
13137
13138
13137
13138
13138
13138
13138
13143
13140
13136
13141
13130
13128
13140
13136
13139
13141
13144
13142
13145
13145
13143
13150
13147
13149
13144
13139
13134
13142
13137
13133
13140
13140
13138
13134
13135
13136
13133
13131
13135
13134
13136
13139
13133
13137
13137
13134
13136
13134
13131
13146
13141
13141
13142
13131
13128
13129
13132
13137
13132
13134
13137
13140
13135
13135
13138
13139
13132
13139
13126
13129
13132
13125
13122
13119
13125
13122
13128
13119
13122
13120
13125
13132
13136
13142
13146
13155
13157
13145
13144
13148
13139
13134
13140
13129
13125
13127
13125
13130
13130
13129
13116
13110
13116
13116
13106
13117
13115
13125
13132
13132
13142
13139
13139
13135
13141
13136
13145
13141
13142
13134
13137
13140
13139
13142
13145
13143
13136
13141
13138
13150
13140
13144
13140
13137
13134
13130
13126
13123
13117
13120
13117
13123
13126
13126
13133
13141
13142
13142
13135
13135
13142
13136
13131
13131
13127
13134
13130
13131
13130
13125
13132
13139
13140
13144
13140
13131
13139
13127
13135
13134
13130
13125
13131
13128
13129
13128
13128
13133
13134
13142
13144
13141
13137
13138
13141
13140
13137
13151
13137
13142
13146
13138
13132
13127
13132
13129
13129
13132
13133
13140
13134
13142
13142
13138
13139
13143
13144
13145
13139
13144
13137
13138
13138
13139
13143
13139
13136
13128
13135
13134
13139
13133
13138
13137
13138
13136
13139
13141
13139
13136
13138
13134
13134
13129
13128
13127
13134
13129
13144
13135
13139
13146
13139
13137
12978
12086
10853
9838
9090
8681
8474
8458
8511
8656
8811
9028
9215
9446
9614
9767
9912
10092
10251
10415
10572
10738
10881
11037
11145
11278
11391
11510
11603
11705
11791
11878
11954
12030
12100
12159
12223
12281
12326
12374
12431
12482
12529
12560
12593
12635
12655
12683
12704
12722
12744
12776
12791
12813
12833
12867
12880
12895
12914
12927
12928
12939
12950
12965
12966
12976
12994
13003
13015
13021
13024
13034
13037
13041
13055
13056
13058
13073
13076
13077
13082
13078
13090
13086
13091
13095
13089
13093
13097
13097
13095
13090
13093
13094
13088
13092
13094
13098
13106
13113
13121
13122
13122
13125
13116
13122
13122
13121
13125
13123
13123
13127
13133
13128
13137
13136
13138
13135
13133
13132
13136
13135
13134
13121
13121
13123
13118
13113
13121
13128
13127
13133
13131
13130
13131
13132
13126
13131
13129
13127
13125
13129
13132
13138
13137
13133
13138
13137
13142
13137
13136
13128
13129
13128
13130
13128
13136
13133
13128
13133
13131
13134
13132
13094
12974
12909
12865
12835
12827
12816
12826
12838
12861
12868
12881
12897
12911
12924
12938
12941
12948
12962
12965
12983
12987
12993
13006
13011
13020
13017
12967
12723
12578
12488
12439
12414
12424
12435
12458
12495
12521
12554
12590
12619
12637
12675
12701
12720
12756
12782
12808
12829
12852
12873
12889
12907
12922
12934
12943
12956
12967
12971
12977
12999
13000
13013
13019
13020
13029
13034
13043
13049
13060
13057
13061
13061
13077
13085
13080
13075
13081
13083
13086
13073
13077
13093
13093
13083
13092
13090
13097
13097
13111
13107
13109
13113
13119
13125
13131
13129
13126
13127
13124
13129
13124
13122
13127
13133
13140
13143
13147
13142
13142
13143
13144
13136
13141
13145
13134
13137
13132
13137
13134
13132
13126
13134
13129
13126
13129
13127
13130
13128
13128
13126
13131
13131
13131
13133
13137
13130
13133
13130
13126
13137
13132
13131
13138
13143
13143
13140
13135
13135
13133
13129
13135
13133
13138
13144
13145
13146
13147
13138
13143
13138
13133
13140
13134
13131
13135
13134
13134
13126
13132
13130
13129
13130
13128
13132
13137
13134
13140
13137
13133
13136
13133
13143
13140
13141
13145
13141
13140
13137
13132
13138
13137
13131
13131
13130
13135
13141
13140
13137
13137
13132
13132
13137
13134
13129
13134
13127
13125
13124
13118
13117
13117
13127
13133
13124
13123
13121
13126
13126
13125
13133
13132
13136
13137
13135
13135
13131
13127
13125
13122
13127
13127
13124
13127
13132
13134
13144
13147
13140
13148
13143
13141
13143
13132
13129
13133
13127
13128
13131
13132
13138
13137
13135
13133
13132
13140
13135
13129
13126
13124
13133
13127
13129
13133
13134
13132
13126
13126
13131
13123
13130
13128
13126
13133
13130
13127
13131
13131
13132
13134
13133
13134
13137
13137
13134
13149
13147
13144
13140
13139
13138
13139
13134
13134
13139
13139
13142
13135
13131
13131
13142
13140
13137
13131
13129
13133
13138
13137
13142
13143
13141
13143
13142
13140
13138
13128
13133
13125
13124
13140
13141
13128
13131
13123
13134
13143
13143
13143
13135
13132
13135
13129
13129
13131
13138
13137
13126
13122
13119
13117
13123
13116
13123
13132
13128
13134
13125
13128
13134
13134
13133
13139
13129
13134
13136
13132
13131
13127
13128
13136
13134
13133
13145
13141
13143
13152
