13133
13135
13143
13139
13136
13138
13133
13134
13136
13140
13142
13138
13134
13137
13135
13140
13135
13140
13137
13136
13142
13137
13131
13136
13131
13128
13140
13141
13136
13128
13126
13125
13123
13125
13126
13127
13131
13136
13135
13140
13135
13131
13137
13133
13131
13131
13123
13122
13133
13131
13129
13132
13135
13132
13135
13138
13133
13138
13135
13140
13147
13140
13138
13143
13140
13146
13145
13150
13151
13147
13151
13156
13150
13139
13132
13133
13142
13143
13143
13141
13137
13140
13142
13136
13129
13129
13118
13126
13128
13127
13129
13124
13129
13126
13130
13135
13138
13138
13135
13132
13133
13129
13131
13131
13130
13137
13126
13127
13119
13124
13119
13128
13125
13123
13131
13135
13129
13131
13128
13131
13135
13139
13144
13141
13138
13138
13131
13133
13132
13128
13133
13137
13141
13138
13141
13140
13134
13134
13126
13129
13131
13127
13131
13136
13143
13148
13147
13143
13145
13141
13138
13142
13139
13139
13140
13140
13139
13149
13142
13147
13143
13139
13143
13139
13142
13139
13134
13136
13136
13128
13124
13125
13124
13122
13118
13133
13128
13136
13134
13136
13134
13135
13129
13139
13124
13130
13132
13129
13133
13140
13139
13145
13140
13137
13132
13132
13135
13138
13140
13143
13145
13142
13153
13149
13141
13148
13139
13141
13141
13146
13144
13139
13136
13132
13131
13145
13149
13143
13149
13141
13145
13134
13137
13135
13133
13129
13126
13130
13132
13127
13129
13134
13123
13128
13128
13138
13141
13143
13141
13148
13143
13144
13147
13134
13135
13136
13136
13137
13140
13135
13130
13134
13133
13132
13132
13137
13138
13134
13136
13141
13145
13136
13134
13135
13129
13139
13140
13143
13144
13145
13136
13137
13133
13133
13134
13136
13138
13136
13134
13140
13133
13132
13136
13133
13134
13137
13138
13141
13145
13150
13147
13142
13138
13137
13134
13136
13133
13127
13134
13133
13140
13140
13139
13144
13139
13136
13132
13135
13135
13131
13136
13144
13142
13141
13138
13143
13143
13143
13136
13142
13128
13122
13129
13123
13131
13134
13131
13133
13130
13129
13128
13134
13129
13126
13131
13131
13128
13129
13129
13132
13136
13130
13127
13136
13131
13138
13141
13141
13142
13143
13142
13155
13146
13148
13147
13139
13143
13135
13128
13133
13127
13128
13133
13131
13135
13142
13128
13123
13119
13115
13116
13121
13118
13117
13116
13112
13108
13114
13114
13120
13119
13118
13124
13127
13131
13131
13122
13127
13133
13135
13140
13143
13134
13136
13132
13126
13126
13128
13125
13135
13137
13132
13134
13135
13136
13139
13136
13143
13147
13153
13152
13147
13150
13141
13142
13148
13138
13140
13142
13143
13151
13136
13130
13132
13120
13126
13133
13133
13142
13139
13141
13141
13139
13137
13143
13138
13129
13135
13130
13140
13139
13132
13134
13127
13127
13132
13129
13132
13127
13131
13128
13125
13124
13134
13132
13136
13136
13135
13130
13135
13136
13133
13130
13135
13134
13125
13127
13121
13126
13132
13134
13137
13126
13127
13132
13129
13137
13136
13138
13140
13135
13133
13131
13132
13126
13133
13123
13121
13111
13113
13112
13120
13126
13126
13126
13130
13124
13129
13120
13120
13130
13128
13130
13136
13135
13140
13144
13122
12946
12728
12415
12154
12013
11925
11901
11898
11926
11962
12012
12066
12120
12162
12230
12279
12333
12383
12425
12467
12518
12558
12601
12634
12668
12699
12728
12754
12772
12794
12820
12841
12868
12873
12886
12909
12921
12943
12952
12954
12969
12981
12994
12999
13001
13004
13013
13019
13029
13036
13045
13054
13059
13057
13070
13074
13071
13085
13083
13084
13088
13084
13084
13089
13097
13096
13093
13098
13095
13104
13110
13111
13114
13107
13107
13111
13111
13114
13103
13109
13110
13113
13113
13117
13115
13118
13113
13115
13119
13117
13117
13128
13130
13129
13131
13130
13131
13134
13126
13129
13124
13123
13129
13125
13124
13119
13118
13118
13115
13122
13124
13122
13130
13121
13122
13130
13128
13133
13128
13134
13137
13136
13136
13134
13134
13139
13141
13139
13142
13143
13146
13149
13140
13132
13140
13132
13137
13142
13128
13129
13132
13133
13129
13136
13133
13136
13135
13137
13128
13131
13130
13130
13136
13123
13125
13127
13126
13132
13132
13133
13132
13139
13128
13126
13123
13125
13126
13124
13121
13122
13120
13129
13120
13115
13129
13127
13122
13129
13126
13124
13127
13128
13129
13121
13121
13119
13123
13132
13130
13126
13125
13124
13136
13128
13132
13130
13125
13135
13128
13131
13133
13133
13129
13137
13129
13142
13135
13132
13130
13135
13134
13135
13136
13134
13139
13130
13129
13125
13128
13128
13135
13136
13131
13131
13133
13136
13147
13143
13142
13141
13134
13136
13141
13134
13128
13135
13135
13135
13127
13126
13128
13133
13131
13136
13136
13137
13141
13137
13138
13144
13146
13146
13143
13135
13140
13137
13133
13141
13129
13138
13134
13135
13130
13141
13145
13140
13143
13142
13137
13139
13135
13137
13138
13137
13134
13143
13145
13149
13151
13150
13146
13146
13142
13141
13137
13136
13137
13127
13132
13131
13119
13127
13129
13125
13128
13135
13141
13138
13131
13132
13136
13138
13138
13142
13144
13132
13133
13137
13085
12960
12889
12841
12824
12811
12814
12829
12837
12851
12862
12875
12885
12901
12911
12928
12947
12961
12973
12985
12994
12995
13006
13019
13020
13019
13038
13041
13041
13057
13055
13077
13084
13085
13084
13083
13087
13093
13090
13098
13101
13105
13110
13107
13111
13113
13113
13122
13117
13116
13115
13127
13121
13121
13120
13125
13118
13119
13118
13119
13116
13112
13109
13114
13112
13114
13129
13123
13127
13134
13131
13128
13130
13133
13131
13127
13134
13124
13128
13132
13132
13132
13129
13134
13138
13133
13133
13135
13134
13137
13135
13134
13133
13127
13133
13138
13133
13140
13133
13123
13121
13124
13129
13131
13126
13119
13126
13121
13122
13128
13125
13127
13133
13137
13133
13139
13137
13132
13134
13138
13138
13139
13140
13135
13139
13136
13135
13143
13134
13132
13129
13133
13129
13132
13128
13132
13123
13129
13132
13133
13134
13131
13126
13132
13134
13132
13139
13129
13127
13131
13128
13132
13130
13132
13126
13132
13128
13127
13126
13128
13133
13133
13131
13128
13133
13126
13127
13131
13132
13138
13133
13137
13137
13142
13147
13152
13144
13146
13140
13135
13134
13129
13127
13132
13126
13124
13127
13125
13122
13126
13118
13122
13118
13127
13131
13129
13134
13132
13135
13141
13137
13135
13132
13129
13129
13128
13130
13134
13138
13135
13130
13132
13132
13139
