13134
13130
13131
13131
13135
13139
13133
13139
13130
13130
13137
13127
13135
13136
13138
13141
13145
13144
13144
13141
13142
13129
13133
13132
13123
13132
13128
13125
13136
13127
13126
13129
13127
13127
13121
13125
13130
13129
13129
13132
13130
13138
13133
13131
13130
13127
13126
13130
13117
13119
13126
13126
13127
13138
13128
13127
13130
13125
13120
13127
13129
13131
13128
13135
13131
13129
13127
13128
13139
13134
13137
13138
13137
13138
13132
13104
12978
12901
12847
12832
12810
12815
12816
12818
12839
12855
12867
12887
12895
12910
12938
12940
12960
12971
12980
12992
13005
13010
13014
13017
13024
13031
13039
13046
13041
13050
13058
13070
13071
13066
13077
13083
13089
13090
13088
13099
13093
13091
13092
13095
13093
13097
13096
13099
13107
13110
13117
13124
13120
13116
13125
13119
13118
13115
13106
13111
13115
13113
13108
13108
13119
13115
13119
13124
13129
13128
13131
13133
13134
13129
13137
13138
13140
13136
13145
13147
13153
13146
13141
13143
13138
13139
13142
13138
13143
13145
13144
13145
13139
13132
13138
13131
13131
13132
13126
13132
13133
13125
13123
13127
13124
13124
13122
13123
13128
13120
13126
13115
13124
13128
13123
13127
13125
13124
13125
13127
13132
13135
13139
13140
13138
13149
13149
13148
13153
13143
13146
13143
13138
13140
13137
13132
13127
13133
13130
13133
13130
13131
13134
13130
13135
13132
13135
13131
13128
13132
13142
13134
13143
13139
13142
13145
13140
13133
13128
13129
13130
13124
13126
13132
13125
13135
13141
13133
13134
13139
13139
13135
13132
13125
13130
13129
13128
13131
13122
13122
13126
13120
13126
13127
13130
13123
13121
13124
13124
13121
13122
13124
13128
13126
13126
13124
13123
13121
13119
13128
13127
13133
13129
13124
13124
13126
13134
13137
13138
13139
13143
13149
13150
13140
13149
13135
13131
13137
13131
13136
13136
13141
13138
13140
13145
13146
13152
13148
13146
13146
13142
13142
13150
13140
13143
13140
13129
13123
13119
13115
13119
13118
13118
13115
13108
13115
13118
13124
13129
13128
13132
13132
13132
13127
13136
13132
13123
13130
13125
13129
13133
13131
13132
13138
13142
13133
13134
13140
13145
13144
13140
13139
13142
13138
13137
13138
13129
13128
13129
13135
13131
13134
13138
13146
13140
13138
13141
13134
13139
13138
13136
13147
13137
13134
13139
13138
13134
13139
13130
13134
13133
13127
13132
13129
13135
13135
13138
13140
13137
13135
13130
13133
13132
13122
13126
13135
13139
13135
13140
13137
13135
13132
13133
13142
13140
13147
13153
13146
13152
13154
13151
13147
13139
13136
13138
13125
13124
13125
13126
13130
13137
13128
13127
13132
13141
13136
13142
13147
13145
13142
13134
13136
13147
13140
13141
13138
13140
13144
13140
13142
13143
13138
13133
13132
13136
13137
13135
13137
13135
13134
13128
13122
13129
13132
13132
13134
13138
13139
13137
13133
13135
13131
13131
13130
13130
13118
13119
13126
13136
13137
13132
13126
13129
13122
13117
13122
13121
13122
13120
13136
13133
13134
13139
13142
13136
13137
13134
13134
13132
13134
13129
13132
13125
13122
13128
13122
13124
13119
13119
13125
13128
13131
13122
13131
13131
13126
12958
12467
11809
11229
10891
10686
10600
10563
10616
10679
10781
10880
11001
11112
11234
11348
11459
11556
11662
11752
11843
11916
12003
12070
12138
12206
12265
12319
12368
12414
12461
12503
12541
12571
12613
12645
12683
12705
12738
12759
12787
12809
12826
12848
12866
12876
12900
12910
12929
12942
12950
12971
12977
12989
13007
13014
13031
13041
13038
13050
13042
13045
13052
13055
13048
13056
13055
13061
13075
13080
13085
13090
13093
13097
13099
13107
13094
13088
13088
13091
13097
13101
13101
13109
13111
13118
13124
13120
13117
13115
13116
13120
13119
13118
13121
13122
13125
13132
13132
13136
13134
13136
13130
13128
13124
13129
13128
13126
13135
13126
13128
13128
13118
13113
13121
13121
13122
13125
13130
13128
13138
13146
13141
13150
13155
13154
13146
13140
13136
13142
13135
13137
13131
13131
13135
13137
13134
13130
13131
13126
13129
13127
13126
13125
13124
13129
13131
13129
13139
13127
13129
13132
13127
13122
13125
13137
13131
13136
13134
13132
13127
13124
13121
13129
13134
13132
13146
13138
13138
13142
13144
13146
13140
13135
13127
13134
13130
13133
13127
13128
13130
13132
13135
13132
13131
13138
13130
13125
13127
13128
13130
13132
13133
13133
13137
13135
13128
13130
13133
13131
13128
13129
13122
13132
13133
13135
13133
13131
13135
13141
13137
13126
13123
13125
13131
13135
13134
13132
13129
13137
13139
13135
13132
13135
13135
13138
13132
13130
13140
13136
13141
13147
13139
13143
13145
13147
13137
13138
13136
13130
13126
13132
13125
13120
13121
13123
13129
13130
13127
13137
13127
13135
13134
13130
13135
13135
13136
13137
13135
13140
13141
13136
13136
13129
13129
13119
13119
13119
13122
13122
13120
13126
13122
13125
13138
13139
13140
13139
13132
13129
13135
13137
13135
13133
13133
13134
13141
13134
13134
13136
13126
13122
13127
13120
13122
13132
13137
13135
13130
13131
13130
13134
13134
13137
13134
13139
13135
13131
13136
13121
13128
13128
13123
13125
13133
13131
13133
13132
13141
13136
13136
13138
13141
13134
13133
13138
13147
13143
13139
13136
13123
13124
13125
13136
13142
13144
13146
13148
13139
13143
13137
13132
13124
13125
13126
13136
13132
13124
13132
13127
13075
12961
12890
12850
12833
12823
12824
12831
12840
12851
12867
12886
12897
12912
12920
12931
12952
12962
12969
12985
12991
13000
13002
13011
13025
13034
13046
13052
13049
13056
13072
13078
13083
13081
13085
13093
13088
13090
13098
13095
13107
13116
13109
13113
13114
13119
13115
13124
13116
13117
13123
13128
13126
13124
13127
13118
13123
13116
13117
13131
13131
13135
13134
13140
13139
13135
13129
13131
13121
13127
13122
13119
13119
13127
13120
13127
13133
13130
13129
13124
13133
13124
13123
13121
13119
13119
13121
13120
13124
13131
13126
13132
13124
13125
13126
13127
13129
13119
13121
13124
13127
13129
13124
13124
13126
13130
13128
13126
13116
13119
13122
13119
13121
13124
13124
13128
13125
13125
13128
13134
13134
13132
13129
13132
13129
13134
13134
13136
13133
13136
13137
13142
13140
13133
13140
13138
13139
13102
12975
12909
12861
12831
12814
12811
12822
12832
12841
12857
12872
12895
12918
12928
12940
12952
12964
12972
12979
12975
12989
12993
12998
13015
13027
13033
13049
13054
13059
13061
13057
13057
13059
13067
13072
13077
13088
13104
13108
13103
