13141
13143
13151
13146
13145
13148
13146
13143
13140
13142
13142
13139
13135
13140
13141
13140
13140
13134
13134
13130
13126
13123
13130
13139
13144
13145
13146
13144
13151
13153
13151
13156
13147
13150
13143
13141
13138
13138
13138
13137
13133
13132
13138
13141
13143
13143
13142
13142
13143
13140
13142
13142
13148
13145
13149
13147
13142
13140
13145
13140
13144
13138
13138
13137
13131
13136
13132
13142
13143
13148
13143
13146
13136
13140
13132
13127
13133
13129
13129
13137
13131
13131
13134
13125
13118
13117
13112
13121
13124
13128
13129
13124
13132
13131
13138
13141
13142
13144
13145
13139
13144
13137
13129
13133
13138
13140
13138
13136
13135
13135
13126
13134
13128
13138
13142
13146
13144
13138
13130
13132
13130
13130
13141
13137
13137
13127
13127
13133
13133
13129
13131
13133
13131
13129
13128
13130
13127
13125
13126
13124
13125
13118
13116
13125
13126
13130
13127
13125
13125
13132
13129
13130
13126
13126
13119
13125
13123
13127
13126
13138
13135
13130
13134
13134
13132
13133
13124
13129
13133
13134
13136
13137
13140
13134
13137
13133
13131
13131
13137
13141
13151
13146
13143
13144
13139
13135
13126
13134
13129
13124
13124
13130
13122
13128
13130
13139
13138
13138
13134
13143
13142
13138
13157
13148
13145
13150
13152
13150
13142
13145
13137
13136
13135
13135
13139
13137
13134
13143
13138
13138
13144
13135
13133
13139
13140
13139
13128
13121
13122
13126
13122
13128
13131
13136
13137
13136
13131
13125
13123
13131
13134
13129
13141
13135
13136
13138
13135
13132
13134
13132
13145
13137
13142
13141
13143
13139
13138
13138
13137
13132
13134
13132
13129
13135
13133
13137
13135
13134
13138
13135
13134
13134
13134
13138
13143
13140
13143
13139
13134
13131
13136
13136
13142
13136
13146
13143
13139
13138
13142
13145
13150
13141
13135
13135
13138
13136
13127
13121
13115
13119
13129
13123
13126
13127
13131
13139
13137
13133
13137
13133
13136
13141
13139
13136
13137
13127
13134
13124
13129
13138
13132
13129
13136
13135
13142
13143
13136
13134
13129
13130
13133
13133
13133
13133
13133
13132
13140
13147
13146
13139
13149
13148
13152
13153
13155
13147
13151
13148
13143
13141
13140
13142
13143
13148
13152
13151
13151
13143
13140
13141
13138
13138
13139
13136
13131
13141
13138
13146
13151
13149
13149
13145
13149
13141
13137
13145
13140
13140
13143
13144
13141
13134
13130
13132
13128
13126
13123
13131
13131
13131
13133
13134
13120
13126
13137
13138
13147
13142
13142
13146
13135
13133
13135
13138
13142
13141
13137
13136
13140
13141
13142
13134
13138
13129
13131
13133
13133
13132
13129
13133
13143
13136
13135
13139
13137
13140
13136
13144
13144
13143
13145
13141
13134
13133
13135
13132
13136
13138
13139
13143
13140
13143
13147
13143
13142
13144
13142
13143
13142
13140
13128
13126
13135
13130
13136
13139
13136
13137
13134
13135
13135
13133
13131
13140
13141
13139
13137
13140
13139
13138
13139
13133
13133
13138
13140
13137
13140
13138
13138
13142
13137
13124
13130
13128
13128
13128
13126
13130
13134
13129
13127
13129
13122
13122
13122
13125
13118
13122
13123
13124
13134
13118
12598
11957
11480
11149
10987
10905
10884
10781
10785
10821
10896
10983
11088
11168
11250
11323
11423
11503
11597
11675
11772
11846
11934
12010
12075
12145
12207
12262
12316
12365
12413
12454
12503
12545
12577
12613
12648
12678
12715
12743
12760
12784
12803
12812
12836
12851
12867
12883
12900
12916
12932
12947
12965
12982
12995
12996
13004
13022
13027
13022
13027
13032
13036
13042
13041
13057
13062
13060
13067
13072
13080
13085
13088
13094
13099
13102
13094
13104
13109
13103
13098
13107
13113
13123
13113
13113
13111
13111
13114
13120
13109
13115
13116
13119
13117
13117
13116
13121
13122
13123
13129
13130
13132
13136
13127
13130
13129
13125
13128
13124
13127
13124
13125
13122
13126
13122
13121
13122
13127
13125
13127
13133
13126
13138
13139
13136
13128
13135
13138
13141
13135
13141
13139
13136
13132
13131
13127
13137
13131
13128
13137
13129
13129
13138
13130
13131
13130
13137
13133
13140
13136
13130
13123
13136
13127
13133
13133
13130
13136
13130
13128
13129
13126
13126
13123
13131
13133
13138
13140
13146
13135
13132
13122
13125
13124
13115
13118
13130
13133
13136
13145
13139
13137
13141
13140
13132
13128
13132
13128
13125
13124
13125
13127
13134
13129
13124
13129
13137
13142
13137
13136
13138
13134
13133
13128
13137
13135
13133
13137
13135
13126
13126
13128
13129
13129
13131
13125
13135
13130
13127
13140
13135
13135
13132
13120
13122
13126
13132
13128
13137
13139
13133
13145
13147
13143
13142
13137
13138
13142
13134
13131
13125
13125
13130
13129
13135
13140
13142
13146
13149
13135
13142
13141
13148
13155
13158
13157
13160
13161
13148
13151
13144
13139
13137
13135
13134
13136
13137
13134
13134
13135
13134
13138
13144
13142
13143
13140
13136
13144
13137
13129
13134
13129
13131
13127
13131
13125
13122
13123
13130
13127
13134
13142
13138
13138
13138
13140
13141
13139
13142
13144
13140
13135
13146
13147
13149
13152
13141
13139
13140
13137
13133
13133
13128
13121
13128
13129
13132
13136
13129
13134
13137
13137
13135
13131
13130
13133
13132
13132
13135
13126
13129
13135
13128
13131
13131
13131
13136
13133
13134
13144
13139
13137
13139
13142
13138
13130
13132
13124
13124
13128
13132
13133
13130
13130
13132
13130
13133
13136
13136
13136
13138
13135
13133
13129
13133
13139
13139
13138
13138
13137
13136
13140
13139
13135
13138
13134
13139
13137
13130
13140
13132
13137
13141
13134
13136
13137
13142
13139
13141
13139
13139
13139
13148
13151
13155
13149
13145
13144
13138
13137
13136
13124
13133
13134
13145
13144
13145
13141
13142
13137
13137
13145
13141
13140
13142
13138
13141
13129
13131
13135
13136
13140
13144
13142
13141
13140
13140
13141
13147
13145
13140
13136
13137
13135
13133
13132
13132
13138
13139
13149
13150
13147
13140
13141
13138
13138
13133
13137
13137
13130
13133
13137
13124
13126
13127
13126
13137
13133
13130
13139
13130
13126
13131
13119
13116
13121
13130
13129
13126
13126
13125
13131
13137
13131
13127
13124
13127
13134
13130
13131
13129
13127
13127
13138
13128
13133
13138
13138
13137
13139
13139
13140
13142
13145
13144
13141
13146
13143
13134
13138
13127
13127
13125
13121
13135
13134
13137
13140
13144
13146
13147
13150
13158
13147
13144
13145
13139
13140
13132
13131
13133
13132
13135
13139
13136
13133
13128
