13118
13120
13125
13118
13124
13123
13128
13133
13131
13126
13117
13117
13115
13116
13116
13123
13128
13124
13119
13123
13124
13126
13129
13135
13135
13139
13144
13144
13138
13142
13141
13140
13128
13137
13146
13136
13136
13136
13130
13137
13141
13143
13155
13153
13147
13146
13141
13138
13137
13131
13126
13131
13134
13135
13127
13132
13126
13129
13121
13123
13121
13119
13122
13128
13125
13133
13129
13128
13132
13138
13133
13142
13142
13138
13148
13142
13143
13149
13136
13139
13140
13133
13136
13136
13138
13136
13144
13139
13137
13136
13142
13137
13146
13141
13138
13141
13134
13137
13135
13138
13135
13134
13134
13140
13140
13142
13137
13135
13135
13132
13126
13131
13125
13120
13131
13130
13127
13128
13130
13138
13133
13138
13134
13127
13129
13126
13123
13123
13116
13121
13122
13130
13134
13131
13126
13134
13137
13139
13137
13140
13131
13138
13140
13142
13142
13147
13149
13149
13150
13145
13134
13127
13126
13120
13127
13125
13123
13131
13136
13136
13130
13127
13127
13128
13130
13133
13134
13136
13134
13137
13135
13132
13133
13129
13130
13135
13128
13121
13118
13125
13127
13136
13131
13130
13129
13135
13132
13130
13132
13132
13138
13151
13150
13137
13151
13147
13149
13148
13137
13141
13140
13138
13138
13132
13134
13132
13133
13132
13133
13132
13136
13135
13143
13136
13137
13135
13137
13140
13134
13135
13133
13131
13127
13125
13119
13127
13132
13124
13123
13128
13122
13132
13128
13131
13136
13131
13126
13128
13126
13126
13125
13122
13121
13123
13132
13133
13134
13137
13130
13130
13126
13131
13139
13133
13125
13127
13131
13135
13137
13128
13135
13138
13141
13144
13142
13138
13142
13138
13138
13137
13132
13138
13136
13132
13136
13133
13129
13133
13137
13141
13142
13134
13144
13141
13143
13132
13127
13128
13127
13123
13117
13114
13121
13122
13126
13130
13134
13135
13142
13133
13135
13138
13135
13136
13134
13140
13138
13135
13136
13136
13049
12939
12879
12827
12814
12809
12803
12817
12826
12841
12859
12879
12898
12916
12934
12937
12946
12958
12971
12978
12988
12994
13006
13004
13013
13021
13030
13029
13036
13047
13049
13048
13056
13063
13060
13069
13072
13073
13076
13081
13091
13098
13103
13101
13106
13107
13104
13110
13099
13103
13103
13102
13109
13114
13113
13113
13117
13114
13118
13116
13122
13110
13112
13109
13111
13117
13119
13117
13125
13133
13129
13127
13126
13123
13118
13122
13123
13121
13121
13122
13128
13132
13131
13118
13125
13118
13128
13129
13128
13121
13129
13127
13129
13128
13132
13121
13118
13120
13121
13126
13119
13118
13119
13125
13128
13131
13130
13138
13135
13138
13151
13144
13140
13142
13135
13137
13137
13131
13138
13139
13144
13149
13146
13138
13145
13137
13137
13132
13130
13132
13130
13136
13132
13136
13139
13135
13140
13141
13141
13143
13142
13132
13141
13134
13141
13138
13134
13134
13131
13127
13128
13122
13120
13126
13118
13122
13127
13125
13125
13133
13134
13136
13133
13126
13136
13127
13126
13138
13134
13132
13134
13125
13129
13130
13129
13123
13129
13126
13127
13126
13128
13127
13138
13129
13134
13132
13133
13136
13131
13131
13130
13129
13141
13030
12214
10951
9904
9231
8901
8730
8735
8794
8941
9084
9291
9467
9640
9767
9953
10106
10288
10441
10613
10754
10911
11037
11178
11294
11423
11527
11630
11719
11815
11885
11960
12029
12101
12164
12229
12285
12308
12236
12225
12222
12236
12260
12302
12334
12384
12428
12472
12509
12544
12581
12624
12643
12680
12709
12730
12753
12772
12792
12806
12712
12647
12605
12590
12593
12603
12618
12647
12665
12701
12716
12744
12762
12786
12814
12830
12851
12870
12884
12897
12921
12929
12937
12951
12958
12968
12970
12981
12988
12990
12999
13019
13021
13031
13044
13041
13050
13060
13063
13062
13066
13075
13078
13090
13092
13091
13088
13092
13096
13105
13100
13107
13103
13113
13113
13120
13122
13123
13122
13117
13126
13127
13124
13125
13127
13130
13121
13126
13136
13133
13127
13132
13133
13128
13130
13127
13124
13125
13135
13129
13132
13135
13131
13125
13128
13126
13130
13120
13114
13127
13120
13124
13133
13134
13131
13130
13131
13137
13130
13128
13129
13119
13124
13129
13122
13122
13130
13133
13137
13136
13128
13132
13127
13138
13139
13138
13137
13149
13152
13148
13147
13146
13145
13141
13135
13139
13145
13142
13145
13147
13145
13147
13142
13142
13140
13135
13136
13139
13135
13131
13138
13134
13140
13136
13130
13134
13132
13132
13135
13138
13134
13144
13136
13128
13127
13121
13125
13130
13124
13118
13120
13122
13126
13126
13132
13129
13135
13144
13141
13145
13143
13134
13137
13138
13141
13139
13138
13139
13141
13140
13137
13122
13125
13126
13132
13132
13129
13134
13135
13130
13132
13140
13125
13128
13134
13129
13136
13140
13146
13140
13139
13146
13134
13129
13131
13123
13133
13133
13129
13137
13127
13132
13135
13131
13135
13137
13137
13137
13137
13136
13141
13136
13136
13130
13124
13125
13130
13135
13134
13131
13129
13139
13137
13135
13137
13134
13138
13141
13139
13144
13137
13133
13132
13133
13135
13133
13132
13126
13125
13132
13120
13124
13120
13123
13127
13131
13124
13127
13133
13134
13130
13125
13136
13141
13140
13140
13140
13136
13138
13131
13119
13120
13117
13119
13124
13129
13130
13131
13132
13131
13126
13127
13125
13126
13127
13132
13127
13126
13130
13138
13132
13132
13124
13124
13131
13128
13135
13131
13136
13121
13122
13119
13118
13118
13118
13124
13124
13118
13126
13132
13136
13141
13130
13135
13143
13135
13141
13142
13142
13132
13141
13143
13141
13139
13142
13142
13143
13140
13135
13140
13135
13133
13138
13144
13151
13150
13150
13158
13152
13150
13150
13143
13142
13140
13143
13143
13149
13145
13146
13145
13137
13148
13139
13140
13145
13145
13150
13150
13145
13139
13136
13141
13137
13132
13138
13134
13138
13139
13136
13137
13134
13137
13144
13151
13151
13146
13140
13150
13138
13137
13134
13127
13134
13138
13131
13135
13139
13139
13145
13137
13129
13135
13128
13123
13124
13125
13133
13138
13144
13142
13138
13140
13138
13139
13138
13140
13138
13143
13140
13140
13134
13133
13128
13123
13123
13121
13119
13124
13122
13124
13136
13132
13137
13146
13137
13138
13136
13133
13136
13133
13135
13141
13138
13139
13140
13135
13139
13130
13132
13134
13136
13136
13136
13136
13143
13141
13139
13139
13139
13146
13138
13140
13148
13146
13139
13133
13137
13133
13128
13125
13130
13122
13128
13130
13131
13142
13141
