13134
13136
13140
13139
13147
13138
13143
13137
13140
13140
13142
13134
13141
13126
13125
13123
13120
13123
13112
13113
13117
13121
13120
13122
13123
13138
13143
13138
13140
13145
13146
13157
13149
13143
13148
13144
13133
13131
13125
13127
13129
13125
13125
13126
13126
13127
13124
13127
13131
13138
13135
13138
13142
13125
13128
13135
13130
13135
13130
13134
13137
13139
13138
13143
13134
13139
13134
13132
13125
13123
13121
13128
13134
13138
13152
13142
13143
13141
13136
13132
13131
13135
13131
13123
13123
13123
13126
13126
13126
13126
13135
13128
13135
13133
13129
13127
13117
13122
13124
13121
13126
13131
13137
13140
13138
13139
13130
13130
13135
13132
13132
13135
13127
13129
13135
13132
13127
13133
13127
13128
13136
13138
13139
13140
13139
13135
13134
13135
13136
13138
13143
13139
13142
13135
13138
13142
13140
13139
13130
13126
13135
13131
13127
13136
13132
13135
13137
13134
13137
13133
13131
13136
13137
13136
13145
13140
13135
13131
13125
13123
13130
13136
13135
13138
13105
12973
12901
12858
12834
12820
12822
12822
12829
12827
12841
12855
12873
12891
12903
12921
12933
12946
12964
12963
12966
12974
12991
13002
13017
13028
13035
13051
13045
13047
13052
13050
13054
13058
13062
13074
13077
13083
13083
13089
13082
13090
13096
13100
13100
13100
13098
13101
13108
13102
13106
13111
13116
13119
13116
13114
13114
13118
13119
13123
13122
13123
13133
13134
13136
13138
13138
13142
13133
13130
13135
13133
13132
13132
13129
13137
13135
13129
13143
13138
13136
13131
13136
13138
13130
13130
13125
13129
13137
13126
13118
13124
13124
13126
13123
13129
13130
13129
13130
13135
13134
13140
13143
13135
13135
13141
13140
13147
13134
13126
13138
13132
13131
13133
13122
13118
13129
13131
13123
13129
13126
13126
13129
13129
13122
13127
13122
13123
13132
13126
13124
13130
13128
13136
13128
13133
13128
13131
13130
13137
13132
13138
13133
13139
13132
13137
13127
13136
13137
13129
13131
13129
13126
13134
13132
13136
13135
13132
13126
13128
13128
13130
13126
13125
13126
13128
13123
13118
13120
13114
13112
13122
13118
13129
13125
13122
13126
13131
13128
13131
13133
13135
13136
13138
13140
13142
13149
13156
13151
13149
13155
13146
13150
13150
13145
13145
13149
13142
13141
13138
13137
13137
13146
13145
13142
13139
13137
13136
13138
13141
13130
13132
13130
13136
13133
13136
13138
13140
13135
13141
13130
13127
13125
13128
13127
13121
13126
13129
13129
13125
13129
13124
13131
13129
13133
13128
13130
13124
13126
13126
13124
13122
13134
13139
13138
13137
13142
13142
13142
13138
13142
13147
13147
13148
13144
13137
13142
13148
13144
13150
13145
13145
13146
13138
13137
13134
13134
13139
13129
13128
13128
13129
13122
13121
13117
13119
13114
13120
13112
13112
13114
13109
13118
13133
13124
13130
13125
13120
13122
13117
13118
13124
13119
13127
13128
13126
13127
13128
13123
13121
13119
13129
13128
13118
13125
13127
13131
13144
13142
13140
13141
13132
13133
13134
13131
13134
13137
13137
13136
13133
13122
13116
13122
13129
13129
13129
13131
13132
13142
13137
13138
13137
13132
13138
13139
13135
13139
13133
13125
12771
11882
11245
10886
10684
10612
10600
10652
10719
10831
10932
11054
11157
11278
11388
11498
11590
11694
11775
11869
11940
12023
12083
12166
12226
12292
12343
12393
12428
12480
12512
12552
12586
12626
12653
12677
12713
12740
12763
12791
12817
12838
12862
12880
12885
12897
12911
12913
12929
12957
12962
12984
12991
12997
13014
13027
13027
13038
13041
13044
13040
13052
13044
13050
13065
13073
13073
13081
13088
13103
13101
13100
13100
13099
13105
13114
13113
13114
13124
13128
13126
13123
13123
13124
13123
13117
13108
13111
13122
13127
13128
13138
13130
13130
13133
13130
13134
13136
13147
13137
13136
13131
13130
13123
13124
13128
13121
13125
13119
13133
13128
13124
13126
13126
13122
13127
13130
13132
13129
13126
13132
13128
13122
13130
13129
13128
13129
13128
13136
13132
13127
13133
13134
13129
13124
13120
13117
13118
13125
13129
13132
13136
13130
13130
13135
13132
13132
13128
13133
13147
13142
13143
13141
13144
13144
13148
13149
13151
13149
13145
13157
13150
13150
13147
13145
13144
13141
13136
13140
13134
13134
13134
13135
13130
13133
13134
13134
13130
13130
13134
13128
13141
13139
13140
13141
13142
13135
13137
13136
13139
13123
13123
13130
13123
13132
13129
13130
13136
13133
13133
13133
13134
13130
13126
13131
13137
13136
13135
13135
13134
13130
13133
13127
13129
13138
13136
13141
13142
13144
13145
13146
13149
13139
13143
13147
13139
13143
13138
13139
13148
13142
13142
13136
13133
13136
13129
13131
13140
13139
13142
13137
13132
13131
13132
13136
13140
13147
13144
13142
13138
13138
13142
13136
13136
13132
13128
13129
13126
13126
13124
13125
13127
13137
13140
13140
13142
13139
13134
13135
13133
13129
13136
13140
13130
13130
13129
13125
13127
13125
13136
13137
13131
13133
13137
13128
13133
13129
13126
13131
13125
13118
13018
12920
12866
12838
12824
12818
12824
12831
12840
12854
12871
12877
12889
12904
12919
12938
12945
12957
12982
12980
12996
13005
13019
13029
13036
13040
13048
13051
13060
13059
13057
13062
13064
13074
13079
13083
13094
13091
13093
13100
13109
13104
13105
13112
13116
13112
13110
13116
13118
13120
13117
13117
13114
13122
13122
13132
13132
13130
13139
13139
13146
13152
13153
13153
13141
13143
13143
13133
13131
13135
13129
13126
13116
13114
13114
13121
13121
13122
13121
13122
13137
13132
13130
13133
13126
13127
13128
13134
13134
13131
13137
13138
13136
13135
13128
13134
13139
13136
13146
13139
13136
13141
13134
13133
13129
13130
13129
13129
13126
13129
13126
13136
13134
13127
13130
13137
13134
13141
13136
13137
13143
13144
13142
13149
13141
13137
13141
13144
13144
13141
13142
13136
13132
13133
13136
13140
13145
13146
13145
13137
13132
13138
13142
13141
13142
13139
13147
13146
13143
13143
13134
13138
13134
13138
13143
13145
13144
13149
13140
13137
13149
13136
13138
13133
13132
13136
13135
13137
13136
13132
13124
13129
13133
13137
13142
13135
13130
13122
13130
13122
13125
13133
13139
13138
13134
13134
13134
13133
13134
13135
13131
13133
13130
13123
13129
13120
13125
13120
13119
13121
13136
13136
13135
13145
13141
13142
13142
13139
13138
13132
13135
13131
13128
13133
13131
13128
13130
13135
13133
13133
13125
13118
13127
13126
13121
13123
13124
13118
13118
13118
13119
13122
13126
13127
13129
13130
