13141
13140
13140
13141
13139
13130
13131
13137
13131
13133
13138
13132
13147
13137
13137
13143
13145
13142
13142
13135
13136
13140
13139
13142
13141
13147
13146
13134
13135
13134
13130
13135
13131
13127
13137
13025
12928
12876
12832
12814
12816
12818
12828
12842
12865
12868
12891
12903
12912
12917
12930
12940
12959
12962
12980
12995
13003
13018
13022
13028
13038
13049
13058
13067
13064
13071
13074
13080
13083
13082
13091
13100
13099
13101
13107
13101
13106
13109
13102
13114
13114
13117
13121
13121
13117
13113
13117
13115
13114
13109
13104
13110
13113
13116
13117
13114
13123
13120
13112
13111
13110
13115
13121
13123
13115
13121
13134
13136
13144
13137
13128
13133
13131
13130
13128
13126
13129
13139
13136
13137
13137
13139
13141
13142
13144
13131
13129
13128
13130
13132
13129
13122
13130
13128
13127
13128
13125
13121
13120
13134
13138
13138
13141
13145
13133
13136
13134
13131
13136
13135
13135
13132
13127
13130
13137
13138
13141
13133
13137
13131
13133
13139
13136
13136
13141
13140
13142
13147
13154
13151
13150
13153
13158
13152
13145
13141
13144
13144
13142
13142
13140
13136
13137
13137
13132
13135
13143
13138
13141
13137
13143
13146
13143
13141
13146
13139
13144
13146
13141
13144
13144
13144
13142
13137
13139
13140
13136
13138
13139
13134
13133
13131
13135
13129
13126
13136
13132
13132
13132
13132
13143
13140
13142
13133
13114
13121
13121
13123
13133
13138
13133
13140
13132
13129
13132
13124
13123
13130
13127
13125
13129
13130
13130
13134
13133
13134
13138
13148
13151
13147
13145
13138
13143
13137
13138
13136
13137
13135
13133
13129
13131
13127
13130
13135
13134
13138
13142
13136
13137
13135
13134
13138
13132
13132
13142
13136
13134
13134
13131
13136
13142
13137
13142
13151
13154
13155
13148
13149
13139
13133
13128
13128
13137
13135
13142
13143
13141
13130
13130
13130
13134
13136
13135
13139
13134
13135
13131
13131
13137
13132
13134
13133
13133
13130
13144
13132
13132
13135
13135
13132
13135
13135
13139
13129
13136
13139
13143
13140
13139
13131
13126
13129
13144
13145
13145
13143
13141
13136
13140
13132
13138
13139
13144
13142
13143
13144
13137
13138
13142
13135
13145
13152
13149
13142
13154
13143
13146
13141
13138
13138
13141
13138
13142
13137
13142
13140
13142
13140
13139
13140
13141
13139
13145
13139
13143
13135
13139
13139
13139
13139
13147
13147
13150
13140
13134
13133
13137
13138
13140
13140
13127
13136
13135
13134
13142
13137
13139
13140
13140
13140
13140
13143
13138
13132
13135
13127
13134
13139
13140
13135
13134
13132
13133
13131
13133
13137
13134
13132
13138
13136
13137
13136
13132
13132
13129
13127
13130
13135
13134
13128
13126
13129
13126
13127
13139
13133
13135
13143
13136
13139
13137
13135
13130
13126
13128
13123
13130
13132
13133
13126
13124
13122
13131
13132
13124
13125
13119
13117
13114
13115
13124
13131
13128
13135
13128
13130
13124
13127
13129
13127
13119
13122
13117
13116
13122
13119
13128
13128
13138
13134
13136
13137
13132
13133
13136
13132
13134
13136
13140
13133
13128
13128
13136
13136
13135
13138
13137
13138
13134
13134
13141
13139
13005
12453
12027
11664
11429
11293
11251
11248
11292
11354
11434
11497
11588
11668
11755
11834
11910
11912
11937
11973
12026
12066
12132
12173
12243
12294
12351
12406
12444
12494
12549
12572
12605
12637
12670
12701
12731
12750
12778
12800
12820
12842
12846
12865
12881
12892
12912
12929
12941
12960
12973
12991
13004
13008
13017
13027
13028
13034
13033
13038
13032
13038
13047
13050
13053
13061
13061
13068
13075
13075
13081
13078
13080
13087
13090
13097
13104
13101
13107
13110
13122
13120
13118
13122
13125
13116
13109
13109
13106
13103
13110
13113
13116
13114
13109
13115
13120
13124
13128
13120
13121
13124
13126
13129
13135
13136
13142
13146
13136
13138
13133
13121
13124
13125
13126
13135
13136
13136
13134
13136
13126
13133
13127
13134
13137
13131
13134
13131
13119
13124
13122
13117
13122
13116
13121
13131
13134
13132
13128
13132
13140
13142
13145
13142
13146
13146
13144
13144
13145
13140
13145
13140
13139
13138
13134
13140
13139
13137
13144
13141
13138
13150
13148
13149
13147
13147
13148
13141
13141
13149
13145
13140
13139
13132
13128
13126
13130
13128
13127
13135
13132
13131
13136
13136
13134
13143
13138
13142
13133
13135
13146
13134
13136
13139
13140
13140
13141
13137
13139
13133
13136
13136
13134
13136
13139
13131
13135
13135
13133
13129
13129
13130
13138
13134
13137
13140
13132
13127
13127
13128
13132
13134
13136
13133
13133
13138
13141
13136
13134
13136
13144
13140
13136
13138
13138
13138
13138
13138
13146
13141
13144
13145
13141
13141
13145
13140
13139
13132
13131
13138
13139
13132
13138
13138
13141
13141
13142
13140
13141
13138
13139
13136
13141
13141
13141
13142
13135
13135
13128
13130
13134
13129
13128
13130
13126
13125
13125
13130
13128
13130
13127
13138
13127
13135
13138
13138
13143
13135
13137
13148
13143
13143
13144
13135
13134
13136
13127
13125
13120
13119
13119
13126
13129
13116
13111
13120
13124
13129
13128
13129
13134
13129
13131
13137
13139
13136
13135
13135
13133
13130
13131
13133
13131
13133
13130
13132
13140
13135
13131
13130
13121
13127
13132
13129
13130
13136
13130
13133
13140
13137
13131
13128
13129
13120
13117
13122
13115
13111
13116
13126
13134
13137
13132
13132
13122
13126
13133
13127
13132
13137
13134
13136
13132
13132
13133
13135
13137
13146
13146
13149
13140
13137
13143
13142
13133
13140
13133
13136
13135
13131
13130
13137
13135
13134
13143
13144
13138
13138
13135
13138
13148
13140
13143
13144
13138
13146
13146
13134
13130
13136
13127
13133
13127
13132
13132
13129
13129
13132
13127
13127
13120
13122
13131
13131
13128
13138
13134
13133
13135
13132
13124
13127
13131
13127
13128
13127
13127
13132
13130
13127
13143
13135
13130
13138
13136
13139
13129
13126
13130
13133
13134
13141
13132
13132
13132
13137
13142
13142
13134
13134
13125
13133
13137
13135
13125
13128
13131
13141
13142
13136
13135
13139
13150
13146
13147
13149
13146
13144
13138
13138
13147
13142
13144
13144
13142
13145
13142
13134
13132
13128
13121
13129
13122
13124
13129
13134
13136
13138
13129
13128
13124
13128
13133
13135
13137
13146
13136
13136
13140
13138
13141
13136
13135
13129
13125
13128
13124
13127
13122
13120
13124
13124
13129
13134
13132
13138
13139
13141
13142
13136
13134
13136
13131
13138
13138
13129
13123
13125
