13147
13144
13140
13136
13142
13137
13140
13147
13142
13156
13160
13151
13144
13136
13130
13137
13137
13138
13145
13124
13125
13128
13125
13136
13136
13134
13134
13128
13129
13122
13129
13125
13122
13126
13128
13122
13134
13127
13128
13137
13133
13126
13124
13117
13119
13124
13124
13128
13133
13141
13146
13142
13137
13137
13135
13125
13126
13118
13114
13109
13111
13113
13108
13104
13102
13105
13107
13113
13117
13115
13122
13127
13133
13135
13135
13129
13135
13130
13126
13132
13130
13134
13136
13137
13144
13144
13141
13139
13132
13131
13131
13127
13137
13132
13124
13129
13125
13125
13129
13131
13133
13136
13142
13139
13140
13132
13133
13129
13134
13126
13134
13131
13135
13134
13132
13130
13132
13126
13118
13128
13130
13132
13134
13133
13133
13139
13134
13135
13136
13138
13142
13133
13140
13137
13133
13133
13134
13132
13137
13130
13121
13128
13124
13131
13127
13132
13130
13133
13134
13131
13132
13139
13145
13148
13137
13134
13148
13139
13134
13133
13127
13130
13132
13129
13122
13126
13124
13126
13123
13121
13127
13130
13132
13132
13131
13138
13134
13124
13133
13130
13136
13140
13135
13138
13134
13132
13130
13123
13128
13124
13131
13133
13135
13133
13136
13137
13150
13137
13135
13137
13134
13138
13132
13135
13130
13138
13142
13144
13142
13136
13136
13134
13136
13134
13128
13132
13129
13133
13134
13129
13127
13132
13126
13125
13126
13133
13135
13134
13131
13121
13131
13139
13140
13137
13141
13140
13151
13141
13140
13136
13139
13136
13141
13136
13137
13138
13134
13138
13133
13135
13136
13141
13142
13140
13136
13141
13147
13144
13135
13125
13128
13135
13134
13130
13136
13136
13144
13145
13143
13138
13144
13143
13139
13136
13136
13136
13146
13134
13137
13136
13133
13130
13135
13131
13138
13139
13134
13139
13132
13130
13126
13126
13123
13124
13125
13131
13126
13124
13135
13132
13131
13137
13135
13126
13137
13135
13139
13133
13126
13124
13123
13120
13126
13132
13131
13127
13130
13115
13118
13123
13128
13134
13134
13134
13131
13133
13131
13141
13144
13147
13146
13143
13143
13144
13148
13150
13142
13135
13139
13135
13137
13141
13131
13126
13121
13118
13119
13121
13120
13114
13113
13119
13125
13123
13127
13126
13135
13134
13132
13135
13136
13137
13128
13126
13121
13130
13136
13141
13142
13139
13134
13134
13135
13132
13130
13134
13128
13128
13134
13135
13134
13138
13135
13129
13135
13131
13131
13130
13125
13124
13122
13131
13130
13133
13123
13125
13124
13122
13124
13126
13126
13128
13129
13129
13132
13137
13141
13148
13141
13142
13147
13143
13145
13144
13143
13145
13145
13145
13150
13143
13143
13146
13136
13135
13132
13131
13125
13119
13116
13127
13131
13137
13137
13137
13139
13135
13140
13131
13124
13129
13134
13136
13137
13140
13136
13134
13137
13139
13136
13135
13134
13129
13137
13139
13134
13141
13133
13130
13135
13127
13124
13133
13138
13145
13150
13153
13150
13142
13145
13154
13150
13143
13140
13132
13132
13126
13127
13123
13121
13119
13125
13128
13120
13118
13118
13124
13134
13133
13132
13137
13139
13141
13141
13142
13139
13141
13136
13137
13143
13134
13140
13144
13144
13145
13147
13146
13140
12835
12202
11699
11295
10941
10755
10671
10664
10592
10547
10537
10603
10684
10796
10900
11025
11138
11262
11366
11479
11572
11680
11763
11856
11839
11859
11889
11933
11979
12037
12086
12153
12199
12265
12306
12354
12397
12456
12501
12544
12579
12614
12639
12670
12700
12721
12744
12770
12796
12826
12844
12857
12875
12890
12910
12919
12936
12940
12955
12959
12971
12975
12999
13011
13011
13035
13036
13044
13048
13049
13053
13064
13065
13071
13082
13082
13091
13097
13094
13097
13094
13097
13091
13099
13100
13103
13107
13106
13110
13108
13099
13099
13104
13105
13112
13116
13116
13117
13124
13122
13126
13119
13120
13115
13114
13115
13118
13119
13129
13125
13124
13127
13127
13124
13129
13128
13131
13134
13132
13133
13140
13141
13141
13140
13139
13138
13141
13139
13131
13132
13136
13127
13131
13124
13125
13130
13128
13124
13126
13120
13124
13123
13129
13133
13134
13141
13141
13141
13132
13129
13122
13123
13121
13117
13128
13127
13135
13131
13125
13126
13130
13128
13126
13125
13128
13128
13129
13135
13132
13141
13134
13134
13134
13126
13130
13124
13125
13127
13133
13134
13137
13137
13128
13125
13120
13128
13124
13124
13132
13130
13128
13132
13127
13125
13131
13125
13132
13129
13130
13136
13134
13137
13125
13128
13122
13130
13135
13134
13135
13142
13136
13133
13127
13132
13127
13125
13130
13133
13136
13131
13137
13139
13139
13146
13144
13144
13139
13132
13138
13128
13131
13132
13122
13120
13125
13129
13127
13132
13130
13129
13136
13122
13117
13122
13135
13134
13140
13139
13137
13145
13145
13142
13149
13142
13145
13141
13145
13146
13140
13136
13143
13130
13135
13131
13131
13130
13140
13140
13141
13125
13125
13130
13129
13128
13131
13130
13135
13140
13137
13135
13139
13134
13126
13132
13133
13136
13142
13143
13139
13144
13142
13135
13143
13141
13142
13146
13151
13143
13145
13140
13141
13136
13133
13134
13128
13133
13134
13141
13143
13142
13134
13135
13130
13125
13130
13129
13127
13128
13119
13120
13120
13116
13116
13123
13137
13133
13137
13140
13130
13131
13131
13127
13128
13131
13132
13134
13132
13136
13137
13139
13143
13137
13145
13146
13138
13142
13138
13133
13137
13133
13142
13145
13142
13135
13138
13132
13136
13129
13130
13129
13132
13132
13135
13131
13132
13129
13126
13130
13127
13126
13119
13121
13124
13126
13128
13125
13129
13127
13132
13131
13136
13136
13141
13141
13137
13134
13136
13134
13141
13138
13132
13135
13131
13124
13125
13126
13125
13125
13128
13135
13139
13143
13138
13138
13139
13140
13142
13133
13133
13140
13135
13134
13136
13134
13137
13141
13138
13145
13138
13132
13143
13130
13139
13138
13140
13134
13132
13138
13138
13131
13128
13139
13135
13126
13128
13131
13129
13133
13129
13125
13121
13125
13126
13129
13128
13128
13134
13135
13139
13140
13138
13134
13140
13138
13139
13142
13145
13151
13144
13141
13132
13130
13136
13138
13135
13132
13135
13131
13143
13148
13148
13150
13138
13132
13138
13136
13139
13141
13136
13138
13128
13121
13119
13121
13118
13115
13112
13111
13114
13125
13109
13112
13113
13112
13119
13122
13124
13127
13138
13134
13138
13134
13135
13132
13131
13131
13133
13134
13141
13137
13132
13141
13135
13136
13133
13136
13133
13136
13136
13134
13126
13129
13134
