13135
13139
13144
13139
13140
13140
13136
13141
13140
13131
13136
13131
13137
13145
13139
13148
13154
13147
13142
13132
13131
13135
13138
13135
13126
13132
13135
13138
13147
13147
13141
13141
13142
13143
13148
13144
13144
13144
13135
13141
13137
13135
13131
13137
13141
13144
13141
13143
13134
13137
13152
13147
13145
13149
13145
13143
13142
13147
13143
13139
13139
13135
13134
13139
13138
13139
13137
13136
13137
13132
13126
13128
13131
13134
13129
13132
13124
13128
13127
13127
13124
13127
13130
13130
13139
13137
13135
13143
13140
13139
13145
13137
13137
13135
13138
13140
13137
13134
13132
13136
13137
13137
13132
13132
13130
13135
13137
13133
13140
13134
13135
13137
13132
13134
13136
13139
13138
13140
13130
13137
13135
13129
13130
13122
13124
13125
13121
13131
13124
13127
13145
13140
13141
13149
13148
13144
13142
13138
13137
13135
13129
13126
13126
13134
13135
13138
13143
13140
13144
13136
13137
13147
13147
13135
13135
13136
13137
13145
13148
13149
13143
13139
13144
13131
13132
13129
13121
13126
13121
13123
13126
13117
13115
13124
13127
13127
13123
13125
13130
13132
13134
13136
13137
13133
13133
13134
13139
13134
13144
13140
13150
13154
13150
13148
13141
13138
13131
13136
13134
13133
13132
13137
13142
13136
13135
13141
13142
13145
13137
13130
13131
13126
13128
13129
13125
13123
13115
13115
13119
13116
13130
13126
13123
13123
13123
13123
13125
13132
13141
13136
13142
13138
13138
13142
13133
13130
13125
13130
13125
13126
13119
13130
13131
13125
13130
13138
13134
13137
13139
13130
13146
13138
13129
13127
13127
13128
13134
13137
13141
13142
13144
13145
13148
13142
13145
13152
13147
13138
13145
13136
13137
13141
13138
13138
13135
13134
13146
13145
13143
13150
13143
13150
13151
13152
13150
13144
13145
13153
13145
13138
13139
13138
13142
13140
13135
13138
13136
13132
13131
13135
13127
13127
13130
13129
13126
13125
13126
13123
13130
13125
13121
13122
13120
13120
13122
13124
13126
13132
13137
13138
13137
13142
13142
13139
13142
13140
13140
13138
13133
13128
13129
13123
13122
13127
13126
13127
13133
13134
13136
13135
13134
13125
13129
13132
13134
13134
13136
13138
13142
13135
13134
13146
13151
13146
13137
13124
13120
13120
13115
13119
13120
13115
13132
13129
13121
13125
13127
13132
13135
13133
13135
13130
13126
13133
13129
13132
13132
13131
13135
13129
13125
13121
13122
13132
13133
13139
13143
13145
13148
13138
13140
13140
13138
13147
13140
13141
13134
13124
13120
13125
13122
13129
13124
13127
13122
13121
13118
13134
13125
13120
13129
13124
13132
13133
13127
13129
13132
13134
13135
13127
13125
13128
13128
13128
13133
13134
13133
13131
13145
13136
13130
13138
13138
13139
13140
13145
13145
13133
13128
13127
13122
13127
13132
13132
13133
13135
13139
13140
13142
13135
13141
13138
13135
13135
13130
13130
13130
13127
13131
13128
13126
13128
13130
13130
13129
13125
13130
13122
13130
13123
13122
13131
13127
13134
13138
13145
13142
13145
13149
13150
13142
13145
13145
13137
13142
13140
13146
13145
13147
13140
13146
13138
13134
13139
13125
13132
13136
13131
13132
13130
13132
13132
12986
12404
11994
11505
11079
10831
10729
10684
10723
10778
10878
10964
11083
11189
11303
11404
11510
11602
11703
11789
11882
11954
12031
12102
12174
12240
12294
12342
12393
12439
12483
12528
12565
12597
12633
12661
12691
12707
12742
12763
12790
12811
12828
12844
12861
12874
12898
12907
12920
12940
12956
12970
12982
12984
12992
13006
13012
13013
13020
13025
13025
13023
13039
13042
13053
13072
13069
13070
13085
13090
13090
13100
13103
13109
13111
13106
13107
13094
13095
13095
13098
13097
13088
13091
13092
13095
13101
13106
13107
13110
13113
13118
13116
13119
13128
13126
13125
13132
13126
13132
13131
13126
13131
13135
13144
13147
13141
13140
13137
13129
13122
13125
13120
13114
13125
13128
13127
13130
13135
13128
13132
13135
13128
13127
13130
13137
13145
13133
13128
13135
13131
13135
13140
13137
13136
13138
13136
13137
13126
13130
13127
13121
13123
13129
13122
13130
13125
13129
13134
13134
13131
13138
13136
13133
13138
13133
13124
13124
13127
13130
13134
13133
13133
13134
13130
13136
13072
12954
12884
12847
12822
12811
12809
12814
12821
12840
12847
12872
12882
12901
12920
12931
12947
12953
12968
12980
12991
12992
13009
13008
13014
13027
13030
13036
13047
13051
13058
13058
13069
13075
13076
13085
13087
13091
13095
13094
13105
13099
13098
13099
13102
13109
13102
13109
13108
13115
13117
13115
13110
13115
13112
13113
13121
13120
13124
13126
13120
13116
13124
13118
13115
13120
13123
13127
13129
13129
13130
13134
13134
13135
13134
13137
13126
13129
13131
13125
13134
13129
13130
13134
13126
13126
13127
13131
13124
13134
13130
13136
13138
13137
13122
12988
12909
12857
12826
12810
12805
12807
12819
12824
12846
12861
12881
12895
12909
12921
12864
12830
12804
12791
12793
12805
12811
12823
12841
12856
12876
12878
12888
12906
12917
12936
12950
12958
12965
12971
12981
12993
12998
13011
13026
13031
13036
13042
13048
13054
13055
13058
13074
13073
13078
13078
13077
13073
13079
13092
13097
13099
13100
13095
13106
13112
13117
13119
13124
13129
13147
13136
13132
13132
13131
13137
13134
13123
13122
13122
13126
13128
13119
13122
13125
13128
13140
13137
13137
13142
13126
13126
13125
13116
13115
13122
13118
13119
13126
13124
13126
13131
13138
13132
13132
13128
13128
13131
13134
13132
13133
13131
13119
13117
13115
13120
13115
13115
13125
13128
13131
13137
13141
13139
13142
13138
13136
13135
13136
13136
13128
13119
13132
13127
13124
13126
13121
13125
13123
13125
13128
13132
13138
13126
13130
13130
13130
13128
13129
13132
13133
13131
13134
13132
13131
13130
13131
13135
13142
13146
13146
13142
13136
13134
13137
13134
13138
13136
13130
13132
13129
13129
13130
13124
13122
13130
13128
13136
13142
13141
13137
13138
13137
13141
13139
13138
13133
13135
13129
13133
13132
13131
13132
13136
13140
13135
13134
13139
13144
13148
13147
13149
13149
13152
13149
13144
13148
13138
13131
13128
13130
13127
13132
13132
13132
13135
13137
13136
13131
13129
13126
13121
13129
13127
13127
13132
13128
13130
13132
13131
13134
13132
13126
13132
13124
13124
13126
13125
13131
13132
13128
13135
13133
13140
13138
13138
13133
13132
13135
13139
13136
13128
13132
13131
13131
13131
13120
13129
13136
13133
13134
13133
13131
13134
13140
13141
13139
13137
13139
13131
13138
13133
