13128
13132
13142
13140
13137
13140
13152
13155
13149
13142
13151
13146
13143
13149
13139
13136
13135
13137
13135
13136
13134
13134
13141
13138
13127
13126
13123
13117
13128
13126
13131
13130
13130
13130
13131
13132
13135
13131
13137
13143
13134
13139
13138
13138
13142
13141
13139
13146
13145
13137
13142
13142
13138
13143
13142
13140
13138
13134
13136
13133
13134
13124
13128
13142
13142
13147
13143
13141
13155
13152
13144
13142
13134
13139
13140
13140
13145
13146
13138
13031
12936
12890
12860
12838
12832
12831
12831
12837
12855
12867
12887
12891
12904
12915
12927
12939
12959
12968
12974
12982
12993
13004
13007
13013
13006
13018
13029
13038
13049
13047
13054
13061
13064
13067
13074
13075
13083
13085
13087
13096
13095
13101
13106
13107
13109
13102
13103
13105
13111
13114
13117
13120
13127
13133
13130
13134
13135
13139
13142
13138
13141
13134
13128
13138
13134
13133
13129
13137
13139
13131
13138
13137
13141
13141
13141
13138
13138
13139
13146
13140
13126
13128
13138
13136
13132
13129
13127
13134
13126
13124
13133
13136
13136
13138
13137
13134
13139
13141
13143
13141
13131
13129
13133
13136
13135
13130
13127
13127
13135
13133
13136
13141
13141
13134
13137
13133
13130
13132
13135
13139
13136
13135
13134
13133
13133
13129
13133
13134
13132
13137
13143
13135
13132
13135
13129
13131
13131
13133
13138
13136
13138
13132
13127
13133
13135
13135
13135
13141
13145
13138
13138
13142
13144
13137
13136
13125
13133
13132
13134
13138
13140
13140
13148
13144
13144
13143
13147
13148
13144
13136
13146
13143
13152
13146
13140
13136
13141
13134
13142
13146
13141
13147
13151
13144
13142
13140
13148
13139
13134
13133
13140
13136
13141
13133
13132
13135
13134
13132
13137
13129
13131
13135
13131
13133
13140
13138
13134
13148
13141
13133
13142
13134
13133
13138
13142
13142
13144
13141
13139
13134
13135
13129
13134
13132
13123
13128
13130
13135
13143
13135
13133
13131
13131
13134
13136
13133
13128
13134
13134
13138
13132
13134
13140
13140
13151
13152
13152
13151
13152
13145
13147
13139
13134
13141
13140
13132
13132
13132
13139
13133
13139
13138
13139
13139
13133
13135
13133
13135
13140
13129
13125
13097
12978
12904
12856
12835
12830
12817
12786
12773
12762
12769
12775
12783
12805
12822
12835
12856
12873
12889
12914
12917
12942
12956
12965
12974
12994
13005
13007
13020
13024
13022
13035
13037
13039
13046
13053
13055
13066
13066
13069
13077
13078
13094
13092
13090
13097
13101
13104
13102
13101
13102
13104
13110
13118
13118
13119
13131
13125
13125
13128
13130
13129
13130
13127
13132
13125
13123
13118
13123
13119
13121
13122
13124
13122
13128
13128
13131
13127
13126
13126
13132
13132
13136
13135
13133
13138
13139
13140
13138
13128
13133
13134
13138
13145
13148
13143
13146
13144
13133
13143
13137
13131
13141
13140
13143
13145
13144
13148
13145
13143
13152
13157
13153
13156
13150
13145
13140
13142
13132
13130
13131
13131
13138
13133
13129
13126
13124
13122
13129
13131
13134
13131
13130
13133
13136
13140
13140
13125
13123
13126
13125
13131
13134
13133
13133
13132
13132
13127
13123
13132
13132
13140
13114
12874
12436
12016
11760
11627
11551
11548
11564
11620
11669
11746
11817
11899
11971
12043
12103
12170
12222
12277
12324
12380
12428
12480
12521
12558
12591
12629
12652
12686
12714
12737
12754
12774
12796
12827
12843
12866
12881
12896
12911
12925
12935
12948
12955
12969
12979
12988
12996
13006
13018
13029
13028
13047
13054
13065
13074
13067
13072
13073
13072
13080
13082
13083
13091
13086
13090
13100
13099
13102
13110
13107
13115
13118
13120
13120
13119
13114
13121
13119
13115
13115
13116
13121
13124
13132
13126
13126
13120
13117
13114
13113
13111
13119
13121
13122
13132
13130
13134
13131
13130
13128
13118
13122
13122
13119
13121
13124
13118
13124
13130
13126
13123
13026
12929
12878
12850
12836
12823
12820
12825
12836
12848
12862
12870
12885
12894
12916
12933
12947
12953
12972
12987
12997
13007
13008
13018
13019
13029
13044
13052
13059
13066
13066
13082
13078
13073
13085
13080
13088
13095
13099
13096
13094
13090
13092
13093
13094
13088
13101
13106
13111
13118
13110
13105
13120
13106
13110
13107
13104
13116
13125
13124
13118
13123
13117
13131
13133
13131
13131
13127
13133
13133
13129
13125
13122
13121
13129
13125
13124
13129
13123
13122
13125
13128
13130
13133
13131
13129
13133
13130
13138
13136
13132
13131
13140
13139
13134
13133
13126
13135
13130
13129
13135
13138
13128
13127
13104
12981
12901
12853
12836
12819
12824
12827
12829
12839
12860
12867
12879
12900
12914
12928
12946
12950
12966
12974
12982
12986
13003
13019
13029
13036
13037
13038
13056
13054
13057
13066
13073
13074
13074
13074
13080
13080
13078
13086
13081
13090
13086
13086
13097
13097
13097
13099
13099
13094
13102
13102
13101
13107
13105
13104
13120
13119
13123
13120
13122
13120
13126
13132
13130
13132
13113
12980
12905
12848
12815
12808
12801
12808
12819
12830
12847
12866
12875
12898
12905
12925
12942
12947
12963
12972
12981
12988
12996
13004
13024
13027
13026
13041
13046
13052
13059
13061
13062
13072
13072
13072
13078
13079
13083
13090
13091
13090
13097
13089
13091
13097
13106
13102
13099
13108
13116
13119
13120
13127
13124
13123
13122
13117
13118
13119
13118
13120
13122
13124
13124
13119
13121
13121
13125
13121
13114
13117
13128
13125
13129
13126
13130
13132
13126
12999
12915
12864
12841
12817
12817
12820
12833
12845
12853
12866
12878
12891
12912
12930
12934
12945
12960
12970
12978
12984
12994
13004
13008
13006
13023
13026
13038
13048
13056
13059
13062
13064
13067
13074
13083
13083
13086
13089
13087
13101
13100
13100
13113
13116
13116
13117
13117
13122
13118
13114
13114
13112
13110
13109
13113
13115
13124
13126
13124
13128
13122
13128
13128
13135
13135
13129
13135
13140
13140
13138
13136
13135
13137
13138
13135
13137
13131
13131
13122
13121
13120
13126
13132
13130
13131
13137
13137
13142
13136
13134
13136
13136
13135
13144
13136
13137
13138
13138
13144
13138
13132
13137
13126
13130
13134
13124
13122
13134
13126
13123
13112
13112
13106
13114
13126
13117
13122
13122
13125
13132
13134
13137
13140
13132
13131
13134
13126
13130
13133
13130
13137
13131
13129
13132
13132
13140
13135
13139
13136
13136
13137
13142
13136
13131
13136
13129
13127
13133
13132
13132
13130
13126
13130
13136
13138
13141
13145
13145
13151
13147
13142
13139
13150
13140
