13118
13131
13126
13125
13127
13127
13128
13136
13131
13134
13136
13129
13138
13138
13142
13145
13138
13138
13138
13138
13139
13133
13141
13141
13138
13146
13143
13141
13142
13137
13140
13137
13134
13134
13142
13139
13137
13132
13134
13138
13125
13130
13133
13131
13131
13134
13136
13143
13144
13138
13146
13138
13139
13142
13136
13140
13139
13141
13137
13136
13127
13125
13130
13131
13121
13122
13120
13118
13126
13126
13123
13122
13127
13130
13130
13132
13130
13128
13130
13135
13125
13131
13138
13145
13149
13146
13146
13147
13142
13137
13144
13135
13138
13133
13129
13128
13133
13132
13136
13134
13139
13130
13132
13121
13121
13121
13122
13123
13132
13132
13128
13129
13129
13128
13128
13129
13132
13139
13133
13135
13131
13137
13140
13135
13144
13141
13140
13144
13138
13138
13143
13132
13135
13138
13146
13140
13132
13123
13129
13127
13127
13123
13122
13127
13129
13126
13125
13126
13133
13121
13122
13129
13134
13135
13142
13141
13136
13131
13133
13138
13127
13126
13127
13122
13129
13130
13132
13136
13136
13137
13146
13144
13140
13142
13139
13142
13147
13155
13151
13145
13147
13149
13143
13143
13134
13138
13134
13133
13140
13132
13134
13141
13138
13144
13139
13132
13132
13135
13132
13133
13133
13142
13145
13145
13148
13150
13144
13144
13139
13130
13141
13135
13138
13140
13133
13131
13126
13126
13126
13131
13142
13135
13136
13136
13140
13139
13138
13136
13138
13128
13134
13139
13140
13144
13144
13140
13143
13138
13137
13140
13136
13134
13134
13128
13131
13132
13133
13128
13124
13118
13116
13107
13112
13125
13127
13124
13126
13130
13142
13138
13136
13131
13124
13127
13124
13125
13123
13128
13140
13141
13138
13142
13143
13137
13130
13128
13132
13133
13134
13142
13135
13137
13140
13132
13137
13138
13143
13148
13139
13138
13144
13146
13145
13143
13135
13143
13137
13140
13141
13137
13137
13126
13127
13130
13130
13135
13136
13140
13149
13142
13142
13154
13153
13150
13147
13141
13135
13132
13129
13131
13121
13126
13128
13131
13134
13138
13142
13143
13138
13135
13139
13135
13131
13128
13138
13134
13137
13140
13129
13129
13131
13127
13121
13122
13117
13123
13119
13125
13126
13119
13115
13122
13126
13129
13123
13125
13123
13125
13121
13129
13135
13143
13142
13140
13140
13143
13142
13144
13136
13134
13138
13135
13127
13132
13129
13132
13134
13128
13128
13130
13133
13130
13133
13140
13131
13132
13121
13121
13126
13122
13122
13133
13122
13131
13130
13135
13134
13136
13141
13143
13137
13140
13133
13129
13127
13126
13121
13126
13121
13122
13133
13126
13120
13128
13119
13117
13123
13123
13122
13127
13126
13124
13133
13136
13142
13138
13139
13134
13135
13130
13127
13130
13128
13126
13124
13127
13126
13122
13131
13127
13126
13135
13133
13135
13134
13132
13137
13138
13124
13124
13128
13124
13120
13124
13125
13135
13133
13128
13123
13126
13133
13039
12946
12893
12854
12834
12832
12822
12825
12834
12853
12868
12878
12896
12912
12921
12942
12953
12962
12970
12975
12983
12991
12999
13013
13021
13038
13051
13046
13048
13060
13063
13062
13068
13066
13064
13069
13074
13075
13075
13079
13087
13097
13102
13107
13115
13118
13122
13091
12668
12050
11529
11174
10858
10703
10640
10670
10709
10808
10889
11000
11103
11224
11331
11448
11548
11655
11740
11831
11910
11995
12057
12131
12194
12257
12306
12367
12412
12466
12506
12545
12574
12607
12643
12678
12711
12735
12757
12788
12798
12815
12847
12868
12884
12901
12920
12934
12947
12968
12974
12983
12994
13001
13007
13016
13015
13023
13031
13035
13033
13046
13044
13041
13052
13053
13061
13069
12957
12866
12815
12792
12773
12771
12778
12789
12809
12824
12839
12860
12876
12882
12906
12918
12928
12938
12941
12960
12971
12983
12995
13006
13014
13027
13027
13034
13039
13043
13052
13049
13057
13066
13073
13082
13091
13075
13074
13080
13091
13086
13093
13094
13100
13101
13111
13121
13121
13116
13111
13108
13105
13106
13108
13108
13111
13107
13112
13111
13120
13132
13130
13131
13130
13129
13122
13122
13121
13124
13132
13129
13124
13131
13132
13138
13136
13132
13136
13142
13142
13138
13140
13130
13133
13130
13133
13127
13132
13138
13139
13147
13145
13138
13141
13131
13132
13129
13134
13130
13133
13129
13138
13137
13141
13142
13138
13131
13134
13128
13136
13133
13125
13132
13129
13132
13128
13134
13139
13137
13138
13144
13144
13149
13140
13140
13142
13136
13135
13133
13131
13133
13126
13129
13131
13132
13132
13123
13123
13123
13129
13121
13122
13130
13134
13140
13139
13142
13146
13142
13144
13137
13132
13141
13139
13140
13141
13134
13131
13138
13137
13137
13140
13145
13134
13138
13142
13134
13132
13135
13133
13144
13132
13137
13142
13146
13153
13147
13142
13133
13131
13131
13137
13137
13141
13145
13140
13131
13127
13136
13137
13135
13129
13142
13131
13127
13134
13131
13123
13134
13137
13135
13138
13137
13130
13128
13130
13123
13121
13127
13132
13130
13128
13127
13133
13134
13136
13143
13138
13135
13133
13139
13136
13128
13131
13135
13129
13125
13121
13131
13133
13134
13130
13138
13134
13134
13133
13130
13128
13127
13129
13131
13130
13129
13135
13142
13143
13140
13137
13138
13135
13136
13132
13122
13130
13127
13129
13128
13124
13121
13128
13122
13127
13123
13128
13121
13121
13127
13132
13129
13134
13132
13126
13134
13118
13124
13132
13128
13123
13133
13134
13129
13131
13130
13125
13133
13135
13134
13131
13131
13124
13135
13130
13133
13128
13130
13132
13130
13127
13134
13133
13131
13137
13129
13135
13136
13133
13137
13132
13132
13128
13123
13123
13130
13128
13126
13124
13129
13125
13131
13139
13139
13133
13136
13134
13133
13133
13131
13130
13134
13133
13137
13135
13137
13137
13138
13132
13134
13132
13136
13131
13130
13133
13129
13134
13134
13131
13130
13132
13129
13129
13127
13126
13139
13134
13127
13138
13138
13132
13131
13129
13127
13125
13118
13124
13124
13127
13129
13137
13138
13135
13143
13132
13130
13138
13140
13137
13141
13138
13137
13138
13142
13146
13143
13140
13137
13138
13132
13132
13126
13130
13131
13128
13132
13128
13121
13127
13130
13136
13138
13138
13141
13139
13132
13133
13134
13143
13141
13137
13142
13144
13149
13140
13136
13143
13138
13142
13130
13128
13132
13128
13135
13140
13135
13128
13133
13136
13138
13142
13142
13146
13134
13125
13128
13127
13126
13130
13129
13137
13144
13142
13145
13142
13149
13147
13144
13143
13141
13143
13146
13142
13145
13132
