13131
13131
13132
13124
13127
13139
13133
13132
13133
13138
13134
13128
13134
13132
13134
13133
13133
13130
13131
13133
13141
13134
13129
13140
13134
13139
13130
13133
13126
13128
13127
13128
13126
13135
13136
13129
13135
13139
13140
13147
13134
13131
13145
13133
13135
13135
13133
13135
13133
13136
13138
13137
13132
13131
13136
13137
13132
13136
13138
13138
13144
13135
13134
13142
13137
13133
13135
13133
13134
13133
13130
13135
13129
13130
13132
13132
13134
13139
13140
13139
13138
13138
13145
13131
13132
13134
13132
13135
13141
13136
13136
13131
13135
13135
13135
13138
13138
13138
13137
13135
13142
13138
13140
13147
13147
13146
13134
13136
13136
13138
13135
13141
13138
13143
13142
13145
13136
13137
13134
13136
13140
13134
13134
13134
13132
13134
13128
13138
13142
13140
13136
13139
13132
13132
13133
13137
13137
13137
13140
13140
13133
13133
13128
13131
13132
13139
13137
13138
13137
13135
13133
13132
13129
13135
13132
13129
13138
13134
13129
13135
13124
13122
13133
13121
13117
13121
13119
13122
13128
13127
13129
13133
13129
13134
13133
13134
13130
13131
13126
13136
13137
13136
13130
13138
13136
13142
13139
13131
13130
13134
13131
13133
13130
13129
13139
13137
13141
13137
13138
13143
13138
13138
13150
13138
13138
13140
13134
13133
13130
13130
13134
13136
13132
13125
13129
13132
13132
13126
13129
13127
13123
13123
13123
13124
13120
13127
13126
13132
13136
13134
13133
13135
13135
13141
13139
13140
13147
13146
13146
13150
13142
13135
13142
13138
13133
13136
13130
13130
13139
13140
13140
13141
13146
13140
13139
13135
13131
13123
13116
13113
13121
13113
13115
13118
13118
13115
13119
13117
13122
13118
13126
13125
13121
13131
13131
13131
13136
13136
13126
13138
13137
13126
13132
13129
13128
13133
13137
13136
13140
13132
13135
13132
13135
13138
13138
13142
13137
13134
13130
13125
13133
13135
13135
13144
13143
13139
13143
13142
13140
13137
13142
13147
13141
13142
13141
13132
13140
13142
13140
13143
13133
13132
13135
13139
13133
13128
13126
13133
13141
13137
13136
13125
13004
12922
12866
12838
12818
12820
12828
12832
12848
12860
12868
12890
12901
12918
12929
12941
12954
12972
12979
12995
12995
13005
13024
13025
13033
13040
13045
13059
13053
13046
13054
13058
13061
13071
13078
13081
13083
13088
13089
13094
13096
13100
13102
13111
13107
13109
13108
13101
13110
13109
13106
13115
13110
13112
13120
13116
13116
13118
13121
13126
13119
13113
13111
13107
13108
13115
13119
13125
13121
13125
13135
13135
13137
13140
13132
13138
13141
13142
13137
13135
13136
13130
13138
13143
13134
13137
13134
13133
13140
13131
13129
13136
13129
13132
13141
13138
13148
13150
13150
13150
13144
13139
13141
13142
13145
13143
13139
13142
13142
13139
13153
13144
13134
13137
13125
13131
13134
13135
13135
13134
13128
13123
13130
13133
13134
13137
13137
13129
13132
13121
13116
13126
13127
13128
13124
13123
13115
13124
13125
13130
13122
13134
13141
13132
13133
13131
13129
13128
13130
13132
13139
13136
13139
13137
13131
13133
13127
13125
13118
13120
13122
13118
13123
13126
13125
13126
13122
13122
13126
13130
13126
13135
13071
12674
12059
11581
11236
11037
10964
10944
10980
11039
11130
11213
11323
11414
11514
11610
11705
11787
11876
11941
12020
12057
12040
12048
12079
12113
12159
12199
12253
12291
12342
12381
12420
12458
12504
12540
12597
12616
12654
12680
12706
12734
12757
12772
12795
12828
12857
12871
12878
12899
12917
12931
12945
12958
12969
12982
12988
12994
13001
13003
13006
13019
13030
13039
13049
13053
13057
13068
13064
13063
13067
13061
13066
13083
13085
13090
13092
13095
13094
13104
13104
13109
13102
13100
13102
13108
13111
13109
13105
13107
13105
13107
13111
13108
13110
13115
13111
13097
13109
13107
13108
13119
13113
13111
13115
13117
13121
13114
13113
13115
13113
13113
13111
13115
13119
13119
13125
13121
13124
13129
13137
13136
13131
13128
13126
13118
13122
13121
13112
13116
13119
13123
13122
13122
13130
13138
13131
13126
13137
13130
13137
13139
13137
13128
13128
13133
13135
13135
13134
13133
13135
13136
13134
13128
13122
13134
13139
13138
13133
13138
13145
13149
13154
13144
13150
13147
13145
13141
13136
13134
13135
13134
13136
13137
13130
13136
13134
13132
13132
13125
13126
13132
13129
13134
13136
13135
13138
13137
13135
13130
13132
13135
13136
13132
13133
13134
13149
13140
13143
13145
13140
13148
13145
13141
13137
13137
13139
13138
13137
13134
13135
13132
13134
13129
13131
13132
13130
13126
13134
13132
13137
13141
13134
13144
13145
13141
13147
13142
13141
13130
13134
13134
13136
13137
13142
13150
13149
13146
13140
13140
13135
13135
13123
13124
13119
13123
13128
13136
13139
13138
13146
13141
13141
13142
13137
13139
13141
13137
13139
13136
13135
13137
13137
13133
13134
13132
13127
13131
13136
13133
13133
13138
13134
13131
13125
13122
13119
13116
13120
13125
13132
13134
13135
13138
13138
13142
13139
13142
13132
13137
13143
13143
13140
13147
13148
13139
13134
13127
13137
13134
13130
13133
13125
13130
13141
13140
13139
13143
13140
13134
13138
13142
13142
13140
13135
13137
13146
13142
13141
13146
13135
13139
13142
13136
13137
13137
13131
13131
13130
13137
13141
13137
13148
13142
13137
13146
13142
13135
13139
13137
13135
13138
13135
13133
13129
13129
13129
13128
13126
13122
13123
13126
13132
13131
13131
13129
13137
13131
13130
13132
13131
13131
13127
13128
13127
13126
13129
13139
13134
13133
13132
13128
13120
13131
13131
13132
13127
13121
13136
13132
13132
13138
13128
13127
13133
13127
13138
13138
13136
13133
13129
13138
13132
13131
13118
13119
13127
13125
13122
13121
13117
13127
13127
13123
13121
13127
13119
13127
13123
13126
13133
13132
13134
13137
13138
13145
13144
13140
13149
13144
13139
13137
13135
13137
13143
13147
13143
13138
13145
13134
13129
13130
13130
13127
13127
13134
13145
13139
13144
13144
13148
13147
13139
13139
13134
13132
13132
13137
13138
13137
13145
13143
13144
13140
13135
13141
13144
13138
13146
13138
13137
13143
13141
13134
13135
13133
13130
13123
13131
13130
13137
13139
13138
13140
13139
13137
13141
13135
13139
13141
13139
13138
13143
13142
13142
13136
13137
13142
13144
13141
13145
13144
13141
13147
13152
13149
13144
13138
13139
13133
13130
13133
13129
13116
13123
13124
13135
13136
13141
13136
13136
13136
13135
13126
13125
13126
13134
13132
13126
13134
13133
13138
13138
13138
13141
13137
