13136
13141
13140
13134
13138
13137
13140
13139
13135
13139
13140
13133
13133
13127
13126
13129
13116
13119
13127
13119
13115
13125
13119
13119
13123
13127
13131
13134
13130
13138
13133
13135
13126
13125
13124
13121
13124
13123
13118
13130
13135
13137
13138
13145
13139
13140
13143
13142
13139
13137
13137
13138
13137
13132
13124
13127
13124
13127
13134
13129
13125
13135
13131
13130
13129
13132
13131
13134
13124
13128
13120
13123
13120
13129
13124
13133
13137
13129
13127
13133
13137
13138
13133
13135
13135
13138
13145
13150
13147
13149
13153
13143
13144
13149
13142
13148
13146
13146
13154
13146
13143
13140
13135
13135
13133
13136
13139
13140
13141
13141
13144
13153
13147
13142
13141
13133
13131
13132
13128
13125
13127
13128
13130
13136
13137
13132
13129
13132
13127
13127
13128
13127
13127
13135
13132
13132
13131
13126
13130
13129
13135
13143
13143
13140
13142
13138
13142
13142
13142
13145
13141
13142
13134
13129
13136
13142
13143
13137
13134
13132
13123
13123
13119
13118
13122
13120
13124
13131
13131
13128
13133
13131
13133
13131
13134
13126
13124
13120
13130
13119
13121
13133
13133
13138
13138
13134
13138
13138
13145
13141
13137
13141
13127
13138
13140
13137
13139
13139
13136
13139
13140
13138
13138
13143
13145
13142
13136
13140
13135
13133
13143
13128
13134
13132
13128
13129
13127
13129
13139
13128
13126
13128
13122
13124
13128
13134
13140
13139
13148
13139
13141
13146
13147
13140
13141
13134
13133
13130
13128
13130
13134
13136
13143
13144
13137
13141
13137
13138
13134
13136
13134
13131
13125
13125
13125
13135
13126
13122
13137
13130
13139
13140
13146
13141
13133
13132
13134
13137
13138
13137
13136
13136
13135
13132
13130
13126
13128
13123
13125
13124
13123
13121
13129
13130
13131
13135
13142
13138
13129
13125
13129
13133
13136
13132
13128
13133
13132
13126
13132
13131
13127
13136
13130
13132
13131
13130
13132
13134
13144
13137
13142
13147
13149
13147
13150
13145
13151
13147
13143
13150
13136
13132
13129
13133
13129
13132
13134
13135
13133
13136
13137
13130
13135
13134
13126
13134
13137
13135
13143
13138
13135
13138
13136
13140
13141
13144
13142
13141
13141
13147
13144
13145
13144
13140
13133
13129
13138
13133
13130
13132
13129
13135
13135
13128
13137
13132
13132
13133
13124
13136
13136
13133
13134
13134
13132
13136
13131
13136
13145
13137
13143
13152
13148
13143
13143
13138
13134
13141
13135
13137
13131
13134
13130
13136
13141
13139
13138
13140
13142
13143
13139
13138
13132
13141
13138
13137
13134
13138
13133
13132
13133
13131
13130
13130
13126
13128
13126
13134
13153
13144
13147
13144
13135
13139
13139
13140
13138
13146
13142
13138
13130
13138
13131
13134
13128
13123
13133
13131
13137
13139
13140
13140
13139
13132
13133
13122
13126
13134
13134
13139
13141
13137
13134
13140
13136
13142
13137
13134
13129
13132
13133
13144
13136
13138
13138
13143
13140
13138
13148
13143
13149
13151
13139
13144
13141
13140
13147
13139
13131
13132
13125
13135
13140
13139
13137
13138
13136
13142
13136
13140
13138
13134
13131
13130
13132
13131
13121
13119
13125
13127
13126
13121
13128
13132
13135
13138
13138
13139
12873
12143
11442
10964
10714
10574
10550
10574
10659
10732
10845
10958
11086
11193
11319
11414
11524
11621
11722
11803
11880
11916
11910
11921
11969
12008
12061
12114
12173
12220
12281
12321
12368
12420
12471
12510
12553
12588
12626
12650
12689
12709
12736
12760
12792
12813
12836
12851
12872
12887
12904
12921
12937
12943
12953
12967
12978
12985
12995
12997
12996
13011
13018
13026
13030
13040
13049
13057
13052
13051
13062
13066
13073
13086
13084
13088
13090
13092
13098
13102
13101
13101
13106
13114
13116
13124
13120
13122
13124
13119
13113
13116
13112
13116
13113
13112
13113
13120
13115
13111
13109
13118
13115
13116
13118
13122
13124
13135
13128
13123
13129
13128
13129
13129
13126
13136
13133
13126
13124
13121
13114
13121
13122
13121
13123
13127
13125
13122
13126
13123
13118
13119
13120
13120
13121
13122
13124
13128
13132
13132
13128
13136
13138
13132
13131
13136
13129
13134
13125
13123
13126
13127
13126
13138
13134
13136
13142
13138
13140
13138
13139
13138
13130
13133
13131
13130
13130
13120
13131
13121
13122
13131
13129
13134
13134
13140
13137
13136
13129
13133
13129
13134
13137
13131
13141
13141
13140
13143
13140
13131
13140
13131
13125
13134
13131
13135
13141
13142
13147
13147
13146
13146
13142
13143
13134
13138
13135
13135
13143
13135
13135
13135
13127
13131
13136
13138
13141
13144
13145
13141
13136
13139
13137
13130
13127
13131
13128
13129
13122
13125
13133
13130
13129
13136
13142
13137
13136
13135
13132
13128
13123
13125
13121
13115
13113
13122
13122
13119
13125
13115
13114
13115
13121
13118
13123
13133
13138
13133
13128
13132
13125
13122
13128
13134
13129
13133
13133
13138
13128
13133
13137
13126
13136
13139
13136
13138
13137
13139
13137
13140
13135
13137
13132
13135
13135
13136
13147
13142
13147
13138
13134
13140
13133
13134
13126
13133
13130
13126
13131
13133
13129
13138
13141
13137
13131
13133
13129
13138
13130
13133
13138
13138
13136
13141
13139
13135
13138
13142
13144
13135
13138
13133
13139
13145
13137
13140
13140
13139
13150
13143
13141
13143
13142
13144
13148
13143
13134
13137
13131
13134
13122
13126
13124
13129
13131
13140
13132
13140
13137
13141
13156
13147
13150
13152
13144
13143
13145
13149
13146
13140
13142
13145
13146
13149
13142
13145
13140
13139
13140
13138
13139
13143
13136
13142
13139
13138
13140
13142
13141
13142
13134
13142
13138
13144
13148
13154
13148
13145
13140
13139
13148
13142
13142
13146
13145
13139
13140
13138
13134
13137
13139
13137
13141
13140
13132
13132
13131
13133
13137
13133
13132
13136
13127
13127
13121
13121
13110
13117
13124
13126
13127
13135
13140
13140
13147
13151
13148
13149
13135
13130
13132
13133
13132
13137
13130
13137
13134
13130
13129
13136
13140
13143
13135
13132
13124
13128
13130
13130
13135
13135
13133
13148
13141
13141
13134
13139
13137
13144
13137
13136
13131
13134
13132
13135
13138
13133
13132
13138
13127
13128
13126
13127
13130
13127
13124
13131
13138
13134
13131
13127
13126
13126
13131
13138
13135
13137
13136
13139
13146
13145
13146
13149
13157
13151
13149
13142
13135
13145
13129
13137
13136
13143
13143
13138
13135
13138
13136
13143
13141
13142
13150
13139
13132
13127
13126
13133
13136
13141
13134
13139
13136
13137
