13138
13140
13137
13147
13153
13150
13155
13151
13142
13145
13146
13145
13146
13135
13139
13142
13144
13148
13146
13143
13146
13149
13143
13140
13137
13134
13134
13141
13142
13146
13141
13143
13141
13140
13141
13133
13134
13137
13135
13137
13140
13131
13128
13120
13124
13123
13122
13134
13137
13140
13131
13140
13139
13131
13140
13142
13152
13153
13151
13146
13148
13154
13149
13150
13143
13138
13134
13127
13129
13130
13127
13139
13127
13126
13132
13133
13132
13137
13130
13132
13134
13134
13131
13135
13134
13128
13131
13134
13133
13140
13138
13126
13132
13122
13118
13120
13120
13127
13131
13131
13137
13133
13130
13128
13126
13131
13132
13132
13136
13130
13127
13134
13130
13126
13136
13138
13135
13136
13136
13137
13135
13135
13138
13131
13130
13129
13129
13125
13131
13138
13132
13132
13130
13128
13129
13137
13134
13134
13137
13140
13139
13144
13139
13133
13133
13141
13148
13136
13134
13134
13124
13134
13133
13128
13140
13129
13132
13134
13129
13134
13132
13127
13131
13133
13135
13137
13135
13136
13139
13133
13136
13124
13129
13125
13135
13142
13143
13143
13141
13136
13139
13140
13141
13136
13128
13133
13146
13143
13150
13146
13145
13153
13148
13138
13146
13145
13146
13146
13148
13148
13151
13145
13144
13139
13140
13133
13142
13143
13141
13132
13124
13122
13129
13125
13123
13119
13122
13124
13128
13129
13126
13124
13132
13136
13137
13137
13133
13136
13132
13131
13130
13134
13134
13123
13132
13129
13125
13136
13134
13141
13138
13133
13130
13130
13130
13133
13133
13140
13134
13138
13139
13142
13153
13141
13142
13141
13140
13137
13133
13133
13134
13134
13129
13137
13134
13142
13146
13145
13139
13139
13140
13143
13137
13131
13133
13128
13132
13136
13136
13139
13141
13143
13134
13135
13128
13128
13124
13125
13123
13124
13125
13123
13126
13125
13131
13138
13137
13137
13133
13143
13145
13146
13142
13140
13126
13138
13136
13131
13139
13135
13141
13147
13149
13134
13146
13139
13137
13143
13142
13145
13142
13146
13149
13147
13145
13140
13142
13140
13141
13143
13138
13130
13131
13123
13122
13132
13128
13137
13142
13142
13152
13152
13151
13153
13148
13145
13145
13139
13140
13138
13133
13138
13133
13125
13132
13121
13125
13138
13138
13148
13163
13154
13153
13143
13145
13135
13132
13137
13124
13122
13125
13130
13130
13131
13128
13130
13137
13142
13139
13140
13136
13129
13125
13128
13127
13135
13140
13140
13143
13136
13141
13132
13127
13128
13128
13126
13126
13131
13130
13135
13138
13135
13138
13134
13133
13133
13135
13138
13138
13137
13133
13131
13129
13139
13141
13143
13136
13138
13134
13133
13135
13135
13131
13135
13129
13131
13133
13132
13127
13129
13128
13138
13135
13138
13144
13139
13133
13135
13122
13138
13136
13137
13134
13146
13141
13142
13140
13149
13153
13144
13148
13142
13151
13144
13144
13140
13138
13134
13129
13126
13124
13124
13123
13124
13121
13121
13117
13121
13124
13129
13131
13134
13134
13132
13143
13138
13138
13140
13129
13135
13133
13139
13141
13135
13138
13132
13137
13149
13148
13138
13135
13138
13150
13143
13142
13143
13145
13145
13072
12957
12890
12862
12841
12827
12622
12045
11534
11227
11072
10996
11004
11034
11103
11180
11288
11371
11461
11493
11539
11605
11685
11755
11833
11898
11977
12040
12111
12166
12230
12283
12346
12307
12252
12223
12229
12244
12271
12306
12352
12394
12443
12488
12535
12569
12593
12622
12655
12679
12717
12740
12758
12787
12805
12817
12844
12863
12886
12906
12924
12936
12946
12957
12971
12970
12981
12983
12997
13008
13017
13028
13034
13043
13060
13058
13061
13064
13072
13072
13075
13079
13081
13086
13093
13098
13098
13098
13099
13100
13101
13096
13097
13097
13098
13104
13111
13108
13110
13115
13116
13123
13126
13122
13125
13125
13121
13119
13123
13134
13132
13129
13127
13129
13129
13131
13127
13129
13125
13120
13117
13126
13126
13129
13134
13138
13129
13121
13125
13126
13127
13127
13122
13122
13125
13133
13150
13140
13147
13146
13142
13135
13141
13138
13131
13133
13136
13130
13125
13130
13125
13123
13119
13118
13134
13128
13128
13124
13123
13120
13118
13127
13131
13130
13134
13138
13134
13137
13140
13137
13139
13142
13136
13134
13127
13119
13127
13122
13116
13120
13118
13116
13121
13130
13132
13133
13140
13134
13131
13136
13132
13129
13114
13122
13129
13122
13124
13125
13126
13130
13127
13125
13125
13132
13139
13141
13131
13133
13133
13138
13145
13140
13131
13138
13132
13130
13138
13127
13128
13133
13130
13139
13134
13133
13142
13139
13142
13134
13131
13132
13134
13132
13130
13133
13140
13134
13130
13141
13141
13136
13131
13131
13130
13127
13127
13133
13128
13129
13129
13136
13134
13134
13133
13142
13136
13134
13132
13132
13130
13137
13133
13137
13136
13134
13138
13136
13134
13131
13129
13143
13141
13136
13135
13136
13142
13129
13127
13138
13138
13139
13142
13139
13138
13131
13129
13134
13130
13133
13131
13138
13145
13144
13141
13142
13142
13132
13135
13127
13125
13125
13123
13129
13126
13131
13132
13136
13143
13142
13143
13140
13139
13137
13137
13137
13140
13143
13138
13138
13134
13138
13133
13129
13133
13131
13141
13146
13138
13143
13157
13152
13157
13150
13155
13161
13149
13141
13142
13139
13137
13140
13143
13140
13145
13147
13142
13142
13138
13135
13141
13141
13130
13141
13140
13139
13143
13138
13134
13134
13135
13130
13133
13137
13144
13140
13149
13147
13146
13140
13142
13139
13130
13122
13119
13132
13130
13132
13137
13130
13127
13136
13128
13129
13127
13132
13131
13130
13127
13122
13117
13118
13120
13121
13124
13123
13128
13128
13130
13134
13132
13136
13132
13132
13141
13135
13138
13138
13136
13139
13139
13133
13146
13144
13144
13147
13146
13135
13130
13138
13134
13140
13134
13136
13131
13139
13136
13139
13142
13136
13134
13130
13127
13133
13136
13137
13138
13129
13133
13132
13134
13141
13141
13144
13148
13142
13148
13152
13153
13149
13155
13151
13153
13147
13136
13140
13135
13128
13139
13131
13131
13135
13132
13130
13134
13137
13139
13143
13144
13144
13142
13136
13138
13142
13135
13134
13142
13137
13134
13138
13135
13138
13134
13134
13135
13128
13133
13138
13138
13138
13144
13142
13151
13142
13143
13151
13141
13138
13153
13150
13144
13145
13142
13143
13134
13138
13140
13140
13142
13137
13138
13140
13133
13130
13131
13132
13137
13129
13136
13137
13128
13130
13132
13129
13131
13120
13129
13134
13125
13129
13130
13122
13125
13119
