13145
13152
13146
13138
13133
13131
13133
13132
13131
13133
13134
13134
13133
13134
13130
13133
13130
13127
13139
13140
13138
13149
13141
13141
13140
13145
13143
13132
13137
13130
13126
13128
13124
13131
13127
13122
13131
13128
13123
13119
13122
13122
13121
13126
13125
13128
13133
13136
13131
13130
13129
13133
13130
13139
13143
13145
13141
13137
13144
13134
13125
13134
13138
13137
13134
13120
13123
13122
13129
13128
13127
13124
13124
13123
13129
13133
13135
13132
13131
13135
13134
13135
13131
13125
13126
13134
13137
13138
13139
13143
13145
13140
13142
13138
13137
13139
13134
13130
13134
13126
13124
13132
13138
13141
13138
13134
13134
13130
13125
13118
13125
13121
13124
13122
13123
13123
13127
13126
13133
13133
13140
13134
13136
13146
13138
13145
13143
13147
13143
13150
13154
13142
13145
13135
13130
13137
13133
13127
13126
13125
13124
13131
13126
13133
13136
13135
13142
13140
13142
13139
13139
13145
13149
13147
13145
13138
13142
13140
13133
13130
13135
13144
13147
13142
13139
13136
13136
13125
13124
13129
13126
13126
13133
13131
13132
13136
13142
13132
13136
13127
13128
13138
13142
13143
13143
13138
13133
13132
13134
13132
13131
13127
13128
13130
13134
13133
13138
13127
13122
13126
13135
13134
13133
13132
13137
13133
13135
13126
13120
13123
13135
13132
13140
13135
13140
13147
13141
13135
13134
13125
13122
13126
13127
13130
13128
13131
13131
13137
13142
13136
13139
13137
13130
13122
13126
13132
13127
13126
13123
13132
13117
12998
12913
12858
12824
12808
12808
12817
12819
12832
12845
12856
12875
12882
12897
12914
12925
12931
12948
12955
12972
12997
13007
13011
13014
13019
13036
13033
13038
13040
13048
13053
13049
13052
13053
13052
13066
13071
13074
13077
13087
13094
13097
13097
13099
13105
13109
13108
13098
13108
13104
13102
13111
13118
13121
13125
13123
13116
13126
13117
13126
13131
13130
13131
13127
13129
13135
13132
13138
13135
13133
13135
13137
13141
13142
13144
13147
13142
13146
13139
13139
13139
13131
13136
13139
13144
13140
13138
13135
13140
13142
13139
13140
13138
13140
13146
13140
13135
13141
13134
13128
13133
13125
13131
13132
13135
13135
13129
13130
13122
13122
13122
13117
13125
13127
13130
13136
13138
13138
13146
13140
13133
13128
13127
13125
13126
13121
13120
13126
13122
13130
13122
13120
13126
13122
13131
13127
13132
13134
13136
13134
13138
13139
13130
13134
13132
13130
13132
13134
13136
13142
13140
13140
13139
13137
13133
13139
13131
13132
13134
13129
13123
13128
13128
13129
13124
13130
13139
13140
13137
13138
13131
13131
13134
13143
13144
13142
13135
13149
13137
13132
13137
13127
13125
13125
13129
13130
13125
13128
13130
13130
13135
13134
13136
13131
13127
13134
13125
13121
13125
13123
13128
13126
13126
13128
13123
13118
13133
13129
13136
13133
13139
13151
13147
13150
13155
13145
13143
13145
13138
13141
13139
13130
13132
13135
13141
13140
13136
13142
13135
13138
13137
13132
13129
13122
13133
13136
13135
13131
13143
13142
13150
13150
13148
13158
13149
13146
13152
13148
13146
13140
13132
13134
13128
13137
13129
13122
13125
13129
13125
13127
13134
13050
12587
12246
11930
11727
11618
11579
11566
11600
11647
11709
11770
11849
11910
11988
12042
12113
12177
12236
12292
12344
12386
12428
12472
12497
12451
12428
12430
12442
12456
12496
12519
12557
12587
12613
12639
12684
12701
12728
12751
12774
12789
12818
12841
12850
12867
12890
12898
12917
12929
12941
12956
12964
12970
12994
12965
12842
12776
12735
12721
12715
12705
12722
12736
12746
12771
12799
12819
12839
12862
12877
12894
12905
12920
12930
12936
12952
12958
12968
12973
12985
12997
13006
13017
13024
13034
13037
13043
13051
13056
13061
13060
13066
13066
13074
13073
13070
13077
13083
13091
13092
13100
13104
13106
13109
13118
13111
13118
13117
13117
13118
13117
13121
13126
13116
13110
13118
13120
13122
13128
13122
13114
13120
13121
13122
13121
13129
13125
13130
13131
13127
13127
13129
13127
13134
13130
13129
13144
13148
13140
13144
13139
13134
13137
13138
13145
13139
13137
13138
13138
13142
13138
13126
13132
13128
13127
13126
13121
13120
13129
13133
13133
13131
13132
13129
13128
13130
13132
13133
13136
13133
13136
13138
13135
13139
13128
13128
13137
13136
13141
13137
13136
13143
13138
13143
13142
13134
13134
13143
13135
13141
13135
13130
13133
13134
13135
13135
13130
13127
13136
13142
13144
13138
13141
13147
13152
13150
13149
13149
13149
13150
13141
13140
13135
13133
13130
13128
13138
13139
13141
13140
13140
13137
13138
13139
13138
13130
13132
13129
13125
13127
13127
13128
13137
13136
13132
13133
13133
13129
13129
13128
13125
13126
13127
13129
13127
13131
13128
13132
13134
13138
13132
13134
13138
13142
13144
13137
13132
13137
13137
13136
13129
13134
13126
13132
13134
13127
13130
13129
13122
13132
13130
13131
13134
13128
13131
13139
13137
13134
13137
13130
13135
13133
13135
13134
13138
13131
13130
13132
13130
13125
13130
13129
13135
13140
13140
13146
13148
13145
13145
13145
13140
13138
13137
13128
13141
13130
13128
13127
13122
13117
13119
13115
13128
13124
13123
13125
13123
13124
13132
13133
13136
13139
13138
13141
13138
13138
13136
13137
13143
13140
13138
13137
13137
13145
13143
13131
13140
13141
13141
13142
13148
13142
13142
13139
13138
13126
13127
13133
13128
13135
13132
13125
13126
13119
13119
13122
13119
13122
13125
13129
13124
13132
13134
13138
13135
13135
13138
13137
13142
13142
13137
13129
13130
13138
13125
13121
13125
13120
13122
13116
13117
13119
13119
13116
13118
13116
13117
13124
13133
13128
13133
13137
13141
13141
13131
13136
13126
13123
13124
13119
13127
13127
13127
13134
13136
13139
13138
13136
13132
13126
13121
13125
13122
13128
13127
13125
13127
13123
13134
13137
13137
13136
13145
13149
13143
13143
13141
13142
13150
13147
13144
13142
13148
13141
13141
13149
13138
13134
13138
13130
13131
13134
13139
13147
13138
13134
13127
13123
13133
13130
13126
13130
13138
13141
13131
13139
13147
13146
13141
13138
13135
13141
13138
13139
13136
13137
13133
13135
13128
13126
13120
13127
13130
13127
13118
13115
13116
13121
13123
13119
13130
13140
13136
13141
13132
13140
13130
13135
13144
13143
13140
13138
13137
13139
13137
13138
13142
13144
13145
13142
13143
13138
13138
13138
13138
13139
13140
13143
13137
13139
13137
13134
13140
13127
13125
13134
13132
13125
13132
13127
13120
13127
13127
13142
13136
13141
13139
