13116
13114
13115
13117
13118
13123
13124
13130
13132
13130
13133
13129
13133
13138
13136
13139
13130
13135
13139
13132
13130
13133
13126
13131
13132
13131
13137
13138
13136
13136
13136
13138
13134
13130
13130
13128
13130
13126
13123
13130
13133
13138
13136
13126
13134
13130
13124
13130
13116
13122
13125
13128
13130
13128
13130
13123
13117
13120
13128
13128
13127
13138
13126
13130
13127
13128
13127
13125
13129
13126
13127
13123
13126
13127
13122
13129
13129
13125
13123
13130
13129
13129
13129
13138
13140
13137
13147
13144
13140
13143
13143
13133
13131
13132
13133
13140
13135
13128
13135
13136
13137
13135
13134
13137
13144
13138
13146
13143
13140
13137
13136
13138
13137
13136
13137
13134
13133
13122
13119
13125
13125
13124
13133
13140
13137
13135
13137
13140
13133
13140
13139
13138
13136
13131
13130
13133
13128
13126
13135
13131
13124
13133
13125
13128
13129
13137
13139
13146
13145
13139
13149
13151
13145
13147
13145
13130
13139
13132
13131
13133
13121
13129
13129
13123
13123
13122
13121
13124
13122
13128
13130
13123
13122
13126
13128
13133
13122
13121
13125
13119
13114
13126
13129
13132
13135
13140
13140
13143
13135
13133
13135
13140
13146
13145
13142
13141
13146
13144
13144
13141
13141
13144
13142
13139
13135
13138
13146
13152
13148
13155
13152
13148
13144
13142
13139
13138
13126
13127
13134
13137
13129
13136
13128
13132
13130
13129
13123
13124
13131
13136
13132
13138
13134
13138
13136
13136
13134
13133
13133
13145
13142
13143
13139
13143
13150
13149
13146
13148
13140
13143
13138
13132
13134
13137
13128
13138
13136
13128
13136
13134
13130
13137
13134
13141
13143
13150
13149
13140
13145
13139
13138
13135
13127
13130
13119
13125
13134
13139
13127
13132
13125
13133
13128
13132
13127
13129
13122
13123
13121
13125
13124
13131
13138
13140
13148
13149
13145
13143
13153
13145
13137
13138
13128
13134
13144
13138
13131
13128
13133
13129
13130
13125
13120
13122
13121
13126
13129
13121
13119
13120
13126
13131
13128
13136
13133
13136
13137
13137
13124
13125
13129
13123
13127
13132
13133
13135
13124
13119
13129
13130
13123
13127
13121
13122
13128
13125
13125
13132
13139
13139
13144
13141
13146
13143
13143
13140
13149
13149
13145
13149
13146
13142
13137
13141
13145
13140
13136
13128
13132
13146
13152
13147
13155
13156
13150
13151
13142
13132
13144
13140
13142
13147
13140
13136
13142
13143
13140
13137
13134
13129
13126
13134
13131
13133
13132
13133
13136
13128
13126
13129
13131
13129
13123
13127
13127
13124
13125
13136
13127
13130
13133
13130
13136
13131
13139
13139
13136
13138
13144
13136
13134
13139
13138
13137
13144
13136
13135
13133
13135
13130
13132
13126
13123
13123
13122
13124
13131
13132
13131
13142
13147
13143
13142
13139
13141
13134
13129
13132
13130
13137
13138
13133
13138
13138
13140
13148
13140
13137
13159
13149
13144
13143
13138
13137
13132
13129
13129
13133
13142
13137
13136
13137
13140
13137
13134
13136
13133
13121
13119
13125
13115
13116
13113
13119
13132
13133
13134
13135
13135
13138
13120
12993
12921
12870
12845
12830
12820
12821
12838
12845
12867
12879
12885
12899
12923
12840
12539
12049
11729
11549
11469
11432
11461
11499
11568
11620
11702
11764
11853
11925
12002
12063
12134
12196
12257
12306
12359
12398
12443
12481
12525
12571
12605
12637
12668
12696
12724
12747
12784
12806
12818
12842
12864
12882
12902
12917
12928
12936
12948
12957
12965
12976
12984
12992
13003
13011
13029
13029
13034
13047
13056
13059
13069
13068
13080
13077
13081
13086
13080
13078
13088
13093
13091
13100
13096
13100
13093
13095
13097
13090
13088
13105
13103
13109
13113
13112
13118
13119
13118
13119
13126
13124
13121
13124
13133
13128
13135
13127
13121
13122
13126
13133
13136
13139
13133
13134
13132
13133
13132
13129
13126
13126
13125
13125
13125
13125
13126
13120
13125
13122
13125
13122
13127
13135
13134
13139
13140
13132
13133
13129
13133
13134
13132
13137
13140
13143
13147
13135
13134
13133
13129
13125
13121
13126
13124
13132
13134
13138
13136
13133
13140
13137
13140
13142
13132
13138
13138
13138
13145
13134
13129
13130
13121
13120
13122
13123
13125
13121
13126
13130
13140
13136
13133
13129
13130
13129
13134
13129
13134
13134
13129
13134
13138
13137
13143
13138
13149
13154
13136
13138
13134
13130
13137
13138
13136
13143
13141
13136
13136
13132
13128
13131
13131
13131
13134
13131
13128
13123
13127
13125
13127
13131
13123
13127
13125
13121
13128
13135
13142
13141
13150
13142
13141
13142
13140
13145
13142
13139
13140
13138
13138
13134
13134
13136
13132
13133
13125
13125
13128
13125
13129
13138
13129
13127
13127
13130
13140
13144
13148
13140
13145
13141
13136
13132
13132
13127
13139
13138
13139
13141
13135
13138
13135
13137
13130
13130
13125
13127
13121
13123
13134
13124
13137
13129
13135
13138
13128
13123
13129
13118
13122
13126
13121
13117
13120
13125
13130
13125
13134
13133
13136
13138
13135
13132
13127
13134
13137
13126
13122
13120
13125
13133
13131
13131
13136
13133
13139
13137
13131
13127
13128
13116
13119
13118
13118
13126
13122
13124
13131
13119
13108
13122
13118
13129
13132
13132
13133
13134
13143
13142
13141
13144
13144
13140
13138
13135
13142
13134
13132
13140
13132
13137
13139
13136
13142
13146
13140
13141
13139
13139
13141
13133
13134
13133
13139
13150
13149
13138
13144
13137
13136
13138
13135
13140
13135
13133
13128
13121
13126
13124
13128
13135
13129
13125
13131
13132
13140
13132
13127
13135
13133
13132
13129
13126
13130
13134
13132
13143
13132
13137
13141
13138
13137
13137
13137
13140
13135
13131
13137
13126
13127
13133
13128
13133
13133
13135
13133
13133
13132
13128
13137
13135
13139
13137
13139
13135
13142
13131
13126
13126
13126
13126
13119
13121
13127
13136
13144
13146
13145
13138
13143
13138
13141
13130
13119
13127
13123
13124
13127
13122
13120
13127
13119
13130
13132
13132
13135
13140
13141
13143
13145
13141
13142
13139
13138
13131
13142
13134
13136
13138
13134
13122
13124
13125
13134
13139
13143
13140
13130
13139
13136
13130
13129
13128
13129
13132
13125
13128
13140
13132
13136
13142
13135
13135
13136
13135
13141
13135
13136
13137
13141
13140
13134
13141
13136
13133
13147
13141
13133
13128
13126
13124
13127
13132
13132
13130
13130
13138
13136
13140
13146
13142
13149
13141
13148
13148
13144
13139
13147
13140
13134
13137
13139
13139
13143
13141
13141
13134
13141
13140
