13141
13138
13139
13132
13134
13135
13137
13141
13135
13131
13144
13136
13137
13144
13138
13149
13154
13148
13148
13152
13146
13137
13136
13139
13140
13140
13139
13137
13141
13133
13134
13141
13144
13139
13132
13131
13134
13132
13134
13132
13132
13133
13134
13134
13132
13132
13126
13127
13121
13116
13127
13123
13127
13132
13128
13129
13136
13137
13148
13152
13157
13151
13151
13150
13147
13138
13138
13145
13150
13138
13138
13144
13151
13146
13152
13143
13146
13147
13139
13141
13138
13140
13138
13133
13141
13133
13126
13125
13125
13119
13125
13123
13126
13127
13125
13133
13138
13138
13143
13143
13141
13132
13128
13134
13134
13138
13136
13140
13151
13138
13139
13138
13131
13126
13128
13127
13140
13140
13137
13138
13140
13140
13148
13142
13141
13135
13138
13138
13134
13128
13128
13123
13126
13132
13129
13116
13125
13133
13132
13135
13135
13136
13140
13147
13141
13134
13134
13139
13146
13142
13137
13142
13142
13141
13136
13134
13123
13127
13126
13128
13126
13135
13133
13135
13139
13140
13140
13139
13134
13130
13140
13137
13142
13144
13136
13136
13143
13144
13145
13139
13134
13131
13133
13135
13133
13128
13134
13138
13136
13134
13127
13130
13132
13131
13132
13136
13137
13136
13140
13146
13139
13150
13153
13141
13134
13135
13132
13130
13130
13121
13133
13128
13134
13145
13142
13143
13147
13147
13140
13136
13133
13129
13123
13127
13122
13131
13125
13123
13133
13132
13129
13135
13127
13130
13134
13126
13135
13135
13134
13136
13131
13134
13132
13126
13119
13124
13125
13129
13123
13118
13128
13128
13127
13138
13134
13136
13139
13133
13130
13134
13129
13132
13124
13125
13122
13130
13130
13134
13143
13133
13136
13142
13140
13141
13132
13134
13132
13137
13133
13136
13133
13136
13137
13131
13130
13129
13132
13138
13136
13143
13157
13152
13145
13144
13137
13131
13131
13130
13135
13133
13134
13126
13127
13132
13128
13131
13127
13132
13135
13133
13133
13134
13135
13129
13138
13135
13139
13130
13134
13135
13131
13131
13135
13135
13128
13132
13126
13135
13125
13124
13128
13129
13124
13137
13136
13137
13139
13141
13148
13146
13152
13151
13145
13148
13151
13152
13152
13149
13158
13145
13142
13132
13128
13127
13130
13132
13133
13135
13133
13137
13139
13135
13128
13133
13137
13137
13136
13134
13127
13128
13135
13134
13129
13138
13128
13130
13128
13132
13132
13140
13139
13139
13137
13140
13136
13140
13137
13137
13142
13140
13141
13145
13136
13139
13138
13137
13136
13130
13126
13134
13130
13131
13126
13127
13133
13137
13141
13147
13141
13140
13137
13133
13127
13131
13125
13135
13135
13128
13128
13127
13129
13128
13124
13126
13123
13122
13123
13123
13137
13133
13125
13129
13135
13130
13127
13120
13119
13120
13119
13127
13127
13134
13133
13133
13134
13131
13133
13137
13133
13130
13142
13134
13124
13129
13128
13127
13125
13133
13129
13135
13132
13132
13127
13125
13121
13129
13127
13127
13120
13124
13129
13127
13136
13138
13143
13145
13139
13140
13144
13145
13140
13138
13143
13139
13138
13131
13003
12921
12863
12826
12819
12811
12815
12828
12839
12847
12856
12876
12897
12903
12910
12924
12941
12950
12623
11552
10680
10021
9571
9298
9217
9209
9313
9422
9585
9746
9939
10107
10283
10312
10405
10498
10637
10748
10891
11009
11142
11260
11380
11483
11591
11677
11774
11865
11952
12017
12082
12141
12207
12258
12323
12376
12425
12469
12506
12542
12585
12617
12657
12683
12717
12736
12759
12786
12803
12827
12848
12866
12879
12894
12895
12913
12928
12937
12956
12969
12976
12994
13000
13005
13020
13022
13033
13042
13044
13052
13052
13054
13062
13072
13075
13071
13070
13076
13073
13080
13081
13089
13092
13093
13093
13104
13102
13104
13097
13101
13105
13110
13114
13123
13119
13127
13131
13130
13124
13124
13122
13131
13124
13124
13126
13126
13126
13127
13125
13133
13135
13131
13121
13122
13122
13121
13126
13132
13134
13132
13130
13124
13138
13135
13139
13142
13140
13143
13142
13139
13141
13141
13142
13141
13135
13134
13127
13120
13119
13124
13131
13138
13135
13130
13134
13128
13130
13138
13132
13132
13134
13135
13136
13136
13138
13135
13135
13135
13129
13123
13123
13124
13138
13122
13121
13123
13125
13128
13129
13138
13141
13138
13146
13148
13145
13147
13152
13141
13141
13136
13129
13138
13136
13133
13130
13134
13131
13135
13130
13123
13122
13130
13140
13132
13135
13136
13136
13133
13135
13128
13132
13138
13147
13139
13133
13135
13133
13133
13137
13138
13135
13134
13142
13138
13134
13132
13139
13134
13132
13133
13134
13142
13139
13140
13144
13135
13140
13139
13138
13138
13143
13140
13134
13137
13136
13132
13126
13127
13130
13124
13125
13132
13142
13143
13153
13155
13150
13149
13143
13130
13130
13129
13125
13116
13112
13119
13126
13123
13125
13130
13130
13138
13134
13135
13145
13138
13131
13139
13134
13139
13137
13136
13134
13132
13138
13135
13130
13131
13132
13129
13131
13136
13141
13140
13144
13149
13149
13149
13137
13135
13136
13132
13135
13137
13139
13142
13143
13138
13141
13139
13136
13140
13138
13131
13134
13134
13129
13134
13125
13132
13130
13137
13139
13142
13143
13136
13136
13139
13142
13133
13126
13127
13133
13128
13131
13130
13129
13125
13132
13135
13133
13136
13134
13143
13144
13140
13141
13139
13140
13138
13138
13140
13131
13130
13129
13130
13130
13138
13135
13138
13139
13139
13139
13134
13140
13137
13141
13145
13136
13141
13139
13132
13133
13133
13127
13133
13129
13129
13131
13131
13131
13130
13128
13135
13136
13137
13138
13139
13153
13148
13144
13140
13127
13127
13129
13126
13118
13123
13117
13117
13120
13123
13120
13132
13136
13136
13123
13131
13128
13135
13132
13137
13137
13137
13131
13136
13135
13139
13142
13140
13138
13146
13143
13140
13137
13132
13138
13139
13152
13156
13157
13157
13144
13138
13153
13143
13141
13147
13138
13145
13142
13133
13132
13131
13122
13122
13120
13127
13124
13132
13125
13119
13127
13123
13128
13131
13121
13120
13125
13116
13120
13129
13137
13148
13145
13149
13152
13140
13146
13147
13146
13143
13137
13131
13127
13122
13122
13123
13120
13136
13139
13143
13148
13152
13153
13149
13147
13150
13150
13149
13152
13150
13158
13150
13148
13140
13136
13137
13149
13140
13134
13133
13129
13134
13129
13129
13134
13136
13141
13146
13156
13149
13144
13139
13146
13147
13143
13150
13147
13145
13146
13140
13139
13134
13135
13130
13135
13137
13141
13140
13137
13131
13137
13129
