13131
13132
13137
13142
13147
13148
13152
13153
13145
13142
13143
13138
13142
13149
13145
13149
13158
13145
13144
13146
13141
13136
13140
13137
13136
13130
13130
13129
13133
13128
13122
13132
13137
13136
13134
13136
13137
13130
13130
13131
13128
13129
13130
13130
13134
13132
13145
13150
13146
13144
13149
13145
13141
13146
13138
13139
13138
13142
13142
13143
13143
13139
13141
13145
13148
13142
13142
13138
13133
13128
13129
13137
13135
13139
13136
13132
13133
13139
13138
13142
13141
13147
13148
13139
13147
13151
13155
13161
13157
13143
13142
13139
13138
13139
13133
13127
13127
13126
13116
13122
13130
13128
13137
13148
13134
13133
13133
13132
13134
13131
13132
13135
13144
13143
13146
13140
13144
13139
13140
13142
13130
13135
13141
13136
13138
13132
13134
13139
13137
13129
13129
13126
13127
13134
13132
13127
13128
13124
13132
13137
13138
13134
13131
13132
13134
13130
13133
13136
13143
13136
13125
13127
13127
13123
13121
13121
13129
13132
13134
13131
13127
13125
13134
13132
13133
13128
13124
13129
13128
13125
13123
13126
13128
13135
13127
13136
13132
13134
13139
13141
13146
13144
13139
13135
13133
13134
13132
13138
13137
13134
13126
13131
13135
13132
13132
13132
13131
13137
13140
13141
13142
13138
13141
13139
13134
13138
13140
13145
13137
13132
13134
13129
13125
13130
13123
13127
13125
13125
13126
13126
13118
13115
13109
13115
13127
13131
13130
13126
13140
13130
13138
13131
13136
13136
13138
13146
13151
13155
13153
13144
13135
13137
13136
13129
13134
13129
13133
13137
13134
13128
13136
13135
13130
13132
13131
13129
13135
13137
13136
13130
13132
13122
13129
13128
13124
13135
13128
13138
13141
13140
13134
13136
13133
13130
13132
13129
13126
13132
13133
13133
13135
13133
13124
13131
13130
13125
13125
13128
13123
13122
13130
13132
13138
13140
13147
13139
13141
13145
13144
13146
13146
13145
13147
13147
13144
13139
13133
13133
13136
13134
13136
13136
13138
13141
13139
13139
13136
13137
13130
13138
13130
13139
13142
13146
13151
13145
13147
13146
13143
13139
13133
13123
13123
13126
13124
13123
13131
13136
13144
13140
13139
13138
13141
13142
13149
13151
13148
13142
13148
13138
13138
13140
13139
13133
13126
13129
13128
13134
13131
13138
13138
13134
13132
13128
13138
13137
13138
13143
13135
13138
13145
13142
13144
13143
13136
13130
13133
13133
13133
13133
13137
13135
13135
13139
13135
13134
13130
13132
13138
13126
13130
13130
13137
13137
13137
13136
13139
13144
13144
13148
13143
13139
13132
13126
13131
13123
13127
13137
13142
13140
13138
13139
13137
13138
13136
13137
13139
13128
13138
13132
13139
13129
13126
13130
13129
13130
13128
13122
13130
13118
13117
13125
13122
13130
13127
13129
13125
13122
13129
13139
13138
13143
13141
13140
13143
13143
13146
13150
13147
13142
13141
13139
13134
13141
13138
13134
13132
13141
13147
13140
13142
13145
13141
13141
13134
13135
13132
13126
13131
13132
13125
13133
13135
13132
13134
13128
13125
13124
13124
13129
13117
13117
13125
13119
13121
13124
13126
13134
13135
13131
13136
13127
13125
13126
13123
13126
13122
12994
12918
12867
12844
12555
11594
10704
9937
9437
9210
9113
9117
9153
9293
9428
9612
9776
9903
9989
10085
10189
10338
10473
10621
10753
10898
11019
11162
11270
11399
11512
11621
11703
11802
11874
11954
12022
12096
12155
12223
12275
12338
12383
12438
12480
12525
12556
12591
12617
12656
12677
12721
12741
12758
12781
12804
12827
12849
12865
12889
12910
12922
12947
12945
12956
12969
12981
12988
12992
12999
13005
13006
13011
13034
13037
13041
13050
13047
13059
13066
13070
13074
13066
13072
13067
13074
13080
13084
13082
13093
13097
13099
13103
13100
13102
13102
13101
13106
13100
13102
13109
13114
13121
13114
13117
13117
13120
13121
13121
13119
13126
13115
13112
13120
13122
13113
13121
13114
13119
13125
13124
13125
13124
13128
13124
13125
13119
13125
13124
13125
13128
13135
13137
13137
13136
13143
13141
13143
13134
13134
13139
13139
13137
13133
13133
13129
13128
13128
13128
13122
13129
13129
13122
13125
13120
13121
13123
13124
13126
13125
13127
13123
13121
13121
13115
13115
13115
13118
13123
13125
13128
13130
13121
13133
13128
13125
13123
13125
13126
13125
13134
13131
13132
13126
13137
13135
13130
13134
13138
13149
13147
13150
13137
13146
13137
13137
13140
13143
13141
13136
13138
13143
13137
13137
13133
13136
13138
13131
13133
13131
13130
13137
13137
13132
13134
13135
13135
13136
13134
13131
13134
13122
13115
13112
13109
13114
13109
13112
13121
13129
13137
13129
13125
13144
13140
13137
13139
13135
13133
13138
13135
13134
13134
13133
13133
13138
13142
13138
13138
13139
13136
13144
13139
13135
13135
13136
13143
13139
13144
13141
13138
13152
13148
13144
13146
13148
13148
13150
13147
13147
13139
13141
13134
13140
13139
13145
13138
13134
13132
13136
13137
13136
13134
13140
13132
13129
13132
13134
13132
13136
13135
13141
13138
13135
13141
13142
13143
13147
13146
13152
13148
13146
13149
13148
13146
13146
13138
13141
13137
13135
13132
13129
13131
13125
13123
13118
13126
13120
13121
13126
13127
13133
13137
13138
13136
13140
13134
13141
13136
13142
13135
13142
13137
13140
13141
13131
13132
13125
13124
13126
13132
13132
13133
13132
13132
13130
13130
13129
13131
13137
13135
13133
13131
13139
13137
13146
13150
13147
13136
13141
13140
13139
13133
13143
13141
13142
13141
13135
13137
13138
13131
13135
13129
13128
13134
13138
13138
13130
13127
13127
13135
13135
13134
13129
13130
13131
13130
13124
13122
13122
13130
13124
13115
13128
13123
13126
13122
13123
13123
13122
13132
13132
13140
13141
13139
13134
13138
13137
13137
13139
13136
13137
13130
13130
13132
13131
13133
13135
13135
13134
13133
13129
13137
13130
13135
13140
13133
13142
13139
13144
13147
13146
13143
13147
13141
13155
13158
13155
13149
13142
13138
13145
13140
13142
13139
13138
13133
13125
13122
13120
13121
13134
13132
13125
13132
13126
13131
13135
13135
13137
13136
13134
13139
13141
13137
13135
13136
13134
13136
13142
13135
13135
13130
13143
13137
13138
13137
13126
13126
13125
13127
13130
13133
13137
13129
13129
13127
13126
13126
13126
13133
13139
13132
13129
13132
13124
13126
13124
13129
13134
13131
13132
13125
13127
13129
13130
13130
13126
13128
13128
13139
13139
13138
13144
13145
13151
13149
13146
13145
13148
13140
13141
13137
13133
13126
13124
13130
13126
13126
13128
13126
13138
13138
