13130
13126
13127
13126
13134
13123
13126
13133
13136
13135
13135
13133
13132
13133
13131
13130
13125
13126
13135
13135
13133
13132
13134
13138
13128
13127
13134
13133
13130
13137
13147
13144
13146
13142
13143
13143
13146
13142
13138
13142
13139
13141
13138
13131
13136
13132
13133
13137
13145
13141
13135
13135
13136
13137
13145
13142
13135
13136
13141
13136
13135
13142
13139
13137
13133
13123
13132
13132
13135
13137
13134
13138
13141
13136
13131
13137
13141
13135
13134
13136
13137
13138
13148
13147
13144
13133
13130
13129
13125
13125
13128
13126
13129
13133
13132
13138
13132
13136
13135
13136
13137
13131
13131
13143
13142
13141
13144
13135
13136
13135
13120
13124
13125
13122
13124
13127
13128
13118
13126
13132
13131
13135
13140
13140
13142
13136
13132
13138
13140
13137
13136
13139
13140
13140
13138
13138
13132
13136
13142
13143
13142
13146
13149
13153
13147
13138
13144
13134
13135
13137
13130
13129
13141
13136
13138
13129
13126
13126
13126
13128
13124
13124
13127
13125
13142
13140
13140
13142
13142
13142
13130
13127
13127
13132
13134
13137
13134
13134
13138
13128
13134
13135
13135
13135
13129
13121
13131
13125
13127
13127
13122
13126
13126
13127
13127
13129
13130
13128
13135
13135
13143
13142
13141
13138
13140
13133
13127
13133
13137
13142
13144
13144
13144
13143
13145
13142
13139
13136
13135
13128
13126
13125
13125
13133
13127
13122
13130
13122
13123
13123
13125
13122
13130
13133
13129
13129
13130
13127
13131
13132
13131
13132
13135
13133
13141
13138
13134
13133
13135
13142
13138
13134
13134
13135
13131
13134
13131
13141
13139
13137
13146
13140
13141
13147
13139
13129
13134
13132
13127
13137
13132
13124
13133
13130
13129
13136
13128
13131
13132
13132
13130
13128
13131
13134
13139
13136
13142
13144
13153
13146
13143
13143
13141
13145
13145
13144
13135
13137
13140
13137
13139
13139
13140
13146
13145
13139
13143
13139
13136
13140
13138
13137
13136
13140
13140
13139
13134
13136
13137
13151
13138
13141
13141
13138
13136
13123
13124
13126
13120
13121
13121
13117
13118
13114
13116
13116
13110
13118
13118
13123
13134
13127
13128
13129
13134
13129
13132
13135
13134
13135
13132
13131
13134
13133
13133
13128
13129
13126
13132
13129
13136
13134
13126
13128
13133
13126
13128
13131
13120
13125
13124
13123
13129
13132
13132
13136
13133
13136
13135
13137
13136
13128
13126
13124
13127
13129
13131
13129
13127
13136
13141
13140
13138
13136
13141
13140
13148
13135
13132
13129
13127
13125
13131
13122
13125
13123
13121
13128
13123
13125
13119
13118
13119
13128
13120
13124
13121
13124
13123
13121
13125
13127
13134
13140
13133
13123
13123
13117
13111
13121
13126
13136
13137
13137
13140
13142
13141
13138
13140
13137
13139
13135
13137
13135
13142
13130
13132
13127
13126
13127
13124
13132
13127
13130
13126
13133
13126
13131
13127
13126
13132
13135
13132
13143
13139
13139
13142
13143
13136
13143
13140
13139
13149
13146
13147
13137
13134
13132
13134
13142
13137
13132
13131
13136
13145
13138
13135
13141
13142
13150
13155
13158
13152
13154
13147
13148
13140
13138
13142
13142
13146
13143
13140
13139
13132
13135
13133
13129
13018
12081
10839
9693
8725
8143
7902
7790
7840
7934
8142
8291
8503
8694
8937
9161
9407
9608
9833
10018
10235
10403
10586
10735
10894
11025
11160
11279
11398
11504
11613
11699
11800
11878
11964
12035
12109
12177
12242
12293
12323
12251
12226
12221
12243
12265
12306
12345
12390
12434
12486
12525
12561
12595
12622
12642
12680
12696
12722
12749
12767
12792
12811
12832
12859
12885
12903
12916
12930
12942
12961
12970
12982
12984
12990
13004
13007
13003
13016
13007
13020
13028
13032
13033
13036
13042
13045
13049
13054
13063
12975
12886
12834
12804
12792
12781
12794
12797
12816
12833
12843
12850
12872
12888
12906
12921
12936
12949
12961
12973
12983
12994
13008
13012
13024
13032
13039
13039
13056
13057
13061
13080
13076
13070
13073
13076
13077
13079
13079
13079
13082
13091
13095
13101
13099
13104
13111
13106
13104
13106
13099
13103
13101
13101
13100
13102
13108
13115
13109
13111
13109
13107
13117
13115
13114
13116
13108
13108
13106
13106
13106
13122
13123
13129
13131
13136
13136
13139
13133
13140
13143
13147
13138
13135
13138
13127
13132
13117
13115
13115
13114
13110
13112
13115
13120
13131
13129
13135
13129
13140
13144
13143
13149
13149
13142
13153
13143
13135
13138
13135
13139
13145
13146
13147
13143
13138
13139
13140
13141
13137
13141
13139
13139
13140
13138
13137
13148
13136
13137
13142
13130
13131
13135
13130
13129
13125
13127
13130
13126
13131
13134
13134
13135
13136
13138
13142
13144
13138
13141
13131
13129
13134
13136
13143
13144
13134
13135
13140
13134
13124
13122
13130
13124
13126
13134
13132
13138
13133
13126
13125
13121
13122
13117
13115
13123
13126
13122
13133
13131
13137
13138
13140
13141
13142
13138
13146
13135
13131
13131
13126
13122
13123
13124
13125
13125
13123
13136
13136
13143
13136
13142
13142
13134
13137
13134
13134
13132
13124
13121
13132
13129
13125
13127
13134
13121
13127
13123
13126
13126
13139
13136
13136
13139
13138
13140
13148
13144
13138
13138
13133
13128
13134
13129
13131
13136
13134
13139
13142
13143
13135
13134
13139
13133
13134
13132
13125
13134
13130
13134
13137
13133
13135
13125
13133
13124
13121
13123
13122
13122
13127
13130
13133
13134
13137
13137
13141
13138
13131
13135
13129
13130
13129
13118
13133
13135
13133
13128
13127
13127
13127
13126
13130
13130
13134
13133
13134
13138
13129
13130
13129
13133
13130
13132
13137
13135
13133
13128
13135
13134
13138
13139
13137
13136
13131
13125
13125
13119
13131
13142
13138
13136
13133
13133
13132
13136
13135
13132
13131
13140
13134
13128
13132
13135
13138
13133
13134
13141
13137
13143
13141
13149
13151
13148
13142
13139
13138
13135
13136
13135
13138
13135
13128
13130
13132
13127
13135
13131
13132
13137
13126
13126
13119
13122
13130
13124
13129
13137
13141
13143
13141
13145
13140
13136
13141
13133
13135
13140
13137
13125
13125
13123
13127
13128
13126
13134
13132
13138
13134
13130
13132
13133
13133
13133
13137
13136
13137
13131
13133
13131
13129
13123
13127
13125
13132
13130
13130
13141
13141
13142
13138
13141
13140
13129
13128
13129
13125
13129
13129
13128
13135
13143
13140
13138
13130
13131
13131
13126
13132
13119
13130
13131
13129
13133
13132
13136
13129
13128
13116
13125
13127
13128
13132
