13138
13140
13144
13144
13150
13146
13146
13149
13154
13149
13157
13151
13148
13146
13145
13147
13140
13140
13137
13132
13133
13130
13125
13131
13128
13132
13125
13129
13143
13144
13140
13138
13134
13138
13139
13140
13140
13133
13130
13123
13123
13122
13118
13113
13115
13114
13117
13122
13123
13121
13130
13129
13131
13133
13133
13137
13143
13151
13150
13151
13147
13139
13142
13146
13143
13146
13145
13138
13149
13139
13134
13132
13130
13123
13129
13129
13123
13132
13131
13135
13133
13134
13139
13136
13135
13137
13137
13140
13131
13129
13130
13128
13124
13132
13120
13130
13135
13135
13141
13138
13149
13144
13148
13148
13137
13135
13137
13134
13142
13144
13142
13145
13141
13146
13136
13133
13140
13143
13145
13149
13144
13146
13149
13144
13147
13138
13134
13137
13133
13135
13138
13130
13120
13124
13125
13125
13119
13124
13124
13129
13137
13137
13131
13132
13138
13139
13141
13137
13141
13140
13138
13141
13139
13138
13141
13141
13135
13139
13134
13138
13131
13131
13137
13135
13135
13132
13130
13138
13128
13127
13131
13133
13134
13136
13131
13135
13132
13127
13134
13124
13125
13122
13119
13126
13129
13124
13128
13122
13134
13128
13129
13128
13135
13135
13140
13135
13143
13144
13136
13138
13136
13131
13129
13127
13136
13140
13140
13140
13137
13132
13139
13132
13140
13143
13137
13132
13128
13124
13120
13116
13119
13115
13127
13131
13135
13131
13131
13130
13144
13137
13131
13129
13139
13147
13145
13140
13137
13145
13145
13143
13139
13134
13133
13133
13134
13134
13131
13143
13136
13132
13136
13134
13133
13130
13130
13124
13126
13133
13132
13132
13128
13124
13129
13128
13124
13122
13125
13131
13138
13138
13134
13140
13135
13133
13134
13129
13126
13132
13134
13147
13137
13137
13136
13133
13135
13133
13125
13130
13132
13132
13145
13138
13133
13134
13130
13133
13136
13137
13125
13126
13131
13129
13135
13138
13137
13134
13136
13132
13133
13126
13126
13134
13131
13136
13135
13141
13138
13136
13138
13143
13134
13137
13141
13132
13141
13136
13135
13137
13131
13128
13141
13134
13134
13135
13134
13130
13134
13136
13132
13134
13137
13132
13137
13138
13138
13139
13142
13136
13136
13132
13134
13140
13134
13141
13135
13133
13133
13135
13135
13139
13132
13141
13145
13141
13151
13138
13140
13138
13130
13127
13130
13129
13128
13134
13129
13133
13134
13132
13136
13137
13134
13137
13138
13148
13150
13145
13144
13142
13147
13141
13134
13143
13144
13150
13143
13140
13138
13139
13140
13140
13142
13143
13140
13134
13143
13148
13150
13154
13148
13148
13150
13146
13145
13147
13146
13149
13148
13139
13142
13146
13143
13139
13142
13138
13137
13130
13132
13122
13128
13126
13131
13131
13129
13127
13120
13130
13128
13131
13133
13137
13129
13133
13134
13136
13133
13135
13132
13137
13140
13131
13132
13123
13126
13134
13135
13129
13134
13138
13138
13138
13142
13138
13143
13144
13142
13138
13135
13136
13138
13137
13136
13138
13133
13143
13134
13134
13132
13130
13123
13124
13119
13122
13125
13127
13128
13132
13132
13136
13132
13125
13137
13128
13126
13131
13125
13127
13133
13126
13130
13117
13123
13120
13122
13122
13125
13127
13127
13073
12175
11154
10482
9893
9586
9433
9424
9460
9590
9714
9881
10030
10214
10373
10547
10696
10860
10989
11129
11249
11376
11474
11595
11676
11779
11866
11956
12024
12092
12158
12219
12272
12330
12374
12422
12465
12517
12562
12596
12629
12674
12691
12718
12750
12772
12795
12808
12827
12853
12872
12887
12904
12911
12932
12944
12952
12966
12974
12984
12992
12989
12995
13007
13007
13020
13033
13045
13051
13054
13056
13058
13055
13055
13053
13059
13074
13084
13092
13090
13098
13103
13104
13109
13112
13106
13114
13110
13112
13110
13111
13116
13123
13117
13120
13111
13111
13103
13113
13108
13113
13104
13108
13110
13115
13118
13132
13130
13132
13124
13125
13122
13128
13123
13129
13134
13137
13137
13133
13136
13131
13137
13132
13136
13145
13142
13135
13129
13127
13126
13126
13124
13124
13119
13124
13122
13117
13118
13122
13127
13139
13139
13135
13137
13138
13129
13133
13131
13125
13128
13131
13126
13123
13122
13124
13126
13134
13137
13138
13137
13142
13137
13139
13137
13133
13129
13125
13120
13121
13127
13133
13134
13141
13142
13148
13152
13139
13135
13138
13140
13136
13128
13118
13123
13125
13126
13128
13125
13126
13133
13129
13137
13135
13139
13136
13141
13136
13135
13140
13137
13136
13147
13135
13134
13135
13131
13129
13124
13125
13117
13120
13119
13135
13124
13128
13130
13124
13129
13128
13128
13131
13131
13134
13136
13132
13134
13141
13143
13146
13139
13139
13145
13150
13155
13149
13150
13148
13145
13147
13142
13143
13146
13143
13145
13143
13139
13141
13137
13136
13139
13140
13132
13142
13135
13143
13142
13141
13142
13138
13136
13141
13123
13125
13121
13117
13120
13119
13119
13122
13127
13125
13127
13127
13134
13138
13141
13139
13139
13142
13147
13140
13150
13142
13139
13139
13139
13138
13130
13127
13132
13135
13128
13136
13128
13134
13139
13140
13149
13149
13145
13150
13141
13134
13135
13128
13119
13120
13117
13117
13117
13113
13117
13121
13113
13113
13120
13130
13129
13132
13126
13134
13146
13144
13139
13140
13135
13140
13136
13131
13126
13126
13123
13123
13123
13129
13127
13124
13130
13133
13136
13134
13130
13124
13128
13124
13129
13133
13124
13132
13131
13126
13126
13129
13126
13117
13122
13132
13134
13130
13132
13129
13140
13136
13132
13138
13137
13142
13140
13141
13136
13133
13126
13132
13121
13125
13128
13127
13135
13138
13138
13143
13139
13139
13144
13143
13144
13150
13146
13142
13143
13137
13136
13124
13125
13124
13128
13133
13130
13132
13139
13130
13136
13130
13134
13138
13132
13132
13133
13134
13134
13131
13131
13130
13129
13132
13131
13128
13133
13140
13137
13143
13145
13134
13151
13143
13134
13141
13140
13138
13135
13141
13134
13134
13132
13134
13135
13132
13130
13133
13140
13137
13145
13136
13138
13139
13140
13137
13130
13134
13138
13141
13132
13132
13139
13144
13142
13136
13146
13141
13137
13134
13132
13137
13136
13128
13129
13127
13123
13122
13131
13130
13132
13130
13137
13145
13145
13141
13142
13149
13144
13149
13145
13137
13128
13134
13131
13137
13133
13134
13127
13124
13121
13129
13123
13121
13126
13125
13133
13137
13147
13148
13142
13140
13142
13143
13141
13147
13150
13150
13149
13146
13141
13138
13139
13139
13133
13132
13130
13128
13135
13138
13141
13141
