13134
13135
13135
13130
13128
13124
13131
13139
13127
13133
13120
13123
13122
13113
13118
13121
13114
13121
13116
13121
13121
13132
13136
13138
13136
13130
13139
13135
13135
13147
13145
13141
13141
13142
13144
13141
13143
13140
13139
13138
13138
13138
13133
13133
13135
13128
13123
13128
13118
13117
13119
13126
13128
13127
13128
13136
13133
13138
13133
13136
13138
13136
13138
13142
13136
13134
13143
13136
13133
13138
13133
13135
13135
13134
13136
13136
13133
13134
13142
13135
13135
13137
13134
13132
13136
13130
13125
13132
13132
13134
13128
13132
13132
13133
13137
13140
13136
13136
13141
13133
13138
13135
13141
13142
13136
13136
13145
13137
13138
13141
13131
13129
13123
13131
13133
13131
13134
13132
13133
13141
13141
13138
13141
13134
13147
13140
13136
13138
13127
13134
13138
13143
13140
13149
13151
13155
13147
13147
13146
13142
13136
13132
13131
13129
13127
13130
13135
13131
13130
13137
13142
13135
13136
13142
13145
13138
13141
13136
13138
13138
13135
13132
13131
13134
13140
13133
13134
13133
13135
13139
13138
13137
13138
13146
13151
13154
13151
13155
13149
13149
13145
13144
13140
13144
13137
13137
13149
13143
13141
13135
13125
13127
13126
13123
13123
13120
13132
13130
13128
13132
13134
13134
13139
13141
13138
13133
13138
13140
13144
13141
13143
13142
13145
13146
13137
13132
13138
13136
13141
13135
13138
13137
13136
13139
13130
13126
13130
13124
13125
13128
13121
13127
13124
13135
13139
13137
13137
13137
13134
13136
13136
13141
13144
13140
13145
13139
13130
13137
13135
13131
13123
13123
13122
13131
13121
13130
13130
13123
13133
13132
13132
13137
13142
13144
13137
13144
13154
13142
13141
13137
13129
13125
13131
13132
13138
13135
13136
13139
13142
13141
13142
13146
13144
13141
13146
13144
13136
13137
13138
13137
13136
13134
13134
13130
13135
13144
13136
13141
13141
13142
13139
13137
13131
13130
13125
13129
13142
13139
13139
13150
13138
13140
13141
13138
13141
13139
13136
13133
13135
13138
13143
13143
13145
13143
13144
13138
13135
13133
13126
13122
13121
13130
13132
13138
13136
13136
13129
13124
13128
13120
13125
13128
13128
13134
13131
13133
13138
13133
13137
13138
13133
13132
13134
13132
13130
13132
13134
13129
13137
13133
13134
13130
13127
13133
13138
13137
13133
13137
13140
13140
13139
13135
13139
13135
13135
13141
13138
13141
13145
13136
13138
13135
13133
13137
13134
13126
13129
13128
13128
13139
13138
13139
13135
13137
13133
13130
13125
13125
13125
13132
13130
13129
13127
13127
13140
13139
13140
13149
13145
13140
13136
13134
13129
13127
13126
13137
13128
13140
13136
13135
13138
13135
13134
13140
13136
13135
13136
13137
13137
13132
13128
13132
13134
13134
13133
13128
13124
13122
13129
13136
13137
13139
13139
13138
13139
13136
13132
13133
13135
13138
13146
13138
13136
13139
13142
13140
13134
13138
13137
13139
13141
13143
13137
13134
13123
13124
13130
13127
13121
13132
13133
13135
13135
13132
13128
13127
13122
13121
13119
13118
13118
13124
13128
13125
13131
13122
13132
13134
13139
13140
13141
13141
13144
13148
13141
13148
13142
13144
13145
13152
13152
13150
13152
13154
13143
13060
12526
11897
11409
11115
10964
10901
10919
10954
11033
11108
11209
11298
11406
11506
11605
11691
11785
11865
11944
12012
12093
12156
12228
12284
12288
12248
12258
12262
12290
12319
12354
12401
12448
12482
12516
12546
12581
12622
12656
12685
12717
12735
12762
12780
12803
12820
12835
12850
12878
12890
12902
12915
12934
12948
12960
12967
12985
12992
13009
13004
13017
13018
13022
13026
13031
13025
13033
13041
13061
13071
13079
13082
13089
13090
13090
13093
13096
13107
13109
13107
13109
13106
13113
13120
13118
13119
13118
13120
13121
13116
13118
13117
13120
13122
13122
13122
13124
13124
13137
13138
13141
13143
13142
13135
13122
13121
13120
13125
13124
13123
13122
13133
13131
13126
13123
13126
13127
13123
13116
13119
13129
13131
13127
13133
13134
13134
13131
13138
13133
13131
13132
13131
13133
13130
13126
13122
13116
13115
13116
13113
13113
13118
13124
13125
13128
13127
13131
13127
13128
13137
13134
13144
13138
13020
12930
12879
12852
12837
12827
12832
12846
12860
12871
12802
12704
12654
12633
12623
12632
12651
12670
12687
12714
12738
12756
12788
12811
12833
12855
12870
12874
12892
12901
12919
12931
12946
12958
12975
12984
12995
12988
13003
13009
13010
13023
13029
13029
13044
13042
13050
13060
13066
13074
13083
13083
13094
13094
13098
13099
13098
13095
13099
13101
13099
13097
13098
13098
13099
13114
13107
13110
13119
13116
13120
13120
13116
13125
13130
13126
13132
13132
13139
13133
13138
13141
13137
13127
13133
13122
13124
13129
13121
13125
13127
13129
13130
13125
13116
13119
13122
13127
13125
13125
13125
13121
13129
13126
13126
13138
13129
13124
13132
13133
13136
13129
13125
13128
13130
13126
13132
13121
13127
13127
13132
13132
13138
13136
13146
13137
13134
13139
13131
13125
13130
13126
13116
13116
13114
13121
13125
13129
13132
13131
13138
13145
13139
13131
13133
13131
13128
13125
13136
13134
13138
13131
13132
13130
13134
13128
13136
13128
13134
13137
13139
13140
13137
13144
13152
13148
13143
13148
13138
13137
13139
13141
13137
13133
13133
13135
13134
13130
13132
13132
13133
13136
13138
13136
13136
13137
13133
13128
13129
13133
13134
13132
13134
13137
13135
13139
13138
13133
13132
13133
13134
13127
13132
13128
13140
13139
13140
13140
13137
13129
13138
13126
13121
13122
13125
13132
13136
13135
13132
13132
13139
13134
13141
13137
13135
13144
13138
13136
13138
13135
13139
13140
13143
13142
13148
13141
13137
13133
13138
13139
13139
13144
13145
13141
13145
13148
13141
13152
13147
13148
13146
13136
13138
13140
13149
13153
13150
13140
13140
13138
13141
13136
13134
13126
13133
13140
13138
13133
13138
13134
13130
13126
13126
13131
13130
13134
13131
13125
13132
13140
13138
13142
13137
13135
13138
13127
13134
13132
13132
13132
13133
13140
13147
13148
13148
13144
13142
13144
13137
13131
13137
13136
13138
13135
13135
13140
13134
13133
13138
13136
13131
13131
13132
13140
13139
13141
13134
13131
13131
13137
13143
13145
13146
13144
13147
13141
13137
13139
13127
13133
13137
13133
13130
13135
13137
13143
13148
13136
13137
13138
13137
13140
13141
13138
13141
13154
13152
13145
13147
13132
13131
13124
13126
13125
13134
13126
13125
13119
13120
13119
13116
13119
13122
13128
13132
13128
13128
13137
13135
13140
13153
