13106
13104
13104
13105
13108
13117
13114
13117
13126
13128
13133
13136
13126
13128
13129
13133
13132
13131
13128
13131
13139
13131
13131
13133
13125
13115
13120
13122
13124
13122
13121
13130
13126
13134
13132
13129
13129
13128
13137
13134
13132
13131
13133
13128
13122
13129
13121
13123
13127
13141
13142
13134
13136
13136
13135
13140
13131
13134
13127
13124
13138
13135
13145
13143
13134
13138
13133
13128
13129
13125
13128
13130
13119
13124
13116
13122
13129
13129
13129
13131
13128
13130
13135
13138
13137
13147
13145
13139
13141
13139
13141
13139
13136
13136
13135
13140
13138
13141
13134
13137
13142
13137
13135
13134
13133
13134
13134
13131
13133
13138
13133
13134
13127
13131
13133
13135
13135
13138
13136
13133
13132
13125
13123
13123
13119
13128
13128
13132
13126
13135
13138
13140
13140
13140
13142
13136
13134
13135
13142
13137
13140
13136
13136
13138
13136
13140
13138
13135
13136
13135
13139
13140
13127
13133
13140
13137
13132
13131
13123
13126
13121
13122
13133
13128
13130
13137
13128
13124
13131
13135
13139
13143
13136
13140
13138
13140
13141
13139
13140
13141
13150
13140
13129
13140
13141
13139
13130
13133
13124
13134
13135
13134
13134
13138
13140
13130
13127
13125
13125
13136
13132
13128
13134
13125
13126
13135
13134
13129
13135
13136
13135
13129
13131
13126
13133
13138
13136
13133
13132
13125
13123
13121
13122
13130
13137
13134
13133
13125
13126
13130
13131
13132
13124
13129
13134
13129
13136
13146
13143
13157
13156
13151
13156
13153
13143
13138
13134
13131
13131
13131
13131
13128
13121
13121
13124
13126
13121
13114
13112
13122
13128
13122
13125
13133
13128
13139
13136
13147
13148
13148
13143
13139
13131
13133
13129
13130
13129
13127
13130
13136
13127
13123
13126
13117
13111
13119
13112
13117
13121
13132
13121
13131
13135
13143
13145
13146
13143
13145
13142
13149
13158
13147
13144
13149
13140
13145
13138
13137
13131
13130
13137
13134
13124
13130
13130
13125
13120
13128
13125
13131
13131
13134
13134
13131
13126
13130
13124
13129
13126
13132
13126
13128
13131
13128
13128
13132
13139
13132
13134
13134
13136
13132
13130
13130
13136
13138
13139
13138
13140
13143
13147
13154
13143
13139
13142
13134
13142
13145
13142
13146
13141
13135
13143
13135
13138
13137
13128
13129
13129
13125
13132
13135
13139
13137
13140
13139
13139
13138
13136
13129
13134
13135
13136
13139
13140
13134
13128
13125
13126
13129
13129
13138
13129
13136
13134
13128
13123
13124
13126
13134
13132
13130
13131
13133
13136
13142
13139
13136
13131
13135
13144
13146
13145
13137
13133
13132
13123
13128
13127
13127
13137
13138
13139
13144
13142
13143
13141
13146
13148
13137
13138
13138
13132
13131
13134
13131
13138
13136
13138
13133
13123
13121
13129
13129
13128
13132
13130
13130
13125
13129
13131
13131
13126
13120
13125
13128
13131
13137
13136
13134
13144
13147
13141
13140
13142
13140
13141
13138
13134
13134
13130
13138
13129
13133
13127
13126
13137
13135
13137
13145
13132
13133
13147
13136
13127
13132
13124
13126
13127
13135
13136
13139
13138
13135
13141
13145
13136
13140
13142
13136
13141
13133
13138
13139
13070
12587
12027
11614
11384
11250
11217
11223
11265
11221
11206
11222
11278
11334
11424
11509
11600
11678
11778
11853
11936
12010
12089
12146
12211
12263
12321
12364
12422
12457
12498
12534
12576
12599
12640
12672
12712
12742
12769
12791
12810
12819
12833
12847
12860
12877
12889
12909
12917
12931
12948
12958
12969
12983
12990
13002
13011
13017
13024
13032
13027
13037
13043
13042
13059
13066
13075
13080
13078
13081
13084
13091
13099
13097
13101
13101
13115
13106
13110
13111
13116
13117
13120
13121
13113
13120
13126
13122
13120
13126
13127
13115
13113
13107
13105
13116
13115
13117
13124
13117
13122
13122
13127
13128
13126
13126
13131
13130
13132
13125
13129
13127
13134
13131
13131
13124
13131
13122
13122
13125
13122
13127
13130
13131
13137
13133
13128
13130
13131
13132
13131
13125
13120
13117
13120
13124
13122
13120
13124
13129
13134
13135
13129
13136
13130
13132
13131
13128
13130
13129
13127
13129
13133
13134
13132
13130
13143
13143
13146
13144
13141
13141
13141
13135
13142
13140
13139
13146
13148
13142
13144
13139
13142
13140
13142
13145
13137
13131
13137
13131
13129
13132
13128
13127
13133
13136
13142
13131
13134
13133
13134
13136
13138
13141
13146
13142
13146
13139
13140
13137
13133
13131
13131
13127
13125
13131
13142
13139
13137
13145
13146
13142
13143
13139
13137
13138
13133
13133
13134
13135
13133
13139
13137
13139
13138
13131
13133
13125
13134
13133
13135
13130
13134
13127
13123
13117
13120
13119
13120
13123
13123
13124
13131
13139
13136
13127
13124
13127
13119
13137
13140
13137
13144
13142
13147
13143
13136
13143
13148
13142
13145
13143
13140
13133
13140
13137
13145
13137
13142
13138
13134
13142
13134
13135
13131
13129
13135
13134
13134
13137
13137
13135
13135
13134
13133
13138
13140
13145
13145
13142
13141
13135
13139
13142
13141
13144
13142
13137
13140
13136
13138
13142
13140
13134
13135
13133
13134
13131
13137
13130
13127
13131
13128
13128
13135
13130
13140
13139
13140
13140
13134
13133
13127
13125
13133
13129
13129
13131
13131
13137
13134
13133
13129
13133
13128
13126
13121
13114
13118
13115
13117
13120
13124
13116
13117
13121
13123
13124
13126
13128
13128
13132
13130
13131
13132
13130
13141
13128
13137
13151
13149
13141
13139
13138
13131
13133
13134
13138
13138
13145
13151
13147
13146
13135
13132
13134
13122
13116
13124
13122
13124
13124
13125
13130
13137
13137
13141
13136
13142
13133
13131
13133
13125
13134
13126
13128
13138
13134
13131
13136
13132
13129
13127
13133
13131
13127
13132
13133
13129
13135
13130
13131
13131
13135
13131
13140
13134
13136
13142
13135
13133
13133
13127
13137
13142
13142
13144
13144
13151
13149
13143
13149
13142
13139
13141
13138
13148
13141
13145
13141
13135
13138
13141
13136
13133
13139
13143
13146
13136
13134
13131
13132
13130
13125
13122
13125
13117
13123
13133
13118
13116
13124
13122
13130
13135
13130
13129
13094
12972
12897
12847
12827
12824
12823
12828
12837
12855
12864
12869
12880
12892
12908
12917
12941
12957
12970
12982
13000
13010
13021
13025
13034
13038
13046
13045
13047
13051
13056
13072
13073
13077
13077
13081
13091
13087
13085
13092
13103
13102
13104
13102
13106
13104
13114
13110
13101
13109
13108
13107
13113
13117
13118
13114
13120
13126
13126
