13131
13132
13137
13139
13133
13131
13127
13127
13127
13123
13129
13134
13138
13133
13125
13128
13125
13125
13129
13130
13137
13131
13126
13136
13128
13135
13136
13127
13125
13129
13135
13139
13135
13138
13143
13141
13141
13149
13142
13144
13145
13140
13143
13145
13148
13139
13135
13140
13135
13133
13128
13128
13126
13122
13119
13124
13134
13134
13132
13133
13141
13140
13144
13145
13138
13140
13143
13134
13136
13135
13135
13138
13141
13136
13141
13139
13137
13141
13131
13130
13131
13125
13123
13126
13121
13125
13129
13135
13138
13139
13143
13134
13134
13136
13126
13138
13130
13136
13133
13134
13132
13132
13135
13135
13131
13139
13131
13132
13134
13132
13130
13138
13134
13132
13145
13141
13142
13150
13153
13155
13154
13148
13140
13139
13139
13136
13137
13136
13138
13132
13137
13140
13138
13131
13129
13131
13135
13137
13132
13134
13133
13139
13130
13138
13130
13139
13140
13147
13141
13142
13143
13155
13152
13157
13153
13142
13139
13147
13145
13137
13128
13135
13136
13136
13135
13130
13132
13142
13142
13139
13138
13135
13143
13137
13133
13134
13128
13131
13132
13131
13130
13128
13131
13132
13124
13125
13130
13129
13136
13137
13131
13139
13137
13129
13131
13128
13122
13134
13126
13129
13130
13131
13129
13122
13122
13127
13130
13135
13137
13141
13135
13135
13145
13134
13129
13135
13123
13131
13129
13133
13134
13137
13132
13140
13132
13134
13131
13133
13132
13138
13133
13145
13137
13139
13143
13135
13135
13136
13135
13134
13134
13134
13135
13137
13134
13134
13136
13144
13138
13136
13130
13132
13148
13142
13138
13141
13142
13142
13145
13139
13140
13146
13139
13137
13131
13134
13137
13140
13145
13136
13138
13146
13142
13141
13144
13131
13137
13135
13132
13128
13129
13128
13139
13140
13142
13136
13134
13134
13135
13134
13130
13136
13146
13138
13133
13135
13131
13121
13121
13125
13127
13131
13132
13135
13132
13135
13139
13135
13129
13124
13128
13135
13134
13129
13133
13134
13133
13138
13129
13129
13136
13138
13139
13135
13130
13134
13138
13138
13133
13135
13133
13127
13136
13134
13133
13138
13133
13137
13139
13139
13142
13141
13146
13150
13145
13143
13142
13137
13141
13129
13128
13131
13135
13128
13132
13132
13128
13132
13132
13134
13127
13134
13126
13126
13129
13125
13125
13136
13133
13131
13135
13127
13128
13116
13118
13120
13120
13123
13128
13138
13139
13137
13144
13144
13134
13141
13146
13145
13146
13146
13144
13144
13139
13140
13139
13136
13137
13138
13138
13144
13143
13142
13143
13142
13141
13141
13139
13141
13138
13143
13142
13148
13150
13144
13144
13145
13142
13145
13145
13146
13133
13131
13130
13130
13132
13131
13143
13135
13144
13141
13147
13149
13141
13136
13140
13131
13133
13135
13126
13132
13137
13136
13137
13138
13144
13140
13138
13132
13125
13130
13122
13128
13133
13128
13128
13132
13131
13135
13131
13134
13136
13137
13130
13136
13134
13133
13135
13127
13133
13138
13142
13139
13131
13124
13126
13117
13114
13120
13114
13125
13134
13130
13131
13134
13137
13132
13136
13135
13134
13136
13138
13129
13139
13134
13131
13133
13134
13135
13128
13140
13136
13141
13137
13143
13138
13133
13131
12813
12083
11422
10992
10742
10626
10571
10600
10643
10740
10839
10957
11065
11182
11223
11299
11378
11463
11547
11638
11728
11817
11891
11974
12044
12121
12178
12240
12296
12352
12396
12447
12485
12525
12553
12594
12633
12667
12700
12737
12756
12778
12797
12813
12833
12841
12852
12878
12893
12913
12928
12939
12959
12968
12985
12988
12996
13002
13006
13009
13015
13023
13026
13033
13041
13045
13045
13055
13058
13063
13067
13076
13081
13089
13088
13097
13104
13102
13109
13110
13102
13110
13113
13111
13114
13104
13102
13117
13119
13123
13126
13119
13120
13114
13117
13122
13122
13124
13128
13136
13132
13124
13122
13122
13119
13129
13126
13130
13142
13138
13137
13140
13138
13139
13140
13138
13139
13135
13134
13136
13130
13134
13131
13128
13119
13118
13119
13124
13120
13122
13131
13135
13137
13141
13136
13130
13130
13138
13133
13131
13136
13136
13140
13131
13131
13135
13132
13122
13134
13129
13132
13136
13133
13134
13132
13136
13142
13136
13140
13135
13131
13130
13132
13127
13130
13123
13122
13134
13126
13134
13139
13133
13134
13128
13126
13129
13128
13131
13123
13123
13123
13127
13132
13131
13132
13136
13132
13123
13125
13129
13126
13130
13127
13130
13129
13125
13126
13124
13126
13134
13135
13146
13143
13141
13137
13137
13140
13144
13141
13132
13132
13128
13128
13129
13125
13121
13118
13124
13122
13121
13122
13119
13129
13129
13123
13128
13122
13120
13123
13125
13130
13123
13125
13127
13130
13139
13133
13120
13128
13131
13126
13131
13135
13128
13128
13126
13121
13128
13124
13127
13132
13134
13136
13139
13130
13135
13133
13135
13132
13123
13132
13133
13132
13127
13131
13133
13128
13126
13126
13134
13131
13136
13136
13135
13138
13138
13145
13138
13143
13144
13134
13133
13133
13132
13138
13137
13130
13133
13125
13120
13131
13133
13135
13132
13130
13131
13124
13130
13133
13130
13126
13128
13121
13120
13116
13133
13124
13129
13138
13136
13135
13131
13134
13142
13139
13140
13137
13131
13132
13130
13121
13125
13122
13119
13122
13122
13119
13125
13119
13117
13124
13125
13126
13127
13132
13136
13132
13127
13121
13129
13132
13127
13128
13130
13121
13136
13135
13136
13140
13148
13142
13143
13140
13137
13139
13133
13129
13122
13121
13129
13124
13131
13133
13121
13127
13122
13125
13135
13128
13124
13127
13126
13125
13123
13123
13124
13125
13125
13130
13134
13135
13134
13132
13128
13130
13141
13135
13129
13134
13132
13138
13133
13135
13133
13134
13126
13133
13126
13128
13132
13126
13121
13119
13120
13120
13109
13104
13111
13107
13112
13118
13124
13120
13121
13129
13135
13134
13135
13136
13131
13136
13133
13136
13136
13138
13144
13137
13141
13140
13143
13143
13137
13141
13144
13147
13142
13140
13136
13133
13139
13139
13136
13134
13134
13131
13128
13132
13131
13130
13127
13130
13119
13121
13125
13123
13128
13134
13139
13141
13142
13142
13138
13144
13137
13141
13146
13134
13130
13142
13127
13130
13121
13119
13120
13128
13126
13130
13124
13128
13142
13132
13131
13135
13128
13139
13134
13135
13138
13135
13141
13141
13135
13133
13141
13137
13132
13137
13151
13144
13145
13142
13140
13141
13137
13134
13137
13133
13124
13134
13138
13134
13129
13134
13126
13132
13134
13136
13140
13137
13139
13135
13132
13138
