13132
13138
13137
13132
13137
13138
13138
13142
13133
13132
13132
13133
13132
13127
13134
13137
13131
13131
13136
13133
13131
13139
13134
13138
13140
13134
13134
13132
13138
13137
13135
13133
13135
13133
13133
13129
13133
13120
13126
13126
13131
13133
13134
13135
13141
13137
13141
13138
13127
13134
13129
13122
13131
13132
13130
13136
13132
13135
13140
13139
13137
13139
13134
13125
13130
13134
13132
13133
13140
13133
13136
13138
13138
13133
13134
13132
13134
13123
13116
13126
13125
13137
13136
13138
13132
13129
13128
13137
13135
13137
13136
13134
13134
13139
13137
13134
13133
13137
13131
13138
13134
13141
13136
13128
13130
13127
13126
13127
13123
13119
13122
13122
13125
13130
13129
13127
13136
13135
13137
13139
13147
13148
13153
13154
13151
13152
13161
13160
13148
13148
13155
13147
13149
13148
13146
13149
13145
13141
13141
13141
13138
13145
13144
13144
13150
13148
13149
13147
13142
13138
13134
13140
13135
13133
13134
13139
13146
13136
13134
13137
13140
13142
13134
13134
13131
13134
13129
13132
13125
13131
13126
13129
13131
13128
13134
13136
13133
13131
13140
13139
13141
13139
13140
13140
13140
13141
13142
13139
13148
13145
13147
13153
13151
13149
13145
13143
13150
13147
13147
13154
13152
13149
13142
13132
13136
13137
13129
13124
13123
13124
13127
13137
13148
13141
13138
13142
13136
13136
13142
13132
13128
13134
13130
13133
13142
13137
13138
13136
13132
13135
13137
13136
13139
13147
13144
13151
13157
13159
13158
13150
13148
13140
13129
13130
13131
13129
13134
13132
13127
13132
13134
13133
13134
13130
13128
13132
13136
13136
13145
13139
13141
13141
13141
13141
13141
13144
13142
13147
13150
13144
13144
13139
13147
13145
13145
13143
13148
13137
13137
13138
13130
13138
13137
13136
13140
13139
13144
13140
13134
13140
13141
13140
13133
13131
13132
13137
13135
13128
13138
13137
13142
13144
13146
13147
13142
13142
13138
13134
13133
13129
13134
13139
13145
13139
13135
13133
13135
13134
13131
13136
13133
13133
13138
13129
13130
13134
13126
13118
13121
13129
13133
13131
13131
13138
13145
13154
13152
13145
13151
13144
13140
13142
13136
13138
13139
13139
13134
13134
13133
13134
13130
13131
13134
13134
13141
13141
13143
13128
13128
13136
13141
13141
13140
13137
13134
13139
13150
13145
13138
13138
13140
13138
13140
13132
13129
13136
13126
13118
13124
13119
13121
13125
13114
13118
13127
13136
13137
13132
13138
13131
13125
13127
13134
13140
13139
13147
13155
13149
13151
13155
13147
13150
13148
13147
13145
13142
13134
13134
13129
13131
13126
13125
13132
13135
13150
13153
13145
13131
13140
13134
13138
13143
13141
13140
13141
13146
13143
13145
13139
13144
13152
13147
13147
13142
13142
13140
13148
13141
13139
13138
13135
13142
13140
13138
13134
13137
13131
13138
13134
13132
13134
13137
13126
13132
13132
13137
13131
13130
13131
13137
13129
13131
13131
13128
13128
13133
13130
13132
13134
13135
13134
13139
13134
13133
13128
13129
13133
13133
13126
13133
13136
13135
13132
13133
13136
13138
13141
13144
13144
13148
13154
13147
13146
13145
13149
13144
13137
13134
13136
13126
13128
13133
13131
13138
13145
13146
13145
13064
12705
12382
11994
11636
11283
11078
10982
10831
10788
10781
10842
10916
11016
11106
11223
11329
11438
11527
11628
11723
11821
11904
11991
12050
12126
12176
12244
12296
12345
12394
12451
12488
12533
12572
12602
12636
12678
12701
12729
12748
12774
12792
12823
12842
12857
12876
12892
12901
12920
12929
12944
12961
12970
12974
12986
12992
12994
13003
13013
13025
13037
13044
13052
13058
13065
13070
13078
13087
13084
13082
13083
13085
13087
13100
13096
13097
13099
13104
13104
13107
13113
13117
13119
13122
13122
13118
13118
13121
13132
13116
13111
13111
13113
13113
13119
13118
13119
13124
13121
13125
13123
13124
13127
13129
13133
13132
13132
13128
13132
13123
13125
13116
13122
13131
13126
13132
13129
13132
13133
13126
13126
13119
13118
13129
13123
13127
13125
13130
13135
13136
13132
13132
13125
13125
13133
13140
13148
13144
13147
13153
13148
13149
13147
13144
13139
13141
13148
13150
13149
13143
13148
13141
13136
13144
13142
13144
13147
13147
13147
13139
13132
13133
13130
13140
13139
13138
13132
13132
13130
13130
13129
13136
13133
13133
13129
13130
13129
13126
13126
13134
13135
13137
13131
13124
13136
13133
13134
13141
13138
13132
13134
13123
13114
13125
13122
13122
13125
13128
13124
13129
13127
13129
13138
13141
13144
13137
13134
13134
13137
13137
13126
13132
13132
13137
13140
13134
13131
13136
13133
13138
13128
13135
13140
13140
13143
13141
13134
13132
13133
13135
13141
13134
13124
13135
13129
13138
13134
13131
13128
13129
13130
13120
13118
13124
13125
13125
13126
13126
13119
13122
13124
13133
13134
13133
13133
13132
13130
13128
13132
13133
13129
13135
13128
13131
13134
13136
13133
13140
13136
13133
13145
13132
13116
13125
13122
13118
13120
13121
13117
13121
13120
13123
13133
13139
13142
13142
13136
13132
13134
13121
13126
13132
13123
13128
13128
13132
13136
13132
13135
13144
13131
13130
13124
13121
13120
13127
13122
13134
13131
13124
13133
13119
13121
13131
13129
13133
13136
13144
13149
13146
13143
13131
13141
13141
13139
13139
13134
13127
13137
13130
13129
13133
13129
13135
13131
13133
13137
13138
13134
13142
13136
13145
13142
13141
13140
13133
13137
13137
13132
13128
13130
13124
13116
13127
13121
13129
13134
13137
13138
13145
13144
13132
13132
13139
13141
13140
13131
13135
13136
13133
13133
13131
13126
13131
13130
13137
13143
13138
13139
13135
13129
13136
13132
13128
13130
13131
13127
13134
13128
13126
13131
13128
13125
13126
13118
13111
13118
13127
13134
13134
13131
13130
13129
13133
13129
13133
13132
13130
13138
13133
13131
13133
13132
13134
13130
13130
13125
13132
13134
13127
13120
13135
13136
13133
13138
13141
13134
13138
13138
13138
13141
13130
13129
13136
13134
13137
13144
13148
13146
13143
13145
13142
13145
13142
13133
13134
13140
13131
13136
13134
13132
13138
13141
13137
13135
13130
13124
13122
13127
13121
13114
13119
13117
13121
13122
13120
13121
13123
13129
13124
13136
13133
13132
13141
13133
13136
13129
13122
13126
13137
13138
13136
13137
13137
13134
13133
13133
13125
13130
13129
13134
13137
13141
13140
13141
13143
13143
13134
13127
13132
13132
13134
13135
13133
13132
13140
13133
13137
13130
13137
13154
13153
13148
13145
13137
13135
13128
13130
13132
13136
13133
13130
