13131
13134
13135
13132
13132
13137
13140
13133
13139
13138
13133
13134
13131
13120
13117
13121
13118
13122
13124
13122
13123
13121
13124
13123
13123
13126
13131
13129
13132
13129
13129
13130
13129
13125
13133
13124
13126
13130
13132
13135
13135
13137
13141
13135
13131
13129
13127
13131
13129
13132
13137
13132
13140
13132
13125
13141
13138
13137
13133
13132
13136
13137
13133
13132
13122
13129
13127
13132
13133
13127
13126
13132
13129
13130
13134
13136
13132
13141
13136
13133
13141
13131
13129
13128
13126
13129
13131
13140
13127
13123
13125
13118
13128
13126
13117
13120
13113
13119
13117
13121
13123
13126
13118
13129
13121
13126
13119
13111
13119
13122
13128
13139
13142
13137
13139
13145
13144
13148
13145
13136
13140
13138
13140
13136
13129
13126
13120
13127
13126
13122
13111
13123
13133
13132
13130
13124
13121
13124
13119
13130
13122
13125
13128
13139
13130
13136
13136
13136
13138
13137
13134
13144
13141
13132
13135
13132
13126
13128
13122
13125
13121
13120
13128
13128
13132
13129
13134
13130
13127
13137
13141
13140
13138
13136
13133
13128
13126
13132
13123
13124
13126
13125
13129
13128
13123
13124
13133
13136
13138
13140
13141
13147
13139
13138
13136
13128
13123
13130
13125
13120
13126
13129
13121
13127
13131
13131
13134
13138
13132
13139
13138
13132
13142
13144
13145
13142
13137
13141
13126
13129
13134
13131
13128
13132
13128
13133
13137
13138
13133
13138
13134
13141
13134
13132
13136
13137
13139
13145
13137
13138
13142
13135
13136
13134
13133
13128
13126
13136
13122
13125
13127
13127
13137
13135
13134
13138
13133
13133
13132
13134
13136
13139
13134
13131
13122
13125
13130
13136
13142
13143
13147
13153
13140
13138
13137
13128
13127
13129
13116
13123
13125
13130
13127
13132
13131
13131
13136
13144
13147
13144
13141
13134
13141
13132
13132
13127
13128
13135
13141
13146
13146
13144
13140
13139
13126
13129
13122
13125
13128
13130
13124
13125
13118
13124
13132
13132
13131
13137
13134
13133
13126
13127
13120
13122
13121
13127
13130
13133
13136
13140
13134
13136
13142
13136
13135
13139
13139
13147
13136
13129
13132
13134
13134
13138
13128
13133
13130
13128
13126
13126
13124
13130
13127
13130
13126
13129
13130
13136
13131
13129
13132
13129
13131
13127
13124
13121
13122
13131
13131
13131
13136
13132
13131
13126
13120
13130
13136
13143
13141
13146
13136
13135
13132
13132
13128
13129
13137
13134
13141
13144
13147
13143
13136
13140
13153
13153
13138
13142
13140
13136
13138
13132
13130
13126
13123
13120
13129
13126
13127
13129
13129
13131
13132
13126
13119
13128
13135
13145
13140
13137
13131
13124
13126
13120
13113
13125
13134
13140
13139
13136
13132
13137
13135
13130
13135
13129
13133
13133
13127
13126
13132
13135
13138
13136
13131
13133
13127
13130
13125
13122
13119
13116
13122
13118
13117
13118
13120
13123
13121
13129
13128
13122
13120
13126
13120
13119
13120
13124
13127
13121
13114
13122
13119
13118
13122
13128
13128
13136
13131
13136
13135
13137
13144
13142
13140
13136
13138
13138
13128
13129
13127
13128
13138
13126
13119
13122
13130
13127
13126
13118
13116
13121
13126
13131
13128
12957
11830
10546
9613
8952
8519
8220
8159
8183
8328
8481
8703
8904
9145
9359
9596
9791
10004
10191
10393
10553
10722
10790
10884
10979
11100
11195
11311
11406
11511
11601
11698
11781
11873
11944
12021
12096
12156
12206
12267
12322
12384
12424
12470
12503
12547
12584
12610
12634
12666
12686
12718
12749
12776
12795
12816
12839
12859
12872
12889
12897
12912
12923
12940
12942
12953
12962
12975
12977
12999
13005
13020
13020
13029
13030
13038
13041
13041
13042
13054
13061
13065
13067
13077
13080
13091
13100
13096
13099
13111
13105
13107
13108
13105
13102
13099
13102
13101
13105
13105
13105
13103
13110
13113
13119
13120
13113
13111
13110
13102
13109
13105
13108
13107
13112
13107
13121
13128
13123
13122
13129
13125
13129
13136
13132
13130
13132
13130
13126
13122
13125
13119
13120
13120
13118
13114
13118
13122
13123
13120
13121
13125
13133
13126
13128
13125
13123
13127
13130
13127
13130
13128
13132
13132
13133
13136
13138
13142
13143
13132
13132
13129
13125
13130
13132
13134
13140
13135
13141
13136
13128
13119
13126
13121
13126
13126
13125
13124
13125
13129
13123
13122
13127
13132
13135
13130
13131
13139
13133
13128
13134
13127
13129
13120
13119
13125
13128
13122
13122
13120
13124
13126
13121
13120
13120
13119
13132
13131
13134
13148
13139
13134
13142
13137
13140
13138
13136
13135
13137
13139
13134
13132
13137
13140
13137
13136
13136
13140
13142
13129
13143
13139
13138
13140
13143
13139
13138
13127
13130
13128
13125
13127
13126
13130
13138
13128
13130
13127
13131
13130
13126
13122
13126
13123
13121
13126
13124
13132
13133
13134
13128
13126
13132
13136
13137
13137
13137
13143
13133
13139
13132
13130
13136
13135
13131
13134
13133
13134
13137
13126
13132
13125
13123
13126
13135
13127
13126
13128
13127
13142
13132
13130
13136
13145
13143
13143
13145
13136
13136
13136
13127
13127
13133
13139
13142
13143
13139
13143
13147
13147
13144
13142
13140
13135
13130
13135
13128
13129
13130
13125
13125
13131
13126
13131
13132
13134
13137
13140
13133
13137
13127
13133
13135
13130
13129
13123
13117
13118
13127
13128
13127
13125
13132
13126
13132
13131
13126
13136
13125
13131
13133
13138
13135
13136
13138
13131
13128
13127
13132
13133
13134
13137
13135
13132
13134
13139
13138
13140
13136
13142
13132
13129
13128
13121
13128
13129
13132
13134
13137
13136
13128
13126
13127
13124
13130
13131
13131
13134
13124
13126
13124
13124
13129
13130
13127
13126
13125
13125
13131
13125
13125
13130
13129
13134
13135
13141
13145
13137
13139
13140
13139
13151
13149
13143
13136
13130
13127
13122
13124
13124
13117
13111
13122
13121
13117
13122
13117
13128
13123
13121
13132
13127
13130
13133
13137
13141
13138
13145
13144
13142
13139
13142
13136
13129
13124
13128
13133
13124
13118
13131
13128
13133
13131
13125
13128
13134
13138
13142
13136
13133
13127
13122
13131
13140
13132
13133
13135
13143
13138
13137
13138
13138
13133
13131
13136
13126
13123
13129
13130
13128
13135
13132
13135
13137
13139
13142
13145
13149
13144
13151
13143
13142
13140
13136
13130
13135
13139
13139
13141
13139
13138
13137
13132
13128
13127
13118
13118
13120
13118
13132
13132
13143
13138
13138
13135
13133
13130
13137
13140
13142
13145
13142
13140
13137
13133
