13124
13122
13132
13125
13133
13137
13132
13140
13133
13129
13136
13125
13117
13126
13124
13129
13126
13136
13139
13138
13128
13125
13128
13139
13136
13137
13132
13135
13137
13142
13141
13139
13131
13131
13131
13124
13129
13127
13138
13136
13137
13136
13131
13132
13128
13130
13132
13146
13145
13143
13141
13129
13130
13132
13133
13138
13138
13128
13125
13122
13126
13119
13122
13128
13133
13133
13130
13134
13140
13138
13132
13128
13130
13134
13135
13134
13138
13129
13126
13126
13128
13128
13134
13138
13146
13143
13139
13142
13144
13130
13139
13126
13126
13134
13129
13133
13140
13142
13141
13131
13126
13129
13132
13138
13141
13145
13148
13147
13161
13152
13145
13140
13146
13142
13143
13136
13128
13131
13126
13130
13129
13131
13139
13134
13132
13131
13135
13143
13140
13138
13141
13142
13139
13143
13136
13136
13133
13129
13127
13122
13125
13123
13125
13131
13133
13137
13141
13142
13142
13129
13127
13128
13126
13124
13125
13129
13123
13124
13126
13133
13123
13132
13135
13136
13142
13141
13142
13152
13143
13143
13147
13148
13148
13149
13142
13142
13148
13151
13146
13144
13142
13136
13139
13137
13132
13123
13119
13119
13128
13122
13118
13120
13125
13128
13135
13140
13142
13144
13141
13143
13138
13141
13141
13137
13138
13143
13141
13152
13139
13138
13142
13140
13132
13134
13130
13136
13136
13134
13131
13130
13130
13129
13135
13132
13129
13128
13134
13128
13134
13124
13123
13135
13134
13131
13126
13124
13126
13135
13132
13130
13122
13125
13130
13132
13133
13132
13131
13132
13127
13128
13130
13123
13129
13132
13138
13146
13147
13140
13152
13149
13154
13146
13152
13145
13147
13142
13141
13137
13142
13135
13134
13140
13140
13144
13143
13140
13147
13150
13151
13153
13140
13144
13142
13132
13132
13134
13132
13138
13141
13135
13136
13128
13132
13132
13123
13125
13128
13125
13128
13132
13134
13134
13136
13135
13136
13135
13139
13137
13132
13127
13125
13128
13122
13121
13125
13122
13120
13120
13121
13129
13132
13135
13137
13133
13134
13137
13135
13143
13138
13136
13137
13130
13130
13134
13137
13135
13136
13134
13133
13130
13135
13128
13128
13133
13129
13133
13131
13126
13138
13142
13144
13142
13144
13144
13139
13132
13137
13137
13136
13137
13134
13139
13145
13145
13145
13141
13139
13143
13143
13138
13149
13134
13130
13138
13134
13135
13137
13138
13142
13139
13134
13132
13133
13125
13131
13132
13128
13127
13131
13130
13135
13135
13131
13125
13126
13122
13125
13126
13123
13134
13135
13139
13138
13131
13132
13132
13134
13145
13142
13140
13149
13140
13135
13133
13132
13133
13136
13138
13142
13142
13140
13132
13124
13125
13126
13122
13124
13120
13134
13127
13127
13126
13123
13125
13122
13124
13124
13125
13127
13130
13130
13134
13129
13125
13126
13123
13121
13134
13124
13122
13133
13136
13142
13142
13140
13141
13142
13143
13140
13138
13142
13132
13134
13134
13132
13133
13132
13132
13141
13136
13134
13131
13134
13147
13139
13132
13133
13139
13143
13143
13139
13138
13148
13140
13133
13136
13129
13134
13124
13117
13119
13114
13105
13112
13100
13101
13105
13115
13116
13124
13131
13129
13134
13140
13131
13128
13129
13131
12851
12299
11821
11512
11351
11266
11257
11270
11328
11389
11430
11471
11535
11587
11666
11732
11817
11887
11966
12029
12103
12164
12242
12286
12339
12366
12279
12238
12235
12242
12267
12295
12330
12369
12420
12460
12511
12543
12581
12610
12649
12656
12690
12713
12741
12761
12788
12806
12837
12862
12885
12902
12913
12928
12939
12953
12968
12979
12993
12997
12995
13000
13006
13002
13018
13030
13040
13041
13056
13055
13064
13061
13061
13064
13071
13078
13085
13091
13088
13091
13102
13100
13092
13106
13107
13111
13107
13106
13107
13111
13115
13114
13112
13117
13114
13120
13118
13116
13115
13121
13121
13118
13126
13124
13128
13131
13124
13129
13132
13131
13132
13127
13121
13126
13132
13141
13135
13136
13136
13138
13145
13129
13126
13131
13123
13124
13121
13121
13122
13127
13136
13136
13132
13141
13138
13130
13135
13134
13127
13126
13129
13131
13138
13134
13133
13140
13138
13137
13132
13124
13127
13124
13126
13115
13120
13126
13125
13127
13125
13125
13133
13129
13115
13119
13121
13125
13126
13133
13131
13138
13135
13139
13127
13126
13122
13123
13131
13132
13128
13132
13124
13127
13132
13121
13122
13130
13127
13124
13131
13130
13129
13127
13120
13118
13120
13126
13128
13133
13137
13142
13140
13132
13131
13135
13134
13145
13143
13141
13142
13138
13140
13138
13133
13131
13138
13133
13141
13139
13136
13140
13130
13133
13138
13131
13123
13136
13134
13131
13136
13134
13125
13127
13128
13123
13126
13136
13131
13134
13126
13135
13135
13122
13124
13126
13127
13138
13132
13138
13126
13136
13136
13133
13126
13128
13126
13132
13132
13135
13124
13136
13131
13133
13137
13130
13125
13127
13118
13124
13120
13123
13128
13136
13132
13127
13121
13124
13137
13134
13129
13131
13140
13137
13132
13130
13128
13124
13128
13130
13132
13134
13136
13137
13126
13131
13130
13121
13126
13127
13127
13138
13134
13138
13142
13135
13135
13139
13145
13151
13158
13150
13156
13153
13147
13139
13133
13136
13137
13145
13151
13149
13154
13143
13138
13138
13140
13131
13131
13134
13132
13131
13125
13131
13123
13131
13133
13129
13132
13136
13139
13139
13131
13125
13129
13130
13126
13129
13126
13125
13125
13132
13130
13136
13138
13134
13130
13129
13125
13130
13127
13128
13133
13122
13123
13132
13134
13136
13136
13136
13137
13133
13133
13132
13130
13133
13136
13132
13134
13139
13141
13142
13141
13137
13141
13138
13136
13137
13129
13132
13133
13129
13133
13134
13140
13137
13141
13136
13138
13133
13136
13130
13134
13128
13131
13136
13132
13135
13136
13137
13138
13128
13126
13131
13130
13131
13128
13127
13134
13135
13126
13126
13120
13122
13134
13121
13116
13122
13122
13121
13129
13133
13125
13130
13134
13137
13135
13135
13142
13140
13148
13147
13149
13136
13135
13137
13135
13135
13138
13136
13138
13137
13136
13136
13135
13136
13129
13127
13133
13132
13140
13133
13134
13132
13144
13146
13145
13143
13138
13139
13137
13137
13135
13138
13136
13132
13134
13129
13132
13131
13131
13138
13151
13139
13138
13139
13140
13138
13135
13136
13138
13138
13142
13135
13130
13134
13130
13129
13128
13131
13129
13140
13129
13137
13142
13137
13126
13136
13131
13128
13123
13121
13126
13135
13134
13131
13127
13131
13131
13126
13125
13118
13126
13122
