13129
13128
13128
13120
13119
13132
13134
13130
13134
13134
13137
13138
13141
13144
13144
13148
13142
13142
13136
13136
13135
13134
13128
13139
13136
13144
13133
13131
13134
13133
13128
13130
13128
13130
13131
13131
13140
13135
13129
13136
13126
13123
13136
13130
13136
13139
13138
13138
13139
13131
13133
13128
13125
13125
13124
13127
13125
13134
13126
13126
13125
13122
13122
13129
13129
13125
13122
13116
13119
13127
13128
13134
13124
13132
13134
13126
13127
13129
13133
13137
13132
13124
13131
13122
13124
13132
13131
13137
13140
13142
13142
13137
13127
13119
13128
13134
13126
13128
13130
13132
13131
13128
13125
13126
13129
13127
13120
13127
13120
13122
13126
13130
13122
13127
13137
13135
13135
13143
13139
13136
13126
13123
13125
13127
13118
13128
13134
13135
13142
13137
13136
13134
13132
13138
13136
13149
13142
13143
13143
13141
13144
13135
13138
13146
13147
13149
13139
13130
13131
13128
13130
13132
13124
13130
13134
13129
13132
13135
13139
13142
13133
13138
13138
13132
13130
13137
13136
13139
13141
13140
13140
13140
13139
13138
13136
13138
13132
13136
13134
13134
13133
13125
13130
13146
13139
13138
13133
13139
13141
13138
13144
13142
13140
13140
13137
13135
13133
13134
13136
13138
13139
13128
13133
13126
13125
13124
13122
13123
13127
13129
13133
13125
13126
13125
13127
13136
13144
13149
13150
13151
13149
13147
13147
13146
13142
13144
13137
13138
13138
13139
13137
13139
13134
13141
13138
13128
13133
13123
13132
13133
13128
13123
13133
13127
13128
13136
13135
13131
13132
13132
13134
13132
13131
13128
13134
13135
13133
13134
13140
13140
13145
13136
13142
13137
13133
13139
13136
13138
13132
13123
13126
13125
13126
13124
13130
13128
13131
13133
13132
13132
13131
13128
13134
13134
13142
13142
13147
13143
13137
13139
13140
13138
13135
13131
13128
13132
13130
13132
13139
13141
13147
13144
13133
13133
13123
13122
13121
13122
13123
13120
13128
13134
13139
13142
13143
13138
13144
13144
13143
13140
13132
13129
13135
13131
13129
13128
13127
13132
13135
13133
13131
13133
13139
13134
13133
13134
13126
13124
13128
13125
13140
13134
13131
13135
13133
13140
13139
13136
13129
13134
13126
13137
13123
13127
13133
13127
13134
13135
13136
13142
13142
13139
13147
13139
13143
13144
13151
13142
13145
13147
13148
13141
13138
13132
13142
13141
13142
13141
13132
13139
13145
13139
13138
13137
13134
13142
13131
13132
13130
13127
13133
13138
13138
13133
13132
13126
13120
13126
13119
13126
13122
13127
13135
13133
13135
13141
13140
13140
13147
13136
13135
13142
13149
13143
13141
13143
13142
13143
13143
13140
13141
13134
13126
13122
13118
13127
13122
13126
13130
13136
13130
13136
13132
13130
13132
13134
13141
13150
13149
13155
13147
13140
13148
13139
13137
13138
13139
13137
13139
13138
13143
13142
13143
13138
13138
13132
13129
13125
13123
13120
13131
13123
13126
13130
13124
13128
13129
13138
13141
13137
13146
13145
13135
13141
13139
13133
13134
13135
13131
13134
13133
13132
13139
13127
13132
13134
13123
13128
13125
13133
13132
13134
13133
13136
13139
13135
13130
13129
13127
13123
13138
13138
13135
13128
12771
12058
11517
11153
10854
10693
10647
10645
10711
10786
10896
10998
11120
11222
11343
11437
11548
11629
11670
11688
11738
11791
11860
11923
11996
12060
12126
12175
12235
12284
12341
12395
12441
12482
12523
12557
12614
12643
12673
12702
12728
12750
12769
12789
12807
12824
12844
12864
12874
12890
12913
12929
12954
12965
12987
12996
13009
13015
13025
13019
13020
13030
13030
13038
13044
13045
13055
13060
13070
13070
13066
13076
13082
13082
13084
13100
13106
13104
13108
13111
13104
13106
13102
13102
13105
13109
13113
13115
13113
13116
13116
13118
13113
13112
13105
13116
13116
13124
13133
13135
13131
13138
13130
13122
13125
13122
13125
13130
13133
13126
13123
13131
13131
13130
13130
13132
13130
13125
13120
13120
13122
13127
13129
13140
13137
13142
13144
13145
13133
13131
13122
13121
13129
13122
13125
13127
13133
13133
13139
13135
13137
13144
13142
13136
13138
13138
13141
13136
13135
13128
13130
13132
13138
13133
13139
13139
13140
13137
13139
13137
13139
13138
13139
13139
13133
13134
13140
13138
13132
13132
13141
13133
13133
13126
13123
13129
13120
13115
13123
13119
13127
13133
13137
13135
13140
13136
13136
13138
13139
13131
13131
13141
13137
13131
13133
13135
13136
13129
13127
13125
13119
13123
13124
13121
13126
13129
13127
13133
13126
13125
13126
13132
13128
13135
13136
13138
13143
13135
13140
13130
13130
13137
13134
13136
13143
13141
13146
13143
13141
13138
13138
13150
13152
13150
13143
13138
13147
13142
13143
13141
13146
13138
13142
13139
13139
13141
13137
13145
13143
13150
13143
13144
13144
13136
13135
13134
13132
13127
13137
13136
13134
13134
13132
13133
13143
13142
13141
13138
13139
13128
13135
13139
13134
13136
13133
13123
13131
13123
13128
13129
13131
13134
13131
13132
13137
13140
13143
13136
13129
13135
13137
13135
13141
13137
13138
13141
13136
13135
13143
13140
13146
13140
13131
13138
13133
13132
13135
13132
13136
13125
13130
13140
13138
13143
13148
13141
13147
13147
13143
13149
13144
13138
13140
13145
13140
13137
13132
13142
13132
13133
13136
13135
13138
13135
13139
13146
13147
13149
13150
13137
13141
13139
13133
13132
13135
13132
13139
13131
13138
13130
13121
13129
13129
13123
13129
13130
13128
13125
13123
13127
13122
13118
13129
13128
13136
13133
13141
13141
13139
13143
13145
13151
13158
13152
13151
13150
13152
13141
13146
13139
13135
13138
13137
13141
13137
13139
13139
13143
13143
13141
13142
13141
13129
13127
13132
13125
13129
13134
13130
13131
13131
13134
13131
13136
13136
13136
13135
13143
13135
13136
13131
13119
13122
13129
13135
13141
13139
13140
13148
13140
13136
13143
13137
13138
13151
13146
13148
13154
13146
13145
13142
13141
13148
13143
13135
13136
13151
13146
13143
13145
13144
13141
13138
13139
13147
13148
13136
13136
13134
13133
13132
13121
13132
13131
13142
13141
13138
13136
13140
13143
13147
13155
13148
13148
13146
13143
13149
13138
13137
13133
13139
13139
13135
13135
13143
13139
13142
13131
13130
13134
13134
13138
13142
13143
13136
13131
13126
13126
13124
13134
13134
13126
13133
13136
13140
13142
13135
13129
13138
13130
13126
13131
13129
13135
13142
13136
13140
13139
13150
13149
13148
13149
13150
13149
13154
13146
13152
13149
13145
13140
13138
13133
13140
13143
13141
13148
