13144
13138
13143
13137
13145
13142
13146
13143
13143
13141
13144
13141
13147
13143
13141
13143
13137
13140
13142
13136
13137
13137
13131
13136
13129
13127
13136
13137
13135
13128
13127
13130
13135
13131
13129
13134
13131
13128
13128
13132
13130
13132
13137
13138
13140
13138
13137
13135
13135
13134
13135
13132
13138
13144
13144
13143
13137
13138
13140
13141
13144
13141
13136
13133
13128
13126
13120
13113
13110
13120
13121
13122
13120
13119
13114
13117
13117
13120
13117
13119
13128
13125
13130
13130
13139
13141
13129
13132
13130
13137
13130
13133
13130
13133
13131
13139
13138
13136
13134
13137
13140
13139
13145
13147
13137
13138
13137
13136
13136
13135
13133
13138
13130
13137
13142
13139
13144
13144
13144
13147
13141
13137
13141
13140
13142
13139
13143
13142
13144
13134
13137
13141
13144
13149
13142
13149
13140
13134
13135
13126
13129
13129
13126
13129
13135
13136
13142
13137
13140
13136
13129
13128
13123
13125
13126
13128
13128
13132
13123
13131
13124
13132
13135
13140
13145
13136
13135
13146
13139
13134
13129
13135
13136
13134
13140
13133
13134
13137
13135
13133
13128
13127
13129
13134
13131
13130
13129
13120
13128
13134
13138
13139
13133
13135
13138
13143
13147
13146
13141
13142
13150
13147
13142
13140
13142
13132
13132
13129
13130
13130
13134
13132
13131
13119
13117
13123
13121
13122
13120
13121
13128
13128
13130
13126
13121
13117
13129
13122
13126
13126
13129
13130
13131
13127
13128
13132
13136
13131
13130
13130
13130
13130
13133
13132
13143
13138
13131
13138
13134
13136
13131
13123
13123
13131
13134
13137
13131
13137
13142
13137
13138
13138
13130
13129
13121
13127
13135
13135
13129
13137
13138
13145
13142
13139
13144
13141
13136
13126
13126
13123
13121
13119
13124
13122
13135
13122
13115
13119
13122
13123
13125
13126
13133
13138
13134
13138
13132
13130
13130
13131
13137
13134
13138
13143
13136
13132
13134
13132
13123
13123
13121
13128
13128
13138
13132
13129
13131
13128
13123
13136
13136
13142
13138
13139
13149
13144
13137
13140
13145
13147
13135
13131
13133
13138
13139
13137
13125
13129
13136
13133
13140
13140
13136
13137
13137
13135
13142
13134
13127
13131
13126
13114
13125
13111
13116
13116
13127
13126
13132
13137
13134
13131
13125
13128
13132
13127
13134
13140
13142
13143
13139
13142
13137
13143
13142
13143
13139
13139
13145
13137
13139
13131
13132
13134
13129
13120
13130
13133
13130
13131
13131
13122
13128
13130
13131
13130
13126
13126
13136
13143
13141
13145
13148
13142
13154
13144
13136
13139
13139
13143
13139
13145
13150
13152
13143
13145
13138
13143
13147
13143
13137
13141
13142
13148
13140
13137
13141
13136
13134
13132
13123
13132
13132
13131
13129
13129
13128
13131
13134
13137
13134
13139
13137
13140
13140
13131
13131
13129
13126
13129
13126
13121
13122
13122
13126
13131
13125
13122
13127
13124
13122
13118
13119
13126
13124
13131
13140
13132
13129
13138
13132
13132
13136
13140
13136
13136
13129
13127
13130
13134
13126
13124
13115
13114
13124
13123
13120
13126
13123
13125
13132
13136
13139
13137
13143
13140
13134
13135
13127
13122
13126
13132
13134
13139
13131
13132
13133
12720
12194
11883
11688
11591
11499
11379
11353
11363
11412
11459
11540
11611
11702
11780
11872
11944
12025
12081
12145
12185
12155
12157
12180
12211
12235
12150
12119
12114
12127
12149
12187
12227
12274
12322
12366
12411
12461
12502
12544
12579
12610
12643
12671
12694
12722
12742
12765
12787
12820
12839
12865
12886
12903
12921
12933
12939
12952
12957
12960
12973
12984
12984
12988
12996
13006
13015
13019
13037
13047
13054
13057
13062
13066
13064
13074
13077
13075
13077
13090
13079
13087
13091
13087
13095
13099
13096
13089
13089
13093
13097
13099
13101
13102
13109
13113
13111
13125
13115
13119
13123
13124
13134
13127
13128
13128
13132
13126
13125
13125
13124
13127
13121
13122
13130
13132
13134
13135
13132
13133
13123
13122
13127
13125
13127
13132
13128
13135
13131
13136
13136
13139
13134
13136
13130
13134
13130
13140
13137
13135
13138
13135
13138
13139
13140
13143
13135
13129
13130
13125
13131
13132
13121
13120
13122
13119
13131
13133
13125
13133
13129
13131
13132
13129
13125
13133
13134
13134
13130
13134
13136
13137
13138
13141
13139
13142
13141
13142
13132
13132
13132
13136
13136
13137
13133
13138
13133
13133
13137
13130
13132
13134
13131
13124
13130
13128
13136
13136
13135
13141
13141
13146
13138
13144
13141
13143
13138
13084
12974
12915
12867
12850
12849
12842
12844
12853
12866
12881
12889
12904
12924
12937
12950
12964
12977
12986
12995
13002
13008
13015
13029
13038
13046
13053
13059
13066
13071
13066
13061
13069
13063
13070
13077
13086
13094
13096
13100
13106
13114
13115
13117
13111
13114
13112
13116
13116
13116
13118
13110
13108
13109
13108
13106
13098
13103
13113
13114
13117
13120
13112
13115
13121
13122
13125
13123
13126
13137
13135
13129
13127
13123
13127
13132
13119
13118
13120
13128
13125
13136
13138
13128
13130
13139
13133
13136
13125
13122
13131
13131
13130
13127
13124
13122
13126
13129
13127
13130
13126
13130
13123
13128
13123
13117
13121
13126
13127
13134
13127
13125
13130
13131
13131
13135
13128
13126
13132
13138
13138
13134
13138
13135
13135
13139
13138
13132
13131
13131
13137
13126
13129
13130
13128
13132
13137
13137
13133
13138
13134
13133
13126
13128
13128
13122
13119
13125
13129
13130
13124
13125
13134
13125
13124
13125
13121
13119
13121
13124
13127
13123
13124
13128
13131
13138
13137
13139
13137
13135
13140
13135
13132
13136
13134
13135
13138
13133
13133
13133
13124
13129
13126
13131
13129
13127
13128
13128
13125
13137
13141
13141
13145
13140
13144
13151
13138
13143
13151
13147
13148
13145
13135
13133
13130
13134
13131
13140
13136
13137
13146
13134
13129
13136
13132
13133
13129
13129
13129
13132
13136
13145
13141
13141
13147
13149
13146
13142
13144
13142
13137
13139
13144
13140
13132
13141
13131
13132
13130
13130
13136
13133
13128
13132
13136
13138
13135
13140
13133
13131
13133
13131
13135
13138
13130
13134
13136
13136
13134
13129
13123
13136
13130
13138
13144
13142
13149
13139
13133
13139
13139
13133
13142
13129
13132
13132
13131
13124
13127
13131
13123
13124
13123
13126
13130
13138
13139
13136
13128
13131
13126
13115
13118
13122
13118
13123
13130
13136
13127
13130
13125
13127
13120
13124
13128
13124
13129
13133
13137
13143
13141
13138
13143
13131
13132
13137
