13128
13134
13137
13136
13129
13121
13122
13129
13129
13136
13132
13133
13142
13136
13131
13134
13125
13133
13126
13132
13131
13126
13129
13134
13133
13142
13145
13136
13134
13133
13134
13136
13128
13119
13132
13125
13124
13127
13124
13121
13126
13135
13129
13130
13134
13137
13151
13156
13143
13138
13136
13131
13141
13132
13133
13139
13130
13133
13128
13124
13126
13127
13132
13134
13125
13133
13129
13125
13128
13136
13129
13137
13128
13129
13130
13125
13125
13128
13119
13122
13126
13121
13127
13126
13125
13124
13129
13128
13128
13134
13139
13142
13148
13133
13139
13142
13146
13145
13143
13138
13136
13137
13141
13141
13138
13144
13145
13147
13151
13147
13150
13151
13143
13139
13148
13143
13144
13149
13139
13146
13145
13143
13136
13132
13135
13134
13130
13133
13135
13135
13137
13132
13142
13132
13129
13138
13134
13132
13126
13129
13132
13130
13127
13137
13126
13135
13140
13140
13142
13136
13136
13139
13138
13137
13142
13131
13130
13131
13132
13138
13147
13140
13136
13136
13140
13148
13151
13150
13146
13143
13142
13141
13145
13141
13134
13133
13133
13128
13132
13136
13134
13132
13130
13138
13138
13142
13144
13133
13137
13140
13141
13143
13139
13140
13138
13136
13134
13138
13135
13136
13147
13141
13135
13132
13129
13121
13125
13122
13126
13133
13135
13138
13144
13138
13133
13137
13127
13132
13120
13130
13122
13125
13130
13130
13123
13127
13131
13129
13138
13136
13140
13147
13147
13142
13150
13147
13144
13149
13147
13142
13147
13147
13146
13147
13151
13142
13140
13135
13132
13135
13130
13133
13141
13144
13142
13144
13147
13143
13145
13146
13142
13145
13147
13144
13134
13136
13136
13132
13145
13142
13140
13140
13136
13133
13138
13129
13125
13130
13123
13123
13122
13119
13120
13119
13126
13123
13127
13122
13121
13125
13125
13125
13127
13124
13125
13133
13135
13140
13137
13138
13139
13138
13142
13141
13137
13138
13140
13140
13147
13142
13139
13141
13137
13132
13126
13123
13121
13124
13119
13128
13135
13127
13137
13133
13136
13138
13143
13139
13139
13142
13138
13135
13143
13129
13124
13127
13123
13121
13121
13118
13116
13118
13124
13135
13130
13136
13137
13136
13137
13132
13136
13142
13135
13129
13140
13126
13123
13132
13120
13116
13119
13123
13126
13122
13128
13129
13142
13145
13149
13149
13140
13139
13142
13135
13136
13138
13136
13143
13142
13140
13141
13147
13154
13152
13151
13149
13142
13134
13130
13133
13134
13137
13134
13135
13141
13135
13138
13146
13140
13140
13142
13137
13142
13136
13136
13128
13134
13131
13132
13137
13131
13125
13128
13122
13122
13126
13131
13132
13134
13135
13135
13139
13140
13143
13141
13142
13143
13144
13142
13142
13140
13141
13138
13133
13133
13131
13134
13133
13134
13133
13130
13131
13135
13136
13141
13136
13131
13140
13138
13137
13126
13136
13141
13137
13031
12925
12869
12839
12814
12803
12808
12817
12830
12840
12854
12866
12882
12886
12900
12916
12933
12948
12962
12974
12986
12981
12990
12997
13009
13015
13025
13037
13046
13052
13054
13049
13067
13071
13070
13078
13082
13082
13095
13087
13089
13098
13098
13102
13103
13102
13096
13102
13103
13108
13111
13110
13118
12890
12220
11567
11081
10787
10523
10377
10362
10385
10478
10563
10698
10808
10949
11061
11192
11305
11423
11523
11628
11716
11818
11901
11981
12050
12133
12185
12243
12296
12353
12398
12444
12491
12536
12566
12593
12632
12665
12697
12731
12744
12774
12802
12815
12852
12871
12880
12897
12914
12930
12938
12950
12966
12978
12985
12993
12987
12998
13007
13017
13020
13029
13037
13040
13049
13065
13060
13066
13071
13070
13072
13078
13079
13084
13083
13087
13094
13089
13097
13098
13095
13099
13100
13098
13107
13112
13106
13114
13109
13105
13117
13120
13121
13123
13129
13126
13132
13127
13127
13127
13127
13123
13121
13118
13116
13126
13119
12993
12914
12863
12832
12813
12811
12813
12813
12829
12848
12852
12875
12891
12893
12912
12923
12940
12954
12959
12975
12997
12999
13008
13019
13021
13031
13041
13050
13056
13057
13055
13062
13066
13072
13074
13080
13082
13088
13097
13095
13086
13087
13088
13086
13097
13100
13102
13109
13116
13121
13109
13120
13121
13119
13129
13131
13129
13134
13129
13122
13135
13126
13126
13133
13127
13129
13130
13128
13132
13136
13133
13129
13132
13135
13131
13135
13130
13129
13137
13133
13126
13132
13134
13129
13131
13138
13137
13138
13137
13140
13132
13137
13129
13131
13142
13139
13131
13139
13138
13135
13145
13136
13138
13144
13143
13140
13144
13145
13141
13140
13142
13138
13143
13146
13148
13141
13132
13124
13135
13132
13129
13128
13126
13128
13123
13132
13133
13131
13131
13147
13142
13144
13143
13141
13144
13146
13146
13151
13146
13141
13150
13144
13139
13140
13141
13142
13145
13151
13150
13150
13144
13148
13149
13143
13136
13137
13137
13132
13137
13123
13129
13138
13131
13134
13135
13137
13134
13137
13129
13136
13130
13132
13130
13126
13129
13127
13126
13140
13130
13130
13141
13137
13136
13131
13136
13137
13142
13142
13135
13136
13137
13134
13130
13137
13142
13142
13140
13137
13132
13135
13132
13131
13138
13137
13139
13139
13141
13141
13148
13157
13149
13148
13143
13141
13131
13132
13131
13136
13136
13134
13142
13138
13139
13142
13137
13139
13141
13140
13138
13146
13145
13140
13138
13143
13140
13143
13136
13138
13140
13136
13143
13139
13136
13133
13128
13121
13124
13131
13126
13133
13130
13132
13127
13129
13126
13132
13130
13132
13132
13134
13141
13129
13128
13134
13130
13138
13140
13145
13137
13132
13130
13130
13129
13138
13137
13138
13139
13140
13148
13146
13142
13143
13143
13144
13142
13139
13138
13136
13137
13139
13133
13138
13143
13147
13146
13148
13133
13139
13135
13129
13133
13126
13124
13132
13129
13125
13127
13131
13134
13137
13138
13137
13134
13138
13139
13135
13139
13139
13145
13135
13128
13134
13140
13139
13140
13137
13136
13138
13137
13136
13124
13128
13130
13133
13127
13123
13131
13133
13132
13134
13139
13139
13136
13146
13139
13143
13151
13150
13149
13147
13150
13142
13139
13138
13133
13141
13137
13135
13146
13138
13139
13133
13134
13140
13140
13140
13147
13143
13142
13142
13134
13137
13143
13136
13142
13145
13141
13148
13150
13138
13142
13135
13131
13135
13130
13131
13134
13137
13130
13136
13138
13129
13134
13138
13135
13139
13140
13136
13139
13137
13137
13136
13134
13139
13137
13140
13138
13134
13135
13138
13141
13142
13140
13134
13131
13138
