13146
13147
13152
13151
13154
13149
13148
13147
13138
13132
13142
13137
13131
13138
13136
13141
13143
13141
13137
13140
13141
13136
13134
13133
13126
13129
13134
13133
13146
13131
13123
13127
13128
13126
13122
13126
13129
13135
13137
13145
13142
13142
13141
13139
13128
13127
13127
13136
13132
13123
13129
13125
13130
13128
13120
13119
13125
13135
13136
13138
13141
13138
13140
13139
13133
13136
13128
13135
13132
13131
13128
13136
13131
13136
13144
13134
13127
13134
13126
13136
13139
13138
13149
13142
13148
13149
13153
13147
13134
13132
13136
13133
13125
13126
13118
13119
13117
13120
13124
13127
13133
13138
13147
13145
13137
13138
13141
13141
13146
13145
13146
13151
13151
13149
13138
13138
13135
13134
13135
13138
13131
13134
13137
13133
13129
13130
13125
13133
13130
13127
13127
13123
13131
13139
13133
13138
13139
13144
13144
13145
13143
13139
13139
13137
13142
13141
13147
13148
13148
13139
13136
13141
13134
13130
13124
13129
13134
13132
13138
13140
13140
13143
13141
13131
13127
13126
13134
13144
13148
13147
13154
13138
13135
13134
13126
13125
13132
13120
13127
13132
13132
13134
13134
13139
13146
13150
13147
13143
13138
13133
13128
13131
13126
13128
13130
13132
13133
13130
13138
13139
13130
13129
13131
13130
13131
13126
13124
13129
13128
13127
13135
13127
13128
13132
13128
13129
13136
13136
13136
13134
13130
13126
13133
13137
13131
13128
13132
13129
13130
13124
13117
13122
13129
13122
13121
13124
13126
13128
13132
13138
13125
13135
13133
13127
13134
13138
13137
13145
13139
13140
13142
13134
13134
13137
13138
13140
13141
13141
13134
13137
13141
13137
13134
13139
13136
13136
13134
13129
13139
13136
13132
13132
13124
13133
13134
13141
13142
13139
13137
13141
13133
13135
13133
13134
13127
13129
13119
13129
13128
13121
13133
13130
13126
13131
13125
13129
13120
13122
13121
13129
13139
13139
13135
13142
13139
13142
13139
13145
13144
13134
13136
13142
13141
13140
13133
13134
13133
13139
13140
13137
13125
13127
13122
13115
13110
13110
13105
13119
13123
13120
13134
13134
13141
13142
13144
13147
13149
13152
13144
13146
13144
13129
13125
13133
13134
13132
13136
13132
13134
13137
13138
13136
13137
13141
13136
13137
13141
13139
13128
13127
13116
13121
13127
13126
13132
13131
13129
13135
13128
13123
13127
13126
13121
13136
13126
13122
13121
13118
13117
13119
13125
13120
13118
13120
13121
13120
13113
13110
13110
13113
13111
13124
13127
13126
13127
13130
13140
13136
13142
13140
13135
13141
13148
13149
13158
13154
13150
13153
13148
13143
13146
13139
13142
13135
13132
13132
13137
13134
13133
13128
13132
13126
13133
13133
13127
13124
13122
13119
13120
13121
13121
13128
13123
13134
13124
13130
13131
13134
13128
13133
13132
13137
13141
13138
13143
13142
13133
13137
13129
13122
13134
13137
13138
13134
13132
13130
13134
13150
13142
13146
13137
13133
13135
13134
13133
13133
13134
13131
13137
13128
13122
13128
13134
13133
13129
13133
13134
13134
13131
13138
13132
13135
13133
13135
13141
13144
13137
13140
13135
13132
13139
13131
13135
13140
13131
13134
13137
13136
13129
13128
13134
13132
13127
13129
13136
13129
12945
11690
10485
9659
9118
8813
8600
8512
8582
8683
8816
8955
9155
9338
9556
9742
9950
10131
10296
10373
10457
10521
10628
10726
10785
10834
10919
11003
11109
11202
11318
11423
11530
11622
11718
11787
11885
11956
12034
12101
12169
12229
12293
12342
12396
12430
12471
12502
12542
12568
12611
12641
12681
12716
12735
12764
12790
12806
12828
12846
12859
12878
12886
12896
12918
12925
12947
12964
12976
12992
13005
13014
13013
13013
13016
13018
13032
13048
13057
13062
13066
13074
13081
13084
13081
13084
13094
13100
13093
13085
13092
13090
13094
13100
13089
13095
13102
13105
13109
13112
13122
13122
13125
13122
13128
13122
13124
13133
13131
13128
13131
13138
13135
13137
13136
13133
13137
13133
13135
13132
13134
13140
13140
13136
13131
13129
13123
13134
13126
13128
13129
13128
13126
13131
13121
13124
13130
13131
13135
13132
13139
13140
13134
13127
13137
13131
13130
13135
13134
13138
13143
13138
13133
13136
13135
13131
13132
13132
13130
13137
13133
13132
13138
13127
13131
13138
13138
13137
13132
13133
13133
13138
13134
13138
13130
13138
13144
13146
13147
13146
13142
13146
13147
13146
13155
13152
13145
13146
13142
13141
13143
13138
13131
13130
13135
13138
13142
13139
13141
13140
13146
13141
13143
13139
13140
13145
13140
13139
13134
13130
13129
13131
13133
13134
13130
13130
13135
13133
13138
13140
13139
13142
13136
13134
13141
13132
13130
13138
13131
13138
13129
13129
13126
13132
13133
13131
13138
13140
13147
13154
13154
13154
13150
13144
13140
13144
13142
13136
13140
13142
13139
13133
13130
13126
13118
13121
13126
13122
13124
13124
13123
13128
13123
13120
13133
13127
13128
13134
13132
13134
13137
13139
13136
13136
13139
13135
13134
13140
13130
13134
13135
13130
13139
13128
13129
13131
13133
13139
13132
13132
13139
13136
13131
13135
13128
13122
13129
13123
13130
13126
13128
13136
13135
13132
13136
13135
13135
13138
13133
13132
13127
13135
13139
13136
13131
13129
13119
13124
13131
13131
13134
13133
13136
13128
13127
13129
13132
13127
13132
13138
13132
13129
13126
13123
13122
13126
13124
13128
13126
13131
13130
13138
13131
13127
13134
13122
13123
13132
13130
13142
13138
13129
13132
13132
13130
13126
13132
13138
13141
13139
13140
13137
13147
13136
13131
13129
13127
13124
13125
13127
13126
13135
13130
13134
13129
13133
13133
13132
13137
13143
13141
13140
13135
13128
13139
13132
13132
13136
13141
13137
13140
13134
13138
13134
13139
13131
13137
13133
13135
13130
13126
13128
13135
13129
13133
13130
13126
13126
13124
13127
13132
13131
13135
13137
13128
13132
13136
13138
13141
13139
13144
13150
13152
13143
13142
13138
13135
13144
13143
13139
13128
13138
13144
13146
13151
13149
13147
13144
13135
13131
13129
13122
13133
13128
13123
13128
13126
13129
13133
13135
13139
13134
13132
13140
13137
13137
13133
13129
13130
13128
13126
13132
13134
13134
13141
13134
13134
13139
13127
13132
13140
13134
13132
13134
13133
13138
13133
13128
13128
13122
13129
13119
13123
13127
13135
13140
13134
13139
13141
13137
13132
13137
13139
13142
13135
13140
13139
13142
13142
13141
13145
13149
13144
13139
13135
13132
13128
13138
13133
13136
13135
13128
13137
13137
13142
13133
13135
13134
13130
13129
13124
13123
13129
13128
