13128
13129
13127
13130
13133
13129
13127
13130
13126
13127
13125
13125
13129
13138
13137
13145
13134
13143
13151
13154
13152
13144
13144
13148
13149
13140
13145
13141
13138
13132
13132
13134
13134
13132
13132
13136
13141
13134
13128
13128
13121
13119
13124
13122
13128
13126
13130
13134
13125
13127
13126
13136
13142
13142
13140
13143
13141
13139
13136
13135
13137
13137
13141
13140
13138
13136
13153
13138
13134
13136
13132
13133
13134
13138
13143
13145
13145
13138
13136
13136
13135
13135
13136
13136
13135
13130
13133
13139
13135
13135
13130
13132
13130
13125
13126
13132
13131
13135
13141
13132
13133
13138
13137
13140
13134
13132
13137
13127
13124
13130
13130
13130
13135
13133
13142
13139
13142
13148
13144
13149
13142
13138
13138
13138
13145
13147
13148
13148
13148
13143
13145
13136
13144
13136
13134
13137
13130
13129
13133
13133
13142
13145
13140
13138
13134
13138
13144
13135
13134
13130
13125
13130
13130
13133
13138
13136
13139
13136
13132
13136
13130
13137
13134
13137
13141
13135
13132
13133
13124
13127
13141
13141
13139
13142
13138
13144
13137
13137
13134
13132
13129
13131
13128
13129
13130
13129
13132
13129
13126
13124
13126
13130
13140
13139
13134
13135
13139
13137
13134
13135
13129
13126
13123
13125
13135
13131
13126
13124
13121
13125
13123
13118
13115
13119
13118
13125
13123
13129
13127
13126
13139
13134
13132
13138
13137
13137
13143
13136
13138
13149
13148
13151
13150
13149
13145
13142
13144
13138
13140
13137
13132
13130
13129
13127
13140
13134
13126
13130
13129
13134
13126
13129
13130
13134
13139
13146
13139
13139
13141
13136
13130
13138
13134
13141
13139
13136
13140
13135
13134
13140
13134
13135
13132
13129
13128
13123
13119
13120
13119
13123
13126
13121
13122
13127
13132
13131
13129
13132
13134
13138
13140
13129
13133
13132
13132
13135
13129
13127
13126
13125
13124
13127
13124
13136
13134
13132
13140
13135
13133
13128
13125
13124
13118
13126
13130
13127
13123
13122
13132
13138
13137
13132
13131
13132
13133
13124
13126
13132
13132
13133
13138
13129
13122
13126
13133
13136
13133
13140
13147
13143
13138
13133
13132
13137
13132
13130
13141
13134
13132
13137
13138
13139
13142
13141
13144
13141
13139
13134
13132
13138
13135
13141
13141
13142
13151
13146
13151
13151
13151
13152
13145
13144
13150
13151
13154
13155
13154
13154
13159
13144
13145
13133
13125
13131
13124
13118
13125
13123
13125
13125
13123
13122
13127
13126
13129
13125
13124
13127
13131
13134
13133
13137
13129
13134
13139
13138
13134
13138
13144
13142
13146
13153
13148
13147
13148
13138
13125
13121
13125
13127
13130
13130
13129
13138
13142
13142
13144
13132
13134
13139
13139
13140
13145
13144
13141
13140
13139
13129
13125
13126
13131
13125
13126
13132
13143
13140
13147
13146
13137
13132
13134
13134
13133
13133
13136
13138
13129
13134
13127
13125
13124
13126
13121
13124
13123
13117
13122
13112
13107
13112
13114
13121
13128
13129
13134
13134
13140
13135
13142
13144
13145
13145
13145
13141
13139
13136
13128
13131
13126
13124
13128
13131
13128
13125
13127
13134
13126
13125
13135
13136
13138
12889
12521
12187
11807
11505
11352
11270
11244
11262
11312
11373
11450
11522
11590
11569
11570
11587
11641
11694
11774
11843
11923
11976
12057
12111
12189
12247
12301
12347
12389
12435
12486
12519
12561
12587
12619
12652
12684
12706
12743
12768
12794
12819
12841
12859
12882
12891
12902
12917
12926
12936
12956
12960
12965
12972
12983
12994
13006
13015
13020
13022
13026
13023
13032
13036
13047
13060
13062
13066
13070
13075
13084
13086
13082
13091
13094
13093
13102
13098
13106
13107
13117
13122
13125
13120
13130
13121
13125
13121
13114
13111
13114
13109
13115
13115
13126
13125
13125
13121
13120
13127
13124
13127
13129
13114
13121
13129
13129
13131
13133
13129
13131
13124
13126
13128
13124
13128
13120
13121
13122
13121
13118
13127
13130
13123
13130
13127
13124
13133
13137
13139
13138
13132
13133
13135
13141
13138
13132
13130
13131
13133
13127
13122
13128
13132
13127
13125
13123
13124
13120
13125
13130
13120
13121
13127
13121
13138
13142
13139
13144
13143
13144
13141
13137
13134
13140
13135
13139
13142
13140
13138
13129
13129
13133
13124
13125
13123
13122
13123
13126
13120
13117
13110
13118
13121
13121
13118
13118
13122
13124
13128
13134
13132
13133
13135
13129
13128
13126
13127
13138
13133
13131
13132
13131
13131
13139
13129
13130
13134
13126
13128
13130
13125
13129
13132
13140
13135
13137
13141
13139
13143
13146
13139
13140
13134
13134
13136
13131
13128
13131
13135
13135
13127
13136
13133
13126
13132
13133
13131
13132
13129
13130
13137
13136
13131
13138
13135
13130
13134
13125
13126
13126
13127
13128
13128
13130
13119
13127
13134
13137
13144
13142
13140
13146
13138
13143
13147
13145
13147
13152
13148
13147
13138
13127
13134
13135
13138
13142
13141
13139
13138
13136
13137
13131
13130
13143
13132
13139
13143
13142
13133
13136
13134
13131
13133
13137
13134
13136
13128
13129
13134
13134
13136
13143
13135
13128
13132
13130
13125
13131
13130
13135
13136
13138
13140
13131
13135
13135
13125
13126
13129
13126
13130
13124
13127
13134
13124
13125
13129
13130
13133
13132
13134
13129
13136
13144
13145
13145
13147
13149
13139
13139
13134
13138
13125
13131
13132
13134
13131
13127
13126
13130
13125
13126
13136
13129
13138
13129
13129
13136
13134
13133
13136
13138
13132
13141
13134
13136
13143
13141
13139
13138
13145
13144
13139
13136
13130
13130
13134
13135
13138
13136
13131
13140
13124
13127
13132
13132
13133
13136
13139
13146
13137
13141
13142
13136
13127
13137
13128
13128
13125
13123
13132
13124
13126
13128
13133
13129
13131
13126
13129
13126
13129
13130
13122
13127
13128
13130
13132
13134
13144
13141
13139
13138
13129
13135
13134
13137
13140
13142
13138
13139
13133
13128
13133
13129
13137
13140
13138
13134
13141
13137
13141
13133
13129
13137
13124
13130
13130
13127
13132
13133
13142
13136
13135
13136
13132
13133
13135
13128
13127
13127
13133
13144
13140
13139
13138
13143
13146
13143
13143
13143
13141
13135
13138
13132
13135
13127
13118
13129
13133
13133
13138
13136
13139
13152
13145
13139
13137
13135
13133
13133
13135
13132
13132
13136
13128
13131
13132
13125
13124
13126
13127
13131
13131
13123
13132
13120
13127
13125
13124
13127
13134
13137
13136
13132
13136
13140
13137
13149
13143
13145
13148
13143
13136
13136
13135
13132
13131
