13136
13141
13135
13131
13137
13124
13118
13120
13121
13126
13126
13126
13124
13133
13137
13146
13142
13144
13147
13144
13150
13152
13146
13149
13142
13143
13149
13146
13149
13143
13145
13143
13142
13143
13139
13140
13134
13139
13134
13136
13140
13135
13131
13123
13132
13137
13136
13143
13146
13140
13134
13138
13135
13137
13137
13139
13139
13138
13140
13134
13130
13126
13128
13137
13126
13126
13138
13132
13138
13144
13128
13126
13129
13124
13120
13124
13125
13123
13125
13132
13142
13138
13146
13142
13146
13144
13138
13143
13148
13148
13155
13150
13151
13151
13152
13154
13156
13152
13160
13150
13143
13138
13135
13147
13149
13142
13145
13133
13135
13140
13128
13136
13135
13137
13142
13142
13134
13133
13137
13136
13137
13138
13138
13143
13142
13145
13134
13130
13129
13132
13132
13129
13126
13131
13139
13139
13128
13133
13136
13130
13132
13127
13126
13130
13121
13120
13133
13134
13135
13142
13133
13129
13128
13124
13130
13126
13133
13136
13139
13138
13132
13129
13129
13128
13132
13129
13133
13130
13140
13143
13141
13143
13140
13147
13148
13149
13139
13141
13137
13133
13130
13133
13135
13138
13127
13123
13126
13120
13125
13130
13117
13123
13122
13125
13126
13124
13130
13133
13133
13135
13134
13129
13126
13136
13145
13133
13129
13132
13137
13136
13128
13124
13125
13135
13138
13144
13138
13136
13138
13141
13136
13130
13126
13137
13133
13131
13138
13136
13135
13141
13135
13137
13135
13131
13134
13127
13131
13123
13127
13135
13138
13137
13136
13134
13141
13131
13133
13132
13134
13133
13135
13136
13129
13130
13130
13127
13126
13127
13125
13118
13113
13112
13130
13139
13142
13135
13146
13137
13138
13134
13133
13136
13141
13142
13140
13137
13133
13134
13129
13134
13139
13137
13134
13136
13139
13127
13122
13125
13134
13143
13135
13137
13133
13133
13130
13132
13129
13124
13125
13123
13130
13128
13131
13124
13123
13121
13126
13127
13124
13131
13131
13138
13137
13134
13134
13130
13123
13119
13123
13124
13120
13124
13125
13126
13138
13135
13131
13134
13133
13130
13125
13122
13126
13126
13126
13133
13125
13133
13135
13130
13122
13120
13119
13125
13135
13132
13132
13131
13130
13124
13121
13124
13124
13124
13127
13134
13132
13138
13136
13139
13135
13137
13128
13133
13139
13135
13132
13130
13136
13140
13136
13135
13131
13143
13148
13149
13138
13137
13129
13126
13131
13132
13134
13142
13142
13140
13145
13134
13136
13132
13126
13132
13135
13135
13142
13137
13132
13134
13138
13139
13139
13137
13130
13139
13142
13138
13136
13141
13135
13138
13142
13143
13140
13140
13136
13138
13134
13139
13133
13132
13126
13133
13132
13141
13135
13138
13143
13139
13137
13141
13132
13132
13136
13134
13135
13137
13132
13134
13137
13138
13140
13150
13149
13139
13148
13139
13132
13141
13137
13138
13133
13138
13141
13139
13139
13146
13132
13127
13133
13134
13134
13135
13138
13143
13143
13139
13138
13127
13121
13131
13119
13119
13118
13115
13117
13117
13122
13125
13118
13125
13125
13129
13132
13123
13134
13132
13128
13132
13138
13139
13146
13144
13145
13145
13142
13149
13143
13148
13148
13138
13140
13140
13133
13137
13134
13135
13133
12982
12603
12139
11834
11653
11453
11325
11285
11289
11333
11384
11465
11546
11635
11660
11694
11734
11802
11862
11926
11985
12053
12114
12190
12243
12298
12348
12389
12444
12488
12530
12571
12602
12639
12671
12700
12725
12761
12781
12806
12818
12840
12864
12871
12891
12910
12920
12933
12942
12957
12968
12976
12984
12993
13005
13019
13029
13040
13045
13042
13054
13049
13054
13050
13054
13055
13071
13075
13087
13082
13087
13096
13096
13107
13111
13105
13114
13108
13109
13120
13113
13118
13121
13122
13120
13117
13123
13122
13124
13113
13117
13120
13115
13111
13113
13116
13114
13126
13127
13133
13134
13130
13133
13135
13140
13139
13140
13131
13132
13129
13135
13138
13142
13142
13140
13136
13140
13142
13141
13144
13145
13140
13148
13136
13131
13124
13124
13126
13136
13135
13123
13127
13135
13137
13138
13133
13134
13137
13133
13134
13139
13133
13131
13127
13127
13123
13124
13132
13137
13129
13134
13142
13135
13131
13135
13128
13140
13139
13143
13142
13141
13137
13137
13135
13134
13136
13133
13137
13136
13136
13133
13131
13134
13139
13138
13138
13136
13140
13134
13126
13133
13134
13133
13135
13137
13137
13141
13139
13134
13134
13130
13131
13130
13127
13137
13133
13142
13141
13141
13140
13134
13139
13142
13133
13137
13137
13147
13145
13143
13135
13140
13139
13143
13141
13145
13140
13140
13146
13138
13134
13137
13138
13136
13137
13135
13132
13136
13138
13138
13131
13133
13135
13140
13145
13141
13147
13147
13138
13138
13143
13141
13141
13139
13131
13132
13131
13135
13135
13135
13136
13142
13138
13140
13138
13138
13135
13135
13142
13128
13116
13117
13112
13120
13120
13129
13120
13119
13129
13133
13132
13130
13121
13132
13133
13138
13132
13137
13129
13131
13142
13136
13126
13134
13130
13133
13130
13131
13124
13123
13126
13123
13125
13123
13119
13122
13130
13132
13133
13129
13131
13139
13145
13140
13137
13138
13134
13138
13142
13145
13134
13141
13142
13142
13141
13145
13142
13153
13145
13142
13142
13138
13142
13141
13138
13136
13133
13130
13130
13123
13135
13137
13140
13148
13144
13145
13134
13133
13135
13134
13135
13139
13139
13144
13139
13140
13145
13148
13147
13144
13139
13137
13141
13139
13137
13137
13132
13138
13139
13134
13141
13133
13129
13135
13135
13138
13139
13139
13140
13138
13137
13137
13132
13138
13135
13139
13142
13141
13151
13139
13137
13135
13134
13137
13134
13136
13139
13135
13131
13139
13133
13132
13136
13133
13136
13137
13136
13133
13128
13136
13145
13144
13149
13150
13146
13140
13137
13138
13131
13128
13121
13127
13124
13127
13131
13138
13132
13132
13128
13117
13122
13129
13124
13125
13124
13127
13128
13129
13126
13130
13128
13134
13139
13140
13138
13143
13147
13151
13152
13146
13148
13144
13144
13140
13149
13154
13157
13154
13152
13145
13137
13125
13125
13131
13130
13131
13132
13133
13143
13132
13132
13133
13130
13127
13128
13133
13131
13132
13125
13133
13124
13128
13130
13129
13138
13142
13141
13146
13146
13137
13144
13135
13137
13143
13138
13132
13140
13131
13135
13132
13136
13127
13133
13137
13138
13139
13145
13147
13157
13150
13150
13141
13134
13133
13127
13122
13131
13130
13132
13126
13119
13128
13125
13122
13124
13123
13121
13126
13120
13119
13126
13131
13131
13132
