13145
13148
13141
13134
13135
13137
13139
13137
13133
13132
13138
13138
13145
13141
13149
13146
13134
13124
13137
13136
13130
13131
13129
13132
13129
13126
13125
13131
13129
13129
13136
13139
13134
13134
13138
13138
13144
13143
13138
13145
13148
13143
13139
13144
13138
13136
13137
13138
13137
13142
13140
13140
13143
13144
13146
13147
13146
13138
13136
13123
13121
13129
13129
13131
13130
13139
13146
13142
13150
13147
13144
13149
13142
13146
13145
13140
13146
13138
13140
13144
13135
13136
13133
13132
13137
13137
13135
13136
13128
13133
13136
13135
13136
13139
13141
13148
13140
13139
13140
13137
13142
13137
13133
13136
13140
13139
13136
13138
13134
13132
13137
13140
13139
13138
13147
13143
13151
13133
13129
13138
13132
13132
13129
13126
13129
13132
13131
13135
13123
13127
13129
13128
13127
13135
13126
13132
13127
13126
13134
13131
13125
13136
13131
13133
13140
13134
13127
13131
13128
13133
13132
13133
13132
13144
13145
13138
13143
13132
13142
13143
13142
13135
13132
13132
13138
13141
13143
13140
13131
13134
13138
13136
13140
13134
13133
13137
13125
13125
13135
13128
13128
13136
13128
13132
13128
13127
13114
13119
13131
13130
13129
13130
13131
13135
13129
13134
13134
13130
13137
13143
13143
13139
13131
13133
13135
13138
13129
13127
13121
13130
13133
13126
13125
13134
13131
13138
13130
13135
13148
13143
13137
13144
13133
13130
13130
13126
13133
13134
13134
13135
13130
13132
13126
13128
13124
13125
13127
13128
13126
13128
13125
13125
13128
13127
13132
13134
13134
13139
13140
13138
13140
13137
13137
13134
13134
13135
13132
13130
13138
13129
13130
13139
13142
13130
13130
13127
13131
13135
13132
13126
13126
13132
13132
13129
13119
13123
13127
13125
13128
13133
13126
13125
13128
13128
13129
13131
13131
13134
13136
13140
13139
13140
13138
13140
13142
13143
13132
13133
13135
13131
13128
13127
13123
13125
13121
13127
13124
13125
13117
13116
13121
13125
13132
13129
13126
13133
13143
13143
13137
13134
13130
13127
13125
13130
13130
13132
13136
13140
13142
13148
13148
13149
13152
13146
13143
13138
13123
13118
13125
13124
13122
13129
13125
13136
13138
13136
13141
13140
13137
13139
13135
13141
13132
13132
13131
13132
13134
13126
13128
13135
13127
13127
13129
13133
13134
13137
13142
13136
13131
13136
13139
13138
13135
13130
13124
13121
13122
13115
13125
13128
13132
13136
13138
13137
13135
13132
13135
13138
13126
13120
13127
13122
13122
13125
13115
13121
13125
13122
13123
13120
13125
13128
13114
13110
13114
13122
13120
13130
13127
13133
13137
13131
13136
13133
13137
13142
13135
13137
13139
13134
13130
13131
13132
13136
13135
13138
13138
13138
13140
13133
13128
13131
13134
13135
13130
13132
13138
13133
13132
13139
13134
13141
13133
13130
13128
13123
13125
13129
13128
13138
13142
13137
13134
13134
13133
13137
13135
13126
13135
13132
13136
13136
13133
13138
13133
13143
13145
13144
13134
13137
13134
13143
13136
13141
13140
13137
13136
13134
13138
13140
13140
13137
13139
13141
13142
13144
13144
13147
13140
13143
13144
13139
13136
13137
13137
13142
13134
13131
13133
13129
13127
13125
13119
13089
12433
11249
10197
9543
9202
9024
8976
8961
9056
9170
9358
9524
9735
9906
10107
10277
10464
10624
10788
10926
11071
11193
11325
11344
11378
11435
11511
11578
11666
11735
11821
11894
11971
12031
12113
12167
12237
12290
12336
12387
12439
12479
12525
12557
12594
12624
12654
12678
12708
12730
12753
12785
12814
12830
12853
12874
12893
12910
12921
12929
12941
12951
12965
12975
12984
13001
13013
13012
13025
13031
13036
13043
13046
13041
13046
13047
13057
13058
13061
13056
13063
13066
13076
13083
13078
13090
13086
13099
13097
13096
13092
13100
13103
13101
13104
13048
12937
12876
12833
12816
12814
12812
12822
12833
12834
12850
12862
12878
12894
12910
12927
12944
12946
12948
12962
12979
12984
12996
12999
13012
13018
13024
13026
13032
13044
13041
13054
13007
12887
12820
12789
12766
12764
12755
12760
12766
12793
12808
12820
12832
12854
12877
12899
12912
12925
12937
12947
12955
12965
12974
12979
12995
13003
13014
13025
13029
13040
13050
13055
13064
13065
13071
13073
13073
13069
13069
13066
13073
13076
13081
13088
13092
13104
13100
13098
13100
13104
13112
13112
13117
13115
13120
13115
13119
13114
13125
13126
13127
13129
13127
13127
13129
13120
13124
13128
13121
13118
13123
13124
13125
13126
13123
13123
13123
13129
13133
13142
13142
13141
13140
13144
13145
13145
13134
13124
13133
13133
13136
13131
13130
13134
13134
13138
13138
13134
13138
13144
13149
13147
13147
13146
13148
13146
13144
13151
13138
13132
13140
13139
13140
13136
13130
13128
13131
13128
13121
13130
13130
13129
13123
13126
13133
13135
13131
13129
13128
13119
13126
13130
13133
13134
13137
13137
13140
13140
13132
13138
13139
13132
13137
13131
13137
13132
13134
13132
13127
13127
13134
13134
13136
13134
13132
13138
13135
13131
13131
13130
13131
13131
13134
13133
13119
13127
13127
13128
13127
13131
13130
13122
13115
13118
13120
13111
13115
13109
13108
13115
13117
13116
13115
13126
13125
13128
13129
13144
13136
13130
13132
13137
13136
13141
13133
13129
13127
13125
13120
13120
13126
13133
13133
13136
13136
13143
13133
13133
13136
13131
13131
13123
13124
13126
13128
13127
13132
13128
13125
13129
13125
13128
13129
13123
13128
13120
13121
13129
13122
13119
13126
13119
13122
13117
13122
13124
13134
13136
13140
13143
13150
13141
13140
13135
13131
13130
13135
13135
13136
13140
13140
13134
13133
13143
13138
13132
13135
13127
13134
13135
13130
13130
13125
13133
13133
13128
13125
13130
13127
13124
13135
13134
13134
13130
13133
13132
13133
13135
13133
13140
13143
13141
13144
13136
13132
13137
13133
13129
13132
13131
13138
13134
13138
13139
13139
13143
13140
13134
13134
13136
13137
13130
13125
13130
13135
13131
13123
13127
13125
13126
13138
13133
13124
13127
13120
13121
13125
13130
13130
13132
13139
13141
13139
13139
13136
13141
13133
13133
13138
13140
13147
13146
13143
13141
13137
13137
13132
13129
13130
13124
13124
13123
13127
13131
13135
13134
13136
13139
13138
13137
13139
13138
13140
13143
13137
13144
13144
13138
13140
13137
13140
13135
13131
13138
13138
13140
13135
13137
13138
13134
13136
13138
13138
13135
13143
13143
13149
13142
13138
13139
13128
13130
13135
13135
13140
13143
13143
13148
13138
13134
13137
13134
13128
13119
13119
13118
13120
13126
13130
