13133
13133
13139
13138
13138
13141
13145
13154
13153
13159
13163
13159
13165
13159
13161
13163
13164
13163
13160
13150
13143
13142
13136
13138
13128
13135
13136
13133
13134
13127
13133
13135
13131
13129
13136
13132
13127
13134
13136
13137
13140
13145
13142
13140
13143
13130
13131
13135
13131
13126
13125
13125
13130
13125
13126
13126
13129
13122
13120
13045
12942
12886
12854
12842
12828
12829
12837
12840
12854
12864
12880
12868
12819
12797
12792
12788
12802
12817
12824
12843
12862
12871
12891
12906
12918
12922
12937
12960
12978
12977
12985
12990
13005
13007
13007
13020
13025
13036
13041
13047
13053
13071
13075
13084
13084
13091
13093
13090
13091
13098
13102
13104
13095
13096
13106
13097
13093
13104
13105
13115
13112
13112
13119
13118
13118
13115
13118
13120
13124
13126
13119
13115
13127
13124
13123
13126
13128
13133
13131
13140
13140
13141
13137
13140
13134
13138
13133
13129
13128
13137
13138
13132
13124
13122
13133
13126
13128
13135
13131
13130
13133
13135
13138
13136
13137
13137
13129
13127
13137
13133
13129
13130
13130
13128
13122
13127
13126
13132
13127
13130
13127
13133
13130
13135
13133
13130
13125
13117
13115
13121
13121
13126
13125
13132
13129
13124
13122
13125
13128
13132
13137
13139
13135
13140
13145
13143
13151
13149
13150
13145
13140
13139
13145
13138
13132
13134
13136
13137
13136
13136
13131
13134
13141
13147
13134
13129
13133
13131
13133
13123
13122
13125
13130
13124
13139
13132
13125
13136
13131
13132
13140
13142
13143
13147
13149
13147
13148
13146
13156
13158
13155
13145
13148
13143
13134
13135
13131
13131
13130
13130
13122
13117
13121
13128
13131
13131
13137
13138
13136
13138
13137
13138
13134
13131
13132
13132
13128
13140
13137
13135
13138
13136
13138
13135
13137
13138
13144
13143
13137
13132
13127
13120
13132
13124
13122
13128
13126
13131
13138
13131
13135
13135
13135
13138
13138
13142
13142
13137
13142
13135
13134
13135
13135
13130
13137
13137
13128
13126
13118
13122
13125
13127
13127
13126
13125
13128
13128
13124
13130
13132
13132
13137
13141
13135
13133
13142
13137
13140
13142
13144
13141
13138
13138
13133
13131
13134
13145
13144
13146
13142
13142
13134
13143
13137
13143
13140
13138
13137
13138
13132
13133
13133
13132
13127
13124
13117
13120
13120
13121
13124
13131
13135
13138
13134
13129
13131
13131
13135
13129
13126
13125
13124
13123
13123
13124
13132
13126
13128
13136
13135
13133
13135
13125
13124
13134
13126
13129
13129
13131
13135
13130
13132
13137
13132
13133
13134
13137
13129
13125
13127
13131
13138
13145
13143
13137
13138
13144
13140
13134
13133
13136
13136
13135
13145
13142
13140
13134
13133
13134
13136
13134
13142
13134
13127
13136
13124
13121
13125
13122
13123
13126
13126
13126
13129
13129
13129
13125
13132
13134
13138
13143
13142
13145
13140
13133
13135
13134
13133
13131
13135
13142
13142
13144
13145
13137
13140
13147
13140
13148
13150
13147
13148
13148
13138
13133
13130
13128
13136
13132
13138
13145
13138
13139
13135
13141
13129
13132
13132
13122
13130
13134
13135
13139
13133
13137
13137
13129
13128
13125
13124
13126
13129
13126
13131
13132
13137
13117
12562
11447
10562
10065
9776
9669
9641
9723
9815
9958
10090
10251
10406
10579
10725
10886
11011
11151
11264
11400
11498
11605
11700
11790
11870
11950
12026
12097
12165
12230
12286
12349
12390
12435
12475
12516
12554
12595
12634
12675
12696
12725
12748
12774
12795
12812
12825
12849
12872
12885
12903
12910
12926
12938
12955
12971
12973
12985
12987
12993
12996
13007
13013
13019
13028
13040
13047
13054
13071
13072
13076
13084
13091
13094
13087
13088
13093
13093
13090
13093
13098
13106
13111
13110
13108
13108
13110
13119
13121
13118
13117
13124
13125
13120
13116
13119
13119
13123
13121
13128
13128
13126
13130
13129
13127
13129
13118
13109
13118
13116
13113
13125
13133
13133
13137
13144
13140
13137
13135
13139
13140
13137
13141
13146
13146
13133
13135
13138
13136
13133
13134
13125
13126
13130
13132
13135
13136
13138
13136
13138
13139
13133
13135
13132
13126
13122
13122
13125
13127
13127
13126
13120
13122
13127
13120
13117
13118
13116
13122
13127
13128
13128
13129
13130
13131
13130
13115
13123
13122
13131
13138
13136
13135
13134
13130
13130
13125
13127
13125
13126
13137
13134
13135
13138
13131
13141
13129
13129
13125
13131
13134
13136
13136
13132
13134
13131
13134
13132
13132
13131
13126
13126
13127
13133
13139
13133
13131
13136
13137
13136
13145
13144
13148
13147
13148
13139
13138
13139
13138
13134
13137
13135
13127
13131
13131
13141
13132
13142
13149
13146
13148
13143
13141
13134
13138
13131
13137
13131
13135
13132
13132
13129
13128
13130
13131
13126
13123
13132
13128
13134
13140
13138
13137
13140
13130
13133
13134
13134
13138
13140
13143
13142
13141
13138
13131
13134
13132
13135
13134
13131
13135
13130
13139
13140
13138
13138
13138
13141
13147
13149
13140
13139
13145
13148
13147
13143
13145
13150
13143
13131
13133
13118
13123
13127
13119
13121
13120
13122
13129
13129
13129
13126
13126
13132
13137
13138
13137
13131
13134
13134
13136
13136
13131
13127
13122
13126
13134
13133
13145
13144
13144
13149
13148
13146
13146
13141
13138
13139
13138
13137
13141
13134
13139
13139
13139
13138
13133
13139
13133
13141
13142
13139
13140
13129
13121
13129
13122
13127
13126
13125
13131
13121
13127
13122
13124
13115
13123
13117
13117
13120
13123
13132
13136
13140
13137
13134
13138
13149
13144
13142
13140
13130
13137
13142
13146
13145
13148
13148
13146
13146
13145
13144
13140
13140
13140
13154
13145
13143
13142
13145
13148
13146
13140
13137
13138
13139
13147
13136
13135
13141
13137
13146
13153
13152
13158
13153
13146
13144
13134
13130
13132
13126
13133
13131
13138
13147
13146
13148
13148
13147
13156
13152
13151
13151
13147
13156
13146
13141
13154
13152
13152
13157
13150
13150
13147
13147
13141
13126
13133
13135
13127
13134
13129
13129
13133
13127
13125
13134
13125
13131
13141
13142
13145
13150
13149
13149
13151
13150
13152
13156
13146
13145
13147
13147
13140
13142
13133
13133
13133
13137
13135
13134
13128
13130
13135
13135
13134
13137
13141
13150
13132
13137
13129
13130
13136
13135
13130
13136
13134
13137
13138
13126
13125
13128
13129
13134
13133
13134
13135
13140
13142
13147
13138
13147
13145
13153
13140
13138
13141
13133
13137
13134
13135
13132
13134
13131
13132
13129
13135
13136
13135
13130
13131
