13133
13136
13142
13142
13137
13142
13144
13143
13141
13152
13151
13148
13152
13150
13143
13145
13135
13125
13130
13134
13140
13143
13138
13137
13146
13143
13142
13137
13142
13136
13135
13136
13133
13130
13133
13127
13137
13123
13125
13132
13132
13133
13133
13136
13128
13123
13128
13133
13129
13127
13130
13127
13129
13135
13139
13138
13135
13131
13140
13139
13139
13139
13138
13140
13139
13135
13131
13138
13136
13136
13140
13138
13134
13135
13138
13138
13143
13135
13136
13144
13141
13141
13140
13136
13131
13131
13126
13132
13126
13129
13135
13138
13146
13133
13133
13137
13133
13121
13130
13126
13124
13132
13124
13129
13134
13132
13128
13128
13134
13131
13132
13136
13134
13130
13135
13130
13139
13129
13129
13136
13137
13126
13132
13133
13139
13132
13130
13132
13133
13137
13138
13136
13143
13146
13144
13147
13142
13133
13142
13133
13128
13135
13126
13129
13137
13121
13126
13122
13123
13124
13130
13131
13128
13126
13128
13132
13140
13130
13126
13127
13129
13126
13120
13119
13126
13129
13134
13136
13132
13132
13144
13140
13138
13139
13136
13140
13147
13146
13151
13141
13136
13145
13133
13134
13135
13133
13133
13134
13138
13140
13138
13137
13137
13138
13129
13125
13121
13119
13117
13130
13131
13131
13130
13131
13131
13131
13128
13130
13128
13132
13131
13130
13129
13126
13125
13133
13133
13138
13140
13125
13128
13138
13134
13131
13130
13139
13138
13138
13134
13131
13132
13132
13139
13137
13133
13132
13144
13138
13138
13144
13142
13139
13136
13138
13137
13136
13126
13127
13121
13131
13129
13132
13136
13145
13144
13154
13151
13138
13146
13137
13138
13136
13136
13135
13132
13133
13135
13129
13126
13127
13128
13134
13122
13119
13129
13129
13136
13132
13131
13136
13137
13147
13145
13145
13143
13137
13134
13134
13124
13121
13129
13128
13127
13131
13140
13142
13137
13138
13142
13123
13125
13137
13134
13140
13141
13124
13127
13136
13135
13133
13139
13137
13136
13137
13132
13124
13131
13129
13127
13121
13119
13121
13126
13126
13135
13132
13137
13143
13135
13134
13133
13137
13135
13137
13139
13147
13147
13138
13146
13142
13135
13138
13129
13129
13126
13134
13135
13132
13131
13123
13122
13131
13129
13123
13124
13124
13138
13127
13130
13135
13141
13130
13129
13120
13119
13123
13123
13122
13116
13119
13119
13123
13126
13124
13124
13131
13130
13130
13132
13129
13124
13133
13133
13135
13132
13132
13132
13126
13120
13119
13113
13124
13124
13131
13131
13124
13132
13128
13126
13125
13126
13131
13123
13123
13125
13132
13131
13140
13141
13144
13148
13146
13140
13139
13139
13150
13147
13141
13146
13139
13141
13141
13132
13134
13129
13126
13132
13126
13125
13126
13127
13136
13132
13138
13130
13129
13137
13139
13137
13141
13149
13145
13144
13137
13131
13125
13122
13125
13120
13131
13134
13128
13131
13132
13129
13132
13129
13124
13134
13127
13129
13133
13132
13130
13139
13142
13146
13147
13140
13138
13141
13142
13136
13132
13133
13136
13140
13138
13134
13135
13134
13140
13138
13135
13124
13130
13131
13135
13134
13143
13140
13133
13129
13134
13131
13135
13137
13137
13147
13139
13136
13139
13136
13134
13140
13137
13128
12905
12422
11689
11038
10613
10397
10285
10289
10319
10394
10466
10583
10691
10829
10945
11077
11197
11318
11423
11539
11633
11731
11822
11919
11989
12072
12138
12200
12258
12311
12357
12416
12451
12493
12529
12569
12598
12646
12677
12701
12715
12744
12767
12798
12818
12839
12858
12879
12900
12926
12927
12937
12954
12967
12977
12988
12998
13005
13010
13015
13023
13014
13022
13030
13037
13047
13050
13050
13062
13061
13065
13072
13074
13066
13074
13079
13083
13094
13101
13110
13108
13112
13115
13116
13118
13115
13113
13116
13115
13123
13121
13118
13129
13121
13124
13120
13115
13119
13117
13121
13129
13125
13132
13133
13135
13134
13136
13130
13142
13137
13132
13129
13126
13119
13126
13122
13126
13133
13138
13136
13139
13147
13139
13145
13145
13141
13145
13143
13144
13144
13139
13130
13135
13128
13136
13126
13128
13129
13133
13131
13128
13115
13123
13121
13119
13134
13134
13126
13132
13131
13124
13139
13145
13138
13139
13137
13132
13124
13129
13126
13123
13120
13122
13131
13135
13129
13134
13132
13128
13130
13126
13123
13138
13139
13139
13131
13133
13128
13129
13125
13129
13120
13128
13135
13139
13137
13134
13127
13135
13132
13132
13135
13132
13129
13134
13132
13132
13135
13130
13135
13133
13132
13129
13131
13136
13137
13133
13133
13134
13137
13136
13133
13137
13135
13139
13140
13141
13139
13144
13143
13142
13138
13133
13135
13132
13131
13127
13124
13130
13131
13124
13134
13131
13131
13134
13131
13127
13132
13129
13119
13120
13125
13130
13134
13137
13138
13133
13136
13131
13134
13124
13123
13123
13118
13124
13120
13123
13122
13127
13128
13127
13120
13122
13128
13137
13139
13135
13131
13138
13132
13132
13134
13121
13128
13137
13134
13136
13137
13137
13140
13138
13143
13136
13132
13138
13142
13137
13130
13135
13128
13130
13135
13149
13150
13142
13138
13139
13135
13139
13135
13132
13126
13122
13127
13131
13127
13135
13138
13138
13139
13143
13142
13130
13135
13142
13137
13135
13122
13123
13118
13115
13120
13123
13130
13137
13134
13135
13132
13127
13130
13130
13126
13132
13124
13132
13136
13134
13135
13135
13139
13138
13131
13135
13139
13132
13142
13138
13137
13136
13134
13136
13139
13135
13128
13129
13124
13131
13129
13132
13137
13134
13132
13125
13128
13138
13146
13141
13133
13136
13141
13137
13143
13142
13140
13138
13129
13134
13137
13140
13135
13139
13136
13138
13133
13129
13138
13138
13137
13138
13140
13140
13150
13147
13140
13145
13142
13143
13141
13142
13143
13144
13144
13143
13145
13146
13147
13141
13141
13139
13143
13137
13142
13134
13134
13133
13137
13133
13132
13136
13136
13139
13123
13123
13127
13127
13133
13127
13125
13130
13123
13124
13123
13127
13126
13136
13138
13138
13142
13138
13136
13136
13130
13130
13126
13128
13129
13128
13133
13129
13138
13138
13140
13145
13137
13139
13134
13133
13128
13130
13124
13132
13128
13134
13134
13138
13131
13137
13129
13140
13136
13136
13131
13128
13124
13136
13131
13128
13129
13128
13128
13127
13128
13127
13129
13129
13125
13127
13126
13130
13134
13135
13125
13132
13123
13130
13128
13134
13134
13136
13137
13138
13131
13142
13139
13137
13135
13136
13139
13141
13138
13140
13144
13142
13136
13141
13137
13139
13135
13129
13130
13130
13127
13122
