13131
13126
13129
13133
13134
13132
13125
13130
13133
13137
13134
13132
13139
13139
13144
13142
13132
13139
13133
13122
13125
13120
13122
13128
13129
13132
13144
13144
13145
13144
13144
13149
13149
13145
13143
13139
13141
13137
13137
13137
13130
13144
13142
13133
13133
13123
13127
13122
13124
13123
13121
13133
13134
13135
13132
13143
13136
13137
13135
13138
13130
13128
13132
13134
13135
13136
13142
13142
13137
13140
13135
13135
13138
13132
13129
13128
13130
13124
13130
13135
13135
13139
13138
13136
13135
13135
13131
13134
13135
13135
13132
13138
13138
13143
13141
13140
13133
13141
13139
13128
13134
13134
13139
13137
13129
13125
13136
13133
13129
13133
13124
13127
13134
13135
13134
13133
13134
13135
13134
13129
13132
13132
13134
13131
13132
13126
13125
13131
13123
13125
13126
13125
13126
13125
13127
13129
13126
13133
13136
13138
13139
13134
13128
13131
13128
13127
13131
13131
13127
13132
13127
13130
13126
13123
13118
13122
13128
13128
13131
13138
13137
13138
13135
13126
13127
13126
13129
13131
13130
13132
13139
13137
13150
13132
13133
13131
13125
13131
13134
13135
13136
13141
13136
13139
13137
13141
13145
13147
13145
13144
13137
13137
13142
13136
13136
13134
13132
13130
13124
13129
13132
13129
13122
13123
13127
13127
13132
13135
13130
13133
13129
13129
13132
13128
13125
13126
13122
13129
13132
13134
13138
13137
13144
13148
13142
13141
13147
13142
13144
13143
13147
13146
13143
13145
13145
13134
13137
13131
13137
13137
13144
13144
13147
13140
13144
13136
13138
13135
13131
13128
13118
13120
13116
13121
13122
13126
13119
13124
13131
13130
13136
13138
13140
13144
13143
13142
13144
13126
13128
13124
13126
13132
13137
13131
13124
13128
13138
13134
13138
13137
13140
13142
13141
13139
13135
13129
13130
13132
13122
13121
13120
13117
13116
13123
13126
13127
13123
13131
13129
13131
13142
13140
13139
13147
13141
13143
13146
13132
13128
13133
13132
13136
13131
13128
13133
13130
13129
13127
13121
13124
13121
13116
13115
13117
13116
13124
13130
13135
13132
13137
13138
13146
13149
13140
13149
13145
13141
13142
13146
13141
13144
13136
13136
13137
13137
13126
13137
13127
13125
13122
13126
13130
13133
13136
13135
13141
13142
13143
13137
13140
13146
13146
13139
13137
13145
13141
13134
13134
13134
13144
13144
13146
13143
13139
13129
13136
13128
13137
13140
13141
13139
13140
13140
13143
13137
13132
13132
13132
13129
13138
13134
13138
13130
13136
13136
13141
13141
13129
13130
13136
13131
13134
13132
13132
13139
13130
13126
13127
13125
13132
13129
13134
13134
13140
13128
13133
13133
13135
13133
13136
13128
13133
13129
13135
13132
13123
13131
13123
13121
13126
13123
13129
13132
13138
13142
13142
13140
13133
13141
13143
13143
13141
13142
13142
13146
13140
13137
13137
13127
13132
13135
13130
13133
13127
13127
13130
13121
13121
13133
13126
13132
13134
13136
13144
13140
13133
13142
13140
13138
13142
13138
13137
13143
13145
13148
13139
13126
13120
13128
13132
13133
13131
13137
13142
13150
13141
13137
13133
13134
13136
13138
13139
13135
13137
13136
13137
13124
13130
13130
13136
13133
13138
13136
13139
13086
12821
12427
12131
11963
11877
11845
11845
11879
11915
11970
12022
12087
12138
12200
12251
12306
12355
12404
12444
12488
12524
12565
12603
12644
12674
12703
12730
12765
12781
12802
12827
12839
12854
12881
12900
12913
12935
12943
12950
12964
12973
12977
12983
12993
12998
13001
13004
13014
13025
13038
13046
13053
13061
13068
13073
13082
13085
13081
13087
13092
13093
13097
13103
13100
13099
13100
13106
13109
13118
13115
13114
13114
13116
13116
13122
13132
13135
13131
13134
13126
13116
13126
13127
13132
13125
13119
13122
13120
13120
13126
13122
13119
13124
13128
13133
13124
13120
13119
13123
13127
13121
13119
13125
13122
13131
13126
13133
13136
13135
13132
13132
13125
13135
13132
13131
13131
13136
13134
13138
13130
13124
13134
13130
13126
13138
13138
13138
13137
13139
13139
13130
13130
13123
13135
13128
13133
13128
13129
13124
13134
13125
13122
13122
13119
13123
13134
13134
13131
13135
13132
13135
13131
13135
13133
13131
13139
13137
13139
13142
13141
13135
13142
13132
13126
13123
13127
13126
13128
13123
13126
13122
13125
13125
13133
13128
13122
13122
13116
13120
13132
13129
13133
13136
13136
13132
13127
13135
13131
13126
13132
13128
13127
13126
13124
13121
13119
13121
13124
13137
13133
13132
13137
13138
13132
13129
13130
13137
13134
13130
13120
13120
13121
13120
13122
13127
13129
13133
13128
13128
13139
13132
13130
13139
13136
13137
13135
13129
13133
13128
13126
13129
13130
13135
13135
13135
13134
13125
13128
13135
13131
13128
13133
13131
13132
13134
13125
13122
13133
13135
13140
13139
13134
13123
13124
13128
13123
13132
13121
13117
13125
13121
13132
13135
13138
13136
13133
13134
13136
13132
13126
13126
13126
13127
13128
13129
13132
13131
13126
13130
13126
13132
13142
13140
13139
13146
13139
13134
13130
13118
13117
13122
13135
13131
13127
13128
13124
13122
13120
13119
13137
13136
13138
13138
13136
13134
13133
13134
13138
13137
13146
13149
13144
13141
13137
13137
13139
13139
13134
13142
13142
13134
13143
13137
13135
13137
13132
13134
13136
13139
13136
13136
13141
13140
13145
13148
13136
13138
13141
13140
13143
13138
13141
13136
13131
13136
13134
13135
13137
13135
13133
13138
13138
13140
13136
13138
13148
13146
13145
13149
13139
13135
13149
13140
13138
13140
13136
13144
13146
13140
13139
13134
13140
13136
13135
13135
13136
13132
13127
13128
13137
13136
13137
13134
13132
13125
13122
13122
13120
13131
13125
13127
13120
13126
13129
13130
13137
13137
13133
13140
13134
13137
13146
13139
13142
13147
13149
13147
13143
13141
13142
13140
13144
13143
13137
13137
13139
13141
13132
13124
13138
13138
13142
13142
13142
13148
13142
13145
13145
13143
13134
13141
13138
13138
13130
13123
13134
13136
13134
13142
13135
13132
13145
13142
13139
13140
13132
13128
13130
13132
13140
13136
13134
13122
13129
13132
13128
13135
13138
13130
13135
13139
13144
13146
13141
13145
13139
13136
13135
13133
13135
13140
13139
13145
13145
13138
13135
13128
13126
13130
13126
13125
13138
13130
13133
13134
13130
13126
13126
13129
13133
13126
13124
13116
13125
13124
13126
13132
13135
13136
13137
13129
13124
13125
13124
13127
13129
13125
13126
13123
13130
13134
13134
13144
13143
13136
13138
13141
13139
13145
13137
13125
13135
13130
13130
13137
