13136
13139
13139
13137
13136
13139
13139
13140
13132
13128
13133
13129
13124
13128
13129
13129
13136
13140
13132
13126
13133
13133
13130
13138
13135
13136
13139
13139
13136
13130
13126
13130
13129
13133
13132
13122
13128
13123
13117
13125
13123
13120
13127
13124
13126
13127
13126
13135
13135
13133
13139
13138
13137
13139
13143
13148
13145
13142
13137
13135
13135
13133
13140
13138
13135
13138
13139
13141
13145
13142
13141
13142
13137
13136
13137
13136
13135
13138
13136
13139
13129
13140
13144
13142
13140
13145
13146
13142
13143
13127
13129
13128
13128
13133
13127
13138
13138
13136
13135
13134
13134
13126
13118
13118
13118
13122
13126
13124
13134
13131
13129
13133
13134
13139
13140
13139
13129
13134
13127
13129
13125
13129
13140
13143
13137
13140
13135
13137
13132
13129
13131
13131
13132
13134
13132
13129
13124
13135
13133
13141
13143
13139
13137
13134
13128
13133
13131
13138
13135
13126
13123
13128
13126
13139
13134
13134
13130
13133
13132
13132
13128
13132
13136
13131
13138
13137
13133
13146
13139
13126
13130
13127
13126
13134
13126
13135
13132
13133
13130
13133
13142
13138
13142
13145
13141
13138
13139
13140
13141
13136
13132
13134
13128
13132
13123
13130
13128
13130
13134
13136
13129
13136
13140
13130
13133
13126
13132
13134
13129
13122
13131
13135
13125
13135
13131
13129
13134
13138
13134
13128
13123
13119
13122
13134
13129
13132
13135
13132
13128
13124
13127
13130
13129
13125
13125
13119
13122
13122
13119
13126
13122
13124
13127
13132
13136
13138
13135
13140
13142
13142
13150
13141
13140
13137
13130
13138
13137
13140
13139
13141
13139
13132
13125
13125
13124
13126
13134
13134
13142
13136
13132
13137
13135
13135
13135
13135
13141
13140
13143
13138
13128
13124
13008
12925
12877
12845
12831
12829
12830
12825
12847
12848
12860
12883
12898
12911
12926
12937
12949
12955
12972
12979
12990
13001
13005
13014
13024
13037
13044
13051
13053
13057
13059
13061
13072
13079
13082
13085
13085
13091
13089
13099
13101
13098
13101
13102
13103
13109
13104
13101
13106
13102
13108
13113
13114
13122
13112
13123
13122
13120
13125
13121
13123
13130
13123
13121
13125
13131
13141
13135
13132
13135
13134
13131
13129
13130
13138
13139
13153
13154
13143
13143
13143
13140
13145
13139
13140
13143
13137
13130
13132
13128
13131
13136
13137
13136
13130
13134
13136
13137
13134
13133
13131
13131
13133
13132
13121
13122
13132
13127
13129
13123
13129
13123
13127
13129
13129
13130
13129
13137
13128
13133
13131
13084
12966
12890
12844
12822
12812
12816
12835
12844
12857
12872
12881
12894
12905
12917
12931
12941
12956
12963
12970
12980
12987
12991
13002
13003
13021
13024
13030
13043
13046
13054
13057
13058
13063
13067
13064
13074
13069
13078
13080
13081
13088
13082
13085
13098
13097
13103
13115
13113
13116
13122
13120
13125
13121
13121
13121
13123
13126
13123
13121
13121
13121
13123
13122
13122
13123
13119
13113
13122
13118
13120
13119
13125
13122
13129
13127
13133
13121
13131
13130
13126
13125
13123
13124
13140
13131
13126
13124
13122
13125
13134
13126
13129
13135
13136
13136
13139
13136
13112
12631
11876
11419
11131
10996
10908
10890
10911
10977
11053
11151
11242
11350
11438
11542
11632
11729
11810
11900
11983
12057
12121
12190
12247
12315
12368
12420
12461
12504
12536
12575
12610
12641
12672
12700
12726
12755
12787
12821
12838
12857
12876
12888
12898
12909
12924
12941
12940
12955
12970
12974
12985
12994
13004
13019
13020
13031
13036
13037
13046
13052
13052
13064
13064
13062
13075
13076
13075
13087
13086
13086
13097
13087
13095
13104
13110
13108
13104
13106
13107
13110
13115
13109
13114
13113
13113
13116
13111
13107
13111
13113
13112
13109
13118
13117
13118
13110
13115
13112
13120
13129
13129
13133
13129
13126
13136
13134
13133
13138
13133
13129
13137
13129
13127
13124
13129
13132
13127
13123
13127
13130
13137
13132
13132
13125
13132
13137
13131
13119
13129
13129
13135
13135
13140
13133
13134
13133
13137
13135
13128
13133
13132
13138
13135
13141
13147
13149
13136
13139
13133
13124
13121
13112
13116
13120
13128
13133
13138
13150
13146
13147
13151
13146
13141
13138
13134
13136
13138
13138
13130
13133
13136
13133
13133
13126
13128
13126
13132
13123
13129
13128
13128
13131
13135
13138
13144
13147
13146
13156
13148
13142
13145
13142
13136
13134
13132
13131
13131
13131
13132
13132
13137
13140
13140
13137
13134
13137
13126
13126
13134
13132
13133
13129
13131
13135
13131
13125
13124
13114
13119
13121
13122
13125
13131
13133
13147
13151
13145
13153
13144
13147
13148
13142
13144
13138
13136
13131
13126
13118
13118
13118
13124
13125
13132
13129
13133
13136
13132
13129
13124
13131
13135
13132
13134
13131
13126
13128
13132
13134
13139
13135
13136
13137
13133
13131
13133
13129
13131
13135
13133
13137
13142
13135
13132
13136
13132
13127
13138
13136
13130
13132
13134
13141
13146
13144
13139
13143
13131
13132
13131
13128
13128
13124
13122
13119
13116
13113
13133
13132
13134
13128
13132
13136
13132
13137
13146
13140
13136
13138
13132
13130
13136
13134
13139
13133
13136
13130
13132
13139
13138
13145
13149
13146
13141
13143
13139
13142
13138
13141
13139
13138
13141
13132
13131
13127
13132
13126
13132
13127
13124
13124
13128
13124
13136
13128
13130
13133
13129
13135
13129
13131
13141
13130
13130
13124
13119
13121
13125
13130
13124
13123
13127
13129
13129
13130
13137
13146
13133
13134
13137
13130
13132
13132
13136
13133
13137
13136
13138
13128
13128
13133
13131
13131
13134
13139
13142
13137
13137
13140
13133
13125
13131
13131
13131
13134
13128
13135
13139
13140
13139
13133
13128
13127
13128
13129
13123
13130
13129
13129
13137
13136
13139
13138
13137
13138
13136
13131
13135
13125
13129
13130
13127
13130
13134
13129
13129
13126
13125
13132
13126
13134
13131
13127
13128
13137
13132
13136
13138
13142
13135
13134
13137
13127
13122
13118
13118
13121
13120
13117
13122
13110
13113
13112
13117
13122
13122
13118
13123
13113
13118
13122
13122
13121
13124
13123
13130
13132
13125
13129
13128
13126
13135
13131
13138
13131
13130
13144
13146
13156
13145
13151
13154
13154
13149
13141
13140
13144
13145
13141
13147
13141
13140
13143
13143
13146
13141
13145
13139
13132
13137
13138
13136
13142
13140
13133
13137
13129
13132
13133
13131
13131
13133
13132
13135
13139
13140
13126
13128
13127
13127
13129
13135
13140
13136
13136
13133
13138
13135
