13126
13130
13134
13135
13139
13138
13137
13136
13134
13141
13142
13144
13144
13149
13142
13140
13142
13137
13142
13137
13141
13148
13146
13143
13141
13141
13129
13134
13133
13135
13129
13135
13137
13132
13132
13126
13138
13130
13128
13133
13131
13126
13129
13128
13134
13130
13122
13125
13117
13131
13126
13123
13127
13116
13120
13129
13123
13123
13125
13122
13121
13130
13125
13126
13128
13137
13134
13130
13128
13124
13127
13135
13131
13133
13134
13130
13137
13131
13128
13131
13125
13132
13127
13134
13141
13137
13146
13144
13138
13142
13140
13137
13135
13138
13140
13145
13142
13131
13140
13137
13141
13148
13142
13141
13144
13145
13143
13147
13156
13152
13151
13151
13147
13139
13139
13133
13133
13130
13126
13125
13119
13128
13132
13131
13135
13137
13135
13135
13131
13124
13140
13129
13144
13145
13139
13141
13139
13135
13143
13146
13147
13143
13140
13146
13144
13153
13153
13141
13137
13139
13141
13143
13148
13140
13143
13143
13150
13138
13141
13138
13140
13141
13142
13141
13135
13132
13136
13140
13131
13138
13150
13144
13140
13137
13137
13138
13135
13133
13137
13133
13135
13128
13127
13123
13130
13128
13132
13132
13134
13135
13132
13138
13136
13134
13138
13130
13137
13134
13132
13136
13128
13126
13125
13127
13129
13126
13137
13132
13127
13136
13139
13134
13132
13132
13129
13146
13140
13135
13136
13121
13120
13127
13120
13121
13130
13133
13125
13126
13129
13128
13131
13127
13133
13132
13137
13134
13140
13142
13138
13139
13138
13147
13143
13141
13142
13141
13142
13142
13135
13135
13137
13136
13143
13138
13133
13145
13143
13135
13142
13146
13142
13142
13136
13131
13141
13139
13135
13136
13136
13135
13130
13126
13125
13131
13134
13133
13138
13133
13140
13144
13149
13140
13142
13137
13136
13133
13132
13132
13127
13130
13126
13129
13125
13131
13131
13134
13137
13132
13138
13141
13142
13147
13147
13148
13149
13142
13139
13141
13135
13132
13130
13138
13134
13140
13132
13128
13140
13131
13131
13128
13126
13134
13133
13138
13138
13137
13139
13140
13129
13137
13136
13136
13137
13146
13143
13144
13141
13134
13134
13126
13133
13131
13118
13124
13125
13123
13128
13129
13134
13138
13137
13139
13143
13139
13139
13133
13146
13134
13131
13134
13145
13147
13147
13147
13150
13149
13146
13153
13145
13140
13144
13142
13154
13150
13145
13141
13140
13140
13141
13139
13139
13139
13141
13146
13145
13145
13141
13138
13142
13144
13137
13135
13131
13123
13117
13118
13127
13124
13128
13133
13124
13121
13116
13126
13125
13128
13131
13138
13135
13140
13142
13138
13136
13135
13133
13137
13132
13125
13136
13128
13130
13136
13126
13113
13120
13118
13119
13126
13134
13129
13129
13124
13116
13123
13123
13121
13121
13124
13130
13132
13137
13138
13137
13134
13135
13130
13138
13145
13143
13143
13151
13144
13148
13144
13152
13149
13146
13137
13138
13127
13125
13130
13125
13126
13130
13137
13139
13136
13141
13139
13143
13137
13142
13140
13142
13136
13141
13135
13138
13139
13133
13133
13134
13127
13128
13125
13123
13124
13118
13125
13126
13129
13136
13135
13127
13135
13133
13133
13134
13130
13121
13126
13122
13120
13125
13122
13118
13011
12263
11434
10844
10382
10133
10000
9968
9988
10086
10178
10324
10459
10562
10572
10655
10740
10853
10959
11086
11193
11311
11410
11526
11609
11717
11795
11885
11954
12031
12094
12174
12227
12284
12330
12394
12439
12491
12445
12397
12371
12372
12378
12401
12429
12461
12495
12534
12564
12609
12633
12670
12695
12727
12750
12777
12799
12811
12826
12844
12857
12871
12878
12893
12906
12928
12948
12957
12981
12992
12996
13015
13009
13014
13019
13021
13034
13044
13048
13055
13060
13069
13071
13074
13076
13081
13094
13097
13099
13106
13103
13103
13110
13111
13111
13110
13115
13118
13116
13111
13116
13109
13118
13122
13117
13117
13118
13118
13126
13118
13115
13127
13118
13128
13134
13126
13132
13129
13123
13124
13123
13123
13122
13122
13128
13128
13130
13134
13143
13142
13139
13136
13133
13127
13133
13132
13143
13149
13141
13137
13147
13140
13145
13142
13134
13136
13134
13130
13134
13129
13126
13136
13130
13135
13138
13137
13131
13128
13131
13132
13132
13134
13133
13134
13136
13126
13131
13139
13134
13137
13129
13133
13138
13132
13133
13130
13138
13141
13141
13135
13132
13127
13124
13133
13129
13127
13121
13123
13132
13126
13124
13133
13135
13133
13138
13128
13127
13126
13127
13137
13134
13140
13137
13146
13143
13142
13142
13141
13136
13143
13140
13144
13149
13144
13147
13139
13141
13133
13130
13124
13130
13131
13132
13138
13133
13130
13135
13128
13136
13124
13116
13125
13122
13131
13136
13138
13134
13138
13135
13139
13135
13127
13129
13128
13133
13126
13123
13125
13118
13123
13119
13122
13122
13124
13127
13128
13124
13129
13126
13121
13126
13122
13128
13127
13129
13134
13142
13136
13143
13143
13136
13144
13142
13136
13139
13135
13133
13133
13126
13130
13134
13139
13135
13136
13138
13134
13131
13129
13129
13130
13121
13126
13130
13135
13133
13138
13137
13140
13132
13128
13126
13117
13122
13126
13123
13121
13129
13134
13133
13124
13124
13129
13124
13129
13129
13124
13125
13135
13130
13126
13122
13121
13126
13125
13123
13121
13121
13119
13126
13133
13130
13131
13133
13139
13133
13131
13132
13125
13130
13128
13131
13134
13132
13135
13135
13136
13142
13132
13135
13129
13126
13140
13139
13131
13130
13122
13129
13129
13124
13117
13117
13130
13122
13120
13122
13122
13126
13129
13128
13135
13124
13126
13129
13135
13127
13125
13124
13130
13128
13123
13132
13125
13130
13132
13130
13136
13137
13137
13138
13135
13129
13134
13132
13129
13132
13131
13137
13142
13149
13155
13152
13150
13136
13134
13134
13131
13129
13126
13127
13123
13120
13118
13121
13117
13117
13121
13125
13125
13121
13121
13129
13133
13131
13131
13128
13127
13130
13132
13135
13131
13131
13142
13143
13144
13146
13143
13150
13147
13144
13145
13139
13138
13132
13131
13137
13128
13124
13127
13127
13135
13122
13117
13127
13131
13138
13141
13132
13135
13136
13131
13134
13125
13128
13140
13132
13145
13141
13145
13143
13144
13138
13139
13137
13139
13142
13145
13146
13150
13141
13141
13136
13141
13141
13140
13138
13139
13140
13141
13135
13137
13123
13125
13130
13127
13125
13126
13133
13131
13131
13137
13136
13135
13135
13137
13135
13130
13135
13146
13146
13143
13140
13143
13147
13138
13136
13129
13130
13133
13129
13136
13128
13134
13130
