13131
13132
13137
13136
13136
13135
13135
13136
13129
13136
13143
13140
13142
13138
13133
13139
13141
13136
13142
13134
13136
13143
13140
13138
13144
13155
13138
13138
13134
13129
13123
13123
13118
13122
13126
13125
13143
13140
13142
13150
13149
13146
13144
13144
13142
13144
13142
13145
13138
13142
13137
13132
13126
13131
13133
13139
13132
13134
13144
13135
13130
13133
13125
13129
13134
13135
13135
13134
13140
13137
13143
13147
13141
13137
13123
13120
13131
13125
13125
13122
13123
13118
13121
13117
13115
13115
13120
13123
13117
13121
13128
13129
13134
13135
13140
13143
13140
13138
13148
13139
13132
13136
13131
13133
13134
13135
13131
13135
13126
13122
13123
13122
13125
13132
13136
13135
13148
13147
13147
13145
13135
13139
13134
13127
13131
13135
13133
13137
13138
13144
13150
13142
13147
13148
13148
13150
13143
13136
13135
13132
13129
13140
13130
13136
13134
13133
13134
13135
13140
13134
13142
13140
13140
13137
13137
13137
13145
13138
13133
13133
13134
13125
13125
13131
13137
13133
13124
13132
13128
13125
13129
13124
13131
13135
13133
13145
13141
13137
13142
13135
13133
13138
13135
13138
13141
13139
13137
13133
13133
13137
13133
13128
13123
13121
13126
13125
13137
13131
13137
13139
13142
13147
13141
13135
13127
13127
13124
13124
13118
13128
13133
13131
13131
13131
13133
13135
13130
13131
13143
13132
13126
13128
13126
13124
13124
13129
13130
13135
13129
13132
13136
13134
13135
13138
13134
13133
13139
13136
13147
13144
13150
13152
13152
13147
13147
13141
13133
13135
13136
13138
13149
13141
13147
13145
13136
13135
13136
13130
13141
13140
13139
13146
13136
13137
13137
13136
13139
13138
13138
13138
13135
13138
13138
13132
13132
13128
13132
13125
13134
13133
13135
13145
13151
13140
13143
13137
13135
13130
13128
13129
13124
13112
13120
13122
13126
13137
13134
13137
13148
13139
13132
13134
13134
13134
13147
13148
13143
13145
13143
13137
13142
13147
13140
13137
13139
13141
13146
13141
13134
13143
13142
13143
13137
13138
13130
13140
13140
13151
13153
13156
13151
13151
13147
13145
13144
13145
13141
13136
13144
13138
13149
13149
13141
13141
13144
13139
13144
13143
13147
13140
13142
13138
13136
13135
13131
13134
13131
13134
13137
13132
13129
13128
13121
13128
13136
13129
13132
13132
13128
13135
13137
13138
13150
13149
13142
13138
13135
13137
13149
13136
13142
13140
13140
13134
13127
13125
13129
13137
13134
13133
13124
13131
13131
13128
13125
13122
13129
13128
13129
13129
13129
13135
13141
13144
13145
13148
13146
13143
13142
13147
13147
13140
13145
13141
13146
13141
13133
13129
13134
13131
13131
13134
13133
13135
13134
13135
13137
13142
13141
13132
13139
13145
13140
13140
13142
13141
13135
13129
13130
13130
13129
13127
13132
13132
13138
13140
13145
13142
13131
13133
13136
13138
13135
13132
13141
13140
13139
13131
13142
13132
13131
13144
13144
13142
13140
13132
13129
13123
13122
13127
13129
13131
13139
13142
13139
13143
13145
13144
13140
13139
13138
13146
13146
13143
13145
13139
13132
13133
13129
13137
13134
13133
13133
13136
13136
13140
13144
13140
13147
13142
13143
13138
13134
13132
13131
13126
13032
12624
12152
11792
11504
11338
11268
11245
11281
11323
11403
11476
11562
11639
11730
11810
11894
11959
12040
12094
12172
12234
12291
12342
12402
12446
12495
12534
12563
12590
12630
12657
12701
12721
12746
12772
12797
12817
12838
12857
12873
12890
12909
12911
12924
12937
12948
12954
12975
12984
13000
13005
13007
13025
13028
13029
13038
13039
13046
13052
13047
13060
13061
13067
13080
13079
13088
13085
13089
13100
13108
13111
13112
13112
13108
13107
13110
13110
13109
13111
13110
13115
13112
13104
13110
13114
13118
13120
13118
13115
13123
13123
13124
13123
13118
13117
13113
13114
13124
13125
13123
13126
13123
13123
13125
13122
13127
13136
13135
13129
13125
13125
13126
13120
13118
13127
13123
13128
13132
13123
13129
13133
13144
13133
13137
13139
13148
13150
13141
13130
13131
13133
13136
13134
13133
13130
13130
13126
13132
13129
13130
13130
13122
13124
13124
13126
13127
13134
13138
13144
13143
13136
13144
13135
13132
13141
13133
13131
13136
13140
13137
13141
13134
13129
13131
13127
13130
13132
13130
13126
13130
13129
13137
13137
13135
13127
13130
13138
13136
13140
13140
13141
13138
13141
13137
13131
13140
13137
13137
13140
13135
13126
13130
13128
13131
13132
13129
13130
13134
13135
13143
13145
13144
13138
13143
13144
13145
13147
13144
13147
13156
13152
13149
13150
13151
13148
13148
13153
13155
13153
13143
13143
13143
13144
13146
13145
13148
13146
13147
13150
13137
13122
13131
13127
13128
13130
13126
13136
13134
13135
13137
13133
13131
13132
13136
13138
13141
13139
13136
13132
13138
13135
13136
13147
13139
13140
13134
13142
13141
13140
13137
13144
13136
13139
13136
13133
13134
13137
13125
13128
13113
13115
13126
13123
13125
13125
13126
13130
13137
13134
13134
13130
13126
13128
13134
13134
13129
13134
13143
13140
13142
13135
13133
13128
13122
13126
13118
13120
13128
13133
13130
13136
13134
13138
13152
13150
13143
13147
13151
13148
13141
13139
13146
13146
13141
13138
13137
13141
13139
13138
13136
13132
13126
13122
13129
13137
13131
13129
13133
13132
13139
13140
13141
13147
13145
13149
13144
13144
13143
13140
13135
13146
13138
13145
13150
13147
13141
13144
13147
13152
13151
13145
13154
13142
13140
13142
13141
13134
13131
13129
13133
13123
13129
13127
13123
13137
13131
13142
13137
13140
13148
13141
13146
13156
13154
13148
13151
13150
13146
13145
13143
13148
13149
13150
13145
13136
13139
13143
13142
13148
13144
13136
13146
13142
13141
13139
13136
13140
13146
13141
13148
13142
13146
13146
13151
13154
13143
13142
13137
13139
13133
13128
13126
13138
13136
13139
13136
13141
13144
13144
13139
13134
13123
13131
13127
13132
13134
13135
13137
13142
13138
13129
13146
13136
13129
13131
13123
13130
13137
13132
13133
13142
13140
13139
13142
13142
13139
13138
13133
13131
13132
13127
13126
13128
13128
13131
13129
13128
13135
13136
13138
13144
13137
13138
13132
13131
13135
13131
13131
13126
13124
13119
13127
13120
13112
13119
13116
13117
13126
13118
13124
13123
13136
13127
13133
13133
13131
13138
13139
13130
13140
13128
13131
13134
13138
13145
13144
13147
13143
13140
13138
13143
13137
13139
13138
13137
13133
13140
13135
13139
13126
13131
13136
13132
13132
13137
13133
13136
13135
13137
13131
13134
13138
13133
