13123
13120
13122
13118
13123
13115
13114
13118
13119
13127
13129
13129
13128
13138
13136
13140
13137
13138
13143
13138
13130
13123
13118
13125
13118
13113
13117
13110
13111
13120
13123
13125
13122
13127
13134
13135
13137
13132
13131
13124
13127
13126
13125
13116
13115
13109
13118
13121
13125
13133
13130
13124
13127
13125
13126
13129
13125
13120
13126
13125
13126
13126
13128
13132
13131
13125
13128
13128
13127
13134
13133
13137
13139
13143
13145
13135
13132
13131
13131
13125
13124
13120
13121
13122
13133
13122
13124
13125
13129
13130
13126
13124
13125
13127
13134
13135
13135
13139
13143
13131
13130
13131
13126
13129
13124
13124
13129
13126
13120
13126
13129
13127
13133
13138
13148
13163
13165
13155
13149
13147
13140
13142
13143
13138
13145
13138
13141
13145
13142
13141
13149
13140
13145
13134
13129
13130
13132
13130
13142
13138
13141
13136
13128
13132
13126
13125
13131
13125
13126
13128
13128
13127
13135
13128
13136
13132
13129
13130
13133
13139
13137
13138
13136
13131
13137
13140
13143
13146
13144
13146
13144
13141
13138
13137
13143
13134
13135
13130
13139
13134
13138
13143
13143
13146
13147
13138
13147
13143
13147
13151
13151
13150
13144
13141
13146
13147
13143
13132
13128
13122
13122
13117
13119
13125
13133
13127
13137
13142
13138
13144
13145
13139
13136
13131
13127
13130
13124
13129
13130
13121
13128
13132
13132
13137
13135
13129
13136
13133
13126
13138
13141
13138
13136
13123
13125
13124
13123
13126
13123
13129
13127
13129
13129
13129
13134
13129
13129
13136
13136
13139
13144
13137
13140
13133
13136
13141
13138
13134
13134
13134
13135
13135
13135
13139
13135
13122
13134
13127
13131
13136
13129
13133
13134
13136
13139
13136
13136
13138
13142
13143
13150
13142
13147
13140
13141
13136
13136
13137
13135
13139
13134
13132
13132
13133
13133
13130
13124
13133
13136
13125
13130
13128
13134
13146
13137
13131
13138
13128
13136
13134
13128
13128
13140
13138
13135
13140
13143
13141
13151
13146
13150
13144
13139
13138
13143
13136
13133
13137
13133
13138
13134
13132
13132
13126
13124
13128
13122
13129
13136
13126
13134
13131
13129
13135
13132
13126
13132
13125
13127
13127
13134
13133
13137
13139
13139
13143
13138
13138
13135
13137
13130
13125
13121
13118
13133
13130
13130
13125
13119
13116
13109
13114
13117
13120
13124
13134
13133
13132
13130
13129
13133
13138
13138
13137
13131
13127
13127
13132
13129
13131
13126
13127
13131
13134
13132
13133
13133
13134
13137
13132
13135
13129
13132
13126
13132
13123
13125
13128
13132
13134
13132
13138
13133
13131
13134
13131
13130
13133
13137
13136
13139
13139
13136
13139
13134
13130
13140
13132
13134
13141
13141
13139
13136
13125
13127
13129
13131
13126
13126
13130
13126
13125
13126
13122
13131
13127
13125
13125
13128
13129
13121
13122
13119
13120
13130
13145
13141
13141
13140
13135
13145
13148
13147
13150
13144
13147
13153
13144
13145
13138
13142
13132
13128
13128
13123
13119
13128
13127
13122
13118
13116
13125
13121
13122
13131
13126
13128
13137
13141
13144
13141
13137
13142
13138
13138
13140
13138
13142
13141
13139
13144
13146
13147
12972
11955
10998
10244
9705
9457
9332
9348
9411
9545
9682
9865
10017
10209
10364
10546
10688
10850
10982
11130
11245
11385
11479
11588
11672
11659
11656
11697
11735
11794
11853
11913
11973
12037
12094
12163
12213
12275
12327
12383
12431
12473
12507
12561
12582
12621
12652
12685
12708
12739
12759
12778
12803
12829
12847
12872
12889
12897
12903
12914
12921
12942
12955
12963
12978
12991
13007
13013
13019
13028
13029
13035
13045
13044
13050
13055
13059
13068
13069
13067
13068
13069
13073
13085
13077
13077
13084
13091
13096
13096
13095
13097
13094
13097
13096
13099
13106
13110
13113
13114
13111
13121
13106
13106
13108
13104
13110
13110
13115
13120
13124
13127
13127
13128
13115
13115
13121
13126
13129
13126
13128
13123
13125
13131
13131
13118
13130
13131
13132
13136
13137
13141
13145
13149
13143
13137
13141
13140
13135
13131
13129
13141
13131
13131
13133
13136
13136
13129
13129
13131
13132
13128
13133
13131
13133
13142
13132
13134
13136
13132
13133
13133
13132
13140
13134
13127
13134
13132
13137
13133
13141
13142
13147
13153
13148
13154
13147
13144
13148
13149
13147
13145
13139
13144
13145
13139
13133
13134
13123
13123
13123
13129
13136
13137
13141
13141
13141
13140
13145
13145
13147
13143
13138
13145
13139
13136
13129
13130
13128
13129
13124
13129
13135
13133
13126
13125
13123
13126
13130
13124
13119
13127
13121
13124
13122
13130
13126
13130
13132
13131
13133
13121
13130
13121
13120
13124
13115
13117
13123
13122
13124
13122
13119
13129
13125
13134
13137
13139
13137
13139
13133
13135
13129
13133
13124
13117
13119
13125
13124
13126
13123
13126
13122
13131
13134
13130
13124
13123
13124
13130
13132
13135
13136
13132
13143
13150
13148
13156
13154
13153
13152
13148
13138
13134
13125
13128
13138
13130
13124
13126
13128
13119
13122
13127
13128
13135
13137
13143
13144
13145
13141
13149
13145
13142
13136
13137
13137
13131
13131
13131
13129
13133
13129
13125
13129
13130
13133
13138
13140
13136
13143
13142
13137
13148
13138
13139
13144
13138
13144
13146
13140
13138
13134
13129
13119
13112
13115
13105
13111
13117
13125
13137
13138
13138
13134
13136
13138
13139
13133
13122
13124
13122
13131
13125
13125
13133
13126
13124
13128
13130
13131
13118
13120
13130
13132
13132
13136
13133
13132
13131
13128
13130
13134
13135
13128
13130
13123
13126
13120
13117
13116
13118
13114
13128
13126
13130
13130
13132
13132
13136
13137
13139
13137
13133
13134
13133
13131
13133
13136
13133
13141
13131
13126
13130
13129
13126
13135
13132
13131
13132
13132
13137
13135
13137
13130
13131
13131
13131
13137
13133
13125
13135
13126
13125
13133
13133
13133
13130
13135
13133
13125
13127
13128
13125
13126
13127
13113
13114
13121
13122
13121
13124
13122
13141
13137
13144
13145
13141
13144
13144
13139
13137
13139
13140
13128
13127
13135
13129
13126
13126
13131
13136
13127
13123
13126
13126
13118
13122
13124
13127
13132
13136
13138
13139
13140
13142
13138
13140
13134
13134
13137
13132
13129
13135
13126
13127
13131
13131
13128
13133
13136
13133
13128
13136
13129
13126
13130
13133
13134
13134
13129
13140
13132
13135
13138
13133
13137
13136
13135
13133
13138
13137
13137
13139
13143
13141
13134
13131
13125
13123
13137
13137
13133
13134
13138
13141
13139
