13139
13136
13137
13136
13134
13130
13125
13126
13125
13130
13136
13132
13147
13144
13142
13149
13145
13135
13133
13132
13133
13134
13130
13128
13127
13137
13133
13127
13139
13149
13150
13153
13148
13140
13155
13144
13144
13144
13137
13135
13134
13134
13136
13139
13144
13146
13144
13143
13143
13138
13140
13140
13147
13146
13142
13137
13128
13125
13124
13125
13129
13127
13131
13138
13142
13139
13135
13125
13134
13130
13135
13141
13135
13131
13146
13130
13124
13129
13126
13133
13133
13131
13130
13123
13131
13134
13138
13145
13138
13140
13132
13129
13128
13123
13111
13114
13117
13124
13122
13124
13122
13119
13114
13125
13119
13122
13126
13129
13135
13125
13126
13127
13128
13132
13135
13128
13127
13133
13128
13125
13132
13124
13128
13133
13135
13132
13132
13133
13131
13142
13138
13133
13132
13128
13131
13134
13126
13123
13126
13122
13127
13127
13129
13132
13131
13134
13137
13136
13142
13139
13134
13141
13140
13135
13140
13143
13136
13141
13137
13133
13135
13138
13133
13137
13136
13129
13141
13141
13139
13134
13128
13126
13141
13124
13126
13124
13116
13116
13110
13114
13123
13129
13129
13129
13125
13132
13142
13137
13135
13141
13134
13146
13134
13130
13139
13135
13134
13136
13129
13137
13135
13133
13129
13134
13134
13129
13131
13133
13138
13137
13135
13132
13134
13128
13128
13126
13127
13131
13130
13125
13133
13131
13125
13127
13114
13126
13129
13130
13132
13129
13124
13131
13128
13134
13140
13131
13124
13129
13126
13135
13136
13142
13139
13140
13137
13130
13128
13130
13130
13134
13134
13137
13142
13134
13132
13137
13134
13129
13124
13128
13132
13127
13129
13137
13134
13132
13136
13127
13130
13139
13137
13143
13145
13142
13144
13145
13141
13137
13129
13130
13131
13134
13126
13123
13117
13118
13125
13131
13133
13136
13134
13137
13142
13134
13134
13136
13134
13132
13133
13123
13130
13132
13126
13128
13128
13132
13134
13140
13143
13138
13134
13139
13134
13137
13148
13135
13132
13138
13138
13137
13147
13142
13143
13139
13140
13141
13150
13149
13148
13146
13145
13145
13151
13148
13148
13147
13147
13143
13147
13135
13126
13132
13130
13131
13124
13126
13131
13132
13121
13123
13121
13125
13118
13120
13122
13124
13130
13131
13127
13126
13129
13130
13130
13126
13123
13119
13117
13125
13125
13127
13131
13129
13138
13132
13134
13137
13134
13138
13140
13138
13142
13135
13129
13130
13129
13122
13129
13118
13129
13132
13128
13133
13129
13131
13139
13133
13133
13138
13136
13134
13134
13131
13128
13137
13138
13127
13128
13133
13124
13128
13135
13128
13130
13132
13138
13139
13135
13131
13088
12976
12909
12869
12840
12832
12831
12845
12853
12861
12871
12889
12903
12923
12925
12934
12946
12952
12961
12971
12976
12991
13008
13021
13026
13032
13044
13042
13054
13066
13065
13081
13072
13067
13082
13086
13091
13098
13092
13097
13093
13106
13105
13103
13102
13112
13111
13119
13114
13114
13114
13116
13119
13118
13115
13127
13133
13128
13128
13132
13129
13124
13119
13118
13120
13121
13119
13111
13113
13125
13125
13130
13135
13130
13132
13129
13122
13122
13120
13115
13118
13121
13117
13122
13124
13129
13128
13138
13144
13143
12887
12176
11426
10718
10162
9842
9721
9682
9743
9820
9964
10097
10268
10412
10581
10710
10876
11004
11142
11263
11391
11494
11606
11695
11797
11869
11953
12021
12089
12155
12217
12273
12330
12377
12425
12472
12509
12552
12591
12622
12664
12686
12719
12750
12767
12781
12820
12839
12868
12885
12893
12913
12930
12934
12942
12948
12961
12964
12972
12973
12980
12989
12999
13010
13029
13030
13037
13049
13054
13061
13069
13071
13078
13080
13085
13082
13082
13093
13092
13101
13100
13101
13100
13105
13105
13098
13105
13102
13099
13103
13099
13105
13110
13114
13111
13114
13124
13128
13129
13131
13130
13120
13125
13119
13125
13118
13118
13118
13117
13114
13111
13112
13113
13113
13119
13130
13118
13118
13121
13117
13126
13130
13133
13133
13131
13131
13135
13126
13125
13134
13126
13131
13126
13132
13135
13133
13135
13131
13135
13140
13139
13143
13145
13147
13148
13137
13139
13145
13145
13137
13142
13141
13140
13137
13136
13140
13141
13143
13144
13133
13138
13139
13133
13138
13133
13131
13138
13135
13142
13149
13148
13138
13146
13144
13139
13128
13132
13131
13126
13130
13130
13122
13126
13125
13125
13125
13121
13122
13128
13122
13121
13122
13123
13131
13132
13137
13136
13142
13140
13138
13138
13142
13136
13137
13141
13139
13149
13139
13139
13140
13136
13138
13140
13137
13141
13138
13137
13133
13133
13140
13135
13134
13132
13126
13133
13124
13129
13136
13142
13148
13148
13141
13140
13136
13140
13138
13125
13132
13130
13128
13131
13130
13131
13143
13132
13134
13137
13134
13126
13132
13138
13141
13133
13133
13140
13133
13134
13133
13136
13135
13134
13140
13138
13133
13142
13138
13144
13142
13146
13151
13150
13148
13146
13142
13140
13140
13130
13133
13136
13132
13133
13132
13130
13132
13139
13137
13140
13137
13137
13138
13134
13131
13130
13129
13133
13131
13136
13138
13141
13139
13132
13131
13137
13136
13148
13139
13138
13137
13141
13138
13141
13137
13129
13133
13137
13137
13132
13135
13140
13133
13132
13133
13132
13137
13143
13140
13142
13138
13142
13145
13140
13138
13139
13143
13144
13137
13136
13140
13141
13143
13147
13141
13141
13139
13138
13135
13130
13138
13142
13143
13134
13132
13130
13136
13140
13142
13130
13136
13144
13141
13140
13140
13140
13149
13146
13144
13144
13136
13133
13138
13141
13144
13143
13144
13142
13146
13147
13142
13138
13138
13133
13132
13127
13126
13136
13136
13136
13134
13132
13133
13134
13131
13136
13132
13125
13133
13126
13125
13132
13129
13125
13124
13122
13134
13137
13122
13133
13136
13128
13130
13127
13126
13130
13126
13128
13130
13131
13132
13129
13138
13132
13130
13134
13132
13140
13135
13139
13141
13136
13127
13126
13134
13143
13145
13150
13146
13138
13146
13150
13145
13148
13149
13145
13143
13143
13138
13153
13143
13140
13151
13144
13135
13132
13136
13130
13128
13133
13138
13136
13141
13138
13134
13134
13130
13138
13132
13128
13138
13136
13140
13135
13129
13136
13139
13137
13129
13120
13123
13136
13136
13138
13139
13137
13138
13147
13138
13136
13132
13130
13135
13136
13132
13143
13141
13140
13136
13142
13138
13140
13144
13146
13135
13130
13130
13137
13132
13138
13138
13142
13131
13134
13132
13144
13137
13142
13144
13140
13141
13138
13132
13130
13127
