13119
13127
13125
13124
13132
13131
13125
13132
13126
13122
13130
13127
13127
13136
13139
13138
13137
13135
13138
13139
13145
13141
13144
13147
13150
13147
13145
13146
13143
13138
13139
13136
13136
13137
13137
13136
13128
13126
13126
13134
13129
13133
13138
13134
13135
13135
13119
13122
13125
13124
13134
13132
13133
13137
13133
13137
13136
13128
13134
13137
13139
13140
13138
13138
13141
13142
13140
13138
13142
13140
13143
13145
13145
13138
13142
13139
13134
13139
13130
13138
13126
13127
13130
13131
13131
13136
13137
13138
13135
13127
13134
13127
13128
13132
13123
13131
13133
13133
13134
13136
13145
13145
13144
13151
13153
13143
13142
13139
13143
13144
13140
13138
13138
13138
13135
13137
13132
13136
13131
13133
13127
13131
13128
13131
13133
13128
13121
13121
13120
13119
13123
13124
13113
13122
13128
13135
13140
13132
13130
13128
13139
13127
13129
13131
13130
13128
13129
13131
13134
13127
13131
13137
13132
13128
13131
13126
13130
13134
13137
13137
13139
13135
13144
13138
13136
13137
13138
13132
13131
13131
13138
13139
13130
13137
13133
13134
13128
13134
13140
13137
13137
13137
13135
13138
13142
13137
13142
13134
13145
13137
13141
13141
13142
13138
13136
13138
13137
13138
13129
13128
13125
13133
13135
13126
13131
13127
13138
13138
13131
13125
13131
13123
13124
13128
13129
13125
13138
13144
13140
13139
13135
13134
13134
13137
13134
13132
13130
13130
13143
13130
13127
13131
13130
13128
13128
13135
13136
13132
13127
13132
13127
13129
13137
13130
13125
13132
13130
13130
13124
13123
13134
13129
13134
13140
13142
13149
13147
13143
13141
13145
13137
13139
13145
13145
13141
13147
13143
13138
13145
13143
13136
13136
13135
13133
13139
13139
13146
13149
13149
13144
13145
13147
13142
13138
13132
13130
13134
13135
13128
13124
13138
13135
13134
13136
13132
13136
13134
13134
13134
13135
13137
13128
13124
13128
13128
13129
13127
13130
13137
13136
13127
13127
13124
13127
13133
13138
13135
13130
13130
13131
13124
13128
13125
13120
13124
13121
13121
13121
13120
13117
13121
13118
13111
13121
13116
13120
13123
13125
13128
13130
13132
13134
13135
13138
13139
13138
13139
13131
13142
13138
13133
13138
13137
13137
13134
13136
13134
13141
13136
13131
13118
13129
13132
13133
13134
13133
13137
13147
13148
13152
13154
13147
13150
13148
13145
13149
13145
13147
13150
13143
13141
13135
13134
13138
13140
13149
13141
13135
13140
13125
13123
13134
13127
13134
13128
13138
13144
13147
13142
13149
13144
13144
13140
13138
13139
13146
13147
13145
13142
13132
13134
13134
13128
13131
13126
13112
13118
13117
13118
13118
13128
13125
13137
13134
13127
13130
13125
13132
13142
13140
13139
13137
13137
13139
13137
13136
13136
13137
13142
13155
13151
13148
13143
13139
13139
13138
13127
13135
13132
13131
13146
13136
13145
13141
13141
13150
13145
13153
13152
13143
13157
13153
13147
13152
13152
13146
13136
13137
13142
13122
13114
13120
13127
13133
13141
13141
13138
13150
13150
13150
13135
13135
13141
13137
13132
13132
13136
13138
13128
13133
13142
13139
13136
13142
13134
13136
13139
13130
13131
13132
13130
13003
12453
11845
11374
11086
10934
10857
10874
10904
10986
11062
11174
11268
11378
11474
11581
11676
11775
11857
11937
12005
12080
12138
12203
12261
12324
12379
12428
12464
12515
12465
12411
12402
12401
12408
12426
12452
12485
12512
12559
12588
12619
12656
12675
12701
12733
12751
12782
12796
12816
12841
12863
12881
12892
12905
12921
12944
12956
12974
12980
12991
12998
13005
13010
13008
13019
13020
13029
13030
13040
13046
12977
12872
12818
12774
12757
12752
12761
12768
12786
12809
12819
12837
12845
12868
12884
12898
12912
12920
12927
12946
12965
12981
12983
12990
13004
13015
13022
13035
13036
13051
13054
13055
13060
13067
13065
13071
13069
13068
13076
13075
13083
13095
13081
13087
13091
13093
13090
13091
13094
13092
13103
13113
13109
13107
13103
13103
13111
13103
13101
13110
13117
13113
13120
13123
13130
13131
13131
13136
13131
13142
13135
13137
13133
13125
13128
13140
13135
13134
13139
13137
13132
13140
13137
13140
13135
13136
13129
13131
13131
13128
13127
13132
13120
13121
13125
13119
13128
13121
13126
13131
13125
13132
13126
13122
13129
13138
13132
13133
13133
13137
13138
13134
13136
13136
13135
13138
13137
13133
13136
13130
13134
13139
13132
13132
13143
13139
13137
13131
13122
13126
13133
13135
13129
13133
13131
13130
13135
13130
13122
13129
13133
13137
13141
13139
13145
13147
13147
13142
13129
13136
13134
13138
13142
13150
13143
13143
13135
13134
13133
13119
13114
13116
13114
13117
13117
13119
13126
13124
13127
13128
13134
13138
13134
13135
13132
13131
13133
13129
13126
13136
13132
13132
13128
13131
13123
13127
13130
13137
13127
13129
13126
13130
13135
13124
13120
13129
13124
13128
13126
13120
13121
13131
13128
13132
13133
13129
13129
13133
13136
13136
13134
13131
13123
13127
13126
13132
13131
13130
13127
13136
13136
13134
13138
13141
13145
13142
13145
13144
13138
13137
13130
13131
13128
13137
13147
13141
13135
13128
13134
13133
13132
13130
13124
13129
13133
13134
13141
13140
13134
13132
13135
13135
13137
13141
13140
13147
13159
13149
13144
13140
13134
13130
13117
13122
13125
13131
13126
13128
13123
13130
13128
13124
13123
13123
13126
13130
13128
13127
13131
13128
13130
13129
13125
13129
13132
13130
13130
13129
13126
13122
13119
13116
13121
13124
13122
13129
13134
13130
13126
13137
13137
13135
13131
13133
13131
13136
13136
13140
13134
13141
13135
13133
13134
13129
13124
13124
13114
13110
13113
13117
13116
13122
13127
13131
13129
13133
13135
13136
13140
13136
13138
13145
13146
13143
13127
13130
13135
13130
13123
13132
13125
13129
13138
13139
13135
13138
13131
13137
13130
13132
13126
13118
13123
13127
13119
13129
13126
13120
13135
13134
13134
13143
13142
13139
13137
13136
13129
13131
13134
13129
13135
13130
13136
13132
13134
13123
13130
13120
13119
13128
13126
13137
13130
13141
13131
13134
13136
13130
13123
13122
13124
13119
13122
13118
13126
13132
13131
13123
13132
13131
13133
13137
13137
13142
13142
13142
13139
13136
13129
13123
13127
13129
13124
13128
13129
13116
13124
13114
13118
13122
13121
13125
13123
13124
13126
13133
13131
13137
13134
13137
13145
13138
13137
13134
13131
13137
13133
13133
13144
13138
13131
13140
13137
13131
13134
13131
13128
13127
13130
13124
13122
13124
13134
13130
13125
13122
13132
13125
