13140
13139
13142
13140
13140
13135
13140
13133
13137
13142
13137
13130
13128
13127
13126
13129
13121
13124
13121
13129
13135
13128
13131
13129
13123
13130
13141
13133
13146
13143
13139
13146
13141
13128
13128
13125
13130
13139
13140
13134
13144
13144
13139
13144
13145
13137
13133
13135
13129
13138
13140
13138
13147
13137
13140
13144
13140
13140
13132
13137
13140
13140
13136
13137
13134
13130
13129
13123
13125
13130
13132
13138
13136
13133
13137
13137
13127
13129
13121
13123
13129
13125
13125
13131
13134
13139
13136
13139
13140
13143
13142
13135
13139
13129
13125
13128
13126
13124
13126
13128
13134
13131
13131
13129
13129
13135
13133
13131
13132
13141
13137
13138
13138
13133
13139
13127
13134
13132
13123
13122
13131
13129
13128
13128
13134
13134
13136
13139
13140
13140
13146
13150
13154
13146
13139
13140
13139
13140
13144
13144
13151
13146
13151
13150
13145
13139
13144
13140
13142
13141
13140
13140
13141
13134
13139
13133
13130
13128
13131
13129
13123
13126
13123
13125
13124
13121
13121
13126
13127
13129
13126
13128
13130
13120
13117
13122
13117
13130
13132
13132
13127
13126
13119
13124
13117
13124
13124
13126
13136
13144
13145
13155
13153
13150
13158
13149
13147
13146
13144
13136
13136
13133
13138
13137
13138
13137
13143
13138
13137
13142
13137
13133
13140
13129
13130
13131
13126
13129
13129
13129
13132
13144
13131
13136
13124
13127
13128
13126
13126
13131
13131
13139
13125
13124
13135
13132
13133
13131
13131
13125
13135
13128
13128
13132
13131
13131
13131
13135
13132
13129
13130
13125
13127
13122
13127
13128
13130
13136
13130
13126
13131
13129
13126
13132
13131
13131
13128
13133
13138
13141
13139
13146
13142
13136
13142
13136
13142
13147
13141
13146
13149
13143
13146
13145
13143
13144
13139
13149
13137
13139
13135
13132
13142
13136
13136
13138
13140
13132
13128
13129
13133
13133
13128
13128
13124
13124
13132
13136
13142
13141
13142
13149
13142
13143
13153
13146
13142
13137
13134
13146
13150
13150
13153
13142
13146
13138
13136
13136
13128
13137
13134
13129
13137
13137
13145
13143
13142
13140
13142
13136
13135
13128
13136
13132
13135
13133
13134
13133
13136
13136
13138
13134
13129
13127
13133
13132
13132
13135
13137
13137
13141
13137
13136
13136
13141
13138
13134
13138
13133
13132
13128
13129
13130
13128
13127
13139
13135
13139
13139
13137
13126
13134
13131
13132
13125
13120
13124
13122
13127
13125
13124
13128
13130
13135
13139
13131
13132
13136
13133
13139
13135
13137
13130
13128
13132
13135
13140
13147
13143
13137
13136
13130
13146
13136
13138
13143
13141
13144
13139
13138
13145
13143
13149
13147
13135
13138
13142
13137
13131
13128
13128
13137
13135
13132
13141
13137
13134
13134
13132
13147
13145
13147
13152
13154
13150
13147
13147
13148
13141
13134
13132
13131
13131
13118
13121
13126
13125
13125
13127
13128
13134
13135
13133
13140
13142
13140
13146
13132
13131
13137
13137
13141
13143
13142
13146
13134
13135
13137
13137
13135
13137
13137
13142
13142
13150
13147
13150
13151
13140
13142
13142
13137
13143
13135
13132
13137
13131
13133
13135
13136
13143
13140
13130
12903
12376
11900
11569
11366
11273
11234
11261
11305
11379
11445
11541
11617
11717
11803
11897
11971
12053
12118
12188
12245
12307
12358
12413
12460
12504
12534
12567
12603
12638
12670
12700
12724
12747
12777
12798
12808
12837
12859
12880
12898
12906
12925
12937
12948
12959
12973
12980
12990
12999
13007
13025
13020
13028
13037
13045
13044
13048
13052
13046
13049
13048
13047
13053
13073
13070
13074
13077
13076
13091
13088
13089
13099
13095
13104
13106
13112
13119
13117
13118
13121
13112
13118
13118
13121
13120
13125
13120
13125
13119
13108
13115
13112
13113
13116
13110
13110
13114
13125
13128
13132
13137
13138
13138
13147
13142
13138
13142
13144
13144
13136
13130
13132
13123
13121
13120
13126
13134
13138
13134
13139
13137
13135
13135
13137
13136
13133
13125
13126
13117
13117
13121
13122
13126
13131
13130
13128
13130
13140
13150
13145
13145
13134
13137
13138
13140
13139
13141
13139
13139
13144
13139
13140
13141
13137
13134
13132
13142
13140
13138
13135
13127
13129
13133
13129
13130
13133
13132
13135
13131
13122
13125
13118
13122
13131
13130
13133
13135
13137
13144
13140
13145
13135
13140
13138
13142
13147
13146
13145
13149
13138
13135
13133
13126
13125
13131
13133
13137
13135
13132
13136
13135
13131
13139
13131
13131
13134
13132
13137
13140
13134
13141
13135
13130
13141
13141
13143
13138
13134
13132
13132
13131
13136
13137
13142
13139
13128
13125
13128
13133
13126
13125
13133
13127
13131
13127
13129
13127
13121
13129
13131
13126
13133
13137
13130
13137
13136
13132
13140
13129
13132
13136
13127
13139
13148
13142
13135
13130
13132
13132
13129
13136
13136
13143
13146
13137
13138
13136
13138
13143
13137
13130
13130
13127
13132
13133
13127
13127
13133
13131
13135
13123
13121
13131
13136
13141
13138
13139
13142
13141
13134
13136
13134
13133
13134
13129
13131
13130
13129
13132
13133
13132
13135
13139
13135
13132
13139
13129
13132
13130
13125
13131
13140
13140
13142
13137
13140
13143
13139
13136
13141
13132
13131
13133
13134
13129
13130
13123
13130
13126
13119
13132
13126
13130
13124
13136
13138
13139
13142
13143
13138
13139
13138
13138
13140
13130
13131
13135
13132
13134
13126
13129
13122
13118
13123
13124
13124
13130
13130
13126
13126
13125
13137
13136
13137
13143
13136
13128
13134
13134
13134
13136
13132
13131
13136
13132
13135
13136
13138
13136
13140
13145
13138
13141
13143
13142
13141
13135
13132
13138
13132
13127
13135
13135
13136
13136
13133
13134
13135
13136
13140
13136
13137
13137
13139
13141
13144
13142
13139
13138
13134
13135
13130
13130
13137
13137
13132
13137
13137
13136
13137
13140
13138
13131
13138
13123
13123
13122
13121
13133
13128
13119
13124
13126
13136
13137
13140
13145
13142
13143
13138
13136
13132
13127
13122
13127
13127
13126
13136
13127
13130
13143
13141
13134
13133
13130
13133
13134
13141
13144
13147
13146
13137
13138
13138
13130
13129
13125
13127
13134
13133
13134
13137
13133
13133
13134
13135
13141
13138
13141
13141
13133
13134
13131
13132
13126
13129
13125
13128
13126
13131
13138
13132
13132
13134
13134
13133
13138
13137
13130
13125
13120
13124
13130
13130
13131
13133
13129
13123
13141
13131
13137
13134
13128
13130
13137
13138
13141
13137
13136
13141
13143
13141
13136
13135
13139
13138
