13131
13139
13134
13133
13141
13142
13144
13138
13130
13132
13122
13125
13126
13123
13122
13125
13125
13133
13137
13133
13135
13132
13134
13133
13133
13137
13138
13123
13125
13127
13131
13135
13133
13130
13135
13134
13133
13137
13131
13128
13134
13138
13143
13137
13141
13146
13143
13142
13144
13145
13143
13142
13141
13130
13125
13125
13124
13132
13134
13132
13137
13136
13132
13137
13126
13127
13127
13126
13134
13136
13140
13142
13136
13132
13142
13137
13133
13138
13131
13136
13139
13138
13133
13130
13138
13144
13143
13146
13148
13147
13147
13146
13146
13141
13135
13135
13131
13130
13128
13130
13140
13140
13137
13147
13134
13136
13138
13137
13135
13130
13136
13138
13137
13140
13136
13128
13130
13136
13126
13134
13132
13135
13140
13133
13128
13123
13127
13130
13126
13129
13127
13123
13127
13126
13129
13138
13131
13126
13131
13134
13136
13144
13142
13141
13138
13137
13153
13141
13142
13139
13145
13143
13136
13132
13134
13130
13127
13125
13120
13122
13129
13132
13131
13132
13138
13130
13133
13134
13134
13128
13128
13128
13125
13129
13132
13141
13147
13141
13137
13133
13131
13132
13132
13127
13129
13135
13145
13137
13135
13135
13133
13138
13141
13133
13145
13138
13139
13138
13131
13137
13139
13135
13138
13142
13142
13138
13142
13139
13138
13139
13139
13141
13147
13138
13136
13142
13147
13139
13136
13139
13144
13147
13146
13141
13132
13133
13134
13126
13130
13132
13136
13142
13148
13142
13142
13137
13138
13143
13138
13138
13142
13139
13137
13137
13137
13135
13139
13139
13139
13141
13135
13138
13142
13139
13133
13144
13143
13140
13140
13135
13136
13134
13127
13135
13132
13138
13137
13142
13145
13144
13150
13150
13145
13137
13140
13135
13142
13143
13136
13138
13144
13143
13148
13139
13148
13151
13147
13148
13145
13141
13135
13131
13137
13124
13121
13134
13135
13136
13129
13131
13133
13137
13136
13135
13135
13143
13142
13137
13138
13139
13130
13136
13126
13128
13137
13130
13134
13143
13133
13131
13141
13136
13136
13129
13127
13122
13123
13125
13131
13130
13129
13129
13130
13120
13131
13128
13129
13130
13132
13133
13133
13131
13126
13128
13132
13137
13141
13135
13131
13131
13130
13126
13133
13124
13130
13122
13120
13128
13129
13131
13132
13126
13125
13126
13123
13118
13125
13128
13129
13125
13132
13131
13134
13118
13118
13120
13123
13128
13129
13128
13130
13132
13126
13130
13129
13129
13122
13117
13119
13126
13126
13131
13129
13129
13143
13135
13139
13144
13138
13142
13146
13139
13141
13138
13140
13132
13132
13138
13142
13145
13142
13138
13141
13137
13128
13133
13136
13137
13135
13140
13142
13145
13146
13144
13138
13140
13138
13132
13125
13126
13132
13130
13129
13125
13134
13128
13129
13137
13131
13132
13131
13135
13142
13144
13137
13147
13148
13147
13143
13140
13141
13134
13128
13133
13132
13131
13131
13128
13140
13136
13138
13139
13133
13136
13138
13141
13146
13140
13138
13138
13132
13139
13132
13130
13133
13127
13130
13133
13129
13128
13126
13131
13131
13124
13123
13123
13136
13137
13135
13131
13123
13119
13127
13120
13120
13129
13130
13133
13133
13123
13121
13128
13120
13127
13125
13124
13079
12554
11692
10879
10382
9974
9782
9632
9563
9564
9658
9765
9923
10069
10244
10395
10566
10707
10872
11000
11137
11248
11281
11316
11392
11464
11553
11622
11711
11788
11875
11948
12027
12098
12160
12216
12277
12326
12380
12426
12471
12504
12551
12592
12629
12652
12684
12699
12734
12746
12774
12796
12814
12838
12866
12886
12899
12912
12919
12925
12939
12948
12958
12962
12981
12985
13000
12997
13006
13018
13029
13026
13036
13039
13046
13048
13054
13060
13061
13075
13078
13088
13094
13097
13099
13100
13103
13099
13100
13092
13092
13104
13097
13097
13102
13106
13110
13105
13112
13106
13116
13116
13117
13120
13116
13120
13124
13120
13123
13128
13131
13137
13130
13130
13127
13126
13118
13119
13121
13125
13120
13122
13122
13128
13134
13144
13138
13134
13136
13138
13128
13136
13133
13132
13132
13136
13141
13139
13139
13148
13150
13151
13144
13137
13128
13126
13132
13119
13125
13131
13125
13132
13131
13129
13131
13135
13143
13149
13143
13142
13146
13144
13135
13130
13122
13122
13108
13105
13108
13107
13104
13118
13128
13137
13134
13137
13140
13138
13140
13140
13144
13149
13147
13146
13148
13138
13139
13126
13129
13133
13131
13123
13124
13125
13129
13133
13134
13134
13126
13130
13131
13122
13129
13128
13130
13136
13136
13134
13138
13131
13125
13135
13134
13132
13127
13130
13135
13141
13147
13136
13136
13140
13135
13135
13131
13136
13149
13142
13143
13147
13141
13149
13147
13138
13138
13136
13138
13138
13127
13128
13123
13132
13129
13134
13138
13137
13142
13145
13145
13133
13125
13128
13059
12946
12880
12842
12821
12800
12773
12770
12775
12778
12797
12805
12831
12848
12865
12872
12891
12906
12926
12932
12941
12949
12963
12970
12983
12991
12995
13001
13010
13012
13026
13023
13030
13056
13062
13064
13075
13077
13084
13091
13094
13098
13101
13102
13101
13098
13105
13105
13111
13115
13116
13108
13102
13104
13107
13106
13110
13116
13115
13116
13118
13114
13117
13118
13112
13113
13103
13106
13113
13116
13118
13114
13120
13129
13135
13129
13134
13131
13130
13130
13125
13122
13129
13130
13128
13126
13124
13123
13128
13132
13124
13135
13129
13132
13139
13136
13135
13138
13136
13140
13140
13138
13136
13136
13131
13139
13135
13141
13139
13137
13133
13134
13133
13132
13118
13124
13128
13134
13130
13136
13142
13138
13131
13132
13124
13128
13127
13129
13128
13132
13134
13136
13132
13131
13134
13127
13127
13129
13129
13125
13126
13121
13123
13120
13126
13127
13120
13130
13137
13123
13124
13128
13128
13138
13129
13137
13156
13150
13153
13153
13142
13144
13141
13137
13139
13138
13143
13147
13145
13140
13136
13135
13137
13132
13136
13129
13127
13130
13128
13134
13129
13132
13130
13131
13137
13139
13131
13131
13129
13103
12978
12895
12859
12832
12813
12806
12824
12825
12839
12854
12869
12888
12907
12917
12933
12945
12959
12964
12974
12985
12994
13001
13011
13011
13032
13029
13031
13043
13049
13058
13063
13061
13062
13069
13078
13080
13082
13084
13083
13083
13081
13085
13089
13102
13105
13104
13118
13112
13112
13110
13104
13109
13110
13107
13108
13112
13112
13110
13116
13121
13121
13126
13121
13112
13116
13125
13129
13132
13130
13128
13135
13138
13141
13138
13138
13135
13132
13126
13122
13122
13122
13127
