13135
13139
13143
13142
13144
13139
13139
13142
13127
13132
13141
13135
13133
13136
13133
13129
13132
13123
13127
13128
13131
13130
13126
13124
13132
13140
13133
13130
13141
13133
13128
13124
13123
13127
13128
13134
13138
13140
13137
13137
13130
13132
13136
13131
13131
13128
13131
13136
13131
13130
13132
13136
13139
13143
13132
13128
13132
13123
13128
13127
13127
13121
13121
13122
13123
13124
13125
13132
13137
13138
13135
13138
13138
13137
13142
13147
13151
13145
13143
13145
13136
13137
13135
13135
13141
13140
13136
13136
13139
13133
13141
13135
13137
13142
13135
13141
13135
13135
13134
13131
13132
13124
13124
13134
13124
13126
13127
13131
13140
13133
13128
13128
13128
13128
13136
13138
13141
13139
13139
13141
13138
13140
13133
13131
13141
13144
13140
13144
13141
13140
13143
13136
13142
13146
13142
13143
13143
13138
13137
13141
13142
13131
13141
13146
13138
13144
13139
13139
13155
13144
13143
13143
13145
13148
13148
13145
13147
13140
13140
13143
13137
13145
13139
13145
13147
13149
13141
13142
13138
13143
13143
13139
13140
13142
13134
13139
13142
13142
13141
13132
13131
13133
13133
13129
13137
13138
13135
13137
13139
13133
13138
13137
13144
13136
13138
13136
13131
13134
13135
13143
13142
13139
13141
13141
13141
13145
13144
13149
13145
13148
13143
13145
13144
13149
13141
13148
13150
13141
13143
13139
13132
13128
13126
13125
13127
13132
13139
13133
13138
13131
13139
13143
13140
13138
13138
13138
13136
13139
13144
13144
13142
13141
13139
13132
13144
13142
13141
13141
13136
13134
13140
13143
13143
13138
13142
13139
13146
13148
13141
13137
13143
13148
13150
13145
13146
13139
13132
13132
13139
13133
13134
13135
13132
13134
13134
13140
13150
13145
13148
13145
13139
13134
13134
13137
13137
13133
13132
13137
13125
13124
13130
13122
13123
13129
13125
13127
13131
13127
13126
13127
13129
13128
13127
13129
13126
13122
13127
13121
13127
13127
13130
13132
13125
13126
13132
13126
13127
13130
13126
13131
13115
13122
13128
13131
13136
13128
13141
13141
13126
13122
13125
13129
13126
13132
13133
13140
13138
13138
13139
13136
13137
13138
13138
13138
13133
13138
13134
13133
13131
13129
13126
13129
13133
13137
13133
13142
13137
13136
13135
13141
13135
13133
13129
13124
13129
13138
13142
13140
13139
13138
13144
13144
13132
13136
13140
13145
13151
13149
13146
13135
13138
13135
13139
13140
13141
13147
13149
13142
13142
13132
13127
13132
13138
13137
13135
13138
13136
13140
13140
13135
13135
13142
13135
13133
13134
13133
13135
13141
13134
13124
13138
13136
13134
13140
13140
13145
13145
13146
13144
13147
13147
13145
13137
13138
13130
13128
13133
13138
13145
13135
13132
13132
13129
13136
13136
13129
13121
13124
13122
13132
13132
13138
13148
13136
13138
13136
13136
13141
13135
13135
13145
13138
13138
13145
13137
13140
13138
13137
13136
13138
13136
13133
13138
13139
13144
13143
13141
13133
13132
13130
13127
13129
13127
13127
13122
13121
13118
13126
13121
13129
13129
13138
13142
13140
13139
13139
13134
13138
13134
13132
13138
13133
13136
13138
13134
13139
13143
13134
13135
13136
13141
13114
12731
12192
11594
11094
10813
10646
10574
10548
10605
10678
10788
10885
11008
11117
11243
11345
11465
11571
11671
11767
11863
11934
12015
12083
12161
12223
12279
12317
12380
12422
12463
12507
12540
12571
12616
12633
12668
12698
12731
12760
12789
12817
12836
12844
12864
12881
12907
12914
12926
12941
12948
12959
12971
12980
12995
13005
13011
13027
13036
13044
13044
13052
13053
13058
13064
13074
13072
13067
13038
12916
12843
12704
12591
12529
12501
12492
12493
12505
12535
12552
12588
12611
12643
12674
12705
12733
12769
12787
12813
12826
12842
12860
12862
12881
12896
12909
12924
12941
12960
12984
12999
13002
13014
13018
13014
13024
13022
13026
13043
13045
13052
13067
13059
13072
13077
13077
13076
13079
13077
13080
13078
13094
13095
13091
13093
13100
13100
13098
13092
13102
13107
13111
13107
13111
13115
13118
13122
13128
13129
13136
13136
13124
13121
13128
13119
13125
13122
13120
13132
13126
13122
13126
13126
13131
13138
13131
13127
13126
13127
13129
13129
13132
13139
13138
13135
13132
13134
13125
13127
13126
13123
13129
13132
13136
13139
13138
13136
13138
13130
13136
13138
13137
13133
13131
13126
13121
13127
13126
13139
13134
13137
13138
13129
13123
13122
13126
13132
13136
13142
13142
13134
13132
13136
13130
13128
13122
13137
13138
13140
13143
13143
13138
13127
13127
13133
13130
13139
13138
13131
13133
13136
13134
13135
13139
13136
13145
13135
13140
13143
13139
13135
13137
13126
13121
13133
13140
13150
13148
13144
13146
13153
13154
13157
13151
13151
13145
13160
13154
13158
13153
13149
13144
13144
13137
13146
13136
13139
13138
13131
13134
13136
13133
13130
13131
13126
13126
13125
13117
13126
13116
13125
13128
13124
13125
13132
13132
13137
13133
13134
13126
13126
13132
13132
13132
13137
13136
13128
13132
13129
13137
13136
13134
13135
13133
13139
13138
13138
13144
13128
13123
13127
13133
13128
13135
13139
13144
13137
13132
13139
13132
13136
13142
13142
13151
13155
13152
13152
13150
13145
13145
13129
13138
13140
13135
13131
13134
13147
13142
13149
13151
13145
13143
13146
13144
13134
13136
13135
13143
13138
13140
13140
13142
13140
13141
13144
13142
13129
13120
13133
13125
13119
13129
13131
13135
13139
13138
13139
13135
13142
13144
13148
13141
13137
13139
13146
13141
13144
13140
13137
13137
13135
13104
12979
12909
12863
12837
12831
12830
12826
12839
12856
12862
12878
12890
12911
12929
12939
12942
12959
12968
12978
12988
12995
12997
13011
13014
13031
13045
13058
13068
13070
13077
13072
13074
13073
13078
13079
13082
13084
13093
13090
13090
13089
13096
13103
13107
13103
13116
13114
13120
13118
13118
13126
13125
13128
13138
13134
13128
13127
13123
13123
13126
13124
13119
13126
13131
13129
13122
13126
13134
13129
13134
13137
13138
13134
13133
13137
13142
13139
13138
13138
13133
13137
13139
13134
13130
13132
13140
13143
13148
13147
13139
13147
13149
13138
13140
13135
13128
13130
13135
13130
13138
13136
13135
13134
13134
13131
13131
13137
13137
13137
13134
13128
13129
13132
13134
13134
13130
13127
13130
13135
13135
13132
13129
13133
13139
13134
13134
13129
13135
13141
13138
13149
13146
13147
13151
13144
13144
13146
13134
13132
13127
13126
13133
13139
13136
13137
13135
13134
13138
13137
13139
13134
13138
13140
13146
13149
13139
