13144
13138
13141
13133
13139
13135
13143
13147
13137
13140
13144
13144
13145
13139
13136
13138
13141
13143
13138
13137
13133
13138
13147
13142
13136
13132
13139
13134
13130
13132
13136
13140
13145
13140
13143
13139
13134
13140
13133
13130
13136
13135
13133
13139
13136
13130
13130
13126
13131
13135
13133
13132
13137
13129
13134
13134
13134
13127
13119
13129
13127
13126
13134
13136
13130
13139
13143
13137
13135
13132
13132
13135
13129
13134
13135
13138
13144
13147
13136
13138
13145
13140
13138
13139
13137
13131
13131
13138
13138
13141
13140
13129
13138
13134
13127
13131
13127
13130
13132
13136
13144
13149
13150
13148
13138
13140
13139
13139
13142
13139
13133
13138
13126
13128
13128
13127
13126
13129
13125
13135
13132
13133
13123
13125
13131
13130
13127
13131
13132
13128
13134
13127
13136
13129
13124
13121
13121
13130
13131
13130
13137
13138
13144
13141
13134
13139
13137
13134
13131
13131
13132
13140
13131
13129
13134
13126
13125
13125
13123
13124
13133
13138
13139
13130
13133
13132
13133
13138
13142
13141
13150
13147
13149
13148
13150
13149
13144
13134
13126
13130
13134
13133
13130
13136
13124
13135
13131
13128
13126
13126
13127
13128
13125
13126
13135
13131
13125
13130
13127
13132
13130
13137
13138
13138
13136
13130
13135
13141
13140
13134
13132
13133
13141
13135
13133
13137
13143
13142
13139
13137
13137
13129
13131
13134
13125
13129
13142
13132
13141
13145
13141
13138
13136
13137
13139
13128
13123
13129
13133
13138
13141
13130
13130
13127
13124
13116
13113
13118
13120
13115
13122
13115
13125
13120
13121
13124
13129
13126
13131
13131
13135
13128
13125
13130
13122
13129
13129
13130
13135
13137
13140
13139
13136
13138
13143
13130
13133
13131
13133
13131
13133
13125
13129
13131
13128
13124
13130
13134
13135
13135
13137
13138
13151
13141
13142
13136
13135
13135
13135
13133
13136
13136
13139
13140
13132
13142
13140
13138
13143
13142
13138
13138
13134
13124
13135
13132
13126
13137
13131
13134
13137
13134
13138
13134
13141
13138
13144
13149
13147
13140
13135
13134
13142
13132
13132
13133
13138
13142
13149
13146
13146
13147
13148
13144
13139
13141
13144
13141
13142
13133
13132
13136
13126
13126
13134
13126
13123
13124
13126
13124
13130
13127
13134
13135
13137
13132
13138
13145
13134
13137
13133
13125
13134
13133
13138
13139
13131
13131
13134
13130
13121
13122
13121
13123
13127
13126
13126
13126
13135
13132
13124
13130
13133
13121
13127
13124
13122
13134
13129
13132
13134
13127
13124
13126
13123
13127
13129
13133
13135
13137
13140
13137
13141
13134
13134
13130
13126
13130
13132
13126
13130
13127
13128
13139
13138
13139
13143
13145
13147
13142
13134
13143
13136
13135
13142
13137
13133
13136
13131
13134
13133
13140
13148
13147
13154
13150
13142
13147
13147
13146
13133
13132
13134
13130
13130
13132
13135
13138
13139
13144
13138
13131
13132
13130
13129
13132
13131
13135
13132
13139
13135
13135
13135
13132
13139
13135
13132
13133
13129
13128
13133
13140
13143
13153
13146
13144
13149
13151
13144
13139
13143
13133
13138
13133
13132
13134
13134
13134
13139
13142
13143
12988
11945
10729
9721
9128
8838
8706
8734
8802
8965
9124
9328
9512
9727
9910
10117
10290
10479
10637
10800
10947
11092
11212
11342
11456
11574
11671
11780
11852
11929
12000
12078
12140
12206
12267
12328
12378
12429
12475
12518
12562
12594
12626
12644
12673
12701
12720
12752
12777
12804
12822
12842
12856
12886
12892
12915
12928
12934
12945
12958
12959
12978
12990
12998
12993
13006
13009
13020
13027
13034
12997
12886
12815
12773
12747
12741
12751
12766
12776
12794
12809
12824
12850
12862
12880
12898
12906
12922
12930
12943
12956
12966
12979
12995
12996
13003
13016
13026
13033
13036
13042
13040
13050
13062
13066
13066
13072
13079
13082
13083
13081
13076
13075
13077
13083
13088
13088
13096
13100
13104
13111
13115
13116
13110
13115
13123
13116
13126
13118
13110
13117
13114
13112
13121
13116
13120
13124
13120
13128
13135
13133
13138
13135
13132
13133
13133
13136
13135
13134
13131
13126
13129
13127
13123
13125
13132
13134
13131
13129
13127
13121
13130
13129
13127
13127
13135
13127
13130
13127
13129
13142
13130
13128
13134
13131
13131
13135
13130
13131
13134
13137
13134
13128
13129
13122
13128
13130
13122
13125
13132
13133
13145
13140
13147
13149
13148
13143
13140
13138
13141
13135
13138
13138
13137
13139
13138
13135
13130
13135
13130
13136
13137
13135
13142
13132
13133
13138
13134
13134
13131
13126
13125
13128
13122
13119
13119
13120
13125
13122
13121
13122
13133
13141
13152
13145
13137
13138
13136
13138
13136
13129
13117
13123
13120
13125
13132
13126
13132
13135
13135
13148
13143
13135
13137
13128
13126
13130
13121
13128
13129
13133
13136
13138
13131
13125
13123
13124
13126
13127
13128
13133
13143
13140
13142
13140
13138
13139
13144
13143
13137
13140
13142
13150
13135
13135
13129
13123
13134
13138
13139
13139
13142
13141
13157
13148
13147
13147
13145
13149
13148
13144
13142
13139
13140
13139
13134
13137
13134
13137
13132
13133
13138
13136
13138
13144
13142
13138
13138
13139
13134
13138
13134
13133
13127
13130
13132
13134
13128
13128
13132
13136
13137
13138
13148
13136
13133
13139
13136
13136
13137
13135
13131
13127
13122
13124
13130
13134
13141
13141
13138
13132
13135
13137
13137
13136
13134
13136
13134
13129
13133
13135
13129
13135
13126
13138
13142
13137
13147
13140
13136
13140
13135
13131
13138
13125
13128
13132
13128
13134
13133
13137
13137
13137
13147
13135
13135
13127
13127
13126
13125
13122
13122
13114
13122
13123
13124
13127
13120
13122
13126
13126
13134
13137
13135
13136
13142
13138
13140
13142
13145
13150
13143
13140
13138
13137
13146
13146
13139
13145
13144
13146
13149
13151
13153
13148
13149
13143
13149
13145
13135
13138
13145
13136
13135
13134
13134
13133
13133
13133
13140
13139
13139
13144
13135
13138
13137
13143
13138
13140
13138
13142
13135
13134
13142
13138
13141
13143
13133
13146
13148
13146
13148
13143
13136
13132
13125
13130
13131
13133
13127
13124
13131
13128
13123
13132
13133
13136
13143
13144
13149
13147
13145
13144
13140
13147
13145
13139
13138
13136
13135
13138
13139
13134
13141
13137
13130
13139
13132
13140
13141
13150
13152
13152
13143
13147
13145
13143
13145
13145
13140
13141
13146
13141
13143
13151
13156
13151
13145
13142
13150
13142
13139
13144
13131
13130
13132
13129
13123
13127
