13130
13135
13134
13127
13128
13126
13124
13130
13126
13117
13127
13118
13124
13142
13137
13138
13137
13140
13141
13133
13139
13127
13118
13126
13130
13136
13140
13145
13150
13139
13138
13139
13138
13133
13131
13132
13134
13132
13135
13136
13130
13128
13125
13031
12942
12884
12852
12843
12832
12829
12846
12840
12856
12870
12890
12900
12916
12928
12944
12953
12967
12970
12984
12992
13003
13011
13012
13014
13034
13035
13032
13043
13054
13053
13061
13070
13074
13081
13084
13079
13077
13083
13085
13086
13085
13087
13095
13108
13102
13109
13118
13119
13120
13125
13117
13118
13115
13119
13118
13113
13113
13111
13112
13115
13117
13122
13128
13128
13134
13131
13127
13130
13130
13128
13129
13122
13122
13129
13125
13128
13127
13129
13136
13132
13135
13138
13138
13143
13142
13136
13135
13136
13132
13129
13126
13122
13121
13127
13129
13130
13130
13134
13132
13142
13142
13137
13135
13127
13135
13131
13135
13134
13135
13131
13125
13118
13125
13122
13124
13130
13123
13124
13125
13124
13125
13119
13122
13131
13128
13130
13132
13129
13133
13133
13129
13121
13120
13122
13123
13117
13125
13133
13138
13139
13144
13141
13139
13139
13143
13137
13134
13129
13131
13135
13131
13128
13125
13124
13126
13127
13123
13131
13132
13130
13135
13137
13140
13137
13138
13133
13134
13134
13140
13150
13135
13132
13138
13140
13140
13135
13140
13139
13152
13148
13145
13146
13146
13147
13150
13149
13148
13152
13152
13152
13140
13137
13142
13143
13142
13139
13130
13129
13134
13133
13138
13133
13140
13150
13149
13142
13149
13138
13134
13133
13129
13129
13134
13133
13133
13131
13127
13130
13135
13146
13145
13139
13142
13137
13139
13130
13129
13132
13137
13140
13144
13148
13149
13148
13146
13150
13142
13140
13140
13138
13142
13139
13128
13136
13127
13122
13135
13131
13138
13141
13143
13137
13136
13135
13132
13130
13134
13133
13141
13143
13141
13139
13143
13139
13141
13133
13132
13131
13132
13126
13122
13125
13123
13123
13128
13133
13131
13135
13137
13127
13131
13126
13133
13135
13144
13141
13135
13134
13133
13137
13135
13133
13138
13136
13138
13141
13133
13129
13123
13126
13129
13133
13135
13132
13141
13135
13134
13135
13134
13138
13143
13142
13142
13141
13134
13135
13133
13137
13129
13126
13130
13127
13130
13134
13135
13128
13133
13131
13133
13137
13133
13134
13141
13144
13141
13145
13140
13140
13143
13148
13146
13143
13140
13144
13149
13134
13125
13124
13114
13121
13123
13125
13126
13129
13133
13137
13127
13128
13127
13126
13125
13122
13122
13127
13126
13123
13126
13126
13121
13123
13124
13132
13134
13137
13139
13133
13126
13121
13121
13127
13132
13131
13130
13127
13140
13134
13133
13138
13133
13130
13124
13124
13125
13134
13133
13140
13130
13127
13126
13132
13137
13134
13125
13131
13131
13129
13140
13134
13129
13145
13138
13138
13141
13133
13130
13135
13130
13127
13131
13128
13125
13125
13121
13124
13139
13131
13129
13133
13132
13129
13131
13123
13129
13132
13131
13128
13118
13127
13126
13122
13122
13120
13120
13125
13123
13117
13121
13120
13120
13129
13126
13125
13133
13131
13126
13128
13138
13133
13134
13133
13134
13019
12365
11701
11263
10892
10713
10629
10640
10681
10768
10848
10971
11078
11197
11307
11412
11506
11614
11705
11802
11872
11965
12031
12100
12166
12238
12291
12350
12402
12404
12344
12331
12327
12347
12368
12400
12430
12470
12509
12551
12585
12619
12645
12683
12703
12733
12758
12780
12799
12817
12840
12861
12880
12903
12918
12925
12937
12948
12954
12965
12976
12987
13001
13009
13012
13025
13022
13033
13039
13045
13051
13060
13065
13076
13074
13067
13073
13083
13089
13089
13096
13092
13091
13106
13102
13099
13103
13104
13103
13107
13110
13114
13108
13111
13119
13107
13115
13119
13118
13125
13130
13127
13127
13126
13118
13121
13116
13116
13121
13112
13121
13123
13118
13123
13119
13121
13123
13131
13134
13127
13129
13128
13127
13133
13130
13130
13131
13134
13138
13139
13135
13133
13135
13137
13139
13134
13135
13135
13137
13146
13149
13153
13152
13146
13140
13148
13142
13139
13145
13141
13138
13137
13136
13135
13133
13137
13133
13134
13138
13135
13137
13134
13134
13141
13134
13141
13136
13136
13129
13133
13128
13127
13129
13121
13132
13122
13120
13130
13134
13132
13137
13137
13141
13136
13127
13135
13132
13128
13130
13133
13132
13131
13135
13134
13130
13121
13120
13126
13136
13132
13134
13127
13127
13137
13132
13127
13134
13142
13135
13130
13134
13133
13131
13129
13137
13122
13130
13124
13126
13127
13130
13119
13130
13126
13126
13129
13127
13129
13136
13134
13137
13136
13131
13131
13132
13129
13134
13136
13143
13140
13134
13138
13136
13142
13139
13136
13135
13131
13137
13136
13142
13142
13142
13139
13140
13141
13140
13146
13141
13140
13136
13136
13133
13132
13129
13141
13139
13141
13147
13140
13136
13138
13139
13140
13138
13134
13138
13135
13139
13143
13146
13153
13145
13152
13146
13133
13139
13139
13134
13131
13134
13131
13134
13135
13136
13128
13133
13136
13136
13129
13134
13128
13126
13122
13130
13128
13127
13126
13131
13133
13129
13118
13127
13126
13122
13127
13130
13131
13134
13133
13126
13125
13122
13126
13134
13133
13133
13140
13130
13132
13136
13137
13141
13140
13140
13140
13141
13142
13142
13141
13144
13137
13144
13139
13132
13135
13136
13127
13123
13119
13124
13130
13132
13126
13122
13121
13121
13125
13127
13132
13137
13135
13143
13145
13141
13141
13138
13133
13137
13130
13134
13132
13128
13134
13136
13136
13139
13142
13135
13144
13142
13137
13141
13134
13127
13136
13135
13129
13135
13127
13123
13123
13125
13117
13119
13122
13129
13123
13122
13125
13129
13122
13129
13134
13132
13136
13136
13140
13141
13138
13128
13126
13128
13125
13129
13124
13131
13137
13138
13142
13139
13140
13145
13129
13132
13139
13126
13119
13125
13122
13119
13115
13122
13122
13128
13127
13132
13137
13139
13141
13140
13137
13140
13145
13145
13141
13139
13135
13135
13132
13134
13131
13135
13140
13141
13134
13132
13134
13134
13137
13138
13138
13137
13131
13127
13131
13135
13129
13137
13132
13135
13134
13133
13135
13135
13129
13124
13125
13128
13126
13131
13135
13136
13144
13137
13132
13130
13128
13131
13132
13133
13128
13126
13126
13131
13124
13130
13131
13138
13151
13160
13157
13161
13151
13146
13146
13138
13131
13131
13130
13128
13126
13122
13125
13132
13134
13136
13137
13136
13129
13130
13120
13116
13131
13123
