13148
13148
13153
13150
13148
13150
13146
13150
13139
13138
13128
13126
13140
13126
13121
13131
13128
13135
13133
13132
13135
13133
13128
13138
13127
13129
13130
13129
13126
13131
13137
13136
13136
13131
13142
13139
13144
13137
13130
13130
13132
13132
13128
13124
13125
13121
13123
13123
13118
13122
13125
13126
13134
13129
13124
13132
13125
13127
13126
13120
13123
13126
13125
13127
13122
13131
13129
13130
13136
13144
13129
13134
13132
13126
13133
13124
13119
13120
13121
13115
13129
13128
13131
13133
13145
13142
13139
13134
13133
13135
13132
13135
13147
13142
13145
13147
13147
13143
13136
13134
13129
13134
13130
13126
13131
13135
13139
13138
13140
13142
13137
13142
13131
13132
13141
13138
13138
13143
13147
13137
13131
13131
13129
13137
13130
13131
13139
13139
13142
13151
13150
13152
13147
13140
13136
13139
13137
13140
13138
13143
13136
13141
13134
13143
13132
13134
13131
13121
13126
13134
13139
13139
13137
13131
13136
13128
13136
13136
13126
13133
13142
13140
13147
13146
13137
13130
13136
13137
13136
13134
13133
13137
13136
13129
13124
13125
13123
13129
13129
13132
13130
13138
13125
13129
13125
13132
13138
13134
13132
13131
13142
13136
13137
13130
13136
13133
13125
13133
13124
13118
13113
13120
13127
13124
13121
13116
13119
13125
13129
13133
13135
13138
13151
13146
13152
13139
13143
13139
13139
13140
13144
13142
13138
13140
13137
13139
13145
13138
13138
13140
13135
13145
13132
13125
13136
13134
13141
13137
13141
13135
13139
13138
13141
13129
13132
13126
13128
13138
13136
13137
13142
13136
13140
13133
13135
13136
13134
13131
13132
13125
13126
13122
13122
13123
13120
13118
13126
13128
13134
13132
13134
13132
13133
13134
13132
13130
13132
13137
13126
13133
13141
13139
13137
13136
13138
13133
13133
13132
13127
13129
13139
13136
13147
13135
13141
13140
13134
13134
13135
13130
13137
13135
13143
13142
13135
13136
13135
13137
13136
13137
13140
13145
13137
13132
13148
13142
13146
13146
13144
13142
13144
13143
13146
13140
13134
13133
13130
13128
13132
13135
13132
13134
13137
13131
13137
13141
13136
13139
13144
13139
13144
13139
13140
13134
13126
13136
13132
13134
13130
13133
13128
13133
13131
13137
13145
13138
13134
13138
13126
13122
13136
13136
13133
13122
13124
13118
13120
13115
13113
13118
13122
13127
13137
13133
13138
13141
13135
13136
13130
13132
13132
13131
13130
13130
13124
13127
13133
13134
13140
13140
13141
13141
13129
13128
13132
13132
13131
13131
13129
13129
13134
13132
13134
13128
13137
13137
13144
13144
13138
13134
13140
13141
13149
13145
13135
13140
13134
13130
13124
13121
13116
13125
13129
13129
13128
13128
13128
13126
13137
13130
13134
13136
13128
13127
13135
13134
13133
13138
13126
13130
13133
13130
13138
13132
13141
13148
13144
13140
13143
13140
13142
13140
13146
13142
13133
13136
13128
13131
13128
13126
13128
13124
13130
13130
13128
13137
13140
13137
13137
13134
13133
13135
13136
13128
13131
13132
13130
13132
13123
13119
13127
13129
13134
13137
13142
13136
13140
13141
13142
13140
13146
13145
13150
13148
13155
13157
13155
13147
13144
13136
13135
13136
13135
13133
13111
12570
11358
10347
9658
9235
9062
8995
9053
9140
9316
9475
9678
9849
10045
10211
10399
10554
10730
10869
11020
11144
11278
11391
11504
11605
11709
11798
11892
11960
12038
12102
12167
12230
12286
12323
12376
12423
12470
12514
12559
12596
12637
12669
12702
12727
12747
12777
12787
12809
12830
12849
12867
12892
12907
12929
12944
12956
12965
12972
12976
12976
12984
12994
12996
13008
13016
13024
13037
13035
13042
13055
13058
13058
13064
13066
13068
13075
13067
13074
13078
13082
13086
13094
13093
13101
13110
13116
13108
13105
13105
13109
13106
13108
13101
13105
13115
13119
13122
13117
13118
13120
13127
13132
13131
13127
13119
13118
13126
13123
13126
13125
13131
13136
13142
13138
13138
13136
13137
13141
13140
13141
13142
13134
13132
13138
13134
13142
13138
13133
13140
13134
13132
13139
13135
13145
13144
13142
13139
13130
13125
13127
13128
13128
13122
13122
13120
13121
13125
13122
13118
13122
13130
13144
13141
13138
13144
13142
13141
13144
13128
13131
13132
13127
13132
13137
13136
13143
13134
13132
13133
13130
13127
13129
13130
13130
13129
13126
13131
13134
13132
13134
13135
13131
13123
13118
13113
13119
13127
13120
13122
13130
13137
13132
13138
13140
13143
13141
13135
13138
13134
13136
13135
13132
13137
13136
13130
13135
13127
13130
13133
13126
13127
13130
13126
13126
13128
13127
13125
13121
13116
13114
13117
13124
13120
13126
13129
13127
13130
13121
13121
13129
13136
13139
13142
13138
13139
13138
13129
13129
13120
13125
13133
13131
13131
13134
13136
13143
13134
13134
13125
13117
13120
13128
13127
13131
13129
13132
13128
13127
13128
13122
13131
13135
13133
13134
13134
13130
13138
13128
13126
13128
13129
13128
13132
13134
13134
13129
13127
13132
13126
13126
13126
13124
13131
13128
13128
13132
13128
13131
13141
13135
13134
13142
13136
13134
13138
13133
13129
13135
13133
13136
13138
13136
13141
13136
13136
13131
13138
13132
13133
13134
13131
13138
13136
13130
13127
13128
13126
13132
13137
13142
13146
13139
13138
13136
13134
13138
13136
13139
13149
13140
13138
13141
13130
13131
13132
13135
13136
13134
13140
13141
13137
13143
13140
13141
13138
13131
13134
13132
13131
13138
13129
13127
13131
13130
13133
13139
13142
13144
13135
13133
13134
13131
13134
13138
13134
13140
13133
13136
13139
13130
13125
13130
13130
13129
13123
13128
13124
13122
13123
13122
13131
13138
13141
13149
13146
13152
13147
13138
13137
13140
13143
13143
13135
13133
13134
13134
13135
13139
13133
13139
13141
13144
13143
13136
13126
13128
13127
13133
13137
13134
13132
13138
13144
13143
13145
13139
13141
13145
13138
13134
13138
13136
13142
13144
13141
13139
13146
13140
13138
13141
13134
13137
13136
13140
13145
13144
13149
13151
13147
13146
13140
13140
13137
13138
13129
13134
13130
13133
13141
13133
13125
13133
13138
13136
13127
13125
13133
13127
13129
13123
13125
13131
13138
13142
13140
13137
13147
13142
13138
13145
13149
13149
13150
13153
13146
13153
13147
13150
13140
13147
13147
13143
13139
13146
13148
13150
13151
13144
13154
13140
13142
13152
13140
13134
13136
13133
13129
13139
13136
13137
13133
13142
13139
13135
13126
13133
13143
13139
13138
13135
13131
13136
13139
13131
13125
13126
13131
13136
13125
13125
13123
13124
13124
13124
