13131
13130
13141
13139
13138
13141
13136
13134
13131
13128
13132
13134
13138
13134
13131
13133
13134
13132
13131
13131
13142
13136
13129
13131
13128
13130
13132
13132
13142
13143
13139
13141
13142
13139
13141
13138
13141
13140
13137
13141
13140
13139
13152
13139
13138
13141
13132
13137
13127
13126
13132
13135
13135
13138
13136
13137
13128
13126
13124
13121
13132
13131
13130
13138
13138
13142
13146
13145
13142
13139
13137
13139
13127
13134
13134
13132
13135
13132
13136
13136
13133
13125
13135
13123
13127
13126
13120
13118
13119
13132
13133
13139
13142
13144
13141
13136
13138
13139
13134
13138
13143
13143
13140
13142
13142
13137
13139
13135
13133
13126
13126
13128
13120
13125
13124
13129
13133
13136
13134
13136
13125
13127
13134
13132
13133
13144
13140
13137
13138
13140
13139
13133
13131
13131
13131
13136
13129
13131
13135
13134
13143
13143
13139
13136
13135
13139
13133
13138
13136
13129
13125
13125
13115
13114
13120
13111
13118
13129
13128
13129
13134
13136
13144
13142
13135
13136
13133
13134
13139
13134
13139
13142
13148
13148
13153
13143
13148
13142
13134
13136
13142
13137
13139
13145
13139
13137
13136
13139
13140
13137
13138
13138
13130
13127
13128
13120
13121
13115
13123
13124
13125
13121
13139
13129
13133
13137
13131
13136
13137
13132
13129
13138
13132
13130
13124
13129
13122
13127
13134
13131
13136
13128
13133
13137
13132
13130
13128
13127
13125
13121
13124
13133
13127
13131
13139
13134
13133
13128
13130
13129
13130
13122
13128
13122
13116
13128
13120
13126
13126
13127
13126
13126
13129
13129
13133
13128
13130
13122
13122
13115
13125
13122
13129
13131
13128
13133
13137
13138
13142
13137
13134
13130
13131
13134
13129
13128
13116
13125
13126
13135
13131
13131
13134
13136
13135
13140
13138
13136
13138
13139
13131
13135
13130
13124
13127
13126
13132
13136
13135
13129
13135
13138
13136
13135
13135
13135
13134
13137
13128
13129
13124
13124
13120
13124
13129
13124
13127
13131
13129
13132
13128
13127
13125
13130
13126
13136
13128
13127
13132
13136
13139
13143
13148
13140
13138
13140
13136
13141
13131
13131
13136
13126
13129
13136
13139
13135
13129
13134
13134
13132
13128
13135
13127
13125
13121
13125
13123
13128
13126
13129
13122
13121
13126
13129
13132
13133
13131
13136
13141
13136
13138
13134
13131
13136
13136
13141
13145
13149
13150
13148
13142
13135
13135
13140
13133
13135
13129
13133
13141
13138
13136
13140
13145
13138
13142
13137
13144
13150
13144
13140
13133
13125
13125
13124
13123
13135
13128
13124
13125
13120
13127
13124
13120
13111
13115
13115
13126
13126
13126
13123
13131
13126
13129
13128
13120
13122
13121
13125
13125
13132
13136
13143
13146
13155
13158
13147
13149
13157
13146
13149
13152
13146
13152
13143
13139
13139
13137
13137
13142
13137
13134
13131
13135
13137
13131
13132
13134
13131
13133
13139
13151
13148
13139
13139
13137
13130
13136
13134
13125
13132
13125
13130
13134
13142
13139
13134
13128
13130
13134
13131
13126
13127
13139
13135
13125
13130
13125
13129
13124
13125
13124
13124
13126
13120
13123
13131
13129
13131
13125
13126
13135
13132
13135
13092
12841
12388
11748
11236
10905
10711
10642
10633
10686
10757
10836
10900
11005
11101
11213
11318
11426
11520
11630
11722
11815
11890
11984
12056
12134
12188
12244
12298
12355
12404
12448
12492
12527
12560
12603
12635
12680
12706
12737
12767
12783
12806
12817
12839
12851
12869
12881
12896
12910
12918
12936
12950
12966
12968
12983
12998
13003
13003
13021
13010
13017
13025
13032
13042
13050
13062
13069
13075
13085
13082
13085
13086
13093
13100
13105
13104
13104
13104
13104
13107
13105
13104
13104
13104
13104
13103
13110
13112
13109
13121
13122
13122
13118
13118
13118
13122
13117
13116
13135
13132
13132
13129
13131
13132
13133
13125
13122
13119
13128
13131
13128
13121
13119
13127
13128
13132
13136
13122
13127
13134
13132
13137
13137
13136
13141
13142
13150
13153
13142
13140
13131
13132
13136
13136
13137
13138
13133
13137
13142
13136
13136
13142
13140
13141
13134
13134
13138
13136
13134
13132
13128
13134
13130
13136
13136
13133
13134
13132
13125
13131
13128
13127
13129
13134
13139
13134
13132
13139
13128
13126
13129
13131
13131
13137
13134
13141
13143
13133
13139
13138
13140
13148
13138
13138
13139
13143
13142
13139
13133
13131
13128
13132
13129
13136
13134
13138
13140
13139
13139
13143
13146
13149
13150
13154
13148
13146
13145
13137
13129
13131
13130
13125
13129
13138
13141
13141
13133
13136
13138
13142
13133
13139
13132
13132
13136
13133
13135
13128
13131
13122
13130
13137
13142
13144
13157
13154
13156
13143
13139
13139
13143
13141
13133
13130
13134
13140
13140
13137
13138
13135
13132
13133
13131
13126
13124
13126
13123
13125
13130
13129
13134
13143
13140
13138
13135
13135
13137
13135
13140
13135
13132
13133
13125
13126
13128
13132
13144
13140
13140
13147
13138
13139
13140
13143
13139
13137
13131
13129
13125
13125
13131
13130
13129
13132
13138
13144
13133
13130
13133
13128
13131
13135
13127
13134
13144
13142
13142
13141
13140
13139
13143
13154
13154
13149
13144
13146
13139
13130
13127
13134
13135
13135
13134
13132
13133
13132
13140
13138
13131
13129
13127
13130
13130
13137
13135
13147
13145
13138
13142
13130
13129
13139
13126
13131
13132
13136
13135
13137
13127
13126
13124
13126
13128
13127
13124
13127
13130
13121
13131
13132
13133
13131
13122
13125
13132
13137
13143
13145
13138
13135
13140
13086
12965
12894
12857
12834
12820
12812
12824
12828
12842
12751
12673
12638
12623
12623
12626
12637
12653
12669
12694
12719
12743
12771
12793
12818
12840
12845
12868
12883
12894
12908
12926
12935
12947
12959
12966
12983
12990
13007
13018
13024
13026
13031
13049
13065
13062
13054
13066
13071
13071
13075
13069
13078
13081
13083
13088
13090
13094
13089
13093
13104
13094
13105
13108
13118
13127
13123
13125
13126
13129
13126
13120
13117
13109
13102
13107
13115
13116
13120
13124
13121
13125
13129
13137
13142
13126
13124
13136
13126
13125
13127
13121
13117
13128
13127
13130
13136
13135
13137
13136
13143
13133
13135
13126
13124
13134
13137
13139
13136
13133
13140
13138
13138
13136
13140
13137
13140
13139
13135
13134
13128
13129
13134
13133
13137
13128
13124
13139
13138
13137
13138
13131
13132
13142
13138
13131
13133
13130
13122
13126
13131
13130
13137
13141
13139
13144
13141
13138
13141
13142
13145
13151
13145
13140
13137
