13145
13142
13152
13144
13140
13145
13136
13127
13133
13138
13134
13133
13128
13125
13134
13140
13135
13130
13128
13132
13144
13138
13139
13138
13132
13130
13129
13124
13122
13122
13121
13125
13124
13120
13124
13123
13126
13122
13119
13129
13124
13123
13133
13124
13137
13138
13134
13131
13137
13139
13137
13135
13134
13133
13134
13135
13127
13134
13139
13133
13142
13135
13131
13130
13135
13134
13139
13134
13140
13137
13139
13131
13129
13126
13117
13115
13126
13133
13135
13136
13129
13120
13125
13125
13125
13120
13110
13118
13127
13128
13129
13128
13128
13122
13123
13128
13121
13132
13125
13126
13134
13125
13126
13125
13122
13126
13127
13128
13132
13138
13141
13139
13142
13142
13137
13135
13134
13137
13133
13139
13134
13131
13132
13129
13125
13137
13122
13132
13136
13137
13127
13126
13127
13130
13136
13141
13137
13134
13122
13124
13130
13123
13119
13128
13132
13132
13130
13135
13134
13132
13129
13133
13131
13134
13142
13144
13139
13136
13138
13143
13140
13135
13136
13127
13126
13133
13138
13142
13141
13142
13139
13140
13136
13139
13145
13141
13141
13138
13129
13127
13133
13126
13126
13133
13127
13127
13126
13122
13119
13114
13120
13122
13114
13121
13126
13121
13117
13118
13119
13129
13126
13123
13131
13129
13124
13124
13122
13125
13125
13124
13119
13123
13123
13124
13118
13127
13131
13135
13142
13137
13143
13136
13136
13137
13138
13141
13133
13133
13133
13131
13135
13137
13141
13138
13138
13134
13126
13126
13125
13129
13126
13123
13136
13136
13138
13138
13132
13134
13138
13134
13138
13137
13132
13129
13128
13135
13129
13125
13122
13120
13128
13125
13126
13133
13140
13144
13148
13138
13135
13140
13142
13137
13134
13135
13134
13130
13136
13127
13124
13131
13123
13119
13120
13125
13121
13120
13117
13124
13125
13118
13116
13120
13119
13117
13120
13121
13118
13116
13123
13119
13123
13124
13127
13128
13133
13137
13136
13138
13139
13137
13141
13142
13138
13124
13123
13121
13125
13126
13125
13138
13131
13136
13136
13132
13134
13132
13125
13136
13137
13143
13143
13137
13145
13139
13136
13127
13131
13130
13138
13133
13127
13129
13131
13129
13127
13134
13131
13122
13125
13130
13126
13132
13129
13131
13132
13125
13128
13124
13127
13128
13126
13134
13136
13133
13129
13138
13136
13135
13134
13135
13129
13137
13131
13126
13123
13132
13124
13129
13125
13124
13134
13134
13132
13135
13135
13130
13137
13132
13127
13129
13132
13133
13126
13133
13132
13131
13129
13121
13124
13126
13125
13131
13141
13132
13126
13131
13138
13133
13133
13127
13131
13135
13133
13135
13135
13142
13147
13149
13146
13142
13141
13140
13135
13152
13150
13140
13135
13139
13135
13137
13131
13136
13125
13136
13139
13138
13137
13137
13139
13138
13139
13134
13142
13136
13132
13133
13131
13129
13130
13132
13143
13135
13134
13124
13118
13122
13129
13125
13125
13125
13133
13128
13132
13132
13129
13128
13130
13135
13133
13138
13134
13142
13138
13131
13129
13130
13124
13122
13122
13128
13128
13132
13143
13138
13142
13141
13145
13138
13145
13144
13137
13139
13147
13145
13144
13142
13136
13135
13132
13132
13146
13137
13138
13070
12633
12171
11755
11483
11346
11267
11274
11299
11351
11412
11499
11541
11505
11508
11545
11587
11535
11523
11553
11595
11646
11692
11747
11805
11877
11928
11991
12053
12126
12175
12239
12295
12348
12392
12444
12482
12532
12559
12601
12628
12664
12691
12716
12742
12765
12793
12810
12843
12850
12869
12890
12902
12922
12933
12944
12956
12968
12979
12994
12988
12999
13010
13016
13024
13033
13040
13048
13042
13051
13058
13072
13081
13080
13094
13100
13111
13116
13112
13109
13109
13109
13106
13102
13107
13096
13100
13103
13106
13100
13109
13103
13108
13119
13122
13120
13121
13113
13118
13130
13132
13132
13134
13124
13130
13133
13135
13130
13134
13138
13133
13131
13134
13131
13130
13133
13123
13133
13134
13129
13136
13133
13136
13133
13128
13139
13136
13144
13145
13139
13146
13147
13142
13139
13137
13127
13133
13128
13123
13128
13130
13134
13143
13134
13136
13133
13137
13139
13137
13139
13136
13134
13142
13137
13138
13132
13123
13131
13125
13130
13134
13127
13132
13128
13136
13132
13129
13129
13137
13125
13132
13126
13126
13130
13122
13123
13128
13123
13119
13123
13123
13121
13134
13140
13135
13137
13137
13130
13136
13131
13128
13128
13126
13124
13129
13130
13122
13126
13118
13113
13126
13124
13129
13126
13130
13129
13130
13135
13137
13140
13138
13134
13132
13128
13138
13139
13146
13139
13138
13139
13129
13124
13121
13106
13115
13109
13104
13104
13105
13111
13115
13116
13126
13125
13123
13128
13124
13124
13127
13127
13131
13130
13130
13123
13123
13125
13133
13136
13139
13133
13131
13131
13126
13129
13126
13126
13123
13117
13118
13124
13134
13129
13137
13132
13130
13136
13137
13132
13132
13137
13136
13133
13131
13122
13126
13130
13134
13143
13140
13143
13149
13145
13144
13135
13132
13124
13121
13114
13111
13112
13118
13115
13118
13118
13121
13115
13124
13123
13125
13132
13126
13133
13144
13139
13137
13141
13133
13125
13128
13134
13129
13130
13137
13136
13132
13127
13128
13136
13132
13135
13132
13128
13136
13132
13137
13137
13142
13142
13138
13135
13139
13137
13132
13130
13132
13134
13139
13138
13138
13150
13144
13142
13148
13137
13131
13134
13136
13137
13138
13140
13135
13131
13135
13125
13116
13120
13118
13124
13115
13113
13115
13118
13124
13128
13129
13132
13136
13134
13134
13129
13134
13138
13138
13146
13151
13154
13156
13144
13148
13160
13141
13140
13140
13137
13133
13138
13137
13130
13132
13126
13126
13129
13136
13138
13150
13146
13143
13158
13150
13149
13149
13145
13138
13129
13131
13131
13137
13133
13133
13131
13131
13128
13119
13126
13127
13137
13141
13137
13136
13148
13137
13126
13122
13118
13121
13116
13117
13114
13115
13119
13112
13106
13107
13108
13119
13123
13130
13137
13132
13144
13144
13139
13137
13129
13128
13126
13124
13124
13133
13130
13136
13143
13138
13138
13137
13135
13143
13140
13138
13137
13135
13133
13135
13133
13126
13126
13135
13140
13136
13137
13134
13137
13127
13132
13131
13131
13132
13140
13140
13138
13140
13139
13134
13130
13135
13129
13129
13131
13137
13127
13136
13136
13137
13137
13133
13135
13132
13125
13122
13132
13118
13119
13122
13119
13116
13120
13112
13110
13117
13111
13114
13117
13117
13128
13134
13139
13140
13146
13138
13133
13134
13130
13128
13124
13119
13119
13116
