13126
13132
13130
13124
13124
13123
13126
13138
13132
13129
13133
13134
13138
13140
13135
13131
13134
13137
13138
13136
13131
13125
13125
13123
13121
13127
13129
13132
13141
13126
13128
13136
13129
13129
13124
13132
13141
13146
13149
13149
13140
13141
13132
13129
13123
13122
13117
13123
13122
13119
13122
13126
13126
13131
13131
13135
13134
13133
13134
13135
13133
13132
13132
13138
13142
13141
13142
13146
13143
13138
13136
13142
13142
13139
13134
13136
13131
13132
13124
13129
13122
13127
13134
13135
13130
13133
13134
13139
13133
13136
13139
13137
13135
13141
13151
13147
13144
13147
13152
13148
13139
13137
13137
13138
13141
13142
13137
13138
13148
13143
13141
13142
13141
13140
13145
13144
13149
13151
13149
13141
13134
13139
13136
13126
13123
13121
13129
13126
13124
13128
13135
13133
13131
13124
13113
13116
13125
13120
13125
13130
13129
13126
13129
13138
13137
13137
13139
13141
13158
13146
13144
13143
13143
13147
13140
13137
13131
13125
13121
13132
13132
13131
13124
13131
13134
13135
13142
13141
13144
13139
13146
13139
13131
13135
13133
13133
13132
13132
13133
13131
13129
13127
13130
13127
13134
13132
13142
13138
13139
13132
13131
13137
13130
13126
13127
13127
13126
13126
13120
13124
13117
13126
13134
13134
13143
13135
13135
13138
13139
13133
13138
13135
13131
13134
13129
13131
13136
13137
13141
13138
13143
13140
13138
13136
13137
13132
13128
13122
13123
13114
13115
13116
13114
13122
13124
13133
13131
13129
13131
13136
13128
13135
13133
13130
13125
13133
13138
13143
13140
13136
13138
13137
13140
13145
13134
13137
13143
13141
13139
13130
13129
13126
13136
13138
13132
13128
13127
13133
13138
13132
13127
13132
13128
13125
13122
13118
13117
13125
13126
13128
13126
13122
13128
13129
13130
13131
13125
13132
13129
13132
13137
13133
13127
13135
13126
13133
13129
13130
13132
13135
13128
13130
13135
13142
13142
13144
13143
13147
13151
13137
13130
13130
13126
13127
13130
13125
13125
13126
13133
13132
13130
13127
13124
13127
13128
13126
13127
13131
13129
13125
13133
13125
13123
13129
13125
13127
13128
13130
13135
13135
13138
13132
13128
13132
13130
13129
13127
13132
13140
13137
13138
13134
13132
13130
13126
13121
13119
13118
13123
13126
13129
13136
13128
13126
13129
13126
13126
13133
13130
13134
13140
13137
13139
13135
13133
13131
13128
13129
13125
13132
13137
13135
13133
13142
13137
13136
13135
13130
13139
13138
13134
13142
13137
13134
13141
13141
13146
13146
13144
13143
13134
13131
13133
13133
13138
13135
13135
13140
13131
13118
13125
13128
13133
13133
13126
13130
13130
13129
13128
13131
13127
13132
13129
13135
13126
13138
13138
13132
13144
13138
13134
13138
13137
13140
13138
13144
13144
13145
13145
13145
13142
13138
13134
13135
13138
13135
13132
13140
13135
13136
13141
13137
13136
13134
13128
13129
13125
13121
13122
13126
13131
13119
13123
13125
13131
13132
13132
13135
13142
13140
13138
13135
13139
13139
13142
13138
13137
13135
13130
13130
13123
13128
13121
13124
13120
13132
13134
13140
13135
13138
13142
13138
13134
13143
13142
13148
13142
13139
13141
13134
13134
13132
13133
12969
12376
11996
11670
11308
11121
11025
11010
11031
11095
11178
11273
11360
11462
11547
11646
11730
11814
11901
11976
12020
11976
11962
11980
12010
12048
12091
12149
12192
12250
12291
12336
12385
12441
12485
12535
12567
12609
12629
12663
12685
12714
12742
12766
12793
12828
12839
12855
12876
12900
12917
12932
12934
12942
12952
12970
12975
12987
13004
12991
12865
12796
12749
12724
12720
12725
12734
12750
12759
12783
12805
12824
12851
12869
12893
12909
12920
12930
12939
12945
12958
12971
12980
12990
12995
13011
13015
13019
13031
13042
13053
13058
13062
13073
13075
13067
13078
13067
13068
13071
13078
13076
13083
13093
13099
13089
13090
13102
13093
13090
13095
13088
13091
13098
13107
13104
13108
13113
13115
13119
13129
13122
13131
13127
13120
13129
13116
13117
13121
13122
13122
13117
13120
13119
13123
13124
13129
13127
13135
13142
13148
13151
13144
13150
13155
13146
13138
13147
13138
13134
13140
13136
13138
13140
13139
13135
13136
13136
13127
13132
13137
13125
13129
13129
13132
13131
13126
13126
13133
13125
13121
13123
13122
13125
13125
13130
13136
13128
13139
13141
13142
13136
13136
13132
13136
13132
13125
13130
13125
13119
13127
13123
13119
13125
13134
13135
13139
13134
13122
13130
13137
13132
13128
13129
13133
13139
13134
13137
13142
13139
13138
13137
13139
13137
13138
13135
13136
13132
13132
13132
13133
13140
13138
13136
13144
13142
13137
13142
13135
13132
13139
13133
13133
13132
13132
13143
13140
13132
13133
13139
13140
13140
13138
13138
13132
13139
13132
13129
13129
13123
13123
13123
13122
13130
13135
13140
13144
13139
13132
13127
13134
13135
13138
13133
13136
13134
13136
13132
13126
13129
13145
13141
13144
13141
13138
13140
13138
13131
13126
13126
13124
13124
13125
13125
13122
13122
13123
13128
13129
13127
13132
13123
13125
13127
13135
13139
13142
13139
13144
13146
13143
13138
13130
13128
13136
13130
13132
13132
13124
13126
13135
13131
13131
13130
13132
13133
13131
13122
13124
13131
13138
13137
13143
13139
13136
13139
13139
13134
13137
13134
13139
13134
13138
13135
13125
13126
13129
13128
13136
13127
13123
13127
13128
13132
13134
13126
13126
13137
13139
13135
13139
13133
13132
13150
13144
13141
13142
13134
13134
13129
13131
13133
13136
13136
13134
13136
13135
13129
13131
13131
13138
13139
13132
13130
13130
13131
13132
13137
13136
13142
13135
13134
13138
13134
13145
13137
13138
13146
13140
13138
13139
13137
13133
13134
13135
13129
13136
13136
13138
13137
13138
13135
13131
13126
13119
13129
13119
13121
13133
13127
13131
13134
13135
13139
13131
13132
13138
13137
13140
13145
13145
13148
13139
13139
13147
13137
13127
13128
13126
13123
13132
13129
13131
13131
13132
13135
13138
13129
13128
13131
13136
13134
13137
13136
13134
13140
13140
13132
13140
13136
13141
13140
13139
13143
13140
13149
13151
13143
13139
13137
13137
13136
13138
13136
13135
13131
13124
13133
13125
13128
13126
13129
13135
13139
13144
13137
13144
13139
13142
13138
13140
13143
13147
13154
13154
13155
13142
13143
13143
13144
13145
13140
13137
13130
13130
13132
13134
13132
13132
13127
13132
13139
13138
13141
13138
13139
13137
13144
13142
13130
13130
13126
13125
13124
13121
13130
13131
13130
13126
13129
13126
13130
13134
13135
13138
13147
13143
