13140
13146
13143
13137
13140
13135
13130
13138
13136
13132
13135
13128
13126
13135
13138
13135
13140
13145
13143
13138
13137
13137
13142
13140
13137
13134
13130
13122
13140
13135
13137
13137
13134
13131
13131
13130
13129
13134
13133
13139
13137
13138
13139
13135
13143
13144
13147
13154
13153
13147
13150
13143
13137
13137
13132
13131
13136
13139
13134
13132
13137
13131
13128
13136
13124
13124
13130
13129
13136
13135
13135
13135
13135
13137
13134
13129
13130
13132
13138
13153
13147
13143
13141
13133
13134
13134
13132
13140
13132
13126
13135
13131
13132
13143
13148
13145
13142
13145
13145
13142
13145
13140
13134
13133
13135
13131
13137
13135
13136
13133
13133
13131
13134
13140
13141
13136
13135
13140
13138
13127
13122
13132
13132
13123
13121
13124
13125
13132
13135
13131
13145
13138
13137
13138
13133
13140
13141
13146
13138
13136
13141
13138
13131
13135
13131
13140
13136
13135
13144
13142
13138
13139
13146
13143
13143
13142
13145
13133
13133
13136
13131
13132
13134
13135
13135
13137
13129
13131
13129
13135
13140
13133
13126
13130
13126
13128
13131
13132
13133
13138
13129
13133
13133
13140
13142
13142
13146
13144
13146
13139
13138
13139
13136
13135
13136
13136
13138
13136
13134
13132
13128
13139
13137
13145
13142
13146
13139
13147
13140
13134
13140
13137
13134
13137
13131
13135
13134
13146
13142
13143
13140
13135
13142
13136
13131
13134
13131
13135
13139
13135
13138
13139
13142
13138
13126
13135
13129
13123
13120
13128
13122
13133
13136
13135
13137
13138
13139
13144
13136
13139
13141
13144
13140
13143
13131
13130
13141
13136
13135
13136
13137
13135
13133
13135
13133
13130
13132
13132
13137
13139
13136
13141
13140
13138
13137
13139
13145
13142
13145
13142
13142
13138
13144
13142
13155
13149
13147
13146
13145
13146
13149
13140
13133
13135
13123
13127
13130
13136
13134
13138
13145
13137
13139
13146
13145
13143
13138
13136
13137
13134
13126
13135
13129
13129
13125
13128
13134
13138
13138
13140
13132
13135
13135
13132
13131
13132
13131
13142
13139
13133
13141
13136
13139
13144
13140
13142
13137
13135
13137
13134
13138
13134
13136
13128
13130
13132
13126
13125
13131
13132
13142
13141
13144
13142
13138
13142
13142
13145
13146
13149
13146
13142
13150
13140
13142
13141
13140
13147
13140
13140
13140
13137
13133
13141
13141
13141
13151
13142
13148
13145
13146
13143
13146
13147
13139
13145
13137
13129
13136
13125
13128
13129
13133
13132
13132
13134
13134
13137
13135
13136
13130
13136
13136
13134
13136
13135
13134
13139
13135
13133
13142
13136
13134
13146
13146
13147
13150
13151
13155
13152
13145
13138
13135
13147
13143
13142
13133
13133
13137
13130
13130
13130
13125
13131
13132
13137
13135
13130
13132
13136
13135
13130
13128
13125
13130
13135
13132
13134
13136
13135
13149
13141
13138
13136
13126
13128
13133
13135
13127
13126
13132
13131
13136
13130
13127
13133
13136
13139
13142
13140
13135
13138
13134
13136
13130
13128
13135
13130
13126
13131
13128
13127
13126
13126
13128
13125
13128
13130
13122
13120
13135
13138
13134
13137
13135
13138
13139
13138
13133
13133
13138
13141
13145
13110
12206
10978
9912
9221
8876
8696
8695
8753
8900
9059
9268
9463
9680
9863
10075
10252
10447
10603
10768
10907
11066
11190
11329
11436
11535
11626
11727
11807
11895
11967
12042
12113
12182
12237
12296
12347
12413
12452
12497
12532
12559
12599
12633
12654
12684
12707
12731
12752
12779
12793
12822
12840
12862
12882
12900
12920
12929
12948
12958
12962
12974
12981
12982
12995
13004
13011
13030
13039
13037
13043
13045
13047
13052
13053
13057
13066
13070
13076
13079
13087
13087
13093
13089
13092
13090
13090
13091
13094
13093
13100
13100
13111
13114
13119
13116
13122
13118
13132
13131
13121
13127
13126
13125
13123
13113
13112
13120
13120
13125
13131
13126
13122
13113
13115
13123
13125
13119
13120
13121
13126
13129
13136
13129
13131
13141
13138
13135
13139
13131
13133
13132
13133
13131
13134
13129
13137
13131
13133
13133
13129
13135
13132
13124
13127
13121
13119
13123
13116
13125
13137
13140
13139
13141
13137
13139
13137
13137
13138
13136
13136
13137
13136
13137
13134
13139
13132
13129
13136
13137
13136
13136
13134
13132
13132
13132
13135
13142
13145
13150
13150
13145
13142
13143
13141
13142
13140
13142
13143
13131
13136
13130
13131
13130
13134
13134
13132
13132
13132
13135
13146
13149
13140
13141
13139
13142
13133
13133
13132
13128
13129
13127
13123
13115
13118
13121
13118
13120
13125
13134
13137
13139
13141
13148
13151
13146
13140
13153
13153
13146
13150
13149
13151
13147
13148
13135
13133
13128
13127
13126
13137
13129
13144
13142
13134
13140
13133
13122
13126
13124
13124
13127
13130
13127
13134
13130
13142
13137
13135
13134
13135
13142
13138
13133
13138
13138
13133
13132
13129
13134
13140
13135
13140
13140
13139
13135
13127
13127
13127
13126
13129
13132
13135
13132
13127
13134
13128
13126
13129
13136
13123
13128
13124
13125
13130
13124
13130
13122
13130
13129
13133
13133
13128
13128
13135
13134
13130
13137
13131
13134
13134
13132
13134
13134
13138
13135
13142
13142
13139
13138
13140
13130
13130
13134
13126
13132
13131
13128
13136
13137
13138
13129
13125
13124
13124
13123
13123
13114
13122
13125
13129
13135
13135
13133
13141
13136
13129
13125
13122
13127
13137
13135
13132
13131
13130
13127
13122
13127
13133
13140
13138
13138
13137
13142
13148
13148
13147
13144
13143
13146
13137
13137
13135
13141
13135
13136
13141
13098
12977
12907
12858
12829
12812
12812
12814
12817
12825
12850
12863
12884
12901
12913
12930
12948
12962
12976
12982
12987
12990
13002
13019
13022
13024
13029
13032
13045
13052
13060
13073
13075
13076
13075
13068
13081
13090
13091
13105
13093
13096
13097
13096
13102
13105
13107
13116
13119
13113
13112
13115
13118
13121
13120
13117
13116
13116
13123
13122
13126
13116
13111
13113
13111
13115
13114
13110
13123
13121
13126
13130
13131
13134
13136
13140
13140
13136
13136
13142
13135
13134
13137
13134
13129
13130
13129
13138
13139
13128
13125
13125
13122
13122
13121
13118
13119
13124
13129
13131
13128
13129
13137
13144
13143
13144
13141
13137
13147
13140
13138
13136
13128
13128
13118
13115
13120
13122
13124
13135
13128
13134
13138
13133
13129
13135
13136
13151
13141
13137
13140
13138
13141
13138
13133
13136
13134
13143
13141
13143
13140
13142
13141
13148
13135
13134
13136
13137
13145
13143
