13112
13112
13118
13118
13122
13134
13129
13132
13135
13137
13138
13134
13132
13133
13131
13129
13125
13134
13133
13132
13144
13133
13129
13133
13131
13132
13132
13133
13128
13119
13130
13137
13128
13133
13133
13136
13136
13131
13125
13120
13115
13124
13133
13132
13138
13140
13140
13142
13141
13150
13142
13146
13145
13138
13139
13133
13129
13132
13132
13124
13133
13125
13129
13130
13131
13130
13127
13121
13121
13122
13130
13132
13121
13126
13131
13124
13128
13130
13128
13135
13130
13128
13136
13128
13125
13134
13131
13136
13133
13128
13133
13130
13130
13128
13130
13137
13142
13148
13146
13146
13145
13140
13149
13155
13152
13147
13142
13142
13143
13139
13140
13139
13130
13139
13133
13132
13127
13137
13138
13136
13139
13132
13133
13128
13129
13133
13122
13126
13132
13128
13133
13132
13141
13144
13150
13139
13137
13131
13137
13138
13145
13142
13140
13145
13148
13146
13148
13143
13141
13131
13130
13123
13119
13127
13129
13125
13128
13123
13124
13132
13125
13130
13137
13139
13132
13132
13123
13118
13124
13124
13124
13129
13134
13140
13134
13133
13133
13141
13142
13143
13153
13144
13140
13141
13132
13137
13139
13135
13133
13135
13129
13138
13133
13136
13132
13135
13138
13147
13144
13148
13143
13130
13135
13128
13133
13137
13134
13126
13126
13126
13132
13133
13139
13135
13137
13136
13136
13142
13137
13132
13142
13133
13135
13137
13132
13138
13145
13139
13144
13145
13146
13141
13135
13136
13135
13132
13133
13132
13126
13128
13120
13121
13136
13134
13129
13138
13132
13137
13136
13133
13131
13130
13140
13135
13139
13148
13146
13143
13141
13139
13141
13134
13138
13138
13130
13139
13139
13139
13139
13138
13136
13142
13131
13136
13139
13134
13135
13136
13133
13138
13140
13133
13140
13131
13139
13141
13138
13140
13135
13137
13140
13137
13136
13132
13133
13138
13132
13138
13131
13125
13128
13131
13126
13130
13133
13135
13131
13137
13134
13129
13132
13135
13128
13130
13129
13129
13130
13130
13129
13135
13128
13129
13136
13133
13129
13128
13129
13132
13133
13133
13138
13138
13134
13131
13130
13141
13132
13138
13137
13139
13144
13139
13137
13143
13138
13130
13130
13129
13126
13130
13130
13127
13126
13133
13134
13132
13130
13133
13134
13140
13138
13132
13141
13138
13145
13154
13149
13146
13150
13148
13144
13137
13134
13132
13128
13134
13131
13127
13126
13132
13129
13132
13134
13136
13128
13135
13138
13140
13140
13139
13141
13140
13141
13140
13147
13143
13142
13143
13147
13147
13140
13135
13140
13135
13126
13135
13125
13122
13137
13133
13134
13126
13121
13123
13131
13137
13131
13132
13130
13129
13133
13130
13131
13137
13136
13142
13140
13139
13129
13124
13126
13132
13127
13126
13126
13127
13135
13137
13144
13157
13149
13141
13142
13137
13135
13134
13130
13129
13127
13122
13125
13128
13131
13132
13133
13126
13129
13130
13131
13133
13135
13128
13122
13131
13129
13133
13127
13121
13127
13131
13136
13136
13143
13142
13146
13140
13138
13138
13137
13132
13126
13116
13132
13122
13119
13121
13118
13115
13114
13116
13116
13121
13119
13122
13123
13130
13125
13128
13116
13119
13126
13115
12934
12286
11642
11254
11039
10923
10905
10918
10990
11057
11157
11221
11272
11329
11416
11490
11585
11667
11756
11832
11918
11980
12062
12130
12202
12256
12318
12366
12418
12452
12497
12534
12571
12608
12631
12659
12695
12718
12759
12778
12803
12830
12856
12873
12886
12897
12910
12922
12937
12942
12955
12972
12976
12987
13010
13021
13029
13043
13047
13042
13047
13045
13047
13057
13063
13071
13071
13067
13081
13070
13075
13075
13078
13079
13084
13091
13102
13098
13110
13105
13105
13113
13118
13116
13120
13115
13120
13122
13112
13121
13118
13120
13125
13124
13133
13138
13143
13139
13137
13134
13143
13142
13147
13147
13144
13136
13025
12930
12875
12842
12829
12820
12830
12839
12850
12859
12873
12888
12910
12924
12938
12956
12962
12969
12969
12979
12989
13000
13011
12951
12853
12801
12780
12764
12762
12769
12778
12793
12805
12811
12834
12840
12861
12873
12887
12899
12920
12936
12943
12955
12969
12983
12997
13002
13006
13018
13028
13029
13044
13034
13038
13045
13054
13067
13065
13066
13062
13072
13071
13078
13079
13087
13094
13093
13098
13101
13102
13108
13108
13115
13123
13121
13121
13125
13115
13110
13120
13113
13117
13119
13124
13120
13126
13123
13120
13123
13125
13122
13124
13117
13111
13118
13125
13122
13126
13128
13127
13133
13133
13138
13134
13138
13138
13130
13134
13133
13138
13137
13137
13137
13153
13143
13147
13148
13143
13136
13134
13134
13138
13138
13133
13125
13130
13135
13139
13137
13140
13133
13135
13131
13138
13139
13141
13134
13129
13130
13130
13128
13128
13133
13130
13139
13142
13138
13137
13133
13136
13136
13128
13119
13125
13122
13115
13129
13123
13128
13127
13127
13124
13127
13129
13123
13126
13127
13126
13127
13132
13134
13146
13143
13143
13141
13146
13145
13149
13142
13147
13147
13143
13143
13137
13133
13138
13138
13138
13133
13139
13142
13137
13142
13152
13145
13149
13146
13140
13141
13146
13143
13149
13140
13141
13141
13145
13140
13137
13129
13137
13132
13140
13130
13135
13141
13148
13142
13139
13136
13133
13133
13136
13135
13130
13129
13125
13118
13124
13131
13131
13137
13142
13138
13149
13141
13141
13138
13141
13140
13139
13138
13138
13137
13131
13132
13135
13137
13140
13138
13138
13131
13143
13131
13135
13140
13140
13140
13129
13135
13132
13129
13131
13129
13136
13134
13136
13137
13136
13137
13142
13138
13134
13137
13140
13139
13136
13134
13129
13127
13119
13123
13125
13126
13140
13141
13141
13138
13136
13137
13135
13133
13143
13137
13140
13141
13142
13143
13141
13137
13135
13135
13128
13129
13127
13134
13145
13139
13138
13135
13134
13132
13129
13127
13131
13127
13123
13132
13128
13130
13134
13133
13136
13127
13127
13129
13127
13123
13133
13140
13141
13139
13148
13133
13127
13126
13123
13127
13128
13127
13130
13133
13133
13140
13130
13128
13131
13125
13133
13133
13133
13132
13128
13126
13140
13129
13124
13132
13130
13137
13137
13136
13135
13139
13140
13138
13133
13141
13145
13141
13138
13129
13141
13141
13140
13131
13126
13132
13130
13131
13136
13138
13134
13138
13131
13135
13138
13134
13135
13129
13129
13135
13133
13130
13136
13135
13134
13141
13137
13123
13129
13131
13133
13129
13131
13122
13129
13130
13127
13121
13126
13130
13144
13139
13140
13131
13130
13128
13133
13124
13127
13132
