13134
13133
13134
13138
13136
13137
13138
13138
13134
13139
13139
13136
13132
13136
13132
13144
13138
13132
13140
13135
13131
13139
13138
13135
13137
13139
13136
13141
13136
13139
13134
13137
13132
13131
13134
13131
13144
13130
13135
13139
13136
13137
13143
13141
13146
13144
13149
13142
13135
13138
13139
13139
13143
13149
13139
13141
13135
13127
13137
13136
13137
13144
13141
13144
13146
13145
13144
13137
13143
13138
13140
13140
13134
13136
13125
13127
13124
13120
13120
13123
13122
13120
13132
13128
13131
13126
13130
13138
13138
13139
13142
13137
13142
13142
13143
13142
13135
13137
13148
13131
13132
13148
13147
13147
13145
13139
13143
13139
13137
13133
13132
13139
13140
13139
13136
13135
13139
13136
13140
13138
13139
13132
13133
13129
13130
13134
13126
13124
13118
13124
13127
13129
13134
13132
13127
13134
13122
13124
13133
13124
13127
13132
13130
13132
13131
13139
13142
13141
13139
13134
13135
13135
13133
13135
13135
13137
13143
13137
13140
13137
13137
13132
13128
13125
13119
13122
13125
13129
13130
13137
13139
13129
13127
13131
13127
13129
13129
13127
13128
13132
13137
13138
13137
13138
13141
13137
13139
13140
13131
13128
13135
13131
13130
13127
13132
13133
13145
13138
13134
13132
13133
13135
13133
13134
13129
13138
13134
13133
13132
13133
13125
13130
13132
13137
13134
13136
13129
13135
13137
13133
13132
13131
13132
13134
13132
13131
13128
13125
13132
13123
13126
13136
13134
13136
13133
13127
13131
13126
13127
13131
13126
13129
13133
13138
13140
13137
13135
13137
13142
13144
13140
13138
13139
13137
13134
13134
13128
13126
13130
13126
13120
13125
13124
13124
13126
13126
13125
13131
13130
13130
13133
13138
13138
13136
13140
13138
13143
13136
13136
13133
13132
13131
13125
13127
13120
13132
13139
13140
13136
13139
13134
13134
13135
13138
13141
13140
13132
13130
13138
13131
13128
13132
13131
13131
13130
13135
13138
13138
13137
13139
13138
13139
13137
13136
13139
13132
13140
13133
13134
13133
13135
13134
13136
13133
13128
13126
13130
13126
13120
13132
13136
13134
13130
13122
13129
13132
13122
13123
13137
13138
13137
13150
13155
13150
13144
13140
13139
13140
13135
13134
13131
13133
13127
13136
13138
13130
13134
13123
13132
13132
13135
13137
13136
13130
13125
13123
13123
13122
13118
13127
13133
13126
13127
13133
13137
13138
13131
13129
13133
13132
13131
13132
13134
13135
13140
13141
13147
13143
13140
13140
13143
13135
13137
13138
13140
13130
13132
13122
13121
13115
13116
13118
13109
13115
13120
13124
13130
13132
13133
13143
13146
13134
13133
13134
13139
13141
13135
13129
13133
13134
13130
13125
13121
13119
13122
13129
13130
13125
13126
13117
13119
13123
13118
13125
13129
13128
13128
13125
13126
13133
13135
13137
13146
13143
13138
13142
13138
13139
13135
13136
13143
13143
13144
13146
13145
13138
13125
13132
13141
13138
13139
13133
13118
13126
13123
13129
13127
13125
13130
13138
13136
13138
13136
13131
13133
13136
13142
13127
13129
13134
13133
13138
13132
13136
13141
13141
13144
13142
13137
13138
13137
13130
13133
13135
13133
13132
13131
13133
13134
13126
13124
13126
13122
13129
13130
13079
12443
11365
10382
9499
9040
8789
8735
8757
8887
9026
9183
9280
9415
9547
9732
9885
10069
10235
10419
10579
10744
10890
11035
11160
11302
11410
11526
11613
11705
11791
11881
11954
12040
12099
12171
12232
12283
12339
12396
12432
12474
12506
12549
12578
12617
12658
12689
12720
12756
12775
12795
12815
12836
12861
12875
12891
12910
12916
12932
12938
12951
12959
12970
12981
12993
12998
13008
13012
13016
13033
13031
13036
13053
13055
13060
13073
13076
13083
13081
13085
13087
13092
13094
13088
13087
13089
13095
13098
13099
13093
13102
13101
13106
13116
13124
13133
13128
13134
13134
13136
13129
13138
13129
13136
13141
13131
13128
13134
13133
13136
13137
13127
13133
13133
13124
13127
13126
13126
13124
13132
13133
13131
13137
13128
13125
13131
13126
13134
13132
13130
13145
13139
13130
13132
13131
13137
13136
13134
13133
13126
13129
13128
13125
13134
13134
13132
13134
13122
13121
13132
13127
13124
13132
13126
13128
13123
13119
13114
13121
13127
13126
13128
13125
13129
13123
13129
13119
13126
13126
13132
13139
13128
13127
13132
13127
13133
13127
13132
13122
13125
13126
13138
13131
13132
13132
13133
13133
13130
13125
13125
13125
13126
13129
13126
13123
13130
13126
13130
13128
13131
13129
13137
13144
13143
13139
13132
13122
13137
13142
13143
13151
13148
13145
13149
13140
13133
13127
13130
13128
13127
13126
13133
13127
13135
13145
13139
13139
13145
13139
13152
13139
13135
13142
13140
13142
13140
13137
13139
13139
13138
13141
13136
13136
13131
13133
13137
13134
13132
13135
13132
13141
13133
13130
13132
13125
13123
13122
13126
13119
13128
13134
13138
13134
13139
13142
13134
13135
13133
13127
13129
13121
13116
13123
13120
13125
13126
13119
13123
13134
13135
13133
13135
13123
13120
13116
13129
13129
13134
13127
13130
13139
13138
13135
13141
13133
13133
13127
13131
13126
13128
13124
13131
13123
13136
13132
13126
13132
13126
13133
13143
13135
13130
13134
13124
13129
13133
13129
13124
13128
13127
13126
13120
13122
13122
13121
13128
13122
13125
13127
13120
13127
13129
13125
13134
13134
13134
13137
13136
13137
13133
13133
13138
13134
13137
13135
13132
13132
13130
13129
13126
13126
13118
13130
13131
13133
13135
13131
13137
13139
13139
13141
13141
13135
13133
13134
13139
13138
13138
13135
13134
13146
13142
13137
13142
13136
13130
13130
13122
13113
13119
13126
13131
13132
13124
13123
13124
13126
13121
13128
13134
13134
13130
13139
13138
13136
13141
13133
13144
13139
13140
13136
13137
13135
13129
13130
13137
13141
13130
13128
13133
13138
13136
13133
13131
13134
13132
13131
13132
13131
13133
13136
13142
13137
13144
13138
13136
13140
13138
13137
13131
13131
13136
13147
13138
13133
13139
13139
13140
13142
13143
13146
13144
13142
13144
13141
13140
13129
13124
13119
13123
13134
13119
13115
13117
13116
13131
13139
13136
13136
13138
13129
13138
13126
13133
13135
13130
13135
13136
13134
13139
13135
13134
13145
13141
13145
13145
13142
13137
13131
13131
13135
13126
13125
13130
13145
13143
13145
13147
13147
13148
13146
13133
13126
13125
13125
13124
13132
13138
13134
13135
13136
13141
13131
13132
13133
13141
13142
13144
13138
13141
13134
13132
13140
13135
13134
13139
13134
13140
13143
13138
13137
13136
13133
13131
