13117
13114
13131
13132
13130
13137
13132
13138
13134
13134
13138
13134
13141
13137
13139
13138
13135
13135
13122
13126
13132
13127
13122
13132
13128
13129
13131
13122
13124
13132
13131
13136
13133
13139
13144
13145
13144
13142
13136
13133
13131
13130
13138
13137
13137
13142
13140
13146
13148
13148
13142
13147
13141
13141
13141
13138
13135
13135
13133
13131
13132
13127
13120
13132
13131
13137
13131
13130
13132
13132
13134
13146
13139
13139
13135
13133
13135
13131
13145
13140
13134
13131
13137
13131
13126
13139
13140
13139
13139
13139
13135
13132
13131
13134
13132
13138
13132
13139
13143
13137
13139
13136
13130
13137
13132
13136
13142
13146
13147
13148
13148
13145
13140
13129
13125
13122
13119
13119
13118
13118
13114
13113
13118
13115
13125
13137
13143
13138
13137
13133
13135
13138
13130
13130
13126
13132
13132
13130
13126
13133
13137
13135
13133
13140
13140
13133
13136
13139
13141
13134
13124
13123
13120
13126
13128
13128
13129
13123
13125
13130
13128
13132
13134
13124
13125
13132
13134
13131
13129
13130
13126
13128
13125
13127
13128
13127
13130
13132
13138
13136
13137
13134
13132
13133
13137
13132
13130
13130
13126
13130
13131
13141
13142
13150
13149
13145
13146
13148
13152
13156
13140
13137
13141
13138
13137
13145
13152
13151
13147
13141
13141
13143
13152
13141
13138
13139
13138
13131
13133
13136
13132
13136
13134
13134
13134
13137
13131
13131
13126
13123
13126
13132
13127
13134
13136
13134
13130
13134
13131
13132
13134
13129
13134
13132
13130
13137
13129
13126
13123
13131
13131
13129
13131
13123
13130
13131
13130
13122
13116
13115
13119
13118
13115
13118
13125
13130
13133
13135
13142
13145
13141
13150
13150
13150
13153
13151
13145
13147
13146
13143
13137
13134
13142
13138
13139
13139
13144
13144
13151
13144
13145
13141
13137
13137
13141
13145
13139
13134
13132
13135
13138
13133
13132
13130
13134
13134
13134
13129
13135
13136
13136
13139
13134
13133
13132
13122
13127
13127
13134
13141
13136
13138
13146
13140
13142
13145
13149
13141
13143
13137
13132
13130
13132
13134
13131
13145
13144
13147
13152
13146
13143
13132
13132
13136
13130
13134
13136
13138
13136
13137
13131
13134
13131
13134
13137
13137
13135
13134
13137
13137
13134
13129
13134
13123
13126
13134
13134
13138
13143
13139
13139
13138
13138
13130
13128
13132
13132
13131
13134
13136
13152
13143
13141
13139
13141
13138
13143
13137
13136
13130
13130
13132
13130
13132
13134
13132
13135
13129
13130
13130
13127
13124
13135
13122
13127
13129
13123
13116
13125
13125
13134
13137
13139
13143
13142
13148
13148
13148
13142
13137
13152
13142
13139
13144
13160
13152
13148
13146
13146
13141
13138
13137
13131
13130
13134
13132
13128
13122
13125
13132
13127
13117
13131
13132
13134
13137
13137
13132
13137
13130
13138
13132
13141
13138
13133
13140
13134
13135
13134
13136
13136
13127
13126
13126
13117
13125
13128
13126
13124
13127
13132
13131
13124
13128
13129
13126
13131
13137
13139
13141
13131
13123
13131
13130
13131
13133
13132
13131
13139
13143
13144
13139
13140
13137
13135
13134
13133
13129
13123
13120
13132
13131
13126
13130
13130
13035
12753
12466
12186
12010
11919
11870
11872
11891
11938
11987
12050
12103
12170
12223
12263
12227
12246
12254
12294
12331
12372
12411
12458
12495
12541
12573
12612
12629
12657
12681
12711
12731
12757
12783
12814
12817
12839
12864
12885
12902
12915
12927
12949
12955
12961
12971
12974
12986
12999
13006
13012
13026
13028
13039
13049
13052
13074
13078
13070
13073
13064
13065
13063
13069
13074
13073
13083
13085
13090
13100
13102
13099
13106
13116
13114
13109
13108
13116
13117
13119
13122
13126
13125
13126
13116
13119
13109
13108
13113
13110
13112
13112
13118
13128
13119
13119
13127
13120
13122
13129
13124
13122
13133
13129
13142
13139
13140
13135
13138
13138
13135
13137
13137
13133
13138
13127
13126
13128
13130
13133
13126
13129
13130
13122
13123
13126
13121
13125
13132
13132
13137
13138
13138
13140
13130
13124
13138
13138
13136
13139
13136
13137
13137
13139
13134
13130
13133
13129
13131
13130
13127
13126
13123
13118
13129
13122
13124
13125
13129
13128
13122
13119
13125
13120
13124
13125
13112
13126
13129
13122
13128
13126
13133
13136
13136
13134
13144
13136
13138
13147
13142
13142
13145
13142
13138
13132
13141
13136
13130
13127
13134
13127
13132
13132
13145
13138
13145
13147
13148
13146
13146
13148
13156
13155
13151
13149
13143
13148
13156
13149
13142
13143
13134
13140
13141
13134
13135
13121
13117
13121
13127
13126
13124
13123
13130
13125
13126
13125
13129
13135
13143
13142
13145
13139
13149
13140
13141
13143
13144
13149
13136
13135
13134
13133
13128
13132
13128
13137
13145
13140
13140
13137
13133
13131
13131
13128
13137
13132
13130
13138
13132
13136
13129
13124
13132
13131
13131
13129
13126
13127
13123
13127
13126
13123
13132
13122
13122
13127
13125
13129
13128
13126
13127
13132
13136
13140
13140
13146
13150
13141
13143
13133
13129
13131
13130
13128
13140
13132
13139
13150
13146
13146
13143
13139
13142
13142
13148
13138
13140
13136
13135
13135
13129
13136
13135
13136
13142
13134
13121
13135
13135
13132
13132
13125
13125
13123
13122
13127
13128
13121
13127
13131
13130
13138
13134
13132
13130
13131
13137
13141
13141
13138
13137
13136
13141
13139
13129
13121
13119
13121
13113
13106
13105
13112
13122
13117
13122
13131
13137
13135
13146
13140
13140
13138
13139
13142
13142
13141
13143
13144
13143
13139
13140
13139
13134
13128
13138
13133
13128
13136
13129
13127
13130
13134
13129
13127
13131
13137
13129
13131
13135
13131
13135
13132
13136
13139
13137
13142
13136
13134
13130
13123
13125
13130
13130
13134
13130
13134
13132
13129
13140
13139
13127
13132
13131
13125
13134
13131
13132
13139
13138
13133
13134
13131
13130
13132
13131
13133
13142
13148
13146
13146
13145
13135
13138
13132
13130
13136
13134
13138
13140
13138
13140
13145
13148
13147
13143
13139
13139
13136
13135
13133
13136
13145
13137
13138
13142
13132
13136
13137
13134
13135
13141
13136
13143
13138
13138
13138
13137
13138
13141
13135
13135
13127
13134
13130
13132
13135
13135
13132
13130
13126
13123
13128
13130
13134
13130
13131
13125
13127
13126
13121
13133
13137
13130
13127
13136
13124
13123
13119
13108
13117
13118
13124
13132
13136
13142
13138
13139
13145
13141
13140
13140
13141
13150
13142
13135
13136
13128
13136
13142
13137
13135
13136
