13124
13122
13123
13131
13131
13132
13125
13134
13133
13132
13136
13130
13134
13131
13131
13134
13129
13125
13129
13132
13127
13127
13128
13128
13134
13135
13129
13127
13130
13134
13143
13150
13141
13139
13138
13140
13143
13135
13135
13136
13130
13132
13128
13128
13127
13136
13139
13140
13133
13135
13129
13128
13132
13137
13137
13145
13141
13136
13139
13135
13137
13142
13140
13140
13138
13142
13139
13130
13135
13132
13132
13138
13134
13138
13136
13132
13132
13124
13133
13137
13140
13142
13139
13138
13138
13132
13133
13124
13118
13129
13131
13126
13126
13131
13134
13138
13131
13124
13133
13141
13143
13140
13138
13135
13141
13141
13142
13139
13142
13138
13136
13138
13141
13136
13138
13135
13141
13135
13130
13135
13131
13135
13130
13128
13133
13129
13132
13134
13132
13136
13134
13132
13130
13125
13122
13123
13124
13123
13138
13124
13129
13139
13135
13129
13136
13132
13131
13137
13141
13134
13137
13137
13143
13135
13140
13134
13139
13139
13139
13134
13137
13136
13134
13129
13129
13121
13120
13125
13121
13128
13132
13125
13125
13123
13128
13135
13135
13140
13151
13140
13143
13142
13137
13145
13139
13138
13137
13142
13142
13133
13136
13131
13134
13136
13131
13130
13141
13128
13129
13132
13124
13125
13128
13131
13131
13134
13133
13134
13132
13128
13134
13136
13138
13147
13143
13149
13145
13138
13142
13136
13135
13135
13134
13139
13136
13135
13139
13137
13142
13140
13138
13138
13133
13132
13130
13137
13147
13133
13135
13139
13141
13141
13147
13138
13141
13134
13136
13138
13129
13130
13132
13130
13138
13131
13123
13131
13134
13131
13138
13132
13128
13133
13125
13129
13124
13122
13123
13137
13135
13133
13133
13138
13137
13143
13140
13147
13147
13138
13135
13132
13134
13139
13140
13141
13142
13132
13133
13136
13124
13130
13136
13140
13143
13142
13137
13139
13134
13129
13129
13001
12912
12865
12823
12814
12810
12817
12832
12841
12858
12871
12885
12900
12911
12925
12932
12945
12953
12966
12980
12980
12990
13007
13013
13026
13029
13033
13041
13050
13053
13062
13061
13069
13073
13074
13075
13081
13081
13083
13095
13089
13085
13101
13094
13100
13101
13100
13105
13107
13115
13115
13116
13121
13123
13129
13131
13126
13127
13121
13119
13126
13132
13134
13134
13138
13136
13135
13130
13127
13123
13125
13132
13128
13130
13135
13133
13138
13131
13125
13125
13115
13121
13123
13122
13115
13121
13124
13127
13131
13137
13132
13134
13137
13134
13140
13140
13140
13149
13144
13145
13140
13139
13141
13134
13136
13135
13131
13130
13136
13132
13134
13136
13136
13137
13138
13140
13141
13135
13125
13123
13116
13113
13122
13123
13122
13119
13129
13126
13134
13128
13123
13116
13118
13119
13124
13140
13131
13142
13139
13140
13140
13138
13131
13130
13136
13131
13137
13137
13137
13133
13138
13134
13130
13126
13125
13127
13130
13135
13129
13135
13137
13130
13133
13132
13135
13136
13138
13137
13139
13140
13133
13131
13132
13132
13129
13126
13136
13141
13140
13135
13138
13138
13134
13131
13138
13132
13127
13128
13133
13124
13126
13123
13122
13127
13130
13126
13140
13139
13139
13146
13137
13140
13132
13122
13126
13126
13130
13097
12653
11813
11217
10885
10694
10629
10612
10678
10749
10867
10962
11077
11180
11302
11408
11520
11606
11712
11803
11888
11965
12034
12106
12177
12236
12297
12348
12398
12444
12491
12526
12575
12606
12637
12672
12701
12728
12752
12778
12792
12809
12833
12845
12857
12876
12892
12899
12913
12916
12948
12946
12958
12981
12994
13004
13013
13018
13029
13028
13033
13031
13036
13045
13053
13051
13059
13066
13070
13084
13090
13093
13106
13102
13106
13115
13110
13113
13117
13117
13114
13114
13114
13108
13103
13101
13104
13105
13106
13106
13121
13118
13118
13120
13121
13123
13126
13128
13129
13125
13132
13135
13128
13130
13129
13128
13123
13122
13123
13128
13126
13123
13133
13134
13132
13138
13132
13128
13133
13139
13140
13133
13134
13131
13132
13137
13133
13138
13134
13131
13142
13137
13138
13139
13134
13137
13132
13134
13126
13126
13133
13139
13133
13128
13120
13128
13134
13123
13127
13134
13124
13121
13129
13129
13134
13139
13142
13137
13137
13136
13126
13122
13119
13118
13122
13127
13126
13121
13119
13130
13130
13121
13122
13131
13123
13123
13129
13131
13134
13133
13131
13138
13132
13133
13129
13126
13126
13125
13135
13138
13136
13134
13142
13131
13135
13134
13124
13136
13136
13136
13137
13139
13145
13134
13131
13130
13130
13129
13122
13124
13133
13131
13126
13126
13126
13130
13128
13125
13134
13133
13142
13147
13139
13146
13153
13147
13152
13151
13145
13146
13146
13140
13148
13142
13144
13152
13154
13158
13166
13166
13160
13156
13151
13142
13141
13126
13123
13124
13126
13122
13131
13122
13126
13129
13132
13136
13125
13128
13129
13125
13130
13126
13124
13128
13132
13132
13142
13141
13137
13137
13133
13135
13141
13130
13130
13126
13126
13131
13129
13132
13128
13131
13133
13123
13122
13123
13117
13126
13120
13122
13130
13131
13131
13128
13125
13127
13130
13135
13138
13140
13143
13148
13141
13146
13138
13137
13144
13138
13131
13137
13124
13130
13140
13129
13124
13129
13128
13125
13126
13127
13123
13128
13128
13130
13126
13125
13128
13134
13133
13131
13134
13126
13131
13138
13133
13138
13134
13135
13133
13135
13127
13133
13122
13124
13126
13124
13129
13126
13120
13129
13127
13125
13127
13130
13130
13140
13136
13141
13151
13147
13150
13150
13151
13141
13138
13148
13150
13150
13154
13146
13153
13143
13149
13147
13143
13142
13146
13147
13139
13137
13141
13142
13140
13139
13142
13135
13138
13138
13137
13143
13137
13134
13144
13138
13145
13148
13136
13141
13142
13138
13141
13134
13143
13136
13145
13151
13155
13161
13152
13140
13149
13137
13138
13145
13143
13143
13133
13130
13126
13135
13146
13149
13148
13150
13155
13152
13151
13137
13136
13131
13132
13130
13134
13132
13129
13126
13125
13129
13132
13131
13130
13131
13127
13116
13116
13124
13127
13131
13132
13126
13131
13125
13129
13131
13136
13124
13127
13129
13128
13134
13129
13134
13143
13153
13147
13142
13137
13140
13144
13152
13149
13149
13150
13151
13143
13145
13135
13136
13136
13134
13138
13136
13134
13127
13126
13130
13122
13119
13114
13121
13126
13123
13118
13126
13122
13134
13132
13133
13133
13138
13134
13140
13131
13136
13139
13138
13141
13146
13147
13146
13139
13136
13136
13134
13131
13032
12925
12861
12821
12804
12798
12802
12811
12825
