13134
13136
13131
13129
13126
13127
13127
13122
13116
13115
13120
13122
13127
13132
13133
13139
13141
13131
13135
13128
13129
13126
13132
13128
13136
13142
13149
13145
13142
13134
13138
13136
13128
13119
13117
13126
13135
13126
13123
13124
13127
13130
13126
13131
13135
13140
13142
13149
13136
13137
13133
13132
13127
13123
13117
13121
13112
13113
13126
13113
13113
13114
13119
13122
13130
13134
13131
13138
13131
13123
13126
13124
13119
13121
13126
13124
13127
13123
13128
13135
13138
13137
13141
13144
13149
13142
13144
13149
13136
13127
13122
13122
13120
13116
13118
13116
13116
13116
13121
13109
13110
13121
13124
13128
13131
13132
13137
13141
13143
13137
13132
13137
13140
13140
13134
13136
13135
13136
13137
13140
13139
13139
13138
13141
13138
13143
13140
13146
13148
13149
13151
13154
13149
13153
13149
13154
13141
13136
13139
13137
13136
13146
13147
13148
13147
13148
13143
13145
13146
13142
13142
13143
13138
13134
13129
13127
13135
13132
13132
13132
13133
13136
13131
13135
13130
13130
13127
13134
13129
13138
13136
13136
13129
13132
13131
13135
13131
13131
13134
13133
13131
13136
13123
13128
13133
13138
13135
13137
13136
13134
13133
13139
13141
13146
13140
13134
13146
13137
13133
13143
13131
13137
13134
13129
13130
13134
13131
13132
13134
13136
13140
13138
13135
13135
13137
13131
13124
13123
13124
13117
13117
13118
13115
13124
13126
13126
13126
13134
13133
13136
13137
13130
13123
13122
13118
13119
13128
13121
13123
13120
13124
13135
13135
13130
13133
13135
13135
13137
13140
13136
13142
13133
13141
13137
13126
13130
13126
13121
13126
13120
13124
13133
13122
13129
13134
13137
13134
13134
13141
13145
13139
13135
13135
13142
13145
13141
13147
13140
13129
13135
13131
13138
13134
13131
13126
13126
13129
13136
13122
13129
13126
13131
13138
13138
13137
13147
13142
13140
13143
13133
13123
13129
13127
13130
13135
13132
13132
13126
13128
13120
13121
13126
13120
13118
13128
13124
13131
13126
13130
13134
13133
13140
13142
13147
13142
13138
13137
13137
13129
13131
13131
13134
13132
13137
13134
13137
13138
13129
13142
13136
13132
13131
13121
13122
13117
13117
13119
13117
13117
13125
13133
13137
13138
13137
13146
13142
13151
13145
13138
13142
13146
13141
13144
13135
13132
13140
13132
13144
13135
13139
13133
13134
13135
13136
13138
13138
13134
13127
13132
13125
13132
13134
13125
13132
13136
13134
13124
13128
13127
13121
13124
13126
13124
13133
13131
13129
13131
13130
13126
13121
13121
13121
13133
13135
13140
13142
13141
13141
13133
13134
13124
13125
13131
13133
13134
13127
13125
13133
13130
13127
13123
13128
13129
13134
13145
13139
13141
13146
13143
13144
13143
13147
13145
13146
13142
13133
13142
13136
13137
13140
13140
13147
13133
13138
13128
13125
13127
13132
13123
13130
13135
13137
13151
13145
13137
13142
13138
13128
13130
13116
13113
13117
13119
13129
13132
13136
13135
13141
13147
13138
13133
13132
13137
13138
13143
13145
13152
13142
13136
13135
13131
13132
13132
13126
13125
13121
13116
13127
13126
13134
13131
13129
13130
13134
13126
13128
13120
13122
13124
13117
13114
13119
13123
13129
13130
13124
12698
11945
11118
10516
10085
9796
9682
9656
9727
9818
9973
10114
10284
10432
10602
10745
10895
11025
11162
11275
11401
11506
11606
11694
11801
11885
11965
12037
12104
12154
12224
12279
12345
12387
12431
12471
12513
12551
12594
12630
12656
12690
12712
12736
12766
12791
12819
12830
12850
12861
12880
12892
12908
12919
12933
12947
12957
12965
12970
12981
12987
12994
12999
13010
13027
13025
13033
13036
13040
13054
13056
13056
13063
13067
13071
13071
13074
13075
13087
13088
13092
13098
13105
13110
13104
13113
13113
13118
13124
13118
13124
13115
13127
13123
13121
13129
13125
13134
13134
13134
13133
13139
13137
13139
13135
13137
13135
13137
13128
13136
13130
13128
13135
13125
13131
13129
13125
13127
13123
13121
13119
13119
13115
13114
13124
13126
13123
13128
13126
13129
13133
13135
13128
13135
13134
13138
13134
13136
13136
13138
13133
13133
13127
13130
13134
13132
13133
13140
13136
13140
13139
13135
13139
13142
13147
13148
13141
13145
13142
13138
13145
13141
13142
13136
13136
13138
13131
13126
13123
13119
13125
13117
13118
13124
13126
13125
13123
13131
13126
13124
13122
13117
13116
13121
13123
13124
13119
13120
13121
13129
13134
13130
13139
13137
13140
13141
13139
13139
13131
13131
13125
13123
13128
13126
13127
13138
13140
13141
13143
13143
13151
13146
13141
13139
13137
13139
13132
13130
13137
13138
13127
13132
13129
13133
13136
13134
13135
13133
13132
13134
13125
13121
13125
13124
13119
13118
13122
13125
13125
13134
13134
13141
13138
13135
13129
13138
13138
13134
13133
13137
13145
13144
13140
13151
13145
13151
13147
13142
13138
13142
13141
13148
13144
13138
13136
13130
13133
13131
13138
13138
13135
13132
13134
13133
13126
13128
13124
13124
13128
13123
13125
13132
13129
13127
13126
13135
13134
13134
13136
13134
13134
13133
13134
13136
13134
13144
13143
13138
13141
13137
13132
13134
13131
13129
13125
13123
13122
13126
13131
13138
13127
13127
13132
13127
13127
13129
13130
13126
13122
13123
13125
13126
13137
13138
13143
13146
13138
13138
13140
13147
13151
13141
13141
13149
13142
13140
13142
13134
13136
13135
13135
13140
13135
13146
13138
13134
13135
13139
13138
13139
13132
13131
13134
13130
13129
13131
13123
13133
13140
13139
13135
13134
13139
13142
13141
13140
13131
13129
13135
13139
13141
13127
13121
13126
13129
13127
13124
13132
13129
13131
13130
13136
13127
13131
13141
13138
13143
13144
13143
13147
13146
13148
13145
13140
13137
13143
13140
13142
13144
13139
13140
13125
13118
13120
13125
13125
13128
13130
13126
13128
13135
13132
13136
13134
13130
13133
13138
13139
13140
13138
13131
13134
13125
13126
13131
13133
13137
13139
13133
13137
13129
13130
13124
13117
13124
13129
13132
13134
13128
13127
13124
13126
13129
13131
13130
13133
13133
13137
13135
13132
13129
13122
13128
13133
13130
13125
13126
13127
13131
13125
13121
13126
13130
13127
13130
13128
13129
13132
13134
13136
13131
13128
13130
13129
13132
13133
13126
13125
13127
13122
13129
13133
13135
13132
13133
13126
13123
13126
13121
13117
13129
13125
13120
13125
13128
13135
13129
13134
13139
13135
13143
13142
13148
13142
13147
13139
13142
13145
13143
13142
13130
13124
13127
13124
13134
13130
13122
13123
13125
13119
13119
13119
13130
13128
