13134
13129
13130
13133
13130
13133
13131
13137
13134
13129
13132
13132
13140
13129
13130
13135
13127
13133
13121
13127
13119
13121
13122
13125
13116
13131
13135
13133
13141
13142
13137
13144
13142
13145
13154
13146
13148
13150
13143
13138
13131
13140
13137
13128
13125
13130
13126
13129
13130
13131
13132
13123
13129
13124
13126
13134
13135
13137
13137
13135
13143
13132
13131
13138
13126
13124
13123
13125
13133
13135
13130
13136
13130
13124
13137
13133
13134
13138
13141
13147
13142
13138
13142
13143
13137
13135
13135
13137
13135
13139
13137
13133
13142
13139
13138
13140
13130
13133
13129
13123
13123
13131
13136
13139
13134
13137
13142
13141
13154
13154
13152
13151
13151
13142
13141
13126
13127
13136
13133
13135
13137
13134
13138
13135
13133
13123
13132
13136
13142
13136
13142
13137
13152
13145
13143
13144
13138
13140
13136
13138
13135
13137
13138
13137
13136
13132
13141
13137
13141
13142
13140
13143
13139
13134
13139
13130
13126
13130
13137
13134
13134
13132
13134
13133
13132
13134
13133
13135
13139
13137
13136
13136
13141
13135
13129
13126
13125
13131
13126
13132
13134
13137
13136
13137
13132
13131
13127
13122
13127
13129
13127
13124
13125
13129
13131
13134
13137
13138
13127
13122
13132
13125
13126
13133
13139
13138
13132
13135
13134
13130
13130
13131
13136
13127
13128
13132
13132
13135
13140
13136
13134
13128
13123
13128
13120
13117
13117
13120
13123
13125
13137
13142
13142
13137
13147
13137
13143
13140
13136
13137
13142
13134
13140
13139
13142
13141
13143
13147
13143
13141
13142
13133
13141
13136
13126
13132
13129
13127
13129
13134
13127
13131
13134
13136
13121
13124
13129
13131
13131
13137
13138
13143
13140
13131
13140
13135
13139
13142
13136
13140
13141
13140
13145
13143
13131
13123
13128
13126
13122
13126
13128
13131
13140
13137
13135
13139
13141
13143
13140
13138
13129
13131
13128
13129
13130
13137
13136
13132
13135
13136
13133
13139
13141
13138
13142
13143
13138
13143
13142
13147
13154
13152
13152
13147
13148
13139
13139
13142
13138
13141
13139
13132
13128
13123
13125
13133
13127
13128
13125
13131
13129
13130
13126
13132
13128
13129
13135
13139
13143
13132
13132
13135
13125
13123
13132
13131
13124
13131
13129
13133
13138
13133
13138
13140
13140
13137
13136
13135
13134
13133
13140
13137
13140
13133
13132
13139
13129
13126
13120
13123
13125
13130
13130
13132
13122
13118
13124
13123
13133
13130
13140
13145
13143
13137
13143
13147
13151
13148
13145
13146
13145
13148
13145
13147
13146
13146
13143
13143
13142
13139
13140
13133
13139
13131
13140
13145
13151
13153
13151
13148
13144
13138
13142
13136
13131
13127
13130
13125
13134
13132
13133
13137
13133
13135
13149
13139
13134
13138
13143
13140
13144
13139
13142
13138
13141
13134
13132
13135
13140
13144
13139
13140
13136
13134
13130
13132
13133
13141
13141
13141
13129
13135
13132
13139
13136
13139
13136
13135
13137
13131
13133
13138
13139
13133
13142
13133
13132
13138
13132
13136
13134
13136
13136
13144
13143
13132
13132
13132
13130
13131
13131
13131
13135
13130
13135
13136
13140
13139
13136
13134
13133
13128
13125
13123
13125
13133
13128
13118
12842
12410
12144
11981
11897
11765
11669
11628
11638
11663
11723
11776
11843
11904
11981
12044
12107
12164
12229
12283
12337
12386
12440
12482
12531
12553
12503
12479
12468
12478
12501
12521
12544
12569
12601
12632
12661
12690
12715
12739
12766
12793
12814
12841
12861
12872
12892
12889
12905
12927
12940
12956
12970
12980
12986
12992
12997
13003
13004
13017
13023
13030
13035
13043
13055
13052
13062
13068
13066
13077
13081
13083
13071
13086
13094
13101
13094
13104
13109
13104
13106
13110
13107
13118
13113
13114
13121
13115
13119
13119
13110
13108
13117
13118
13120
13123
13123
13121
13115
13128
13127
13135
13134
13132
13137
13135
13138
13136
13124
13138
13139
13142
13143
13143
13140
13143
13129
13134
13133
13129
13133
13130
13132
13136
13133
13132
13129
13126
13119
13117
13114
13116
13115
13117
13130
13133
13128
13122
13133
13127
13125
13126
13126
13125
13135
13136
13141
13147
13146
13139
13138
13145
13145
13146
13141
13144
13130
13133
13131
13127
13126
13125
13125
13138
13134
13130
13121
13116
13115
13117
13119
13124
13128
13130
13136
13129
13130
13133
13135
13139
13130
13126
13127
13121
13126
13121
13123
13122
13123
13125
13128
13127
13121
13123
13125
13134
13124
13129
13127
13135
13137
13137
13135
13137
13136
13132
13140
13134
13127
13135
13127
13127
13128
13127
13126
13132
13134
13134
13132
13136
13135
13133
13135
13133
13140
13140
13137
13142
13135
13131
13132
13133
13127
13130
13138
13143
13142
13137
13144
13135
13133
13144
13141
13145
13139
13129
13136
13131
13126
13124
13131
13129
13130
13135
13139
13133
13133
13132
13132
13135
13128
13125
13115
13120
13128
13121
13126
13125
13131
13139
13140
13136
13130
13131
13136
13136
13136
13130
13124
13126
13122
13132
13124
13135
13133
13128
13137
13136
13138
13147
13150
13146
13146
13144
13142
13138
13133
13126
13130
13129
13126
13129
13136
13137
13152
13133
13130
13132
13132
13133
13134
13137
13143
13145
13140
13050
12936
12880
12842
12827
12823
12826
12838
12845
12863
12877
12893
12904
12915
12928
12938
12947
12961
12965
12972
12982
12990
12997
13012
13015
13030
13037
13042
13042
13053
13057
13060
13070
13072
13075
13075
13089
13093
13094
13097
13102
13100
13105
13110
13107
13106
13105
13109
13115
13113
13115
13122
13110
13114
13123
13112
13118
13121
13116
13122
13117
13110
13107
13110
13110
13111
13117
13130
13128
13131
13127
13124
13133
13139
13142
13138
13139
13144
13148
13142
13136
13134
13132
13126
13129
13128
13127
13133
13137
13142
13140
13155
13144
13139
13141
13133
13135
13139
13138
13134
13133
13131
13129
13130
13129
13133
13132
13133
13132
13138
13130
13132
13141
13134
13130
13133
13134
13133
13139
13138
13137
13136
13137
13134
13126
13129
13126
13123
13134
13138
13130
13139
13131
13122
13119
13129
13130
13138
13142
13147
13143
13142
13138
13141
13137
13134
13133
13142
13137
13136
13133
13134
13139
13138
13139
13125
13118
13123
13126
13134
13137
13133
13140
13146
13136
13142
13140
13132
13136
13136
13132
13136
13136
13129
13128
13122
13130
13132
13129
13127
13127
13130
13126
13132
13121
13126
13132
13134
13135
13135
13132
13136
13142
13140
13141
13135
13135
13134
13135
13135
13136
13136
13143
13141
13137
13135
13134
