13141
13136
13130
13136
13133
13132
13127
13128
13129
13132
13129
13133
13134
13127
13129
13134
13127
13131
13125
13123
13131
13133
13133
13134
13127
13130
13128
13130
13144
13134
13143
13144
13141
13135
13131
13132
13130
13139
13131
13136
13135
13132
13134
13134
13132
13122
13124
13127
13127
13126
13125
13126
13130
13130
13130
13127
13126
13121
13125
13130
13126
13125
13117
13006
12920
12870
12838
12814
12810
12814
12822
12835
12848
12866
12888
12894
12911
12927
12939
12951
12962
12972
12984
12991
13006
13007
13012
13027
13027
13032
13038
13042
13055
13061
13066
13074
13073
13077
13083
13087
13090
13097
13099
13104
13094
13099
13102
13104
13108
13114
13117
13119
13109
13115
13115
13107
13106
13115
13113
13117
13117
13122
13127
13126
13132
13134
13139
13132
13134
13141
13139
13135
13138
13136
13133
13139
13135
13133
13126
13128
13130
13129
13126
13128
13124
13125
13121
13120
13121
13118
13118
13119
13122
13126
13137
13128
13128
13133
13131
13134
13141
13143
13151
13152
13151
13140
13142
13145
13132
13136
13135
13127
13139
13139
13137
13140
13141
13142
13140
13137
13134
13133
13134
13134
13128
13125
13132
13139
13143
13144
13141
13147
13137
13134
13133
13130
13125
13131
13120
13123
13123
13133
13133
13140
13137
13131
13131
13135
13132
13129
13126
13118
13122
13122
13125
13128
13123
13138
13139
13135
13131
13129
13130
13134
13134
13139
13133
13133
13134
13137
13135
13142
13135
13128
13137
13131
13134
13138
13137
13146
13149
13141
13144
13143
13133
13125
13132
13131
13133
13136
13138
13139
13145
13140
13138
13138
13137
13137
13136
13134
13130
13128
13120
13127
13126
13133
13134
13126
13131
13122
13125
13126
13126
13130
13138
13136
13134
13137
13127
13134
13128
13132
13136
13132
13131
13132
13134
13138
13137
13125
13122
13124
13129
13127
13129
13124
13120
13127
13128
13130
13122
13125
13131
13131
13131
13138
13131
13138
13140
13146
13138
13142
13135
13138
13142
13139
13132
13135
13126
13131
13130
13133
13136
13138
13134
13128
13130
13136
13135
13136
13118
13115
13118
13121
13124
13123
13126
13131
13132
13127
13132
13126
13131
13136
13128
13133
13134
13135
13139
13138
13142
13146
13145
13142
13145
13130
13126
13132
13129
13132
13139
13142
13142
13139
13147
13141
13139
13146
13150
13153
13150
13149
13151
13141
13132
13143
13141
13138
13132
13131
13131
13129
13128
13135
13131
13127
13121
13114
13118
13122
13126
13137
13133
13133
13145
13137
13135
13139
13129
13133
13127
13127
13126
13126
13126
13126
13132
13138
13135
13138
13132
13132
13135
13132
13129
13136
13134
13131
13130
13128
13126
13129
13132
13137
13129
13136
13138
13134
13140
13137
13138
13141
13131
13132
13141
13135
13129
13132
13131
13132
13144
13144
13144
13147
13142
13141
13138
13138
13135
13131
13135
13128
13141
13136
13130
13133
13136
13137
13135
13135
13131
13133
13130
13134
13135
13136
13137
13138
13137
13138
13137
13138
13133
13134
13146
13135
13131
13128
13125
13130
13123
13126
13125
13122
13129
13127
13122
13132
13126
13131
13132
13138
13136
13136
13133
13142
13136
13128
13127
13123
13129
13134
13134
13133
13108
12901
12258
11666
11274
11043
10917
10751
10695
10690
10745
10798
10893
10984
11092
11190
11308
11409
11520
11610
11718
11799
11898
11970
12047
12108
12173
12220
12282
12329
12390
12438
12482
12519
12564
12596
12643
12681
12709
12735
12760
12782
12803
12817
12836
12857
12871
12890
12901
12904
12923
12934
12948
12967
12979
12991
12998
13004
13019
13019
13024
13026
13042
13048
13051
13065
13061
13069
13080
13072
13076
13085
13080
13095
13097
13102
13102
13109
13114
13123
13110
13111
13109
13104
13109
13108
13104
13105
13102
13100
13105
13101
13102
13110
13103
13109
13110
13105
13109
13119
13119
13116
13121
13120
13121
13131
13131
13127
13101
12968
12885
12844
12821
12809
12808
12815
12830
12835
12854
12875
12879
12834
12804
12780
12782
12782
12792
12806
12821
12824
12845
12855
12873
12886
12898
12909
12934
12948
12961
12966
12984
12986
12997
13004
13011
13022
13034
13034
13045
13059
13065
13074
13077
13081
13089
13094
13102
13103
13092
13099
13083
13090
13096
13094
13091
13095
13092
13098
13092
13097
13109
13108
13107
13112
13109
13106
13114
13122
13125
13130
13125
13119
13118
13124
13124
13118
13117
13117
13126
13116
13120
13125
13126
13127
13120
13121
13124
13123
13126
13129
13128
13132
13145
13139
13145
13141
13142
13143
13143
13138
13146
13141
13138
13134
13135
13130
13122
13117
13117
13121
13121
13122
13126
13131
13125
13134
13130
13132
13134
13131
13134
13143
13137
13138
13135
13134
13130
13125
13120
13116
13118
13128
13120
13118
13124
13132
13137
13139
13134
13131
13137
13132
13132
13133
13128
13132
13132
13133
13132
13126
13123
13124
13118
13130
13134
13147
13142
13142
13149
13142
13135
13137
13135
13132
13131
13137
13137
13133
13133
13136
13133
13129
13132
13131
13134
13137
13140
13140
13132
13126
13126
13121
13118
13121
13113
13126
13126
13130
13134
13142
13142
13135
13132
13133
13128
13125
13126
13125
13138
13137
13135
13142
13136
13144
13136
13131
13132
13137
13133
13139
13133
13135
13133
13126
13123
13129
13132
13131
13122
13125
13136
13132
13127
13132
13124
13132
13134
13131
13129
13124
13134
13133
13132
13129
13134
13138
13136
13142
13148
13139
13137
13134
13135
13132
13133
13139
13141
13138
13137
13134
13135
13144
13138
13132
13141
13137
13137
13139
13133
13133
13139
13132
13133
13138
13147
13152
13161
13158
13153
13142
13136
13136
13136
13139
13135
13133
13125
13131
13137
13133
13130
13135
13135
13135
13129
13140
13130
13139
13135
13135
13136
13135
13134
13135
13139
13144
13146
13152
13146
13142
13141
13136
13134
13139
13135
13135
13142
13139
13142
13138
13135
13132
13135
13134
13137
13133
13129
13129
13129
13125
13124
13129
13130
13135
13135
13148
13142
13147
13142
13142
13138
13137
13135
13132
13131
13137
13143
13141
13139
13133
13144
13133
13129
13135
13136
13139
13140
13135
13129
13134
13135
13128
13135
13132
13132
13142
13148
13147
13157
13149
13151
13150
13144
13140
13134
13126
13127
13125
13134
13137
13137
13139
13145
13144
13145
13141
13143
13147
13134
13131
13130
13125
13129
13134
13131
13132
13136
13138
13142
13138
13141
13128
13137
13132
13132
13133
13121
13122
13127
13120
13126
13134
13124
13126
13128
13127
13124
13126
13126
13133
13131
13135
13134
13135
13143
13131
