13127
13122
13123
13127
13129
13128
13118
13123
13122
13127
13137
13131
13135
13143
13136
13141
13138
13144
13140
13137
13130
13130
13130
13127
13127
13127
13124
13126
13134
13130
13129
13131
13134
13140
13145
13142
13147
13140
13143
13140
13129
13132
13126
13124
13126
13127
13123
13101
12966
12889
12847
12814
12803
12813
12821
12831
12846
12860
12874
12885
12895
12917
12935
12950
12957
12966
12975
12983
12996
12998
13013
13023
13030
13033
13042
13049
13054
13056
13060
13072
13070
13075
13083
13082
13081
13091
13086
13093
13096
13099
13101
13096
13102
13107
13110
13110
13114
13115
13114
13119
13119
13117
13119
13122
13124
13121
13124
13126
13133
13130
13129
13137
13138
13135
13139
13138
13133
13128
13128
13126
13122
13123
13127
13122
13127
13126
13119
13127
13123
13123
13138
13137
13134
13130
13127
13128
13136
13137
13139
13138
13139
13138
13141
13139
13134
13141
13133
13139
13138
13132
13129
13127
13123
13122
13122
13125
13125
13122
13126
13131
13127
13122
13135
13132
13133
13133
13132
13135
13139
13137
13140
13130
13126
13136
13132
13134
13133
13132
13138
13137
13142
13137
13145
13143
13141
13138
13135
13132
13133
13131
13131
13129
13133
13133
13127
13124
13129
13125
13130
13134
13127
13130
13134
13130
13133
13133
13134
13132
13130
13120
13117
13113
13107
13112
13111
13122
13125
13130
13131
13138
13134
13134
13129
13137
13140
13136
13130
13134
13138
13132
13137
13142
13140
13137
13140
13141
13141
13134
13137
13130
13126
13135
13136
13135
13147
13150
13150
13150
13144
13138
13144
13133
13132
13133
13130
13137
13129
13130
13123
13123
13137
13134
13142
13145
13137
13139
13142
13136
13139
13132
13124
13133
13127
13131
13126
13123
13119
13119
13130
13134
13126
13132
13141
13136
13137
13145
13139
13136
13138
13136
13137
13134
13138
13145
13146
13144
13143
13139
13135
13128
13130
13132
13125
13127
13126
13135
13142
13136
13139
13134
13137
13141
13137
13138
13134
13142
13149
13147
13138
13139
13135
13132
13126
13126
13121
13122
13119
13126
13129
13128
13147
13135
13136
13138
13132
13137
13141
13138
13132
13131
13138
13132
13139
13140
13136
13142
13144
13146
13152
13135
13131
13130
13122
13125
13129
13131
13127
13132
13124
13137
13133
13136
13138
13133
13137
13139
13135
13138
13136
13135
13145
13134
13132
13138
13136
13138
13138
13138
13134
13136
13133
13131
13129
13136
13133
13140
13145
13139
13142
13136
13131
13138
13137
13128
13127
13126
13128
13127
13117
13122
13113
13118
13124
13126
13127
13132
13136
13137
13142
13136
13142
13133
13128
13134
13130
13136
13136
13133
13139
13138
13136
13130
13126
13133
13132
13137
13134
13136
13143
13137
13134
13137
13138
13130
13133
13141
13138
13138
13135
13140
13145
13138
13026
12930
12875
12846
12830
12830
12819
12826
12843
12849
12861
12880
12889
12906
12918
12934
12946
12954
12967
12967
12985
12999
13006
13010
13019
13025
13032
13037
13045
13056
13059
13063
13071
13076
13078
13082
13084
13093
13098
13102
13100
13098
13102
13107
13109
13114
13110
13106
13113
13109
13111
13109
13112
13111
13116
13123
13124
13131
13128
13130
12770
11976
11101
10252
9704
9179
8930
8824
8868
8957
9117
9270
9471
9644
9855
10038
10230
10398
10578
10728
10888
11020
11164
11282
11410
11519
11627
11720
11814
11891
11974
12049
12122
12182
12249
12298
12355
12393
12447
12491
12532
12561
12595
12624
12657
12680
12715
12729
12759
12782
12809
12830
12845
12862
12878
12899
12910
12925
12940
12960
12965
12975
12985
12985
12992
13003
13020
13015
13040
13045
13051
13061
13060
13072
13075
13075
13070
13077
13080
13082
13089
13095
13094
13100
13108
13112
13119
13110
13107
13102
13109
13110
13105
13109
13120
13129
13131
13135
13125
13128
13127
13127
13126
13132
13135
13138
13123
13124
13133
13127
13132
13139
13135
13134
13135
13129
13128
13130
13131
13133
13125
13125
13124
13128
13125
13125
13130
13131
13130
13137
13143
13143
13140
13139
13135
13133
13133
13135
13125
13124
13129
13129
13134
13137
13139
13138
13133
13128
13144
13135
13138
13136
13135
13131
13129
13129
13131
13122
13134
13134
13129
13134
13134
13132
13138
13131
13131
13132
13129
13131
13132
13134
13133
13128
13139
13133
13133
13139
13132
13148
13144
13151
13158
13148
13142
13140
13133
13141
13152
13138
13136
13140
13135
13138
13132
13129
13135
13131
13127
13123
13129
13124
13128
13122
13122
13123
13127
13101
12983
12905
12862
12834
12821
12818
12818
12832
12851
12864
12872
12884
12907
12914
12927
12944
12954
12972
12982
12995
13003
13005
13014
13025
13022
13030
13032
13042
13050
13048
13050
13060
13067
13074
13078
13080
13091
13098
13109
13100
13099
13110
13112
13111
13108
13105
13105
13103
13104
13115
13110
13119
13124
13121
13121
13124
13120
13134
13126
13132
13135
13126
13121
13122
13112
13117
13116
13116
13115
13120
13128
13133
13142
13147
13133
13138
13142
13137
13142
13139
13136
13142
13144
13141
13136
13139
13133
13133
13132
13128
13122
13133
13137
13134
13137
13139
13141
13149
13148
13144
13151
13145
13138
13141
13141
13136
13137
13142
13132
13127
13134
13123
13126
13141
13139
13141
13144
13148
13153
13149
13140
13138
13141
13137
13144
13144
13144
13138
13134
13138
13131
13138
13135
13134
13136
13133
13139
13142
13137
13139
13148
13138
13142
13147
13143
13142
13151
13145
13141
13142
13147
13149
13157
13158
13146
13150
13155
13152
13148
13141
13145
13143
13140
13150
13148
13150
13143
13141
13140
13139
13126
13129
13131
13131
13134
13134
13131
13132
13130
13116
13130
13132
13131
13133
13128
13131
13134
13132
13136
13132
13137
13133
13131
13132
13131
13137
13137
13138
13140
13141
13137
13144
13145
13136
13131
13135
13135
13144
13134
13135
13135
13139
13137
13130
13127
13129
13125
13132
13130
13131
13133
13136
13142
13144
13143
13145
13149
13143
13141
13143
13143
13139
13140
13138
13136
13137
13141
13141
13134
13133
13142
13139
13130
13139
13134
13134
13137
13142
13134
13143
13142
13143
13144
13137
13133
13136
13125
13129
13129
13122
13135
13130
13129
13132
13129
13136
13139
13141
13141
13136
13134
13138
13135
13138
13138
13138
13134
13133
13134
13129
13127
13132
13133
13130
13130
13131
13130
13123
13120
13123
13119
13124
13123
13123
13128
13129
13131
13133
13132
13133
13135
13124
13128
13128
13127
13127
13133
13133
13134
13139
13145
13149
13163
13162
13167
13168
13156
13141
13138
13136
