13141
13139
13132
13134
13133
13126
13124
13133
13128
13121
13122
13128
13135
13129
13125
13130
13126
13128
13122
13127
13115
13115
13113
13122
13116
13126
13126
13122
13126
13132
13134
13141
13133
13132
13144
13136
13133
13133
13124
13122
13119
13122
13120
13124
13122
13126
13125
13128
13121
13118
13119
13119
13123
13120
13123
13121
13123
13129
13132
13127
13129
13128
13132
13143
13131
13147
13141
13136
13137
13144
13144
13142
13131
13136
13135
13136
13129
13130
13133
13134
13141
13137
13137
13136
13142
13136
13131
13134
13132
13130
13124
13123
13123
13115
13116
13125
13130
13125
13125
13125
13127
13130
13128
13132
13126
13132
13142
13133
13137
13141
13127
13138
13129
13137
13137
13136
13134
13132
13130
13135
13138
13135
13138
13141
13145
13136
13133
13134
13134
13137
13135
13133
13144
13135
13130
13127
13129
13132
13126
13129
13127
13132
13132
13141
13133
13138
13139
13132
13134
13123
13129
13134
13133
13134
13139
13138
13136
13139
13137
13141
13143
13136
13139
13141
13138
13138
13142
13139
13139
13143
13143
13141
13151
13140
13145
13150
13153
13142
13142
13144
13135
13138
13126
13121
13121
13128
13130
13130
13132
13138
13134
13142
13138
13137
13144
13143
13139
13141
13134
13136
13135
13129
13132
13133
13136
13139
13134
13134
13129
13138
13127
13129
13130
13128
13125
13138
13129
13124
13122
13121
13124
13123
13125
13126
13119
13122
13126
13126
13131
13129
13127
13130
13115
13114
13114
13116
13115
13120
13114
13117
13118
13116
13119
13121
13121
13126
13121
13127
13135
13147
13149
13137
13142
13133
13126
13132
13127
13131
13133
13133
13133
13138
13139
13135
13129
13131
13133
13128
13125
13127
13132
13131
13125
13132
13131
13126
13126
13131
13129
13132
13135
13134
13134
13129
13133
13137
13138
13138
13137
13141
13139
13138
13133
13129
13118
13125
13128
13125
13126
13122
13120
13122
13124
13125
13125
13131
13128
13131
13134
13141
13135
13135
13129
13128
13134
13137
13137
13144
13145
13144
13154
13145
13137
13141
13147
13149
13149
13145
13142
13141
13148
13139
13140
13133
13128
13140
13140
13135
13127
13130
13134
13133
13132
13130
13116
13114
13126
13116
13121
13117
13119
13124
13126
13128
13141
13138
13135
13137
13135
13139
13142
13135
13130
13134
13132
13136
13131
13132
13125
13122
13136
13132
13132
13129
13126
13131
13138
13141
13139
13143
13148
13144
13140
13134
13129
13131
13131
13132
13131
13133
13131
13133
13126
13125
13135
13129
13128
13136
13126
13128
13134
13129
13128
13134
13129
13129
13123
13121
13128
13129
13135
13130
13131
13129
13134
13134
13134
13129
13131
13136
13134
13132
13131
13127
13126
13139
13136
13136
13131
13133
13131
13130
13127
13136
13139
13141
13143
13149
13141
13138
13146
13146
13142
13141
13139
13138
13132
13136
13134
13137
13135
13136
13139
13138
13134
13138
13143
13151
13149
13145
13149
13147
13146
13143
13136
13142
13137
13140
13141
13136
13136
13134
13129
13129
13128
13125
13131
13137
13136
13137
13140
13144
13145
13138
13134
13129
13121
13126
13129
13133
13126
13126
13130
13131
13126
13134
13120
13120
13118
13114
13128
13128
13128
13132
13131
13133
12965
12390
11778
11202
10730
10459
10347
10289
10299
10229
10260
10320
10426
10525
10666
10785
10924
11033
11088
11139
11233
11316
11421
11512
11612
11698
11800
11863
11945
12017
12089
12153
12223
12281
12333
12383
12430
12480
12519
12558
12596
12628
12660
12682
12708
12728
12758
12773
12798
12813
12828
12851
12870
12890
12910
12926
12945
12952
12970
12972
12982
12986
12992
13003
13004
13012
13032
13027
13029
13042
13051
13059
13062
13059
13063
13072
13082
13086
13080
13097
13102
13103
13110
13103
13100
13106
13106
13108
13113
13111
13116
13121
13126
13129
13137
13138
13138
13129
13123
13115
13114
13121
13123
13132
13133
13132
13135
13129
13119
13129
13119
13121
13119
13118
13115
13118
13113
13118
13115
13122
13123
13120
13118
13117
13115
13129
13129
13127
13127
13125
13123
13127
13124
13123
13125
13123
13132
13132
13128
13129
13126
13127
13125
13120
13128
13135
13135
13127
13120
13124
13119
13115
13113
13116
13115
13123
13123
13133
13126
13131
13134
13127
13135
13137
13136
13140
13133
13122
13132
13125
13118
13120
13113
13113
13118
13128
13133
13133
13134
13133
13134
13135
13135
13131
13126
13129
13140
13132
13133
13137
13142
13139
13143
13138
13145
13148
13140
13136
13133
13135
13140
13134
13131
13139
13137
13134
13125
13120
13130
13132
13127
13128
13120
13126
13131
13135
13134
13131
13135
13133
13134
13131
13130
13132
13133
13137
13135
13129
13123
13125
13126
13122
13125
13129
13123
13137
13132
13133
13130
13136
13134
13135
13137
13141
13142
13147
13146
13143
13147
13148
13143
13147
13143
13142
13144
13149
13152
13147
13152
13147
13063
12958
12889
12849
12831
12819
12822
12826
12832
12846
12861
12873
12886
12907
12918
12930
12944
12954
12959
12973
12981
12994
13008
13020
13035
13041
13039
13042
13049
13051
13059
13066
13068
13070
13077
13081
13094
13096
13100
13101
13104
13107
13102
13102
13109
13109
13116
13112
13101
13106
13106
13113
13111
13111
13111
13106
13104
13107
13103
13106
13110
13115
13125
13128
13130
13128
13130
13132
13135
13122
13128
13129
13125
13132
13129
13126
13122
13125
13127
13130
13128
13125
13130
13129
13120
13120
13128
13123
13130
13131
13124
13122
13120
13132
13127
13122
13124
13121
13115
13120
13124
13123
13127
13132
13126
13132
13130
13125
13131
13126
13129
13131
13124
13125
13135
13137
13140
13137
13135
13132
13131
13132
13126
13130
13128
13128
13137
13130
13129
13138
13133
13138
13136
13139
13129
13133
13128
13126
13125
13127
13125
13130
13133
13138
13135
13138
13136
13138
13143
13137
13136
13137
13128
13128
13141
13142
13146
13142
13143
13136
13142
13142
13134
13132
13131
13135
13134
13130
13125
13134
13132
13135
13134
13134
13134
13136
13139
13133
13132
13135
13140
13136
13135
13147
13144
13144
13139
13130
13084
12956
12885
12848
12822
12816
12826
12828
12837
12846
12863
12868
12880
12894
12910
12922
12936
12941
12952
12950
12966
12983
12995
13005
13010
13022
13030
13042
13045
13053
13056
13062
13062
13059
13066
13069
13071
13087
13088
13084
13094
13093
13095
13107
13097
13101
13103
13103
13119
13123
13126
13122
13129
13129
13129
13125
13124
13117
13127
13123
13119
13122
13118
13122
13127
13132
13131
13130
13120
13124
13118
13125
13126
13126
13133
13124
