13129
13128
13130
13122
13120
13121
13122
13124
13132
13137
13137
13134
13129
13121
13122
13125
13123
13130
13124
13129
13134
13126
13132
13140
13142
13143
13145
13144
13142
13140
13140
13135
13134
13132
13131
13133
13134
13133
13130
13140
13136
13133
13144
13132
13127
13129
13128
13130
13140
13141
13142
13142
13142
13143
13143
13137
13134
13128
13129
13127
13133
13127
13130
13134
13127
13133
13132
13134
13133
13138
13139
13144
13144
13145
13152
13149
13149
13138
13138
13146
13136
13127
13137
13133
13131
13135
13136
13135
13135
13133
13131
13134
13134
13136
13138
13141
13142
13138
13144
13136
13137
13124
13129
13121
13123
13120
13125
13118
13120
13126
13127
13136
13132
13139
13137
13139
13145
13151
13150
13157
13156
13143
13145
13138
13145
13154
13144
13145
13147
13136
13129
13138
13131
13129
13129
13137
13135
13135
13131
13131
13131
13133
13123
13129
13127
13132
13134
13131
13129
13122
13122
13129
13131
13130
13136
13131
13138
13141
13143
13145
13137
13131
13141
13132
13132
13134
13129
13131
13126
13128
13141
13137
13133
13131
13128
13133
13132
13131
13132
13127
13138
13127
13131
13130
13129
13131
13136
13129
13131
13130
13131
13134
13139
13134
13134
13127
13126
13133
13128
13140
13131
13134
13135
13129
13130
13131
13127
13128
13134
13127
13128
13126
13129
13128
13131
13131
13134
13138
13144
13139
13150
13137
13135
13141
13142
13140
13142
13143
13145
13134
13123
13122
13113
13127
13125
13126
13119
13130
13128
13128
13132
13125
13133
13122
13129
13135
13131
13138
13140
13141
13146
13149
13147
13145
13152
13150
13140
13140
13141
13138
13138
13138
13138
13132
13135
13135
13129
13132
13133
13136
13126
13132
13128
13138
13144
13144
13150
13148
13146
13144
13140
13139
13144
13137
13134
13139
13131
13137
13137
13133
13132
13124
13131
13132
13127
13134
13127
13134
13136
13132
13140
13133
13132
13137
13137
13142
13135
13131
13135
13135
13132
13131
13119
13128
13129
13123
13126
13136
13144
13140
13128
13126
13134
13125
13124
13132
13127
13127
13131
13136
13126
13126
13134
13137
13141
13143
13138
13144
13142
13138
13141
13131
13126
13128
13132
13131
13127
13131
13131
13126
13126
13130
13129
13136
13141
13138
13146
13146
13136
13136
13135
13131
13138
13141
13137
13143
13142
13146
13147
13147
13139
13138
13139
13135
13130
13133
13125
13134
13133
13126
13133
13119
13119
13130
13130
13129
13127
13126
13122
13127
13131
13128
13125
13126
13130
13135
13133
13131
13134
13144
13132
13133
13143
13126
13120
13127
13123
13130
13126
13122
13133
13131
13138
13135
13141
13139
13141
13134
13127
13127
13129
13122
13125
13132
13127
13126
13124
13127
13136
13132
13137
13136
13130
13133
13135
13129
13134
13134
13126
13129
13125
13125
13130
13131
13133
13135
13135
13137
13136
13131
13128
13133
13134
13139
13137
13135
13139
13140
13134
13135
13147
13137
13134
13143
13146
13151
13141
13138
13139
13133
13131
13132
13126
13132
13138
13132
13132
13135
13139
13141
13142
13139
13144
13137
13137
13146
13144
13145
13143
13137
13140
13140
13143
13139
13135
13141
13138
13139
13139
13138
13138
13083
12829
12591
12394
12283
12220
12187
12197
12218
12257
12295
12332
12323
12330
12341
12363
12388
12425
12462
12506
12536
12584
12607
12642
12675
12708
12726
12757
12772
12804
12816
12844
12856
12878
12889
12806
12735
12703
12684
12694
12688
12706
12719
12741
12759
12775
12798
12811
12831
12846
12862
12884
12901
12923
12932
12946
12955
12966
12984
12986
12990
13000
13001
13006
13019
13016
13025
13032
13038
13041
13047
13050
13049
13059
13069
13075
13083
13089
13087
13094
13082
13088
13097
13093
13101
13107
13109
13119
13116
13111
13109
13103
13109
13110
13116
13112
13109
13117
13122
13114
13110
13117
13105
13106
13118
13119
13123
13126
13122
13122
13126
13126
13131
13131
13136
13139
13138
13131
13129
13134
13126
13121
13126
13115
13120
13118
13122
13130
13133
13133
13134
13127
13127
13129
13127
13134
13135
13142
13148
13142
13139
13144
13135
13139
13146
13140
13139
13140
13137
13136
13136
13129
13129
13124
13129
13132
13142
13136
13132
13143
13135
13141
13138
13138
13141
13144
13139
13139
13134
13141
13147
13142
13136
13136
13136
13134
13132
13133
13140
13139
13130
13136
13123
13122
13131
13125
13129
13133
13132
13140
13142
13143
13142
13146
13139
13131
13134
13135
13137
13146
13135
13139
13143
13145
13149
13147
13146
13149
13146
13142
13149
13137
13137
13132
13137
13133
13133
13134
13136
13139
13129
13138
13133
13141
13146
13142
13147
13153
13148
13149
13147
13146
13148
13147
13150
13140
13129
13122
13122
13123
13121
13122
13119
13119
13129
13126
13130
13134
13138
13141
13137
13136
13134
13129
13125
13125
13124
13126
13133
13129
13127
13128
13114
13121
13123
13126
13123
13131
13133
13130
13132
13132
13131
13132
13133
13129
13129
13126
13134
13134
13131
13132
13134
13136
13139
13146
13141
13137
13139
13143
13151
13142
13140
13139
13133
13132
13132
13136
13137
13128
13123
13134
13130
13131
13136
13136
13134
13138
13138
13142
13138
13145
13143
13139
13136
13127
13122
13120
13120
13125
13115
13117
13123
13115
13128
13127
13133
13140
13134
13135
13137
13141
13138
13150
13146
13143
13139
13138
13142
13133
13129
13139
13137
13137
13140
13130
13126
13121
13124
13119
13116
13117
13112
13123
13129
13128
13135
13130
13139
13134
13130
13130
13138
13144
13143
13140
13136
13133
13134
13145
13148
13134
13139
13145
13146
13137
13133
13135
13143
13133
13132
13134
13126
13115
13115
13107
13107
13120
13124
13117
13125
13117
13118
13118
13126
13128
13131
13128
13135
13144
13137
13140
13137
13138
13137
13132
13132
13131
13132
13129
13134
13131
13125
13124
13124
13127
13127
13130
13138
13131
13122
13126
13129
13135
13133
13125
13137
13138
13133
13139
13140
13143
13141
13141
13142
13128
13135
13134
13134
13142
13134
13126
13132
13128
13126
13125
13123
13125
13127
13127
13136
13127
13132
13130
13127
13133
13134
13130
13141
13128
13129
13133
13132
13124
13129
13128
13134
13139
13132
13128
13132
13134
13130
13130
13138
13140
13147
13151
13148
13151
13147
13141
13140
13137
13129
13122
13131
13131
13135
13126
13128
13130
13134
13145
13142
13139
13137
13146
13147
13141
13135
13145
13144
13140
13141
13136
13137
13141
13138
13137
13140
13142
13136
13134
13135
13128
13131
13125
13128
13130
13122
13128
13135
13146
13137
13136
13134
13134
13132
