13134
13136
13137
13134
13140
13137
13132
13136
13141
13142
13152
13159
13154
13153
13148
13147
13146
13141
13140
13132
13131
13117
13118
13124
13124
13118
13123
13122
13131
13130
13131
13136
13139
13140
13136
13134
13137
13135
13134
13135
13130
13137
13135
13134
13139
13134
13137
13144
13132
13132
13135
13131
13134
13139
13132
13139
13137
13138
13136
13135
13136
13134
13136
13136
13135
13130
13133
13131
13128
13125
13120
13118
13121
13123
13127
13123
13126
13131
13139
13142
13131
13137
13137
13137
13146
13146
13139
13145
13144
13136
13142
13132
13128
13126
13127
13133
13141
13144
13139
13142
13148
13151
13148
13141
13140
13139
13144
13144
13148
13144
13141
13143
13142
13143
13143
13141
13135
13132
13129
13132
13125
13136
13143
13141
13137
13131
13129
13122
13124
13126
13139
13128
13127
13135
13133
13128
13129
13128
13132
13131
13134
13125
13127
13136
13130
13131
13129
13134
13134
13138
13132
13134
13132
13142
13147
13147
13148
13139
13134
13133
13130
13129
13132
13124
13135
13141
13151
13156
13148
13141
13150
13147
13142
13138
13136
13136
13138
13130
13136
13133
13134
13135
13127
13129
13128
13126
13135
13133
13137
13128
13125
13128
13131
13132
13128
13136
13138
13144
13142
13148
13141
13137
13139
13136
13132
13132
13129
13130
13125
13118
13130
13135
13134
13135
13134
13136
13136
13137
13136
13135
13140
13144
13140
13138
13135
13138
13145
13142
13150
13137
13141
13142
13141
13140
13136
13135
13139
13144
13141
13138
13131
13128
13128
13121
13125
13124
13127
13138
13140
13145
13157
13160
13156
13150
13151
13142
13136
13140
13136
13136
13141
13140
13142
13153
13143
13145
13145
13140
13151
13147
13144
13142
13144
13136
13134
13134
13143
13139
13140
13139
13128
13120
13121
13119
13122
13120
13117
13121
13124
13115
13119
13120
13121
13123
13128
13138
13144
13144
13148
13141
13147
13143
13145
13147
13144
13139
13138
13141
13136
13130
13130
13137
13145
13147
13150
13151
13156
13157
13154
13150
13148
13146
13152
13146
13139
13138
13135
13138
13134
13125
13139
13131
13135
13138
13134
13133
13137
13139
13138
13136
13138
13133
13137
13133
13135
13129
13125
13124
13129
13122
13118
13125
13132
13127
13130
13134
13137
13140
13140
13146
13138
13141
13142
13143
13141
13135
13138
13136
13132
13130
13137
13134
13135
13140
13148
13139
13144
13138
13137
13137
13141
13144
13145
13142
13141
13135
13132
13134
13131
13127
13132
13138
13134
13139
13135
13138
13141
13142
13142
13141
13144
13142
13148
13140
13134
13130
13120
13133
13130
13122
13128
13125
13126
13132
13136
13134
13144
13147
13153
13157
13153
13151
13149
13136
13138
13138
13138
13133
13143
13137
13138
13131
13127
13132
13131
13134
13138
13134
13137
13137
13129
13140
13148
13142
13137
13134
13140
13138
13129
13122
13132
13122
13127
13129
13125
13131
13142
13143
13140
13138
13148
13148
13153
13154
13147
13148
13141
13140
13146
13133
13134
13135
13138
13136
13131
13137
13137
13136
13139
13133
13122
13124
13124
13127
13124
13126
13128
13133
13138
13129
13135
13130
13128
13136
13139
13139
13137
13128
13122
13120
13121
13123
13119
13124
13123
13121
12919
12358
11454
10652
10123
9795
9656
9604
9663
9744
9895
10022
10194
10347
10519
10659
10827
10960
11110
11220
11347
11459
11569
11658
11764
11850
11935
12013
12082
12142
12214
12262
12319
12363
12413
12445
12492
12535
12588
12626
12656
12681
12714
12739
12769
12784
12809
12828
12849
12864
12875
12883
12908
12916
12928
12944
12962
12973
12987
12996
13008
13020
13030
13032
13042
13036
13044
13047
13054
13060
13064
13063
13070
13070
13074
13081
13084
13098
13092
13096
13093
13098
13109
13100
13096
13101
13105
13104
13102
13105
13102
13104
13106
13111
13104
13110
13106
13106
13107
13114
13116
13118
13120
13122
13126
13122
13128
13126
13124
13121
13127
13127
13131
13125
13121
13125
13129
13137
13133
13133
13138
13134
13141
13127
13128
13132
13129
13135
13127
13125
13125
13117
13118
13122
13123
13122
13123
13126
13131
13134
13134
13145
13139
13141
13142
13138
13134
13142
13141
13140
13130
13136
13130
13130
13137
13122
13125
13133
13126
13127
13124
13132
13137
13130
13129
13130
13134
13130
13131
13129
13136
13138
13144
13143
13142
13140
13144
13141
13142
13139
13140
13147
13132
13123
13123
13121
13126
13129
13133
13133
13134
13135
13138
13141
13145
13139
13140
13141
13140
13133
13137
13135
13147
13140
13137
13140
13139
13135
13131
13128
13134
13132
13127
13131
13132
13132
13132
13132
13132
13133
13131
13140
13146
13139
13141
13129
13126
13133
13136
13133
13126
13121
13126
13131
13131
13131
13132
13139
13136
13145
13141
13137
13149
13142
13137
13135
13131
13131
13122
13122
13127
13120
13124
13125
13116
13122
13130
13130
13140
13135
13138
13145
13143
13140
13145
13143
13138
13145
13142
13139
13141
13144
13141
13136
13142
13139
13140
13140
13137
13137
13134
13130
13132
13128
13120
13124
13130
13138
13134
13135
13133
13134
13133
13135
13132
13138
13135
13133
13135
13143
13136
13139
13134
13133
13138
13136
13135
13145
13147
13147
13150
13148
13143
13142
13143
13138
13142
13146
13143
13140
13133
13131
13132
13123
13118
13121
13125
13122
13125
13130
13140
13144
13141
13146
13140
13144
13147
13142
13141
13142
13142
13143
13136
13138
13141
13139
13132
13138
13132
13130
13130
13126
13127
13131
13128
13123
13127
13131
13136
13132
13127
13131
13139
13135
13141
13136
13137
13138
13137
13131
13135
13138
13138
13145
13137
13136
13135
13136
13136
13132
13121
13123
13120
13118
13123
13123
13122
13129
13131
13135
13146
13151
13157
13152
13147
13145
13145
13147
13151
13151
13153
13147
13146
13134
13132
13125
13121
13120
13121
13122
13131
13129
13131
13138
13137
13139
13143
13147
13154
13149
13153
13157
13154
13148
13146
13142
13140
13140
13136
13132
13131
13128
13126
13128
13135
13135
13140
13140
13139
13137
13137
13141
13145
13140
13145
13151
13153
13148
13142
13139
13134
13134
13133
13132
13129
13129
13134
13134
13134
13132
13131
13138
13132
13123
13136
13132
13132
13136
13138
13134
13135
13127
13127
13125
13132
13122
13114
13121
13128
13130
13130
13116
13121
13122
13121
13130
13134
13137
13139
13145
13151
13153
13157
13156
13156
13161
13157
13156
13149
13141
13137
13140
13131
13124
13129
13130
13132
13137
13137
13135
13143
13144
13145
13145
13150
13147
13146
13156
13158
13150
13149
13149
13143
13140
