13133
13137
13131
13126
13126
13129
13126
13130
13137
13131
13128
13126
13130
13128
13123
13120
13125
13124
13131
13123
13122
13119
13123
13130
13126
13134
13140
13137
13144
13138
13133
13139
13144
13147
13155
13154
13142
13137
13131
13138
13137
13154
13151
13141
13140
13140
13132
13147
13144
13135
13142
13135
13136
13136
13127
13122
13122
13123
13116
13115
13119
13122
13127
13121
13132
13132
13139
13137
13140
13136
13133
13138
13141
13138
13137
13130
13131
13132
13134
13138
13129
13128
13128
13131
13133
13135
13133
13136
13133
13138
13141
13128
13121
13124
13115
13118
13122
13127
13123
13131
13135
13129
13127
13129
13123
13133
13141
13138
13149
13141
13145
13150
13148
13142
13141
13142
13144
13147
13144
13142
13131
13140
13141
13133
13129
13131
13128
13136
13138
13137
13144
13142
13145
13154
13153
13145
13142
13137
13142
13134
13134
13130
13129
13136
13141
13135
13131
13122
13126
13124
13123
13136
13134
13135
13126
13125
13119
13114
13110
13118
13109
13119
13122
13124
13125
13128
13123
13130
13127
13130
13135
13130
13126
13129
13125
13129
13133
13133
13141
13141
13141
13139
13147
13142
13134
13135
13134
13131
13135
13125
13119
13126
13127
13138
13136
13136
13128
13125
13124
13130
13128
13127
13131
13132
13140
13134
13131
13138
13141
13140
13147
13143
13135
13140
13141
13137
13133
13136
13129
13127
13130
13123
13129
13126
13126
13133
13132
13134
13136
13135
13135
13135
13137
13131
13133
13125
13137
13138
13137
13133
13132
13135
13134
13133
13133
13136
13138
13137
13132
13132
13135
13136
13135
13147
13142
13142
13137
13137
13049
12940
12877
12841
12818
12808
12809
12817
12822
12829
12852
12863
12869
12886
12905
12923
12941
12952
12965
12980
12990
13004
13005
13013
13017
13018
13032
13038
13045
13060
13056
13061
13072
13069
13073
13078
13078
13092
13094
13100
13093
13101
13097
13095
13105
13110
13110
13115
13110
13110
13118
13106
13108
13115
13116
13115
13114
13119
13121
13117
13112
13116
13108
13114
13115
13116
13119
13116
13121
13123
13127
13128
13138
13127
13126
13126
13123
13126
13127
13129
13122
13123
13130
13133
13137
13143
13144
13149
13142
13143
13150
13142
13140
13138
13141
13142
13143
13132
13137
13139
13134
13136
13131
13131
13127
13111
13115
13117
13112
13124
13133
13129
13136
13127
13131
13128
13128
13130
13129
13132
13121
13133
13129
13127
13132
13128
13124
13125
13119
13119
13122
13127
13125
13128
13129
13138
13140
13140
13142
13137
13132
13139
13132
13137
13145
13142
13145
13143
13142
13145
13142
13129
13134
13126
13124
13125
13131
13131
13137
13140
13142
13133
13134
13133
13130
13129
13131
13132
13130
13138
13146
13142
13135
13143
13135
13136
13130
13131
13118
13123
13120
13127
13122
13126
13127
13129
13125
13125
13123
13126
13127
13119
13118
13124
13117
13129
13136
13137
13140
13139
13143
13146
13150
13142
13140
13144
13139
13138
13137
13142
13144
13132
13133
13135
13136
13136
13135
13134
13138
13141
13139
13144
13133
13135
13131
13132
13133
13137
13133
13138
13136
13143
13146
13137
13134
13139
13132
13128
13127
13126
13133
13134
13132
13130
13140
13137
12744
11940
11437
11001
10745
10616
10600
10611
10671
10674
10737
10814
10918
11013
11135
11239
11357
11458
11565
11651
11750
11837
11926
12000
12079
12140
12211
12259
12318
12366
12412
12454
12501
12532
12575
12613
12653
12683
12716
12737
12765
12780
12801
12816
12840
12857
12869
12883
12899
12912
12924
12942
12962
12975
12983
12990
12990
13006
13005
13009
13014
13024
13033
13043
13050
13053
13066
13073
13073
13080
13078
13078
13088
13095
13094
13095
13106
13106
13111
13113
13115
13117
13116
13113
13122
13115
13115
13119
13111
13115
13114
13119
13113
13121
13124
13128
13126
13129
13138
13133
13136
13131
13135
13141
13139
13133
13141
13129
13142
13140
13134
13133
13131
13131
13123
13122
13114
13116
13122
13127
13128
13126
13129
13126
13131
13128
13133
13132
13128
13131
13133
13128
13132
13134
13134
13139
13133
13139
13139
13138
13138
13138
13142
13141
13131
13128
13133
13126
13127
13123
13126
13131
13137
13136
13136
13134
13131
13127
13126
13127
13134
13138
13130
13129
13136
13125
13130
13128
13126
13130
13129
13121
13125
13131
13129
13132
13136
13127
13128
13121
13123
13132
13138
13148
13141
13135
13137
13130
13130
13134
13140
13140
13143
13139
13134
13135
13138
13140
13140
13147
13151
13145
13151
13152
13154
13150
13142
13138
13131
13132
13122
13127
13132
13134
13131
13126
13124
13128
13136
13130
13128
13124
13126
13133
13127
13124
13126
13130
13131
13138
13141
13145
13147
13139
13144
13141
13143
13131
13142
13146
13148
13155
13152
13142
13145
13143
13146
13143
13133
13135
13137
13135
13136
13132
13131
13123
13115
13127
13126
13120
13129
13128
13132
13137
13136
13134
13141
13141
13133
13141
13140
13140
13143
13137
13130
13130
13134
13123
13126
13131
13135
13137
13135
13131
13138
13129
13128
13138
13134
13138
13141
13137
13131
13134
13133
13137
13137
13140
13136
13129
13133
13137
13139
13148
13146
13146
13152
13140
13141
13146
13142
13137
13141
13138
13130
13128
13119
13115
13113
13121
13121
13122
13124
13125
13136
13129
13137
13135
13137
13140
13137
13138
13136
13134
13126
13131
13125
13125
13127
13120
13129
13132
13130
13137
13119
13125
13131
13135
13140
13138
13132
13140
13145
13143
13144
13137
13145
13138
13138
13134
13137
13137
13138
13140
13145
13133
13138
13134
13129
13126
13129
13127
13134
13133
13124
13129
13120
13117
13124
13125
13132
13137
13140
13140
13134
13127
13127
13119
13121
13126
13125
13124
13126
13126
13122
13112
13122
13126
13125
13129
13127
13131
13135
13134
13136
13127
13130
13141
13143
13141
13134
13138
13142
13148
13143
13146
13146
13134
13147
13143
13142
13140
13145
13147
13138
13131
13141
13134
13132
13138
13128
13130
13137
13130
13128
13132
13133
13126
13135
13139
13136
13139
13133
13135
13142
13138
13143
13145
13139
13136
13133
13134
13133
13130
13134
13138
13134
13135
13135
13134
13135
13138
13140
13146
13138
13138
13143
13134
13130
13142
13137
13139
13140
13137
13135
13133
13138
13128
13127
13120
13125
13123
13123
13115
13125
13122
13126
13132
13129
13123
13128
13134
13135
13133
13134
13134
13131
13141
13141
13131
13135
13131
13132
13137
13126
13115
13121
13115
13121
13123
13122
13128
13126
13130
13130
13127
13128
13134
13138
13138
13136
13135
13133
13132
13138
13136
