13120
13128
13133
13131
13132
13134
13136
13145
13140
13138
13135
13131
13131
13137
13129
13128
13137
13133
13137
13139
13142
13139
13148
13148
13148
13144
13143
13139
13141
13137
13139
13141
13146
13138
13135
13138
13141
13138
13128
13130
13128
13139
13139
13140
13144
13141
13139
13141
13137
13126
13135
13123
13125
13135
13129
13127
13131
13131
13138
13136
13138
13133
13137
13138
13140
13149
13149
13153
13158
13149
13148
13148
13141
13139
13137
13135
13137
13141
13141
13139
13140
13138
13139
13133
13128
13131
13136
13142
13137
13125
13136
13128
13125
13123
13117
13127
13127
13125
13124
13122
13128
13133
13134
13138
13141
13139
13139
13134
13137
13132
13134
13128
13129
13132
13137
13138
13139
13132
13134
13135
13133
13134
13133
13127
13122
13121
13122
13127
13128
13132
13137
13134
13138
13138
13134
13137
13134
13131
13132
13128
13123
13118
13126
13133
13127
13129
13126
13124
13133
13126
13126
13128
13128
13131
13142
13143
13142
13141
13135
13136
13132
13132
13127
13131
13133
13135
13136
13142
13136
13133
13142
13141
13140
13145
13137
13135
13144
13142
13147
13142
13141
13134
13137
13136
13134
13135
13136
13137
13148
13132
13130
13137
13144
13134
13131
13134
13128
13132
13134
13135
13132
13137
13139
13139
13144
13137
13133
13137
13126
13125
13130
13122
13128
13134
13133
13138
13133
13138
13140
13141
13144
13137
13137
13133
13132
13129
13127
13125
13124
13117
13118
13122
13125
13128
13125
13123
13127
13123
13120
13115
13112
13125
13129
13127
13126
13119
13129
13135
13132
13131
13138
13133
13140
13140
13134
13129
13122
13133
13140
13138
13132
13129
13127
13129
13135
13133
13136
13136
13137
13133
13130
13132
13129
13133
13136
13134
13138
13132
13135
13133
13131
13133
13134
13131
13131
13132
13128
13137
13129
13124
13132
13125
13122
13129
13126
13125
13129
13136
13132
13137
13132
13132
13133
13130
13125
13129
13126
13128
13132
13121
13123
13125
13118
13118
13118
13116
13122
13125
13131
13139
13137
13146
13144
13142
13136
13130
13130
13131
13129
13124
13138
13133
13128
13135
13133
13132
13129
13129
13135
13134
13134
13130
13131
13130
13123
13124
13124
13130
13135
13133
13133
13135
13134
13127
13128
13129
13126
13129
13134
13140
13136
13137
13136
13132
13131
13125
13133
13136
13136
13137
13136
13130
13129
13129
13125
13130
13127
13131
13130
13132
13136
13141
13142
13143
13139
13138
13141
13139
13144
13137
13140
13133
13138
13138
13129
13130
13126
13133
13134
13134
13137
13140
13143
13140
13146
13149
13144
13142
13143
13138
13142
13134
13133
13136
13132
13136
13142
13140
13144
13138
13140
13140
13134
13135
13130
13130
13137
13136
13147
13139
13134
13138
13141
13137
13135
13136
13138
13141
13145
13145
13137
13144
13142
13139
13139
13143
13142
13146
13143
13140
13147
13137
13127
13132
13126
13123
13138
13134
13145
13141
13142
13142
13143
13143
13139
13139
13136
13137
13148
13136
13132
13138
13137
13138
13136
13139
13136
13137
13137
13136
13129
13129
13133
13136
13131
13137
13143
13145
13141
13137
13144
13142
13142
13148
13143
13141
13139
13142
13132
13130
13133
13132
13131
13136
13136
13145
13118
12767
12505
12249
12054
11947
11911
11890
11913
11941
11993
12049
12103
12164
12219
12270
12326
12370
12418
12455
12499
12540
12582
12614
12654
12680
12721
12751
12772
12794
12812
12826
12850
12856
12869
12887
12901
12920
12931
12946
12961
12967
12993
12989
12998
13005
13013
13015
13027
13034
13038
13051
13056
13061
13062
13073
13085
13078
13078
13071
13070
13081
13075
13077
13082
13080
13086
13092
13097
13101
13108
13104
13100
13101
13101
13095
13109
13117
13121
13125
13121
13125
13127
13115
13112
13116
13115
13110
13108
13103
13107
13107
13109
13121
13122
13130
13129
13134
13138
13141
13141
13148
13134
13133
13126
13126
13119
13132
13125
13128
13132
13126
13125
13121
13125
13134
13138
13144
13145
13139
13139
13131
13127
13119
13124
13128
13130
13134
13141
13141
13140
13143
13140
13143
13138
13144
13142
13141
13139
13132
13130
13136
13123
13120
13131
13121
13117
13126
13122
13131
13126
13135
13137
13140
13142
13143
13147
13152
13146
13145
13141
13136
13141
13138
13136
13134
13136
13137
13134
13134
13132
13134
13134
13138
13122
13127
13129
13132
13137
13129
13125
13129
13124
13130
13134
13134
13126
13135
13132
13142
13152
13151
13144
13142
13134
13123
13118
13129
13125
13126
13126
13128
13133
13133
13131
13136
13133
13136
13139
13136
13133
13141
13139
13137
13130
13138
13143
13138
13132
13129
13129
13129
13123
13124
13126
13125
13119
13127
13125
13130
13128
13131
13130
13128
13135
13135
13138
13139
13140
13135
13132
13138
13137
13131
13128
13130
13127
13132
13124
13125
13129
13132
13136
13132
13128
13132
13130
13124
13131
13127
13128
13136
13137
13134
13139
13138
13136
13143
13139
13139
13134
13131
13129
13137
13137
13140
13142
13141
13137
13139
13134
13135
13139
13131
13124
13129
13132
13135
13136
13137
13136
13138
13138
13137
13126
13128
13131
13132
13137
13137
13134
13147
13148
13143
13152
13145
13145
13158
13156
13152
13144
13142
13145
13142
13140
13133
13129
13132
13131
13129
13127
13125
13137
13137
13140
13139
13129
13132
13128
13123
13135
13131
13136
13139
13140
13146
13143
13137
13132
13130
13134
13135
13131
13128
13126
12999
12925
12876
12840
12821
12814
12827
12835
12845
12852
12868
12891
12902
12907
12914
12923
12937
12899
12828
12794
12781
12774
12776
12787
12796
12816
12840
12869
12884
12894
12909
12927
12935
12943
12949
12962
12970
12978
12990
13006
13014
13021
13033
13032
13037
13049
13055
13063
13066
13075
13078
13084
13086
13091
13091
13086
13082
13093
13091
13089
13093
13089
13100
13101
13103
13108
13112
13109
13104
13110
13118
13125
13122
13129
13130
13130
13139
13133
13124
13132
13126
13131
13139
13134
13141
13140
13138
13143
13136
13135
13131
13138
13134
13138
13137
13142
13136
13137
13133
13126
13130
13136
13138
13135
13136
13139
13136
13138
13138
13133
13139
13144
13138
13149
13140
13141
13142
13138
13142
13149
13147
13143
13144
13133
13135
13136
13142
13141
13142
13138
13139
13136
13136
13131
13136
13133
13132
13126
13121
13121
13116
13120
13119
13124
13120
13129
13135
13128
13129
13124
13130
13130
13128
13129
13134
13137
13136
13134
13131
13136
13130
13122
13127
13127
13124
13130
13133
13137
13138
13141
13132
13136
13135
13136
13135
13131
13126
13131
13129
