13127
13130
13128
13133
13130
13133
13136
13142
13138
13137
13142
13141
13142
13136
13133
13134
13134
13138
13138
13145
13142
13138
13145
13140
13140
13143
13138
13138
13140
13139
13137
13147
13149
13147
13147
13143
13135
13130
13134
13128
13123
13129
13129
13132
13137
13138
13133
13135
13127
13117
13126
13125
13118
13126
13122
13125
13129
13130
13129
13132
13135
13132
13138
13144
13132
13136
13140
13141
13142
13128
13130
13131
13129
13127
13127
13125
13131
13132
13134
13135
13133
13147
13143
13128
13119
13119
13125
13133
13123
13124
13139
13134
13137
13143
13139
13137
13129
13136
13132
13137
13141
13130
13133
13138
13129
13128
13126
13136
13153
13141
13142
13144
13143
13143
13142
13141
13135
13132
13135
13122
13120
13120
13126
13120
13122
13122
13126
13129
13126
13126
13139
13136
13137
13135
13133
13133
13139
13142
13137
13130
13130
13137
13142
13139
13123
13125
13118
13121
13121
13116
13117
13125
13132
13124
13127
13133
13140
13143
13142
13148
13141
13137
13140
13136
13136
13134
13127
13130
13126
13121
13131
13132
13138
13137
13134
13131
13132
13130
13124
13121
13131
13123
13132
13136
13135
13141
13137
13143
13149
13143
13144
13144
13143
13142
13139
13143
13146
13149
13142
13142
13142
13142
13148
13141
13141
13139
13149
13151
13142
13134
13141
13131
13136
13140
13136
13135
13139
13133
13130
13127
13133
13132
13134
13132
13123
13117
13121
13130
13139
13134
13125
13125
13128
13127
13130
13126
13132
13130
13133
13132
13127
13137
13138
13141
13136
13135
13129
13130
13121
13114
13127
13122
13133
13137
13132
13134
13139
13137
13137
13135
13133
13128
13131
13125
13128
13128
13124
13130
13136
13129
13128
13126
13134
13137
13130
13124
13124
13123
13126
13125
13124
13129
13137
13142
13145
13143
13148
13157
13150
13144
13147
13137
13139
13134
13131
13129
13137
13129
13128
13131
13128
13125
13123
13121
13125
13124
13119
13124
13126
13121
13122
13130
13130
13125
13131
13134
13136
13138
13130
13132
13125
13125
13131
13129
13138
13128
13128
13133
13130
13115
13129
13130
13128
13135
13129
13126
13128
13129
13129
13125
13128
13121
13127
13128
13131
13139
13140
13139
13142
13138
13136
13135
13129
13132
13129
13129
13133
13135
13134
13138
13137
13142
13146
13143
13145
13146
13147
13146
13142
13140
13145
13136
13130
13130
13125
13130
13134
13133
13134
13130
13128
13121
13127
13126
13129
13134
13134
13134
13136
13131
13134
13139
13136
13136
13129
13131
13126
13127
13070
12955
12890
12840
12811
12804
12810
12823
12835
12847
12867
12878
12895
12900
12914
12930
12938
12953
12966
12973
12984
12994
13002
13007
13015
13027
13032
13027
13026
13029
13045
13047
13049
13064
13064
13073
13069
13071
13072
13081
13083
13083
13083
13099
13094
13095
13106
13115
13114
13117
13118
13119
13128
13118
13122
13130
13129
13136
13145
13135
13136
13140
13142
13132
13129
13133
13134
13123
13126
13122
13133
13122
13115
13123
13125
13129
13134
13134
13134
13134
13134
13137
13126
13128
13127
13118
13129
13132
13130
13132
13132
13130
13138
13127
13127
13129
13134
13126
13122
13126
13130
13128
13135
13133
13134
12788
11872
11192
10486
10024
9811
9706
9687
9528
9477
9495
9607
9716
9888
10040
10217
10372
10544
10684
10845
10969
11118
11240
11370
11480
11596
11686
11785
11862
11942
12018
12086
12154
12223
12277
12335
12378
12423
12461
12497
12538
12569
12599
12633
12666
12700
12727
12756
12788
12811
12837
12860
12882
12898
12910
12929
12935
12930
12933
12948
12950
12959
12969
12981
12998
13003
13010
13027
13028
13037
13050
13054
13056
13067
13070
13080
13091
13091
13093
13094
13096
13096
13093
13088
13085
13086
13087
13086
13091
13091
13106
13108
13107
13107
13116
13113
13125
13124
13128
13129
13128
13132
13126
13118
13131
13126
13121
13129
13121
13124
13132
13129
13123
13128
13124
13123
13131
13126
13130
13131
13135
13132
13130
13129
13137
13143
13137
13134
13133
13134
13135
13134
13133
13127
13133
13132
13132
13135
13140
13146
13141
13146
13145
13140
13139
13132
13130
13138
13131
13131
13138
13131
13138
13136
13125
13131
13138
13140
13138
13140
13142
13137
13134
13129
13128
13131
13132
13125
13129
13127
13123
13127
13121
13126
13131
13125
13122
13117
13126
13127
13131
13139
13138
13137
13140
13140
13140
13141
13127
13129
13131
13121
13121
13124
13123
13131
13135
13140
13129
13132
13137
13127
13122
13120
13123
13130
13132
13133
13137
13138
13139
13135
13139
13141
13143
13143
13140
13137
13131
13132
13130
13128
13129
13130
13123
13115
13125
13133
13134
13131
13139
13139
13139
13136
13140
13143
13142
13142
13132
13128
13133
13131
13131
13138
13132
13133
13126
13130
13132
13133
13130
13126
13134
13137
13139
13148
13147
13142
13141
13145
13137
13134
13136
13133
13132
13131
13128
13135
13132
13122
13133
13131
13137
13132
13137
13141
13139
13144
13136
13137
13138
13137
13139
13127
13133
13144
13139
13134
13142
13142
13140
13139
13136
13133
13136
13125
13129
13129
13129
13132
13132
13131
13135
13129
13130
13119
13115
13120
13117
13115
13125
13126
13126
13130
13124
13125
13133
13131
13127
13129
13139
13138
13137
13132
13129
13135
13136
13134
13141
13134
13132
13138
13130
13134
13130
13126
13131
13123
13127
13134
13135
13132
13133
13137
13143
13138
13141
13143
13136
13138
13144
13138
13132
13128
13123
13127
13128
13128
13130
13137
13140
13137
13144
13142
13138
13146
13146
13149
13154
13155
13155
13155
13157
13160
13151
13145
13145
13140
13136
13140
13136
13139
13143
13144
13138
13129
13127
13140
13131
13128
13129
13118
13124
13127
13126
13129
13124
13124
13122
13125
13137
13140
13144
13141
13138
13144
13132
13130
13131
13129
13128
13121
13122
13119
13122
13126
13122
13116
12994
12911
12855
12828
12810
12805
12811
12814
12826
12847
12862
12883
12897
12907
12925
12940
12947
12962
12979
12986
12998
13007
13016
13031
13037
13043
13044
13047
13047
13050
13063
13073
13078
13076
13077
13084
13081
13087
13089
13090
13095
13090
13092
13094
13100
13110
13115
13103
13108
13108
13109
13114
13120
13114
13119
13114
13125
13123
13125
13134
13126
13131
13124
13121
13124
13119
13123
13137
13137
13137
13138
13138
13134
13138
13136
13141
13137
13136
13142
13144
13145
13142
13134
13133
13130
13129
13123
13116
13115
13121
13119
13118
13116
13119
13122
13125
13118
13111
13118
13121
13118
13123
13132
13134
13134
13137
13130
13129
13126
