13154
13141
13145
13125
13131
13122
13120
13119
13123
13122
13125
13126
13127
13125
13126
13134
13132
13131
13135
13127
13130
13122
13131
13131
13133
13131
13130
13126
13131
13131
13129
13133
13131
13136
13138
13136
13137
13137
13133
13135
13130
13126
13132
13130
13127
13127
13131
13131
13134
13136
13136
13137
13141
13139
13143
13141
13143
13132
13130
13125
13127
13124
13131
13130
13128
13129
13135
13136
13134
13136
13139
13138
13138
13139
13144
13134
13130
13126
13129
13133
13134
13121
13128
13131
13131
13142
13139
13134
13137
13135
13137
13137
13141
13134
13141
13146
13136
13133
13133
13137
13151
13138
13138
13135
13133
13133
13131
13134
13137
13139
13139
13137
13143
13143
13145
13137
13134
13137
13139
13139
13135
13125
13132
13131
13121
13124
13125
13127
13129
13125
13122
13128
13135
13134
13142
13141
13135
13137
13128
13139
13150
13148
13150
13147
13141
13141
13135
13137
13140
13132
13131
13138
13134
13138
13134
13132
13135
13137
13136
13135
13134
13132
13147
13147
13139
13141
13137
13137
13135
13138
13129
13121
13132
13129
13127
13130
13124
13126
13128
13132
13134
13131
13126
13133
13129
13130
13131
13131
13131
13130
13128
13138
13135
13135
13134
13129
13133
13131
13136
13143
13143
13139
13148
13143
13132
13136
13131
13128
13126
13125
13126
13123
13135
13138
13137
13140
13136
13139
13137
13135
13142
13138
13145
13152
13148
13147
13141
13137
13135
13130
13131
13138
13130
13131
13135
13125
13126
13126
13124
13130
13124
13128
13130
13119
13113
13118
13117
13118
13120
13129
13131
13136
13135
13138
13138
13142
13134
13134
13130
13123
13128
13129
13127
13135
13128
13131
13131
13132
13129
13129
13127
13123
13124
13123
13122
13122
13133
13136
13130
13132
13130
13123
13134
13132
13129
13126
13122
13129
13135
13134
13135
13130
13142
13138
13137
13136
13136
13137
13137
13137
13138
13127
13126
13136
13135
13142
13133
13130
13127
13130
13122
13131
13123
13127
13127
13125
13129
13134
13138
13141
13150
13143
13142
13139
13140
13140
13145
13140
13146
13149
13149
13145
13142
13136
13136
13133
13130
13126
13125
13126
13135
13127
13123
13122
13120
13117
13125
13128
13137
13140
13136
13134
13130
13131
13125
13119
13121
13130
13126
13122
13127
13119
13134
13123
13115
13123
13125
13125
13128
13135
13129
13134
13137
13126
13125
13133
13129
13128
13133
13136
13141
13136
13140
13141
13137
13134
13130
13129
13131
13134
13134
13140
13134
13138
13138
13137
13142
13136
13127
13130
13123
13122
13137
13126
13133
13132
13134
13148
13153
13150
13149
13145
13152
13146
13152
13149
13149
13149
13151
13153
13146
13130
13123
13130
13128
13131
13126
13128
13136
13133
13131
13133
13130
13131
13130
13127
13132
13131
13129
13136
13135
13132
13131
13122
13124
13122
13121
13127
13134
13136
13143
13142
13146
13138
13142
13147
13141
13143
13142
13135
13141
13135
13135
13136
13136
13128
13134
13135
13142
13149
13136
13139
13142
13138
13143
13143
13147
13144
13137
13147
13148
13148
13149
13141
13135
13142
13137
13132
13135
13138
13132
13134
13129
13130
13127
13135
13134
13138
13139
13128
13127
13125
13122
13124
13129
13049
12686
11814
11220
10865
10681
10602
10596
10597
10666
10738
10849
10947
11073
11181
11299
11398
11517
11610
11708
11793
11878
11954
12035
12098
12174
12234
12290
12336
12391
12437
12481
12518
12564
12591
12635
12654
12680
12709
12738
12761
12784
12799
12827
12846
12866
12878
12894
12917
12933
12945
12963
12974
12981
12994
13007
13011
13025
13024
13032
13033
13028
13026
13034
13042
13050
13053
13063
13066
13078
13085
13086
13085
13079
13077
13084
13085
13084
13093
13093
13101
13103
13105
13112
13111
13111
13114
13110
13108
13111
13109
13108
13116
13121
13132
13131
13129
13138
13133
13128
13134
13129
13128
13126
13126
13119
13119
13122
13114
13117
13130
13134
13137
13135
13134
13138
13125
13123
13130
13124
13125
13117
13119
13117
13120
13115
13123
13117
13119
13126
13126
13131
13125
13123
13125
13123
13125
13127
13124
13126
13140
13134
13130
13139
13137
13132
13137
13141
13141
13151
13154
13153
13148
13146
13144
13149
13141
13137
13132
13135
13137
13130
13132
13137
13142
13141
13145
13142
13144
13143
13140
13146
13144
13141
13147
13144
13134
13141
13136
13125
13135
13127
13128
13130
13132
13130
13133
13139
13133
13134
13137
13127
13129
13127
13130
13143
13136
13136
13142
13136
13136
13126
13122
13122
13119
13116
13120
13110
13118
13123
13124
13131
13135
13140
13152
13147
13149
13150
13152
13150
13149
13144
13138
13137
13143
13141
13142
13141
13134
13134
13133
13134
13126
13122
13121
13128
13130
13121
13122
13131
13132
13133
13132
13137
13133
13134
13136
13126
13135
13131
13126
13128
13133
13135
13136
13131
13130
13136
13127
13131
13136
13132
13141
13146
13152
13152
13142
13141
13135
13138
13136
13131
13123
13123
13122
13125
13112
13106
13113
13116
13116
13120
13129
13125
13128
13124
13130
13132
13138
13139
13142
13142
13146
13143
13147
13146
13143
13147
13142
13139
13137
13129
13130
13126
13124
13130
13123
13132
13132
13140
13137
13134
13132
13140
13139
13142
13141
13140
13141
13138
13142
13140
13138
13138
13138
13133
13133
13118
13121
13126
13129
13123
13124
13128
13136
13142
13136
13141
13131
13132
13138
13133
13132
13137
13137
13131
13133
13129
13129
13134
13132
13132
13133
13131
13128
13132
13130
13135
13142
13139
13141
13138
13140
13145
13139
13142
13149
13142
13137
13134
13130
13140
13145
13129
13133
13130
13127
13132
13132
13133
13144
13141
13137
13134
13129
13122
13123
13121
13130
13139
13141
13137
13141
13142
13138
13142
13136
13131
13132
13140
13138
13138
13130
13126
13124
13124
13132
13126
13128
13135
13134
13132
13133
13133
13134
13132
13123
13129
13122
13127
13132
13135
13130
13132
13130
13135
13137
13131
13124
13122
13127
13135
13132
13132
13133
13144
13137
13138
13138
13132
13139
13142
13138
13146
13135
13130
13131
13129
13125
13125
13127
13126
13130
13129
13137
13129
13124
13134
13132
13136
13132
13128
13131
13133
13128
13130
13131
13127
13123
13125
13132
13128
13136
13130
13132
13138
13129
13124
13124
13126
13134
13133
13141
13144
13135
13134
13135
13130
13132
13130
13128
13131
13136
13129
13139
13127
13129
13137
13135
13130
13138
13143
13150
13151
13155
13148
13144
13144
13143
13146
13141
13149
13143
13143
13137
13147
13145
13139
13138
13138
13139
13140
13137
13138
13134
