13138
13138
13139
13138
13137
13132
13121
13122
13114
13113
13109
13116
13122
13127
13126
13132
13132
13132
13126
13127
13128
13129
13126
13129
13128
13135
13135
13131
13134
13139
13133
13135
13131
13134
13138
13139
13136
13142
13135
13135
13138
13138
13134
13141
13142
13138
13146
13145
13133
13134
13135
13135
13141
13138
13137
13142
13141
13143
13138
13149
13143
13141
13143
13140
13130
13138
13141
13150
13141
13151
13147
13161
13153
13152
13150
13142
13131
13138
13139
13138
13134
13134
13137
13135
13131
13132
13134
13140
13135
13143
13144
13147
13158
13147
13139
13138
13134
13133
13131
13133
13132
13135
13135
13147
13140
13145
13148
13139
13145
13139
13129
13130
13118
13124
13128
13120
13119
13125
13127
13132
13140
13136
13127
13130
13128
13125
13129
13132
13135
13141
13139
13139
13142
13140
13140
13138
13133
13140
13138
13133
13132
13127
13123
13122
13117
13126
13129
13127
13129
13128
13130
13133
13128
13132
13135
13127
13129
13129
13117
13122
13127
13128
13139
13131
13136
13135
13132
13142
13131
13134
13129
13135
13146
13136
13134
13140
13142
13139
13135
13138
13125
13132
13128
13126
13119
13124
13126
13128
13129
13132
13135
13145
13136
13134
13131
13123
13122
13135
13137
13140
13139
13142
13140
13134
13136
13132
13127
13127
13127
13133
13131
13122
13130
13128
13133
13140
13139
13140
13141
13143
13134
13134
13126
13132
13133
13137
13139
13132
13142
13141
13149
13158
13153
13151
13157
13148
13141
13142
13141
13143
13142
13138
13136
13138
13137
13134
13135
13139
13141
13137
13138
13140
13144
13138
13140
13144
13148
13145
13143
13140
13141
13140
13138
13134
13121
13121
13119
13119
13128
13129
13134
13134
13128
13125
13136
13134
13126
13128
13124
13122
13126
13122
13126
13128
13126
13126
13126
13133
13122
13124
13120
13120
13130
13130
13132
13134
13135
13140
13132
13137
13136
13138
13134
13140
13131
13134
13136
13131
13127
13135
13133
13134
13133
13131
13137
13132
13126
13136
13134
13131
13129
13136
13132
13128
13130
13132
13130
13136
13137
13139
13140
13138
13133
13124
13120
13126
13126
13136
13130
13135
13131
13133
13126
13131
13124
13135
13138
13133
13131
13130
13122
13129
13131
13131
13145
13146
13142
13153
13152
13150
13147
13139
13138
13142
13141
13136
13127
13128
13126
13122
13119
13119
13122
13126
13127
13138
13136
13133
13139
13134
13138
13136
13133
13138
13135
13142
13139
13133
13134
13138
13140
13141
13133
13134
13137
13137
13128
13127
13117
13117
13121
13133
13128
13127
13120
13125
13125
13135
13126
13132
13133
13139
13141
13133
13134
13135
13137
13136
13140
13138
13144
13133
13127
13132
13134
13142
13142
13140
13137
13139
13139
13129
13117
13113
13121
13124
13117
13121
13114
13122
13126
13128
13128
13131
13138
13131
13134
13136
13136
13144
13147
13141
13146
13135
13130
13140
13140
13141
13141
13140
13141
13139
13132
13134
13137
13145
13146
13133
13141
13144
13139
13145
13138
13131
13139
13139
13145
13145
13145
13141
13138
13137
13139
13135
13134
13133
13130
13133
13132
13135
13131
13128
13134
13132
13124
13125
13123
13129
13130
13131
13131
13127
13128
13129
13133
13139
13145
13140
12970
12337
11814
11491
11318
11229
11233
11248
11302
11375
11459
11541
11640
11706
11791
11872
11951
12019
12098
12163
12225
12285
12343
12394
12452
12489
12534
12571
12615
12642
12673
12699
12728
12748
12779
12806
12816
12835
12854
12868
12885
12895
12905
12926
12928
12936
12959
12961
12976
12982
12992
13002
13011
13018
13028
13034
13044
13043
13048
13058
13057
13067
13067
13069
13077
13075
13081
13087
13087
13090
13090
13095
13090
13091
13099
13107
13114
13116
13119
13119
13122
13118
13124
13123
13119
13111
13115
13113
13114
13108
13105
13105
13110
13120
13122
13123
13122
13123
13123
13117
13114
13123
13126
13123
13140
13127
13123
13132
13130
13130
13126
13126
13117
13122
13121
13124
13131
13135
13129
13125
13132
13131
13128
13134
13137
13138
13143
13140
13138
13137
13141
13138
13139
13134
13133
13136
13131
13132
13125
13127
13128
13125
13130
13126
13134
13130
13127
13133
13136
13139
13140
13133
13118
13121
13124
13125
13115
13126
13125
13123
13127
13127
13135
13139
13139
13133
13129
13130
13136
13141
13135
13006
12774
12635
12561
12511
12492
12481
12497
12514
12534
12571
12601
12633
12669
12626
12592
12584
12590
12607
12627
12649
12655
12637
12643
12653
12667
12687
12712
12725
12751
12766
12794
12820
12829
12843
12872
12885
12900
12920
12934
12944
12955
12967
12972
12975
12987
13006
13015
13027
13034
13037
13036
13041
13055
13051
13056
13066
13064
13066
13067
13067
13068
13079
13090
13094
13094
13100
13099
13101
13108
13113
13111
13112
13101
13099
13118
13108
13113
13124
13114
13111
13112
13110
13110
13114
13114
13117
13126
13127
13128
13122
13128
13129
13134
13128
13126
13132
13137
13136
13140
13134
13131
13128
13131
13130
13132
13136
13130
13135
13137
13136
13138
13138
13135
13127
13139
13132
13133
13130
13128
13129
13131
13130
13129
13123
13130
13128
13132
13135
13131
13133
13128
13125
13128
13124
13119
13124
13136
13136
13139
13136
13137
13136
13136
13137
13131
13132
13132
13133
13136
13123
13119
13122
13124
13123
13138
13132
13133
13133
13132
13136
13129
13137
13142
13137
13130
13135
13134
13136
13139
13136
13144
13144
13149
13138
13132
13137
13139
13140
13145
13149
13148
13148
13148
13150
13142
13136
13133
13125
13123
13124
13120
13130
13129
13132
13142
13135
13135
13134
13134
13142
13150
13148
13147
13135
13137
13133
13137
13139
13142
13142
13141
13139
13152
13145
13141
13149
13146
13138
13135
13130
13134
13132
13128
13137
13144
13139
13149
13142
13144
13143
13142
13140
13136
13134
13140
13138
13135
13135
13137
13134
13135
13132
13137
13136
13136
13139
13142
13140
13137
13135
13126
13129
13142
13138
13136
13144
13142
13140
13142
13140
13138
13138
13139
13133
13130
13137
13136
13138
13131
13133
13131
13135
13136
13137
13145
13138
13135
13139
13134
13131
13142
13141
13143
13146
13146
13142
13142
13145
13142
13141
13131
13124
13133
13130
13130
13128
13132
13138
13131
13134
13134
13135
13133
13128
13128
13131
13132
13136
13129
13131
13135
13139
13136
13132
13136
13134
13126
13128
13124
13125
13123
13124
13119
13128
13133
13128
13134
13138
13139
13143
13147
13145
13150
13131
13126
13127
13125
13131
13132
13138
13144
13143
13147
13143
13135
13136
13141
13133
13134
13131
