13122
13121
13121
13119
13120
13131
13129
13126
13130
13129
13124
13127
13125
13117
13118
13126
13122
13124
13121
13124
13136
13123
13123
13126
13126
13129
13129
13135
13140
13138
13133
13136
13131
13134
13132
13135
13129
13129
13134
13139
13136
13127
13137
13129
13130
13139
13134
13134
13139
13141
13139
13137
13132
13133
13136
13141
13145
13139
13137
13133
13143
13134
13129
13133
13137
13138
13135
13129
13128
13127
13126
13124
13119
13119
13116
13118
13125
13125
13131
13142
13137
13135
13139
13132
13136
13132
13127
13123
13129
13135
13142
13141
13140
13139
13142
13136
13141
13137
13135
13134
13149
13138
13136
13135
13137
13137
13137
13130
13134
13130
13128
13135
13129
13133
13139
13136
13142
13135
13137
13137
13135
13129
13141
13134
13140
13139
13136
13135
13133
13132
13128
13123
13129
13130
13131
13131
13133
13132
13126
13124
13136
13127
13127
13134
13137
13134
13134
13130
13129
13139
13137
13136
13125
13131
13132
13126
13133
13123
13129
13132
13127
13118
13131
13129
13135
13138
13140
13132
13141
13135
13141
13138
13133
13134
13135
13137
13130
13125
13124
13122
13127
13122
13117
13121
13133
13134
13134
13135
13134
13131
13126
13134
13124
13121
13125
13132
13134
13124
13132
13140
13137
13131
13133
13135
13131
13137
13134
13138
13137
13137
13136
13134
13134
13133
13136
13138
13138
13135
13129
13133
13134
13128
13136
13133
13134
13137
13139
13126
13127
13128
13135
13125
13128
13127
13131
13127
13134
13136
13137
13138
13134
13134
13135
13131
13125
13122
13123
13124
13131
13137
13139
13137
13138
13140
13141
13148
13143
13138
13142
13137
13142
13125
13135
13141
13138
13145
13146
13148
13142
13138
13150
13141
13137
13130
13139
13143
13143
13138
13140
13138
13137
13137
13140
13132
13138
13138
13133
13136
13135
13133
13141
13137
13137
13130
13127
13131
13128
13133
13137
13131
13142
13135
13137
13138
13139
13138
13135
13133
13137
13141
13139
13145
13137
13132
13138
13138
13138
13133
13133
13138
13139
13136
13139
13134
13135
13138
13134
13132
13132
13130
13133
13127
13127
13126
13124
13127
13125
13122
13121
13124
13132
13132
13134
13140
13147
13141
13145
13138
13131
13131
13128
13122
13124
13124
13121
13122
13125
13126
13131
13138
13133
13129
13137
13127
13125
13133
13142
13147
13150
13142
13145
13143
13145
13140
13139
13141
13147
13139
13134
13139
13144
13139
13142
13147
13147
13143
13133
13132
13134
13133
13131
13135
13131
13135
13141
13142
13142
13142
13139
13139
13136
13139
13154
13147
13144
13153
13150
13147
13146
13141
13141
13137
13137
13130
13129
13134
13128
13123
13118
13112
13117
13109
13114
13114
13113
13118
13122
13119
13126
13123
13124
13134
13137
13140
13140
13137
13145
13142
13135
13142
13132
13128
13139
13138
13134
13137
13124
13130
13127
13131
13131
13133
13125
13124
13127
13125
13126
13127
13126
13126
13133
13129
13129
13132
13129
13130
13134
13127
13123
13126
13132
13128
13133
13131
13131
13123
13126
13130
13131
13135
13136
13138
13149
13143
13142
13144
13146
13138
13136
13139
13134
13137
13139
13138
13130
13133
13136
13134
13132
13127
13136
13140
13123
12788
11833
10927
10292
9904
9615
9439
9420
9440
9541
9652
9788
9818
9932
10040
10194
10328
10487
10619
10776
10905
11051
11174
11313
11423
11536
11629
11732
11815
11913
11984
12062
12123
12185
12236
12289
12337
12401
12446
12488
12523
12564
12602
12635
12655
12682
12705
12739
12755
12771
12798
12826
12847
12866
12882
12900
12917
12930
12940
12957
12956
12966
12977
12976
12977
12988
12995
13003
13015
13030
13035
13048
13051
13055
13061
13069
13072
13085
13082
13087
13090
13098
13098
13095
13097
13092
13091
13094
13100
13102
13110
13120
13118
13125
13122
13123
13120
13119
13120
13129
13128
13133
13135
13127
13123
13127
13125
13128
13135
13139
13135
13138
13136
13137
13135
13133
13131
13137
13136
13130
13133
13130
13139
13135
13137
13130
13119
13121
13121
13118
13118
13120
13121
13126
13129
13133
13139
13128
13125
13133
13129
13133
13136
13130
13131
13131
13128
13129
13129
13129
13132
13129
13136
13133
13133
13134
13140
13149
13138
13135
13138
13134
13136
13136
13133
13136
13140
13150
13147
13137
13134
13132
13132
13134
13146
13145
13148
13143
13139
13148
13145
13143
13137
13134
13139
13144
13145
13136
13129
13134
13133
13141
13136
13133
13137
13139
13132
13138
13127
13131
13136
13138
13144
13141
13140
13141
13140
13131
13134
13122
13116
13124
13120
13125
13120
13123
13129
13127
13118
13124
13117
13114
13119
13119
13127
13133
13138
13143
13144
13144
13138
13143
13137
13130
13132
13126
13122
13125
13115
13113
13122
13128
13128
13134
13131
13135
13136
13131
13133
13120
13122
13121
13124
13134
13126
13126
13134
13131
13126
13134
13124
13128
13137
13134
13134
13136
13134
13136
13138
13139
13139
13141
13144
13142
13141
13144
13136
13147
13142
13145
13149
13148
13137
13137
13133
13140
13138
13134
13144
13137
13141
13136
13135
13133
13135
13138
13139
13133
13129
13131
13129
13131
13136
13142
13139
13150
13149
13150
13143
13147
13137
13142
13140
13129
13134
13136
13135
13145
13131
13133
13134
13134
13140
13136
13136
13139
13135
13135
13125
13127
13130
13126
13133
13139
13150
13147
13145
13135
13133
13136
13133
13133
13136
13132
13128
13130
13127
13127
13134
13145
13143
13146
13146
13138
13147
13148
13139
13137
13133
13134
13138
13130
13137
13137
13140
13146
13142
13142
13128
13126
13129
13131
13126
13129
13127
13131
13137
13134
13135
13145
13140
13142
13142
13140
13138
13134
13135
13135
13139
13136
13135
13135
13133
13137
13132
13132
13124
13131
13118
13128
13132
13126
13132
13131
13137
13137
13138
13138
13143
13139
13144
13143
13131
13134
13135
13128
13133
13126
13124
13137
13134
13134
13137
13132
13136
13138
13135
13142
13144
13142
13139
13139
13138
13131
13129
13128
13123
13128
13128
13125
13127
13129
13131
13130
13130
13132
13133
13133
13133
13134
13140
13139
13140
13136
13137
13130
13128
13125
13125
13134
13134
13138
13135
13130
13135
13132
13130
13130
13134
13138
13133
13129
13137
13134
13135
13136
13134
13132
13128
13130
13135
13132
13131
13131
13136
13141
13137
13130
13130
13124
13127
13127
13129
13129
13139
13144
13151
13145
13138
13145
13142
13139
13141
13139
13146
13143
13142
13141
13140
13136
13139
13136
13141
13147
13149
13145
13140
13145
13138
13134
13137
13133
13141
13145
13147
13141
13131
