13137
13139
13138
13135
13141
13143
13143
13141
13147
13142
13142
13141
13147
13144
13142
13145
13143
13140
13145
13141
13139
13142
13140
13143
13149
13145
13145
13145
13145
13138
13140
13143
13144
13144
13142
13133
13137
13132
13132
13133
13129
13132
13136
13142
13146
13143
13144
13142
13136
13133
13132
13125
13127
13124
13120
13126
13126
13122
13128
13120
13116
13117
13115
13109
13115
13125
13129
13129
13134
13132
13133
13142
13143
13141
13139
13138
13143
13138
13142
13145
13140
13141
13138
13138
13146
13143
13142
13146
13141
13142
13140
13137
13133
13135
13129
13135
13132
13137
13140
13132
13138
13136
13131
13132
13134
13135
13135
13132
13130
13132
13137
13139
13139
13137
13138
13136
13149
13139
13139
13135
13138
13137
13134
13138
13141
13145
13142
13143
13138
13137
13135
13135
13139
13137
13134
13146
13144
13138
13143
13139
13138
13146
13142
13147
13141
13142
13144
13152
13143
13145
13141
13142
13147
13150
13143
13143
13149
13139
13145
13148
13144
13147
13148
13149
13148
13147
13143
13146
13144
13147
13146
13142
13143
13147
13147
13152
13149
13146
13144
13143
13145
13146
13140
13135
13138
13136
13140
13133
13136
13137
13144
13148
13148
13141
13137
13138
13145
13134
13133
13127
13130
13131
13132
13124
13122
13125
13133
13140
13131
13133
13139
13138
13139
13140
13129
13132
13126
13122
13133
13127
13124
13130
13125
13125
13129
13134
13142
13142
13145
13144
13144
13147
13147
13142
13140
13138
13141
13134
13132
13126
13132
13131
13137
13138
13139
13139
13141
13143
13139
13141
13140
13130
13138
13135
13126
13134
13130
13128
13134
13125
13119
13122
13118
13116
13126
13122
13124
13126
13130
13132
13128
13136
13134
13131
13121
13120
13122
13120
13126
13130
13127
13136
13142
13140
13142
13140
13141
13142
13129
13133
13131
13130
13134
13129
13123
13137
13135
13130
13139
13138
13139
13140
13141
13139
13142
13142
13142
13142
13142
13135
13130
13134
13128
13131
13128
13127
13129
13125
13126
13132
13138
13134
13126
13126
13131
13137
13140
13141
13137
13134
13126
13129
13131
13123
13122
13129
13132
13130
13140
13132
13134
13133
13132
13131
13130
13135
13133
13135
13139
13126
13128
13133
13141
13149
13136
13137
13142
13132
13135
13128
13124
13123
13125
13132
13133
13134
13134
13137
13125
13131
13130
13129
13134
13138
13140
13150
13149
13147
13157
13147
13142
13149
13138
13140
13139
13137
13130
13130
13128
13128
13125
13138
13135
13137
13134
13134
13143
13138
13138
13148
13142
13140
13137
13133
13133
13130
13125
13132
13124
13130
13134
13135
13135
13136
13142
13143
13140
13135
13143
13133
13131
13136
13130
13133
13132
13132
13131
13133
13135
13135
13138
13141
13138
13139
13136
13137
13144
13140
13129
13135
13130
13136
13132
13131
13133
13135
13131
13132
13124
13131
13127
13124
13123
13124
13124
13139
13139
13137
13143
13141
13149
13152
13144
13143
13148
13146
13141
13139
13136
13138
13140
13144
13149
13147
13148
13143
13142
13138
13135
13140
13148
13149
13141
13141
13139
13149
13150
13148
13137
13143
13147
13140
13148
13147
13140
13141
13134
13135
13145
13137
13138
13143
13145
13146
13152
13150
13149
13149
12915
12385
11632
11067
10650
10422
10336
10314
10375
10443
10564
10669
10807
10929
11071
11185
11312
11413
11528
11622
11722
11819
11913
11983
12063
12126
12200
12257
12311
12360
12421
12456
12502
12544
12582
12620
12654
12682
12711
12737
12764
12776
12796
12817
12833
12851
12864
12880
12897
12907
12924
12946
12966
12981
12993
13001
13011
13019
13022
13027
13023
13028
13031
13031
13032
13038
13049
13062
13063
13068
13081
13081
13087
13092
13093
13099
13105
13106
13111
13112
13112
13110
13108
13112
13115
13119
13109
13106
13110
13106
13110
13112
13113
13113
13117
13123
13122
13121
13122
13132
13118
13122
13130
13122
13120
13124
13122
13132
13127
13124
13131
13130
13134
13138
13133
13137
13132
13133
13131
13134
13134
13132
13137
13146
13140
13144
13134
13133
13134
13129
13129
13133
13133
13129
13112
13115
13117
13115
13119
13127
13126
13128
13126
13130
13127
13138
13142
13151
13149
13142
13146
13145
13141
13150
13142
13146
13148
13151
13142
13143
13148
13141
13145
13145
13142
13135
13125
13126
13132
13132
13133
13131
13128
13130
13129
13132
13126
13128
13133
13132
13135
13142
13150
13141
13145
13145
13141
13146
13140
13137
13137
13118
13114
13118
13116
13122
13120
13124
13130
13133
13128
13128
13124
13130
13126
13130
13125
13121
13125
13123
13126
13132
13140
13137
13135
13138
13135
13136
13129
13136
13133
13133
13133
13137
13138
13140
13143
13139
13133
13118
13117
13116
13112
13118
13120
13116
13119
13124
13129
13127
13128
13128
13128
13134
13132
13138
13130
13135
13130
13124
13128
13134
13129
13137
13134
13129
13128
13127
13128
13136
13130
13132
13131
13135
13134
13138
13147
13152
13148
13140
13148
13140
13142
13144
13132
13134
13134
13141
13137
13131
13128
13126
13125
13130
13124
13132
13123
13126
13133
13135
13132
13148
13141
13139
13140
13138
13140
13138
13129
13133
13128
13133
13136
13138
13137
13138
13125
13125
13119
13115
13121
13112
13115
13119
13123
13121
13118
13127
13129
13131
13135
13123
13130
13131
13131
13134
13128
13123
13128
13124
13132
13134
13125
13135
13134
13138
13131
13131
13128
13134
13123
13126
13126
13129
13128
13138
13131
13138
13139
13138
13143
13138
13138
13138
13144
13145
13137
13130
13128
13121
13115
13113
13115
13116
13120
13116
13119
13122
13135
13132
13140
13140
13138
13139
13142
13138
13140
13138
13137
13137
13139
13138
13139
13139
13136
13137
13131
13137
13131
13130
13139
13140
13137
13142
13134
13143
13139
13137
13134
13135
13134
13128
13131
13130
13126
13129
13131
13128
13136
13126
13127
13130
13128
13132
13125
13131
13139
13136
13140
13140
13133
13137
13138
13133
13136
13135
13133
13140
13138
13138
13136
13134
13126
13131
13130
13137
13140
13140
13146
13143
13145
13144
13141
13140
13135
13133
13127
13129
13142
13128
13125
13120
13113
13121
13122
13126
13124
13128
13125
13133
13126
13128
13119
13121
13124
13132
13131
13144
13146
13143
13146
13143
13138
13135
13122
13133
13132
13139
13132
13139
13142
13140
13146
13143
13144
13142
13135
13134
13141
13140
13142
13145
13139
13142
13140
13142
13145
13148
13144
13155
13142
13145
13148
13143
13145
13141
13138
13142
13146
13145
13141
13130
13128
13119
13120
13124
13133
13139
13137
13136
13141
13136
