13136
13140
13142
13140
13142
13139
13150
13150
13142
13136
13135
13124
13137
13132
13128
13126
13126
13133
13134
13137
13137
13138
13139
13149
13150
13151
13154
13150
13155
13156
13154
13155
13153
13149
13156
13153
13140
13141
13137
13141
13138
13137
13137
13137
13139
13139
13145
13153
13145
13146
13145
13153
13156
13153
13150
13154
13149
13148
13138
13143
13142
13140
13132
13133
13127
13129
13125
13121
13124
13126
13131
13137
13134
13135
13146
13138
13132
13136
13136
13140
13138
13138
13135
13130
13135
13128
13132
13123
13124
13125
13122
13123
13134
13129
13133
13139
13141
13138
13139
13151
13156
13149
13152
13143
13133
13137
13136
13131
13125
13130
13128
13134
13129
13130
13142
13133
13130
13137
13134
13138
13137
13137
13129
13127
13135
13136
13144
13144
13143
13138
13140
13138
13139
13137
13147
13141
13147
13144
13140
13138
13127
13129
13127
13129
13128
13125
13127
13125
13133
13133
13135
13135
13134
13133
13139
13137
13134
13135
13133
13140
13134
13134
13129
13129
13140
13133
13129
13139
13140
13134
13133
13143
13143
13131
13127
13132
13132
13131
13124
13132
13134
13135
13134
13139
13135
13138
13141
13143
13148
13142
13134
13135
13130
13127
13130
13126
13124
13133
13131
13130
13135
13136
13138
13140
13139
13137
13121
13126
13126
13127
13129
13126
13129
13130
13138
13140
13132
13135
13134
13141
13134
13131
13131
13130
13127
13130
13123
13122
13121
13126
13126
13138
13132
13129
13137
13139
13138
13139
13131
13138
13133
13138
13133
13139
13140
13142
13134
13138
13137
13136
13133
13138
13143
13132
13138
13136
13139
13140
13141
13142
13142
13145
13138
13147
13141
13140
13131
13141
13134
13137
13136
13138
13144
13138
13143
13138
13134
13136
13138
13133
13139
13142
13136
13142
13138
13132
13131
13141
13144
13142
13142
13139
13141
13136
13131
13130
13133
13134
13137
13137
13134
13132
13130
13129
13124
13125
13125
13120
13130
13135
13130
13129
13128
13124
13133
13125
13118
13119
13126
13126
13127
13127
13129
13137
13138
13137
13136
13140
13139
13139
13141
13132
13141
13131
13132
13133
13136
13126
13130
13133
13137
13136
13135
13134
13129
13129
13134
13132
13130
13127
13127
13138
13136
13136
13141
13134
13130
13136
13141
13142
13148
13137
13142
13133
13134
13129
13130
13128
13130
13132
13128
13117
13126
13127
13135
13140
13141
13137
13139
13140
13136
13140
13133
13135
13124
13133
13139
13134
13130
13125
13123
13131
13129
13126
13136
13119
13119
13127
13129
13134
13132
13129
13139
13136
13139
13138
13136
13136
13137
13129
13133
13136
13143
13139
13143
13145
13145
13144
13139
13136
13142
13139
13146
13141
13133
13137
13140
13142
13146
13148
13143
13146
13144
13133
13142
13131
13127
13135
13135
13137
13139
13135
13134
13138
13139
13133
13136
13138
13147
13143
13141
13138
13147
13140
13140
13140
13131
13133
13137
13141
13143
13140
13143
13144
13145
13153
13151
13138
13140
13137
13136
13141
13134
13127
13131
13133
13131
13140
13138
13129
13132
13123
13133
13130
13127
13124
13122
13133
13139
13146
13142
13134
13147
13144
13138
13140
13133
13136
13134
13125
13127
13132
13131
12984
12138
11030
10350
9939
9727
9626
9648
9706
9796
9886
10040
10167
10266
10366
10502
10566
10656
10756
10875
10980
10998
11009
11079
11151
11241
11324
11420
11500
11530
11530
11576
11632
11705
11772
11836
11909
11985
12055
12126
12188
12253
12299
12358
12395
12442
12477
12518
12556
12590
12624
12656
12682
12707
12732
12764
12785
12811
12827
12842
12854
12877
12890
12911
12931
12942
12960
12978
12985
13003
13006
13014
13019
13026
13034
13040
13049
13058
13058
13057
13058
13063
13071
13081
13089
13096
13095
13101
13102
13100
13090
13099
13103
13102
13110
13101
13100
13101
13100
13100
13109
13115
13116
13118
13122
13117
13122
13115
13110
13113
13111
13120
13125
13122
13131
13131
13133
13132
13126
13120
13133
13129
13130
13130
13128
13123
13132
13124
13132
13124
13123
13129
13124
13119
13119
13114
13113
13116
13120
13129
13126
13128
13123
13126
13131
13133
13139
13134
13133
13140
13134
13132
13141
13137
13138
13130
13130
13126
13129
13126
13123
13119
13123
13136
13131
13132
13137
13140
13142
13138
13129
13133
13127
13124
13130
13118
13111
13105
13110
13118
13115
13126
13128
13136
13146
13138
13142
13144
13132
13131
13128
13129
13133
13138
13139
13139
13139
13139
13140
13136
13142
13138
13142
13139
13139
13136
13141
13133
13136
13131
13122
13125
13135
13133
13136
13133
13140
13138
13139
13131
13126
13135
13138
13135
13135
13128
13119
13125
13130
13135
13133
13133
13142
13139
13140
13135
13138
13142
13148
13140
13143
13142
13141
13147
13143
13139
13137
13140
13140
13138
13142
13145
13143
13142
13145
13136
13132
13137
13139
13138
13138
13140
13135
13133
13139
13136
13148
13148
13150
13153
13138
13136
13140
13139
13140
13135
13136
13141
13141
13138
13136
13134
13145
13140
13144
13134
13132
13137
13140
13136
13129
13137
13131
13126
13128
13127
13132
13136
13138
13139
13146
13149
13139
13143
13140
13137
13135
13136
13141
13139
13127
13122
13129
13128
13130
13127
13132
13134
13131
13139
13138
13134
13139
13142
13135
13134
13130
13135
13134
13133
13134
13141
13136
13135
13147
13144
13150
13146
13144
13137
13138
13150
13146
13142
13143
13134
13138
13134
13132
13137
13131
13131
13133
13132
13128
13132
13136
13134
13134
13130
13137
13134
13135
13133
13132
13138
13140
13134
13140
13134
13132
13142
13139
13130
13133
13129
13134
13141
13137
13129
13132
13144
13138
13135
13143
13144
13141
13145
13136
13142
13136
13130
13136
13137
13139
13143
13140
13144
13146
13147
13148
13134
13144
13141
13138
13139
13141
13142
13140
13131
13134
13142
13140
13142
13146
13144
13144
13141
13134
13126
13135
13139
13138
13138
13140
13135
13141
13141
13132
13133
13127
13126
13128
13124
13129
13130
13130
13133
13137
13147
13145
13143
13149
13146
13141
13137
13133
13130
13134
13129
13122
13127
13123
13121
13126
13126
13132
13125
13129
13136
13137
13139
13137
13135
13136
13131
13137
13129
13135
13138
13133
13134
13134
13134
13135
13138
13138
13139
13137
13134
13134
13125
13133
13134
13137
13145
13147
13141
13145
13144
13144
13147
13134
13130
13133
13128
13125
13121
13122
13127
13126
13127
13130
13134
13134
13132
13129
13126
13130
13135
13136
13139
13146
13147
13141
13132
13137
13134
13140
13141
13145
13129
13134
13134
13134
13131
13138
