13133
13136
13144
13141
13139
13138
13140
13142
13141
13146
13140
13138
13139
13138
13142
13146
13140
13142
13148
13148
13149
13145
13148
13142
13133
13131
13130
13133
13134
13135
13134
13133
13136
13131
13129
13122
13123
13123
13121
13130
13128
13136
13140
13136
13140
13140
13138
13143
13150
13140
13143
13144
13146
13139
13137
13140
13142
13141
13141
13142
13137
13135
13132
13139
13132
13134
13135
13126
13129
13128
13132
13137
13131
13120
13126
13119
13119
13124
13123
13131
13131
13132
13134
13130
13133
13132
13136
13138
13140
13138
13136
13141
13141
13135
13132
13132
13131
13137
13140
13139
13138
13138
13148
13159
13150
13142
13137
13132
13125
13126
13128
13137
13137
13137
13150
13146
13149
13152
13153
13146
13150
13138
13138
13136
13131
13136
13132
13136
13141
13137
13146
13143
13148
13140
13141
13144
13135
13129
13133
13138
13142
13135
13140
13139
13142
13149
13150
13147
13146
13141
13137
13139
13138
13135
13141
13137
13133
13143
13134
13138
13140
13137
13133
13140
13150
13140
13143
13134
13014
12927
12877
12851
12841
12842
12845
12854
12865
12870
12881
12891
12908
12917
12934
12952
12960
12966
12980
12987
13001
13013
13028
13040
13046
13044
13056
13050
13057
13064
13064
13074
13079
13083
13079
13075
13085
13083
13087
13096
13091
13096
13093
13096
13109
13106
13087
12965
12887
12836
12809
12796
12803
12808
12815
12831
12843
12859
12872
12892
12912
12926
12934
12948
12963
12976
12994
12996
13004
13014
13019
13028
13034
13039
13041
13050
13067
13068
13078
13087
13087
13096
13089
13082
13090
13088
13094
13093
13094
13092
13095
13101
13110
13115
13119
13123
13114
13122
13119
13114
13125
13128
13131
13133
13133
13127
13133
13126
13128
13131
13127
13131
13135
13132
13135
13138
13134
13128
13140
13138
13137
13138
13137
13138
13140
13132
13131
13138
13134
13132
13135
13132
13128
13125
13133
13138
13135
13138
13132
13125
13133
13131
13123
13128
13121
13121
13123
13122
13122
13136
13130
13128
13132
13131
13131
13134
13136
13132
13132
13132
13130
13137
13132
13133
13140
13140
13132
13138
13130
13141
13141
13129
13128
13131
13128
13130
13120
13123
13119
13122
13128
13127
13128
13132
13122
13129
13140
13125
13127
13134
13130
13130
13135
13134
13135
13130
13129
13129
13126
13130
13127
13133
13133
13134
13136
13132
13134
13134
13129
13132
13125
13117
13124
13123
13127
13133
13136
13137
13142
13134
13134
13137
13135
13138
13143
13145
13143
13140
13138
13150
13150
13148
13150
13145
13141
13141
13137
13128
13123
13122
13125
13132
13127
13133
13135
13130
13132
13137
13141
13138
13131
13136
13137
13141
13139
13140
13133
13141
13141
13139
13142
13141
13132
13138
13132
13135
13133
13131
13128
13138
13140
13143
13142
13148
13152
13163
13155
13147
13141
13139
13141
13140
13133
13129
13137
13128
13134
13149
13146
13149
13141
13147
13145
13150
13143
13141
13133
13138
13141
13137
13136
13138
13128
13137
13131
13128
13131
13126
13122
13136
13135
13135
13133
13134
13135
13136
13131
13129
13127
13129
13125
13130
13131
13128
13138
13130
13134
13135
13138
13141
13141
13141
13138
13064
12681
11940
11444
11145
10995
10924
10931
10968
11042
11123
11222
11312
11417
11506
11605
11702
11800
11886
11959
12033
12105
12168
12232
12279
12341
12393
12439
12491
12534
12562
12608
12639
12670
12691
12713
12736
12765
12794
12821
12838
12853
12878
12888
12904
12922
12923
12936
12950
12966
12983
12986
12981
13001
13007
13016
13030
13037
13041
13049
13057
13063
13064
13073
13071
13079
13093
13098
13101
13102
13104
13112
13110
13108
13100
13107
13105
13112
13108
13107
13109
13105
13111
13116
13114
13114
13113
13124
13124
13123
13120
13109
13112
13118
13117
13120
13122
13114
13127
13129
13129
13126
13127
13129
13132
13131
13125
13131
13130
13136
13135
13143
13135
13128
13132
13141
13138
13135
13138
13146
13144
13148
13141
13131
13135
13130
13127
13131
13134
13131
13135
13132
13132
13147
13138
13137
13139
13138
13137
13138
13132
13135
13138
13145
13145
13142
13142
13138
13137
13139
13135
13142
13131
13129
13134
13137
13139
13137
13143
13141
13137
13133
13133
13138
13140
13145
13131
13132
13128
13134
13141
13134
13132
13140
13138
13136
13140
13137
13134
13135
13137
13143
13138
13138
13136
13131
13134
13137
13138
13139
13139
13149
13141
13141
13140
13140
13134
13141
13145
13138
13136
13136
13138
13141
13146
13149
13144
13143
13137
13138
13141
13140
13139
13144
13141
13139
13139
13132
13138
13143
13132
13135
13130
13130
13130
13134
13132
13132
13136
13136
13132
13140
13138
13137
13135
13135
13136
13137
13134
13140
13136
13129
13133
13141
13149
13150
13147
13141
13140
13139
13142
13129
13134
13151
13139
13137
13133
13129
13129
13140
13137
13136
13126
13129
13132
13135
13140
13138
13141
13132
13132
13147
13134
13132
13146
13142
13147
13144
13147
13146
13142
13150
13148
13153
13142
13129
13123
13128
13131
13127
13127
13122
13120
13128
13124
13123
13129
13121
13132
13139
13138
13133
13128
13137
13138
13130
13134
13129
13132
13136
13135
13142
13135
13137
13136
13138
13139
13148
13141
13135
13130
13124
13123
13121
13131
13135
13137
13141
13141
13134
13134
13133
13128
13134
13125
13126
13136
13135
13145
13145
13139
13142
13138
13131
13137
13126
13130
13133
13127
13131
13135
13141
13138
13133
13139
13135
13137
13135
13130
13129
13128
13128
13128
13115
13121
13123
13123
13129
13134
13130
13134
13126
13130
13138
13133
13125
13130
13130
13132
13140
13133
13133
13130
13132
13132
13139
13138
13129
13136
13137
13139
13142
13138
13139
13140
13136
13137
13134
13137
13132
13138
13141
13141
13138
13141
13138
13141
13141
13152
13151
13158
13154
13148
13153
13146
13145
13148
13149
13147
13150
13140
13139
13137
13133
13123
13130
13129
13129
13127
13138
13141
13158
13150
13142
13143
13141
13137
13137
13135
13137
13145
13135
13135
13129
13132
13136
13141
13141
13139
13134
13136
13129
13127
13124
13124
13127
13135
13135
13132
13140
13137
13138
13133
13129
13134
13135
13137
13136
13130
13128
13132
13132
13134
13138
13138
13137
13140
13138
13137
13134
13143
13139
13150
13149
13154
13147
13148
13147
13144
13137
13147
13142
13141
13134
13133
13125
13128
13134
13136
13139
13139
13146
13142
13143
13140
13142
13137
13131
13138
13133
13135
13132
13123
13129
13135
13124
13124
13127
13128
13134
13139
13142
13144
13134
13138
13143
13143
13146
13146
