13119
13130
13134
13132
13132
13136
13134
13140
13128
13130
13130
13127
13126
13137
13129
13128
13132
13133
13131
13134
13137
13133
13134
13134
13137
13138
13141
13133
13143
13136
13126
13123
13123
13131
13142
13142
13153
13145
13147
13141
13135
13127
13128
13120
13120
13126
13135
13139
13134
13130
13133
13127
13130
13136
13134
13139
13149
13147
13138
13135
13134
13140
13138
13137
13124
13120
13119
13119
13131
13124
13125
13131
13126
13126
13127
13125
13123
13124
13124
13127
13123
13117
13119
13121
13133
13138
13140
13152
13150
13142
13146
13143
13144
13143
13133
13132
13136
13135
13130
13141
13145
13140
13143
13145
13137
13137
13138
13140
13151
13139
13134
13137
13136
13136
13131
13127
13127
13122
13126
13133
13130
13133
13136
13132
13134
13133
13126
13129
13122
13120
13125
13121
13119
13124
13119
13121
13126
13125
13125
13124
13123
13129
13122
13132
13127
13127
13127
13125
13128
13119
13118
13121
13130
13136
13134
13134
13137
13136
13130
13140
13130
13131
13130
13132
13127
13122
13126
13137
13133
13131
13134
13128
13126
13131
13128
13122
13133
13138
13133
13137
13142
13137
13131
13136
13130
13138
13134
13136
13140
13131
13128
13132
13128
13130
13124
13120
13118
13120
13114
13117
13112
13123
13130
13130
13134
13133
13130
13137
13137
13135
13151
13142
13126
13129
13131
13139
13147
13146
13149
13137
13134
13137
13146
13139
13136
13133
13134
13136
13144
13143
13136
13139
13133
13133
13137
13142
13142
13149
13151
13145
13130
13133
13133
13137
13130
13131
13140
13142
13136
13134
13137
13132
13130
13133
13120
13124
13125
13133
13132
13134
13134
13132
13135
13138
13135
13132
13128
13127
13130
13125
13125
13131
13133
13128
13134
13132
13135
13134
13133
13134
13128
13137
13136
13133
13144
13149
13153
13156
13145
13142
13149
13140
13146
13147
13135
13138
13141
13147
13135
13138
13142
13136
13141
13138
13136
13128
13125
13126
13138
13137
13135
13132
13129
13127
13129
13126
13129
13126
13136
13142
13136
13135
13133
13134
13136
13134
13126
13131
13130
13124
13132
13119
13121
13130
13132
13140
13153
13144
13145
13142
13143
13141
13139
13141
13138
13140
13148
13149
13152
13142
13145
13142
13139
13135
13127
13133
13137
13140
13142
13140
13138
13138
13137
13139
13135
13129
13127
13130
13128
13129
13133
13120
13124
13128
13133
13132
13130
13127
13126
13130
13130
13125
13125
13126
13130
13136
13138
13135
13139
13134
13137
13138
13136
13133
13135
13137
13139
13133
13133
13140
13134
13138
13140
13135
13136
13134
13131
13138
13138
13128
13140
13139
13145
13149
13150
13145
13146
13139
13137
13135
13131
13132
13134
13136
13134
13139
13138
13135
13142
13136
13141
13140
13139
13134
13135
13124
13132
13131
13127
13134
13125
13125
13134
13127
13130
13130
13127
13136
13139
13134
13135
13131
13129
13133
13121
13123
13118
13120
13129
13126
13124
13126
13130
13136
13146
13145
13148
13151
13154
13154
13154
13150
13157
13148
13146
13145
13144
13145
13141
13140
13131
13129
13128
13127
13123
13122
13124
13131
13120
13117
13124
13118
13117
13129
13118
13117
13122
13132
13138
13135
13085
12961
12886
12846
12826
12819
12776
12356
11685
11027
10328
9804
9530
9338
9309
9201
9234
9309
9450
9593
9780
9943
10129
10295
10476
10628
10790
10936
11078
11207
11348
11450
11562
11659
11750
11830
11918
11980
12046
12113
12183
12235
12299
12353
12407
12455
12498
12533
12571
12604
12630
12662
12694
12721
12751
12774
12800
12823
12845
12866
12878
12901
12917
12925
12935
12942
12949
12956
12963
12972
12986
12989
13007
13015
13023
13034
13043
13051
13049
13053
13045
13055
13063
13073
13076
13071
13074
13079
13083
13078
13085
13094
13096
13099
13098
13102
13109
13117
13114
13115
13122
13130
13130
13129
13133
13126
13133
13133
13128
13121
13136
13118
13118
13122
13123
13125
13123
13123
13126
13133
13130
13130
13132
13135
13129
13135
13132
13131
13136
13132
13122
13117
13120
13124
13126
13130
13128
13128
13123
13120
13116
13115
13118
13118
13125
13131
13130
13136
13133
13133
13134
13129
13127
13136
13132
13136
13134
13140
13135
13135
13127
13123
13126
13132
13126
13119
13124
13128
13131
13126
13131
13133
13129
13139
13139
13136
13128
13131
13127
13135
13128
13133
13135
13135
13139
13139
13142
13133
13126
13125
13132
13124
13120
13126
13119
13125
13127
13129
13135
13130
13127
13125
13129
13132
13131
13131
13129
13130
13135
13130
13126
13129
13134
13138
13135
13139
13137
13127
13128
13123
13118
13122
13121
13118
13132
13130
13129
13135
13130
13124
13134
13130
13131
13138
13140
13139
13137
13138
13137
13126
13131
13132
13128
13128
13130
13132
13126
13131
13134
13123
13132
13129
13126
13120
13128
13125
13132
13127
13137
13142
13135
13136
13127
13128
13131
13125
13123
13124
13119
13112
13116
13104
13110
13117
13116
13114
13124
13133
13127
13130
13128
13131
13136
13143
13138
13130
13128
13129
13139
13135
13132
13132
13135
13127
13130
13129
13126
13131
13136
13141
13126
13130
13130
13129
13138
13131
13127
13131
13122
13121
13133
13122
13121
13131
13130
13134
13134
13140
13145
13146
13151
13149
13147
13148
13146
13147
13141
13139
13145
13131
13132
13138
13138
13131
13133
13128
13137
13140
13141
13134
13128
13129
13130
13129
13128
13123
13118
13129
13126
13117
13129
13134
13126
13139
13133
13128
13131
13134
13133
13131
13134
13127
13134
13135
13136
13130
13132
13134
13134
13129
13129
13132
13134
13138
13138
13132
13132
13118
13117
13127
13127
13139
13142
13137
13135
13134
13133
13132
13129
13132
13136
13134
13136
13140
13128
13126
13124
13130
13121
13114
13115
13115
13116
13125
13123
13128
13125
13133
13137
13127
13120
13121
13123
13127
13130
13135
13137
13135
13132
13125
13119
13118
13120
13122
13122
13124
13128
13133
13130
13130
13132
13126
13125
13132
13132
13138
13138
13137
13141
13136
13132
13128
13132
13133
13130
13133
13135
13135
13142
13135
13135
13139
13136
13140
13126
13127
13126
13134
13135
13138
13134
13137
13142
13136
13142
13140
13139
13141
13135
13140
13146
13130
13131
13142
13138
13141
13137
13139
13138
13132
13136
13137
13136
13141
13146
13141
13134
13132
13140
13134
13140
13141
13135
13134
13133
13132
13136
13137
13129
13132
13133
13138
13138
13137
13134
13131
13130
13129
13119
13121
13124
13126
13123
13129
13116
13123
13135
13137
13146
13146
13145
13140
13138
13142
13137
13135
13142
13137
13146
13137
