13132
13127
13134
13129
13135
13139
13134
13133
13138
13134
13127
13133
13133
13123
13128
13125
13130
13132
13133
13130
13132
13120
13121
13122
13126
13137
13137
13141
13141
13138
13136
13140
13142
13136
13141
13138
13140
13144
13139
13143
13138
13142
13153
13144
13145
13150
13146
13143
13151
13146
13144
13137
13133
13133
13133
13133
13129
13132
13132
13133
13144
13136
13135
13139
13142
13138
13142
13137
13083
12955
12887
12839
12807
12797
12805
12811
12824
12835
12850
12865
12880
12891
12907
12909
12919
12930
12932
12946
12957
12966
12980
12996
13011
13014
13019
13035
13037
13049
12968
12739
12503
12306
12204
12150
12141
12135
12137
12148
12186
12216
12258
12301
12347
12390
12442
12481
12524
12564
12600
12635
12665
12690
12733
12746
12766
12798
12812
12839
12857
12877
12898
12909
12923
12935
12949
12966
12970
12978
12990
12997
13016
13020
13029
13033
13036
13040
13038
13044
13046
13048
13055
13063
13063
13075
13086
13090
13097
13100
13100
13115
13114
13114
13117
13112
13108
13114
13107
13109
13114
13117
13118
13120
13122
13118
13120
13120
13121
13129
13130
13134
13139
13133
13128
13132
13129
13122
13124
13128
13130
13130
13129
13136
13133
13143
13146
13141
13137
13138
13138
13138
13134
13134
13147
13137
13142
13143
13132
13130
13138
13134
13137
13144
13143
13132
13134
13137
13143
13140
13138
13138
13138
13132
13137
13132
13132
13132
13135
13134
13130
13133
13129
13128
13122
13125
13130
13128
13134
13134
13129
13138
13135
13129
13141
13132
13125
13135
13131
13133
13133
13138
13129
13132
13132
13131
13121
13126
13122
13124
13130
13125
13134
13130
13132
13138
13138
13134
13126
13128
13133
13135
13121
13126
13118
13130
13137
13126
13130
13126
13123
13129
13120
13122
13133
13125
13132
13128
13124
13133
13132
13136
13135
13136
13140
13131
13132
13132
13128
13131
13133
13129
13128
13131
13137
13138
13139
13142
13136
13134
13132
13130
13122
13127
13120
13125
13132
13130
13132
13133
13131
13131
13127
13118
13129
13130
13121
13122
13121
13130
13137
13134
13138
13131
13129
13127
13127
13124
13123
13120
13126
13124
13126
13122
13128
13130
13132
13136
13134
13134
13140
13138
13134
13134
13130
13128
13124
13128
13136
13137
13131
13140
13134
13136
13148
13139
13141
13140
13134
13135
13138
13139
13139
13136
13143
13139
13145
13149
13147
13150
13147
13141
13143
13137
13135
13142
13140
13131
13134
13124
13128
13135
13131
13132
13125
13127
13131
13133
13137
13137
13141
13146
13142
13141
13145
13132
13131
13137
13130
13131
13128
13134
13139
13135
13134
13129
13127
13134
13132
13127
13132
13130
13136
13133
13126
13126
13128
13132
13126
13133
13131
13136
13131
13138
13131
13139
13136
13138
13142
13142
13145
13153
13142
13130
13136
13134
13139
13139
13133
13130
13134
13130
13130
13129
13130
13127
13125
13128
13129
13131
13139
13136
13143
13134
13130
13134
13130
13135
13128
13132
13135
13132
13136
13144
13137
13143
13147
13140
13131
13132
13133
13138
13128
13131
13128
13126
13120
13125
13114
13121
13121
13123
13130
13134
13132
13132
13132
13130
13127
13121
13125
13122
13127
13123
13127
13134
13133
13026
12257
11006
10062
9468
9137
8867
8806
8824
8941
9077
9275
9455
9666
9845
10053
10137
10220
10310
10446
10556
10703
10828
10971
11086
11226
11341
11464
11556
11665
11749
11835
11909
11990
12053
12120
12182
12247
12305
12366
12413
12457
12495
12532
12572
12604
12639
12665
12683
12716
12742
12768
12791
12812
12838
12854
12866
12888
12898
12912
12926
12940
12956
12962
12972
12980
12984
12996
13004
13012
13024
13026
13039
13048
13054
13067
13060
13068
13073
13076
13076
13076
13083
13080
13083
13086
13095
13094
13103
13105
13104
13106
13103
13098
13101
13105
13102
13109
13107
13107
13112
13115
13114
13110
13109
13107
13115
13118
13115
13121
13130
13133
13131
13130
13124
13127
13115
13114
13109
13111
13124
13126
13128
13126
13125
13124
13122
13121
13122
13126
13132
13140
13138
13137
13139
13135
13133
13132
13126
13126
13130
13131
13129
13127
13124
13120
13123
13127
13122
13120
13126
13135
13137
13135
13134
13130
13132
13135
13134
13141
13143
13140
13136
13140
13139
13137
13134
13128
13130
13131
13130
13134
13134
13143
13148
13145
13133
13142
13136
13129
13134
13123
13122
13125
13121
13121
13127
13129
13124
13131
13129
13131
13139
13132
13129
13137
13136
13130
13130
13133
13131
13131
13133
13138
13139
13138
13135
13132
13133
13135
13127
13133
13134
13129
13137
13128
13129
13135
13121
13115
13120
13111
13121
13127
13128
13128
13127
13134
13132
13130
13135
13134
13129
13130
13128
13137
13127
13130
13137
13139
13134
13128
13127
13131
13133
13133
13133
13129
13139
13143
13138
13138
13139
13146
13154
13149
13147
13149
13143
13137
13140
13129
13133
13137
13135
13136
13128
13130
13132
13133
13133
13129
13134
13132
13134
13143
13138
13131
13142
13148
13140
13138
13133
13137
13138
13141
13145
13146
13149
13150
13138
13134
13143
13144
13148
13142
13133
13139
13131
13131
13132
13119
13123
13125
13127
13130
13136
13135
13134
13139
13145
13138
13138
13138
13133
13133
13130
13128
13137
13129
13131
13128
13130
13129
13126
13126
13135
13131
13132
13128
13127
13129
13133
13132
13134
13130
13130
13137
13123
13132
13136
13125
13132
13137
13137
13135
13134
13132
13133
13132
13135
13129
13132
13125
13125
13128
13130
13121
13115
13116
13112
13111
13113
13117
13119
13119
13127
13122
13128
13135
13139
13142
13150
13149
13153
13146
13135
13147
13143
13133
13133
13129
13132
13133
13133
13137
13132
13133
13128
13127
13136
13130
13131
13124
13132
13136
13143
13142
13143
13138
13144
13134
13141
13142
13139
13137
13138
13134
13136
13141
13134
13139
13140
13139
13145
13134
13136
13148
13138
13137
13134
13131
13129
13132
13137
13145
13146
13143
13141
13140
13149
13143
13146
13145
13150
13154
13143
13138
13140
13143
13144
13145
13138
13139
13141
13138
13137
13127
13128
13130
13142
13142
13143
13144
13149
13147
13148
13147
13141
13134
13138
13140
13132
13131
13131
13125
13125
13131
13122
13121
13123
13121
13132
13137
13142
13153
13146
13145
13152
13150
13146
13143
13138
13144
13147
13147
13146
13134
13137
13140
13137
13137
13139
13131
13134
13136
13130
13137
13126
13128
13136
13126
13135
13136
13131
13131
13132
13132
13130
13126
13127
13123
13124
13134
13137
13141
13137
13130
13135
13135
13135
13134
13134
13139
13144
