13154
13152
13160
13155
13148
13144
13140
13140
13139
13138
13142
13143
13149
13141
13138
13133
13129
13123
13120
13122
13121
13125
13125
13138
13130
13132
13132
13127
13126
13129
13127
13139
13133
13131
13137
13135
13132
13136
13139
13141
13150
13146
13150
13144
13142
13140
13141
13143
13135
13131
13134
13126
13134
13134
13129
13133
13137
13141
13144
13145
13148
13146
13150
13146
13141
13144
13138
13135
13132
13132
13134
13137
13125
13123
13131
13130
13133
13139
13140
13139
13136
13140
13138
13135
13138
13135
13137
13142
13141
13131
13125
13128
13136
13122
13121
13127
13122
13119
13125
13124
13125
13129
13138
13145
13143
13138
13132
13135
13132
13134
13140
13141
13140
13134
13142
13138
13137
13132
13136
13135
13143
13145
13144
13143
13136
13131
13130
13127
13125
13122
13135
13138
13140
13138
13143
13139
13142
13146
13148
13142
13149
13139
13140
13142
13142
13137
13140
13135
13133
13137
13139
13141
13140
13137
13139
13135
13128
13130
13125
13115
13124
13134
13132
13135
13141
13138
13139
13140
13130
13127
13116
13117
13124
13118
13116
13115
13123
13125
13125
13120
13133
13137
13133
13137
13135
13142
13142
13139
13136
13138
13137
13144
13138
13133
13136
13124
13119
13128
13127
13134
13143
13145
13147
13140
13141
13135
13139
13142
13141
13145
13144
13148
13154
13141
13140
13137
13133
13128
13121
13127
13124
13127
13128
13138
13134
13129
13133
13129
13122
13125
13123
13131
13126
13128
13135
13128
13130
13134
13130
13125
13133
13140
13139
13139
13140
13143
13145
13138
13142
13134
13134
13130
13139
13137
13135
13145
13143
13141
13134
13139
13143
13140
13144
13135
13132
13137
13143
13134
13139
13144
13150
13143
13139
13137
13133
13128
13121
13123
13120
13130
13134
13140
13142
13146
13143
13143
13137
13138
13121
13126
13119
13126
13136
13133
13135
13135
13139
13135
13139
13133
13133
13134
13136
13135
13128
13136
13134
13128
13139
13135
13131
13137
13134
13132
13137
13128
13123
13122
13117
13120
13125
13125
13129
13137
13141
13138
13134
13148
13149
13143
13138
13144
13147
13136
13130
13134
13125
13123
13116
13119
13119
13118
13122
13130
13126
13136
13141
13138
13141
13135
13134
13140
13141
13139
13149
13138
13135
13130
13133
13136
13139
13147
13151
13145
13149
13151
13147
13143
13140
13144
13144
13148
13154
13148
13150
13152
13141
13142
13134
13141
13137
13138
13142
13140
13131
13138
13144
13140
13139
13139
13136
13142
13137
13131
13140
13133
13136
13141
13132
13133
13133
13137
13137
13129
13127
13132
13134
13137
13131
13135
13134
13138
13144
13131
13132
13133
13137
13133
13133
13133
13130
13130
13127
13127
13121
13117
13126
13129
13132
13138
13137
13140
13140
13136
13139
13136
13142
13147
13141
13145
13149
13145
13149
13145
13142
13147
13147
13147
13146
13140
13143
13140
13143
13140
13146
13148
13137
13144
13139
13132
13136
13140
13135
13135
13126
13137
13146
13137
13143
13146
13145
13142
13136
13135
13145
13138
13136
13136
13138
13137
13141
13142
13134
13141
13134
13138
13128
13138
13140
13137
13140
13138
13149
13142
13136
13139
13140
13142
13141
13141
13132
13137
13137
13137
13065
12611
11995
11493
11175
10995
10934
10912
10958
11011
11105
11182
11286
11382
11485
11579
11682
11727
11690
11685
11731
11782
11850
11905
11977
12036
12093
12149
12215
12266
12314
12371
12423
12472
12444
12367
12334
12324
12343
12362
12388
12419
12464
12495
12539
12569
12606
12638
12667
12698
12735
12754
12776
12805
12819
12834
12852
12872
12886
12899
12907
12911
12924
12944
12950
12961
12974
12979
13003
13009
13016
13029
13032
13037
13044
13052
13060
13069
13064
13067
13070
13074
13084
13082
13081
13081
13088
13096
13101
13098
13094
13092
13090
13102
13093
13095
13102
13107
13119
13134
13132
13131
13129
13132
13133
13131
13130
13127
13134
13126
13128
13134
13128
13129
13119
13114
13112
13113
13116
13124
13120
13130
13132
13133
13127
13130
13136
13145
13137
13132
13140
13134
13123
13132
13130
13129
13125
13133
13134
13132
13134
13133
13133
13142
13135
13138
13132
13136
13138
13135
13132
13134
13133
13137
13134
13135
13133
13140
13136
13146
13123
13124
13131
13129
13130
13126
13125
13128
13125
13130
13135
13127
13126
13134
13124
13127
13118
13118
13117
13119
13117
13116
13116
13114
13118
13113
13113
13119
13129
13126
13125
13136
13139
13143
13136
13134
13131
13134
13141
13139
13135
13131
13138
13137
13147
13140
13137
13140
13128
13128
13131
13126
13129
13133
13130
13134
13134
13136
13139
13138
13139
13136
13137
13142
13137
13138
13141
13145
13140
13131
13126
13135
13129
13132
13127
13132
13131
13131
13132
13131
13124
13122
13132
13132
13139
13139
13141
13143
13141
13138
13152
13145
13145
13151
13151
13153
13149
13149
13146
13138
13146
13138
13134
13142
13139
13139
13139
13135
13144
13140
13128
13138
13129
13133
13133
13129
13135
13137
13137
13138
13137
13143
13142
13133
13134
13128
13127
13129
13128
13130
13135
13135
13133
13138
13132
13138
13143
13137
13138
13127
13125
13125
13122
13132
13127
13128
13124
13125
13135
13136
13135
13142
13134
13138
13139
13134
13135
13138
13138
13139
13130
13135
13134
13140
13143
13139
13144
13154
13148
13139
13140
13133
13123
13129
13124
13129
13132
13122
13126
13125
13135
13133
13135
13134
13130
13134
13135
13134
13138
13139
13141
13138
13140
13142
13138
13139
13146
13145
13137
13137
13130
13129
13126
13119
13115
13119
13125
13129
13130
13129
13138
13138
13140
13140
13136
13138
13138
13137
13136
13134
13141
13135
13134
13138
13133
13138
13135
13137
13140
13132
13130
13132
13132
13136
13131
13133
13133
13132
13127
13134
13129
13134
13135
13137
13139
13138
13140
13150
13144
13142
13153
13153
13141
13141
13131
13135
13130
13137
13140
13138
13136
13136
13137
13133
13138
13137
13145
13143
13146
13139
13137
13137
13132
13133
13136
13133
13130
13130
13129
13133
13130
13135
13134
13139
13142
13141
13139
13146
13142
13139
13140
13131
13127
13129
13126
13116
13121
13120
13126
13132
13139
13133
13136
13142
13146
13135
13135
13136
13138
13134
13127
13130
13129
13135
13132
13139
13140
13140
13137
13139
13127
13120
13122
13120
13127
13130
13134
13137
13131
13132
13135
13135
13121
13128
13120
13122
13119
13124
13123
13123
13120
13119
13124
13124
13123
13124
13121
13123
13132
13120
13124
13123
13122
13128
13133
13136
13138
13147
13140
13142
13137
13133
13141
13136
13139
13137
