13130
13138
13143
13133
13139
13139
13139
13151
13145
13146
13146
13139
13133
13133
13134
13143
13142
13141
13138
13141
13137
13130
13131
13136
13132
13133
13129
13136
13141
13136
13131
13137
13135
13135
13134
13136
13137
13136
13133
13133
13124
13129
13129
13125
13125
13124
13122
13131
13132
13127
13122
13121
13121
13124
13126
13131
13131
13126
13131
13133
13129
13124
13128
13132
13128
13134
13143
13135
13139
13132
13131
13137
13142
13140
13145
13145
13142
13134
13141
13138
13134
13130
13137
13133
13131
13131
13132
13134
13131
13128
13138
13127
13122
13132
13125
13127
13129
13130
13137
13138
13136
13135
13134
13134
13123
13131
13132
13132
13142
13134
13135
13139
13146
13144
13133
13132
13136
13140
13134
13138
13132
13133
13134
13133
13133
13132
13133
13138
13132
13129
13132
13127
13128
13138
13128
13132
13130
13130
13122
13125
13131
13135
13130
13132
13131
13128
13133
13132
13143
13139
13141
13151
13149
13138
13132
13125
13126
13128
13126
13132
13128
13135
13134
13130
13123
13125
13130
13137
13133
13124
13129
13132
13141
13146
13144
13143
13140
13138
13133
13132
13127
13131
13126
13129
13134
13138
13132
13140
13149
13140
13137
13134
13125
13120
13123
13122
13121
13120
13126
13132
13133
13135
13139
13132
13136
13147
13145
13149
13143
13137
13143
13135
13134
13136
13134
13137
13137
13136
13128
13129
13129
13126
13126
13137
13133
13134
13129
13123
13131
13131
13136
13142
13137
13137
13133
13132
13131
13139
13135
13140
13138
13136
13139
13134
13135
13139
13134
13139
13127
13122
13136
13134
13130
13132
13128
13137
13141
13142
13142
13138
13141
13136
13133
13131
13128
13129
13129
13128
13136
13133
13132
13137
13143
13136
13133
13134
13133
13131
13130
13134
13134
13133
13130
13125
13130
13133
13136
13138
13129
13129
13134
13134
13130
13128
13127
13125
13134
13127
13121
13118
13120
13120
13128
13134
13126
13133
13127
13135
13134
13132
13125
13131
13135
13137
13133
13130
13133
13137
13146
13151
13143
13144
13135
13130
13131
13124
13127
13130
13122
13110
13123
13118
13120
13119
13114
13121
13129
13126
13120
13125
13130
13124
13124
13124
13130
13129
13128
13127
13129
13120
13124
13130
13128
13138
13135
13134
13129
13126
13128
13129
13130
13135
13134
13132
13129
13133
13132
13136
13132
13130
13136
13135
13131
13135
13129
13125
13128
13130
13124
13119
13120
13126
13134
13140
13144
13133
13135
13134
13139
13137
13129
13133
13139
13134
13136
13138
13140
13136
13146
13146
13144
13147
13144
13137
13135
13133
13133
13134
13131
13129
13138
13134
13133
13133
13122
13119
13116
13117
13119
13121
13127
13132
13132
13138
13134
13131
13141
13144
13147
13140
13136
13138
13140
13142
13137
13138
13141
13138
13139
13141
13133
13135
13143
13136
13145
13137
13132
13138
13134
13129
13132
13129
13127
13136
13131
13131
13130
13132
13138
13142
13140
13133
13134
13140
13135
13135
13140
13137
13143
13135
13106
12982
12903
12866
12835
12825
12816
12824
12832
12842
12855
12869
12881
12889
12909
12920
12931
12950
12952
12960
12979
12988
12992
13002
13007
13017
13028
13033
13040
13050
13053
13058
13073
13072
13023
12621
11864
11360
11079
10917
10869
10875
10935
10998
11092
11186
11255
11295
11379
11445
11525
11605
11702
11782
11873
11938
12023
12089
12159
12211
12270
12309
12362
12411
12456
12497
12540
12570
12609
12642
12683
12705
12735
12756
12777
12792
12812
12829
12858
12866
12882
12903
12923
12940
12957
12968
12977
12982
12994
12997
13003
13019
13027
13028
13032
13041
13039
13043
13043
13049
13058
13063
13072
13078
13077
13079
13084
13089
13096
13109
13108
13106
13114
13114
13112
13115
13120
13112
13119
13112
13119
13122
13122
13121
13125
13127
13126
13130
13127
13128
13122
13127
13129
13125
13124
13122
13125
13124
13124
13121
13125
13127
13121
13129
13113
13126
13129
13122
13126
13131
13129
13124
13126
13127
13124
13127
13133
13133
13131
13131
13126
13128
13129
13128
13126
13132
13138
13135
13129
13131
13128
13135
13141
13139
13138
13134
13129
13135
13132
13126
13137
13129
13127
13131
13126
13119
13126
13123
13127
13126
13128
13123
13134
13143
13146
13143
13145
13136
13140
13132
13131
13137
13137
13140
13146
13146
13142
13144
13141
13136
13137
13141
13145
13138
13136
13139
13135
13132
13128
13128
13134
13132
13132
13139
13141
13137
13134
13136
13141
13136
13137
13129
13128
13136
13133
13132
13136
13133
13141
13140
13140
13149
13152
13145
13141
13134
13129
13134
13130
13134
13135
13141
13141
13138
13144
13141
13136
13138
13138
13130
13132
13123
13120
13128
13130
13132
13129
13132
13131
13125
13127
13122
13126
13128
13127
13127
13136
13134
13138
13132
13135
13137
13138
13133
13133
13128
13129
13127
13130
13132
13124
13131
13137
13137
13138
13138
13146
13148
13141
13141
13135
13132
13130
13126
13127
13131
13142
13146
13147
13144
13135
13138
13133
13133
13131
13138
13141
13139
13147
13141
13134
13132
13131
13126
13120
13115
13119
13125
13125
13130
13130
13134
13136
13129
13128
13131
13130
13140
13141
13139
13140
13137
13136
13142
13135
13138
13139
13140
13134
13130
13127
13130
13129
13131
13133
13129
13128
13126
13131
13126
13121
13131
13128
13138
13136
13140
13138
13133
13132
13129
13123
13128
13133
13125
13127
13140
13137
13142
13139
13135
13144
13134
13138
13139
13134
13132
13135
13141
13145
13140
13140
13136
13136
13140
13134
13139
13135
13140
13140
13131
13129
13132
13129
13133
13126
13124
13124
13125
13123
13129
13127
13135
13135
13133
13134
13131
13126
13135
13130
13124
13133
13130
13122
13119
13112
13108
13120
13123
13132
13136
13142
13136
13133
13135
13133
13129
13134
13137
13136
13132
13134
13135
13132
13131
13128
13126
13133
13133
13135
13139
13127
13132
13134
13126
13127
13124
13126
13135
13131
13130
13132
13129
13126
13128
13124
13129
13134
13128
13125
13121
13126
13126
13130
13139
13134
13133
13132
13126
13140
13130
13133
13139
13136
13143
13142
13138
13137
13128
13127
13125
13115
13121
13117
13115
13129
13130
13136
13139
13133
13132
13141
13135
13133
13134
13133
13138
13144
13137
13136
13131
13127
13128
13130
13137
13148
13137
13137
13137
13138
13129
13124
13122
13128
13125
13130
13126
13135
13132
13130
13136
13131
13131
13134
13129
13134
13125
13129
13132
13137
13134
13143
13141
13145
13146
13142
13143
13136
13133
13125
13123
13124
13118
13126
13121
13125
13129
13131
13129
13146
13143
