13137
13139
13141
13124
13135
13134
13135
13137
13139
13134
13134
13131
13134
13143
13136
13137
13134
13129
13131
13129
13133
13130
13133
13136
13135
13132
13139
13134
13142
13139
13141
13135
13142
13138
13135
13130
13136
13129
13133
13135
13137
13138
13142
13131
13136
13135
13138
13137
13139
13142
13142
13141
13137
13138
13134
13137
13132
13133
13144
13137
13137
13136
13134
13135
13134
13132
13141
13137
13135
13138
13138
13145
13143
13140
13141
13139
13142
13141
13135
13140
13142
13139
13138
13141
13144
13138
13145
13147
13151
13148
13150
13140
13140
13136
13134
13133
13134
13128
13125
13119
13122
13117
13122
13124
13120
13121
13122
13122
13121
13126
13124
13133
13140
13140
13137
13145
13142
13139
13146
13144
13144
13138
13135
13136
13144
13135
13132
13128
13129
13132
13132
13126
13130
13133
13128
13128
13124
13119
13124
13121
13126
13137
13132
13147
13149
13139
13148
13140
13140
13141
13142
13143
13141
13123
13122
13124
13127
13124
13130
13133
13132
13129
13135
13135
13132
13124
13124
13129
13127
13130
13132
13131
13130
13137
13140
13135
13138
13139
13142
13141
13144
13136
13140
13138
13141
13140
13149
13138
13132
13142
13142
13145
13143
13137
13147
13135
13142
13134
13134
13135
13130
13137
13127
13122
13126
13125
13124
13135
13136
13138
13129
13135
13138
13137
13134
13135
13129
13135
13134
13127
13127
13126
13124
13131
13129
13126
13128
13123
13126
13133
13130
13135
13137
13137
13138
13133
13136
13141
13141
13142
13144
13140
13135
13139
13144
13141
13136
13134
13135
13132
13131
13129
13133
13135
13134
13131
13120
13129
13126
13127
13123
13130
13122
13128
13125
13132
13144
13136
13134
13146
13136
13138
13140
13141
13143
13142
13138
13137
13139
13148
13141
13149
13145
13150
13145
13142
13149
13151
13150
13152
13152
13156
13151
13153
13149
13142
13142
13139
13145
13138
13144
13152
13154
13165
13157
13155
13154
13148
13148
13154
13146
13138
13137
13134
13131
13135
13133
13132
13133
13142
13144
13150
13143
13143
13147
13140
13134
13131
13130
13136
13133
13135
13129
13133
13129
13133
13133
13138
13141
13135
13136
13137
13142
13149
13144
13144
13151
13144
13147
13152
13145
13145
13147
13145
13144
13142
13140
13138
13134
13130
13130
13142
13141
13138
13135
13139
13135
13141
13135
13142
13139
13139
13146
13152
13151
13154
13153
13149
13143
13138
13137
13134
13131
13126
13129
13129
13132
13121
13132
13135
13134
13138
13139
13140
13137
13136
13127
13125
13131
13133
13134
13143
13140
13136
13139
13133
13131
13132
13131
13132
13136
13141
13137
13136
13140
13146
13142
13145
13143
13135
13129
13136
13138
13152
13142
13140
13142
13141
13139
13150
13143
13145
13143
13141
13142
13133
13129
13121
13119
13123
13120
13120
13127
13127
13128
13128
13128
13129
13137
13142
13142
13140
13140
13138
13139
13136
13129
13135
13136
13137
13139
13138
13133
13130
13129
13125
13137
13133
13126
13131
13124
13120
13122
13128
13129
13135
13140
13135
13142
13138
13136
13134
13133
13134
13137
13132
13133
13141
13141
13143
13143
13144
13153
13142
13144
13148
13139
13142
13137
13135
13138
13144
13141
13044
12874
12421
11893
11446
11032
10785
10582
10459
10449
10470
10557
10640
10737
10821
10941
11047
11169
11279
11400
11493
11604
11686
11784
11867
11948
12018
12095
12155
12223
12274
12335
12386
12430
12478
12530
12560
12605
12637
12676
12701
12723
12740
12767
12786
12806
12829
12838
12855
12884
12903
12914
12930
12939
12946
12966
12977
12978
12988
12994
13006
13012
13014
13017
13032
13032
13041
13042
13051
13061
13066
13066
13077
13069
13079
13089
13093
13090
13084
13085
13087
13088
13085
13100
13106
13101
13110
13109
13118
13115
13126
13120
13115
13123
13121
13116
13124
13126
13124
13125
13128
13129
13128
13122
13117
13115
13115
13109
13113
13118
13124
13129
13135
13131
13136
13134
13131
13125
13132
13130
13138
13131
13132
13140
13134
13127
13135
13134
13135
13137
13135
13135
13129
13131
13134
13135
13136
13128
13134
13132
13131
13129
13116
13116
13119
13117
13126
13119
13117
13123
13123
13117
13121
13121
13130
13133
13125
13127
13130
13129
13137
13131
13132
13138
13135
13134
13143
13141
13144
13144
13146
13145
13140
13143
13133
13129
13133
13128
13129
13122
13121
13128
13128
13130
13136
13132
13135
13137
13138
13143
13146
13139
13145
13141
13140
13139
13143
13145
13148
13149
13144
13137
13132
13136
13136
13134
13140
13134
13137
13133
13138
13137
13133
13135
13146
13149
13147
13134
13134
13129
13137
13138
13131
13137
13143
13135
13137
13128
13126
13118
13123
13125
13130
13128
13130
13133
13126
13127
13126
13127
13130
13129
13129
13131
13132
13127
13133
13130
13138
13143
13141
13138
13143
13145
13145
13147
13142
13134
13134
13131
13127
13128
13127
13123
13135
13131
13137
13127
13126
13133
13131
13131
13131
13126
13136
13132
13139
13143
13147
13145
13147
13145
13138
13140
13134
13128
13135
13133
13135
13132
13139
13132
13134
13135
13136
13139
13138
13136
13140
13141
13142
13135
13127
13124
13134
13132
13130
13130
13134
13139
13140
13137
13132
13128
13134
13135
13132
13132
13128
13130
13137
13132
13124
13126
13122
13124
13132
13141
13142
13134
13133
13130
13127
13127
13127
13126
13131
13129
13127
13133
13137
13134
13129
13117
13121
13118
13117
13124
13127
13127
13134
13136
13137
13135
13138
13137
13133
13139
13132
13132
13137
13129
13132
13130
13127
13121
13134
13136
13148
13143
13143
13147
13139
13138
13133
13126
13125
13134
13140
13147
13142
13147
13149
13150
13154
13150
13144
13146
13150
13153
13148
13137
13137
13134
13134
13137
13132
13130
13136
13141
13147
13138
13138
13145
13136
13142
13144
13140
13138
13142
13136
13139
13135
13134
13130
13126
13130
13125
13128
13128
13131
13139
13132
13129
13136
13137
13142
13138
13140
13142
13138
13136
13132
13129
13138
13137
13132
13130
13138
13135
13138
13135
13137
13143
13143
13138
13136
13131
13138
13135
13139
13142
13138
13139
13146
13148
13152
13152
13147
13146
13146
13150
13146
13145
13147
13147
13151
13147
13148
13145
13139
13141
13145
13141
13137
13133
13128
13125
13131
13128
13130
13126
13122
13126
13122
13115
13120
13120
13115
13120
13122
13120
13115
13115
13111
13117
13121
13116
13123
13126
13123
13130
13128
13129
13132
13134
13134
13134
13134
13137
13138
13131
13135
13136
13138
13132
13139
13137
13132
13131
13137
13132
13134
13128
13128
13120
13127
