13138
13142
13142
13138
13140
13134
13134
13147
13144
13135
13148
13143
13149
13152
13141
13135
13138
13137
13140
13136
13140
13134
13136
13133
13139
13134
13128
13123
13134
13130
13133
13132
13135
13135
13129
13127
13122
13127
13132
13133
13131
13135
13137
13123
13126
13123
13127
13131
13135
13134
13139
13132
13133
13131
13126
13136
13141
13138
13142
13142
13148
13139
13135
13134
13140
13138
13136
13023
12935
12869
12836
12818
12813
12814
12821
12833
12847
12859
12878
12891
12899
12914
12931
12944
12960
12969
12982
12991
13005
13008
13023
13025
13035
13042
13050
13059
13069
13068
13076
13071
13073
13066
13080
13084
13085
13092
13101
13107
13109
13102
13095
13094
13097
13093
13097
13100
13108
13108
13110
13119
13118
13114
13112
13109
13119
13118
13115
13126
13124
13115
13126
13113
13113
13115
13103
13106
13116
13123
13126
13129
13131
13130
13131
13125
13124
13118
13126
13120
13135
13123
13124
13131
13129
13132
13135
13133
13131
13132
13138
13136
13132
13130
13133
13137
13134
13131
13135
13136
13135
13132
13141
13136
13131
13136
13134
13137
13148
13146
13144
13138
13140
13138
13144
13147
13139
13138
13140
13139
13141
13130
13125
13123
13125
13126
13132
13136
13140
13138
13140
13136
13132
13127
13123
13121
13120
13121
13110
13122
13124
13122
13135
13131
13129
13138
13136
13136
13139
13138
13132
13133
13138
13133
13136
13139
13141
13133
13133
13133
13134
13130
13129
13136
13137
13138
13141
13139
13139
13135
13139
13144
13131
13129
13136
13133
13133
13131
13126
13137
13132
13134
13136
13132
13132
13140
13135
13133
13134
13131
13138
13137
13136
13134
13135
13139
13140
13143
13146
13144
13149
13144
13143
13140
13136
13135
13132
13133
13134
13132
13134
13134
13132
13132
13140
13135
13139
13149
13149
13149
13145
13138
13141
13133
13136
13140
13138
13136
13134
13138
13135
13126
13134
13135
13138
13135
13140
13134
13138
13133
13146
13137
13137
13139
13137
13138
13138
13135
13133
13134
13129
13137
13132
13130
13135
13130
13132
13137
13134
13145
13144
13137
13142
13132
13130
13141
13137
13137
13144
13140
13135
13131
13138
13131
13131
13134
13144
13141
13143
13136
13147
13138
13139
13144
13137
13131
13128
13126
13123
13122
13116
13119
13115
13115
13124
13122
13122
13125
13122
13132
13129
13129
13136
13139
13140
13139
13140
13138
13133
13133
13131
13130
13139
13129
13128
13133
13136
13140
13139
13133
13142
13138
13139
13139
13133
13133
13135
13136
13135
13136
13134
13136
13127
13126
13126
13126
13129
13136
13139
13141
13137
13131
13148
13145
13148
13153
13152
13149
13154
13155
13154
13146
13146
13138
13137
13139
13140
13137
13130
13128
13136
13125
13127
13127
13123
13121
13121
13125
13126
13130
13135
13140
13141
13142
13143
13142
13148
13148
13147
13147
13147
13137
13139
13132
13127
13130
13120
13116
13120
13121
13120
13125
13128
13134
13130
13135
13131
13137
13139
13137
13141
13138
13134
13137
13137
13143
13133
13142
13139
13133
13143
13137
13132
13134
13138
13137
13145
13140
13136
13146
13140
13137
13148
13140
13138
13138
13135
13133
13128
13131
13132
13133
13132
13129
13136
13146
13013
12438
11515
10868
10401
10113
10014
9949
9987
10053
10178
10293
10450
10574
10727
10862
11004
11123
11260
11371
11492
11590
11692
11780
11873
11950
12038
12103
12178
12232
12289
12342
12385
12428
12478
12516
12563
12594
12635
12669
12695
12720
12743
12765
12799
12811
12825
12848
12868
12889
12902
12912
12925
12943
12954
12960
12967
12978
12989
12995
13004
13009
13010
13015
13028
13036
13049
13055
13060
13068
13073
13072
13074
13070
13077
13082
13083
13090
13093
13093
13092
13101
13099
13095
13098
13100
13100
13108
13112
13117
13116
13115
13114
13115
13124
13126
13113
13129
13136
13133
13129
13125
13119
13125
13115
13109
13122
13116
13120
13118
13122
13122
13126
13130
13119
13128
13123
13121
13123
13132
13132
13133
13132
13130
13134
13131
13130
13137
13141
13145
13142
13142
13129
13129
13130
13130
13127
13127
13134
13142
13152
13157
13158
13163
13150
13138
13139
13126
13118
13121
13117
13120
13121
13123
13130
13130
13131
13129
13123
13127
13123
13125
13135
13130
13138
13136
13131
13133
13125
13135
13129
13129
13131
13135
13138
13143
13136
13139
13138
13138
13132
13133
13139
13139
13150
13143
13155
13149
13149
13150
13145
13141
13144
13143
13144
13139
13137
13129
13135
13133
13122
13127
13126
13131
13133
13126
13123
13123
13121
13123
13126
13130
13126
13129
13133
13135
13131
13142
13145
13145
13143
13144
13145
13144
13135
13126
13142
13134
13129
13135
13128
13136
13134
13126
13119
13128
13132
13129
13136
13143
13134
13138
13142
13139
13144
13142
13141
13146
13145
13139
13141
13143
13140
13141
13143
13142
13134
13134
13134
13131
13126
13126
13125
13133
13129
13124
13132
13125
13124
13133
13124
13126
13126
13134
13131
13132
13134
13134
13130
13133
13127
13132
13131
13139
13142
13135
13131
13135
13134
13134
13133
13137
13138
13137
13149
13152
13149
13148
13147
13146
13148
13147
13148
13143
13133
13128
13134
13132
13131
13136
13135
13137
13139
13143
13143
13143
13142
13143
13135
13140
13134
13134
13126
13126
13128
13125
13126
13133
13137
13136
13140
13134
13138
13138
13130
13144
13136
13133
13142
13140
13150
13146
13144
13141
13135
13136
13141
13138
13140
13139
13137
13135
13134
13134
13132
13134
13135
13140
13135
13139
13138
13140
13141
13138
13137
13138
13136
13137
13142
13142
13153
13150
13155
13153
13148
13150
13141
13142
13142
13140
13143
13145
13144
13149
13138
13131
13136
13132
13131
13133
13127
13131
13136
13135
13141
13140
13145
13138
13144
13140
13136
13138
13139
13136
13134
13127
13127
13131
13129
13133
13134
13133
13137
13137
13132
13139
13137
13140
13139
13139
13135
13131
13129
13131
13130
13139
13155
13152
13150
13146
13141
13138
13139
13137
13138
13145
13139
13143
13145
13147
13138
13145
13134
13130
13136
13124
13133
13134
13131
13136
13128
13132
13128
13132
13126
13134
13131
13132
13133
13135
13137
13135
13129
13133
13129
13124
13130
13122
13128
13129
13133
13127
13129
13128
13133
13136
13148
13144
13141
13138
13141
13133
13127
13127
13135
13130
13137
13133
13129
13132
13136
13141
13146
13142
13137
13141
13130
13135
13134
13131
13135
13137
13124
13133
13128
13119
13124
13123
13113
13118
13126
13126
13132
13128
13134
13129
13134
13138
13134
13136
13132
13134
13136
13133
13134
13130
