13132
13135
13129
13132
13132
13129
13135
13139
13142
13144
13146
13141
13152
13141
13135
13134
13133
13133
13134
13137
13139
13140
13137
13138
13134
13138
13136
13131
13128
13132
13134
13137
13125
13129
13137
13140
13145
13158
13148
13148
13145
13147
13143
13138
13141
13141
13146
13150
13143
13139
13140
13138
13141
13137
13142
13136
13135
13137
13137
13140
13146
13148
13133
13129
13132
13133
13134
13138
13140
13137
13136
13141
13136
13135
13146
13142
13135
13131
13126
13134
13135
13132
13136
13136
13126
13126
13130
13135
13132
13126
13129
13131
13142
13140
13142
13140
13139
13142
13139
13141
13142
13146
13145
13147
13143
13146
13137
13138
13141
13141
13138
13139
13136
13128
13141
13138
13136
13141
13137
13142
13142
13139
13134
13133
13135
13134
13131
13125
13126
13130
13134
13131
13136
13125
13115
13120
13124
13120
13116
13125
13126
13132
13133
13131
13128
13126
13134
13136
13132
13128
13133
13137
13131
13125
13134
13132
13130
13130
13130
13125
13122
13126
13131
13126
13125
13126
13124
13124
13125
13128
13125
13126
13133
13133
13131
13134
13130
13138
13134
13135
13135
13134
13128
13132
13129
13135
13136
13134
13131
13136
13141
13140
13140
13139
13147
13138
13142
13140
13134
13137
13135
13138
13140
13143
13140
13146
13148
13145
13144
13142
13142
13137
13146
13141
13140
13133
13130
13130
13122
13124
13123
13128
13125
13129
13130
13136
13140
13136
13136
13132
13129
13136
13137
13128
13139
13127
13126
13130
13129
13130
13130
13128
13126
13134
13131
13125
13130
13135
13133
13138
13135
13132
13139
13138
13127
13134
13134
13139
13138
13138
13139
13146
13138
13145
13142
13144
13145
13140
13138
13137
13127
13134
13127
13126
13134
13130
13132
13144
13145
13151
13149
13148
13141
13138
13134
13129
13122
13127
13129
13131
13132
13128
13138
13128
13129
13131
13135
13133
13131
13126
13126
13130
13134
13133
13128
13134
13133
13133
13134
13131
13135
13141
13138
13139
13147
13140
13137
13143
13145
13144
13140
13145
13135
13141
13145
13139
13147
13144
13137
13139
13142
13140
13141
13130
13122
13131
13123
13121
13119
13123
13127
13136
13134
13134
13135
13130
13129
13126
13131
13125
13121
13128
13123
13116
13114
13104
13105
13111
13109
13113
13109
13115
13126
13130
13130
13132
13126
13130
13120
13114
13123
13129
13130
13121
13123
13129
13125
13126
13130
13131
13136
13138
13138
13144
13137
13141
13143
13141
13144
13134
13133
13143
13130
13138
13144
13140
13137
13148
13143
13143
13140
13141
13133
13133
13135
13133
13125
13132
13132
13128
13125
13124
13126
13122
13129
13135
13134
13140
13142
13139
13142
13140
13139
13140
13133
13142
13144
13137
13139
13137
13128
13132
13133
13133
13130
13130
13121
13132
13135
13135
13134
13128
13129
13128
13131
13132
13134
13140
13141
13139
13140
13136
13144
13140
13142
13143
13142
13142
13140
13131
13132
13128
13130
13135
13126
13129
13130
13128
13133
13136
13133
13143
13145
13138
13151
13141
13140
13143
13136
13140
13138
13139
13148
13152
13149
13136
13143
13139
13141
13143
13147
13147
13156
13153
13146
13151
13149
13152
13145
13142
13149
13144
13143
13151
13144
13141
12951
12062
10949
10007
9478
9185
9087
9063
9126
9188
9325
9459
9642
9809
10006
10173
10360
10514
10681
10823
10982
11111
11244
11361
11484
11578
11688
11766
11865
11938
12026
12094
12167
12221
12284
12324
12379
12428
12476
12517
12558
12591
12626
12650
12679
12701
12729
12750
12781
12794
12813
12839
12854
12879
12909
12917
12938
12944
12960
12965
12952
12844
12773
12731
12716
12710
12724
12730
12747
12771
12785
12801
12817
12829
12850
12866
12879
12900
12918
12924
12940
12947
12955
12964
12977
12991
12996
13009
13028
13028
13029
13038
13039
13046
13055
13061
13055
13061
13069
13077
13082
13090
13087
13089
13093
13088
13099
13099
13101
13104
13111
13112
13112
13113
13113
13110
13111
13108
13113
13120
13122
13116
13112
13116
13121
13127
13128
13128
13131
13131
13126
13134
13132
13131
13127
13127
13129
13134
13129
13123
13120
13122
13129
13128
13136
13129
13132
13126
13136
13129
13131
13130
13125
13125
13131
13129
13115
13114
13116
13125
13127
13119
13123
13131
13127
13134
13127
13129
13128
13126
13129
13133
13134
13136
13139
13138
13133
13138
13141
13146
13141
13139
13137
13141
13134
13136
13150
13138
13144
13138
13136
13138
13137
13137
13134
13134
13137
13139
13134
13136
13132
13128
13131
13134
13133
13136
13133
13126
13139
13138
13138
13141
13144
13147
13145
13133
13134
13132
13135
13129
13130
13129
13129
13128
13129
13133
13137
13133
13135
13138
13134
13134
13134
13136
13134
13130
13137
13134
13130
13138
13134
13127
13134
13133
13128
13133
13131
13132
13134
13131
13137
13129
13125
13124
13129
13126
13121
13129
13138
13136
13140
13151
13151
13146
13138
13133
13133
13131
13128
13125
13125
13128
13132
13122
13122
13118
13120
13125
13135
13145
13143
13135
13135
13140
13135
13138
13136
13133
13144
13138
13131
13136
13128
13136
13132
13128
13124
13129
13120
13127
13126
13133
13133
13138
13134
13125
13124
13119
13123
13136
13137
13145
13144
13140
13142
13136
13136
13141
13143
13141
13146
13135
13134
13136
13135
13138
13125
13125
13132
13132
13129
13136
13133
13138
13136
13140
13136
13142
13141
13139
13131
13132
13133
13137
13134
13132
13133
13120
13120
13120
13130
13128
13133
13135
13134
13138
13134
13132
13131
13134
13138
13140
13146
13139
13128
13137
13145
13146
13150
13137
13133
13135
13126
13127
13124
13131
13127
13128
13124
13125
13129
13138
13133
13127
13121
13120
13134
13135
13136
13138
13135
13141
13144
13140
13141
13138
13138
13139
13134
13131
13132
13131
13134
13134
13123
13131
13130
13132
13133
13137
13134
13140
13148
13148
13145
13136
13138
13134
13136
13133
13139
13138
13141
13148
13150
13151
13156
13148
13138
13140
13133
13128
13127
13133
13132
13137
13136
13141
13135
13135
13139
13137
13132
13132
13124
13131
13127
13129
13136
13130
13128
13130
13125
13126
13121
13127
13130
13136
13134
13132
13131
13133
13136
13132
13133
13129
13135
13134
13132
13139
13138
13137
13138
13132
13134
13136
13143
13142
13133
13132
13135
13130
13130
13133
13133
13134
13137
13135
13141
13132
13129
13135
13137
13137
13137
13139
13139
13139
13143
13144
13144
13141
13148
13140
13137
13140
13144
13133
13137
13140
13144
13143
13137
13128
13129
13129
13128
13133
13132
13133
13129
13128
13134
13132
