13124
13125
13123
13120
13126
13130
13131
13130
13120
13123
13128
13130
13130
13129
13131
13136
13133
13131
13142
13139
13144
13148
13144
13144
13149
13144
13141
13146
13152
13142
13138
13134
13127
13127
13130
13135
13149
13141
13138
13143
13146
13141
13138
13140
13134
13138
13142
13135
13131
13135
13134
13133
13133
13131
13127
13133
13127
13124
13133
13128
13129
13138
13137
13139
13142
13132
13136
13134
13135
13129
13126
13133
13133
13138
13140
13137
13144
13138
13135
13135
13137
13140
13136
13137
13133
13136
13138
13138
13129
13133
13136
13131
13129
13130
13124
13124
13119
13114
13123
13123
13116
13127
13116
13121
13125
13129
13132
13132
13141
13133
13135
13147
13149
13145
13143
13134
13140
13145
13140
13143
13143
13143
13135
13126
13120
13117
13115
13116
13116
13123
13132
13130
13137
13137
13138
13138
13135
13126
13125
13123
13119
13125
13116
13122
13123
13128
13131
13129
13135
13131
13135
13139
13138
13142
13143
13142
13141
13132
13128
13132
13138
13137
13134
13135
13140
13140
13140
13139
13127
13134
13137
13129
13129
13129
13126
13129
13132
13128
13133
13127
13120
13123
13123
13129
13130
13135
13130
13133
13140
13138
13135
13141
13141
13139
13141
13140
13150
13142
13140
13142
13140
13139
13136
13059
12946
12874
12831
12812
12810
12813
12831
12838
12847
12861
12878
12896
12905
12914
12930
12944
12954
12966
12970
12981
12994
12999
13007
13012
13018
13026
13036
13056
13055
13059
13066
13065
13078
13077
13077
13075
13077
13086
13089
13094
13101
13104
13105
13116
13112
13108
13112
13111
13119
13120
13119
13126
13121
13120
13126
13115
13121
13131
13128
13132
13135
13133
13131
13131
13133
13122
13131
13133
13128
13124
13134
13137
13142
13131
13128
13131
13122
13124
13122
13121
13119
13124
13127
13133
13125
13134
13137
13136
13144
13144
13127
13125
13122
13119
13114
13113
13113
13128
13136
13128
13129
13137
13135
13133
13133
13133
13129
13133
13135
13127
13126
13122
13125
13118
13122
13119
13123
13122
13125
13126
13121
13126
13133
13141
13139
13143
13143
13136
13134
13140
13140
13145
13143
13142
13151
13141
13141
13138
13134
13137
13139
13136
13138
13130
13128
13129
13129
13133
13129
13121
13125
13122
13138
13133
13129
13134
13138
13137
13139
13142
13141
13140
13136
13137
13141
13139
13141
13144
13142
13138
13136
13139
13129
13126
13134
13132
13136
13136
13125
13130
13126
13127
13126
13125
13122
13115
13117
13118
13115
13124
13128
13126
13127
13123
13125
13129
13127
13131
13129
13128
13132
13127
13121
13127
13127
13129
13133
13129
13132
13138
13132
13137
13134
13135
13134
13130
13131
13132
13122
13126
13126
13134
13130
13130
13130
13131
13137
13141
13148
13150
13151
13145
13150
13139
13142
13146
13151
13152
13144
13140
13140
13132
13134
13140
13142
13142
13145
13145
13138
13142
13145
13142
13141
13137
13146
13139
13139
13139
13139
13138
13135
13135
13132
13136
13134
13129
13133
13137
13138
13134
13132
13131
13140
13137
13135
13134
13128
13132
13138
13141
13144
13145
13137
13135
13128
13128
13130
13126
13124
13128
13129
13131
13128
13121
13123
13127
13128
13123
12671
11663
10829
10214
9863
9668
9637
9656
9761
9877
10004
10089
10232
10369
10534
10670
10819
10946
11084
11205
11330
11436
11549
11639
11743
11838
11921
12005
12077
12136
12203
12261
12320
12371
12421
12461
12496
12539
12578
12614
12644
12675
12705
12728
12747
12770
12797
12827
12845
12866
12882
12902
12916
12929
12949
12958
12970
12976
12867
12781
12723
12697
12693
12689
12697
12723
12740
12757
12778
12793
12812
12837
12853
12873
12882
12887
12913
12917
12932
12944
12949
12962
12969
12983
12988
12997
13006
13013
13019
13026
13027
13036
13046
13057
13068
13070
13078
13091
13091
13098
13096
13090
13093
13092
13096
13108
13106
13108
13108
13108
13112
13116
13111
13112
13104
13106
13118
13117
13113
13119
13123
13121
13122
13125
13121
13121
13119
13121
13120
13116
13112
13119
13122
13122
13133
13129
13127
13132
13139
13147
13142
13141
13142
13140
13138
13138
13121
13125
13121
13123
13127
13125
13114
13121
13119
13123
13128
13120
13118
13125
13130
13123
13115
13122
13118
13129
13138
13135
13133
13131
13132
13130
13132
13132
13141
13137
13144
13151
13148
13148
13141
13143
13151
13150
13145
13147
13140
13143
13143
13146
13141
13144
13141
13140
13133
13127
13130
13123
13118
13126
13127
13138
13136
13134
13132
13130
13126
13129
13125
13130
13137
13137
13138
13136
13136
13132
13134
13133
13129
13130
13129
13122
13133
13135
13135
13138
13133
13136
13136
13131
13137
13146
13146
13150
13142
13137
13138
13135
13134
13143
13141
13140
13140
13141
13138
13143
13140
13129
13132
13131
13132
13131
13143
13136
13146
13142
13139
13138
13132
13131
13127
13126
13125
13125
13126
13125
13120
13124
13119
13126
13130
13130
13132
13138
13131
13137
13151
13137
13139
13138
13135
13137
13141
13135
13136
13140
13146
13146
13142
13137
13137
13134
13136
13133
13129
13124
13124
13132
13129
13132
13134
13139
13142
13142
13144
13152
13149
13149
13146
13141
13140
13139
13143
13144
13143
13137
13146
13138
13139
13140
13137
13134
13137
13134
13126
13132
13136
13129
13136
13143
13142
13140
13142
13139
13148
13138
13128
13128
13120
13129
13124
13125
13128
13129
13131
13130
13135
13139
13139
13132
13130
13129
13126
13130
13133
13135
13138
13131
13123
13127
13116
13120
13126
13126
13126
13128
13137
13131
13131
13126
13121
13126
13120
13119
13124
13116
13120
13133
13136
13135
13132
13131
13127
13130
13130
13132
13131
13130
13134
13135
13132
13131
13126
13135
13141
13132
13135
13127
13121
13119
13115
13114
13121
13121
13124
13122
13130
13129
13140
13142
13148
13144
13139
13131
13135
13127
13131
13123
13122
13126
13124
13123
13130
13128
13130
13136
13142
13146
13145
13139
13137
13136
13138
13145
13142
13132
13134
13132
13134
13137
13140
13144
13153
13154
13158
13162
13149
13142
13141
13144
13143
13141
13132
13125
13131
13124
13126
13137
13135
13138
13136
13132
13139
13137
13128
13129
13128
13130
13137
13132
13135
13136
13134
13143
13142
13138
13141
13126
13120
13122
13127
13122
13139
13137
13139
13134
13134
13131
13138
13136
13137
13138
13139
13139
13141
13132
13128
13127
13120
13121
13126
13136
13129
13129
13139
13135
13131
13140
13146
13141
13139
13141
13146
13152
13154
13143
13155
13144
13144
13149
13140
13138
13135
13132
13129
13137
13139
13137
