13136
13130
13137
13135
13133
13126
13129
13133
13141
13138
13140
13137
13141
13137
13143
13145
13132
13138
13137
13141
13142
13146
13145
13143
13134
13138
13136
13127
13132
13135
13133
13135
13133
13134
13143
13140
13133
13138
13134
13144
13143
13143
13147
13145
13137
13138
13139
13139
13142
13148
13145
13137
13140
13139
13142
13141
13144
13135
13135
13134
13131
13134
13141
13142
13134
13138
13137
13132
13136
13145
13147
13154
13143
13137
13137
13134
13126
13138
13127
13132
13132
13138
13135
13134
13135
13136
13142
13139
13137
13135
13138
13135
13147
13136
13132
13130
13134
13133
13128
13127
13132
13129
13126
13128
13123
13125
13122
13114
13115
13118
13123
13133
13132
13129
13142
13129
13121
13116
13122
13122
13127
13123
13126
13125
13127
13124
13125
13128
13123
13125
13125
13130
13126
13126
13126
13138
13134
13137
13137
13139
13144
13144
13143
13149
13143
13141
13153
13152
13151
13152
13151
13150
13147
13141
13139
13136
13130
13138
13132
13135
13133
13132
13133
13130
13128
13125
13128
13131
13126
13133
13133
13137
13140
13136
13128
13131
13134
13132
13134
13135
13139
13137
13132
13137
13137
13132
13130
13131
13133
13132
13137
13145
13138
13131
13136
13134
13129
13138
13140
13141
13143
13140
13142
13138
13143
13139
13142
13143
13142
13141
13142
13142
13145
13142
13144
13146
13150
13143
13129
13125
13131
13140
13136
13134
13130
13133
13138
13136
13132
13129
13133
13138
13131
13130
13142
13132
13136
13145
13139
13139
13146
13143
13150
13143
13141
13136
13142
13139
13142
13144
13143
13141
13145
13137
13129
13136
13140
13139
13142
13144
13139
13142
13141
13141
13131
13139
13139
13140
13138
13138
13145
13150
13148
13144
13149
13137
13134
13139
13128
13131
13141
13140
13134
13131
13129
13124
13128
13133
13134
13138
13144
13140
13144
13136
13138
13137
13134
13132
13128
13131
13133
13132
13138
13137
13137
13144
13143
13142
13147
13147
13145
13148
13140
13142
13142
13138
13135
13134
13130
13129
13130
13128
13134
13137
13130
13124
13128
13137
13134
13130
13131
13124
13139
13135
13133
13136
13134
13136
13133
13139
13140
13137
13132
13127
13126
13129
13131
13125
13122
13127
13121
13129
13126
13123
13130
13133
13134
13132
13127
13123
13127
13133
13131
13138
13130
13128
13131
13132
13130
13125
13123
13124
13133
13129
13132
13133
13132
13132
13130
13131
13126
13120
13122
13128
13129
13131
13131
13134
13132
13134
13126
13138
13137
13138
13153
13147
13147
13149
13139
13138
13135
13137
13128
13123
13130
13128
13134
13139
13136
13142
13147
13142
13151
13150
13134
13134
13133
13130
13131
13129
13137
13145
13141
13142
13136
13145
13154
13148
13151
13151
13140
13149
13142
13142
13141
13140
13135
13147
13145
13145
13142
13139
13143
13146
13146
13139
13135
13135
13140
13138
13142
13141
13146
13137
13135
13135
13136
13147
13140
13141
13138
13136
13130
13132
13122
13127
13120
13118
13125
13120
13123
13130
13133
13133
13135
13134
13135
13139
13136
13137
13137
13137
13132
13132
13132
13134
13140
13151
13153
13148
13144
13149
13153
13148
13135
13138
13136
13137
13128
13125
13128
13123
13115
12997
12702
12327
12073
11789
11524
11342
11151
11057
11045
11057
11126
11181
11283
11372
11473
11562
11657
11746
11836
11912
11998
12068
12147
12204
12268
12322
12373
12413
12465
12503
12540
12573
12607
12640
12670
12700
12737
12763
12787
12811
12825
12843
12862
12882
12893
12909
12923
12937
12948
12966
12987
12998
13009
13010
13020
13023
13025
13032
13034
13030
13042
13046
13052
13060
13067
13079
13082
13096
13103
13106
13103
13101
13098
13104
13108
13109
13110
13114
13109
13112
13113
13119
13117
13115
13114
13117
13126
13135
13125
13125
13126
13128
13128
13133
13124
13121
13121
13124
13126
13125
13129
13134
13141
13136
13131
13133
13131
13137
13138
13132
13130
13131
13128
13129
13126
13131
13128
13129
13132
13140
13130
13132
13138
13136
13135
13140
13135
13141
13138
13139
13150
13149
13144
13139
13142
13144
13144
13139
13142
13137
13141
13139
13139
13143
13136
13138
13141
13138
13144
13142
13134
13141
13137
13138
13141
13142
13144
13142
13141
13135
13129
13136
13138
13138
13138
13140
13143
13143
13138
13139
13143
13139
13134
13140
13142
13143
13145
13145
13142
13142
13143
13140
13143
13135
13133
13140
13141
13136
13141
13133
13133
13140
13144
13140
13141
13146
13142
13140
13137
13140
13139
13139
13143
13140
13143
13143
13137
13136
13131
13129
13135
13125
13117
13131
13125
13125
13134
13138
13139
13132
13135
13124
13127
13127
13124
13126
13122
13126
13137
13128
13120
13124
13126
13135
13129
13131
13128
13132
13133
13132
13129
13133
13137
13132
13138
13137
13135
13139
13139
13134
13141
13136
13131
13137
13132
13133
13130
13132
13137
13138
13132
13135
13143
13136
13133
13127
13125
13134
13151
13135
13131
13130
13129
13128
13134
13129
13128
13132
13133
13141
13135
13136
13142
13146
13150
13148
13141
13138
13138
13138
13146
13138
13139
13142
13147
13144
13149
13145
13147
13145
13149
13141
13136
13136
13124
13130
13125
13120
13126
13119
13127
13132
13126
13128
13131
13130
13128
13126
13129
13132
13122
13120
13125
13127
13130
13126
13126
13136
13130
13129
13137
13135
13133
13147
13144
13139
13137
13134
13134
13135
13133
13123
13126
13118
13117
13119
13120
13122
13131
13125
13128
13130
13140
13137
13143
13136
13132
13135
13138
13139
13139
13137
13142
13133
13134
13133
13142
13141
13138
13138
13145
13141
13141
13140
13136
13136
13136
13133
13133
13133
13132
13131
13134
13133
13137
13135
13135
13129
13136
13132
13129
13136
13134
13138
13135
13133
13138
13134
13136
13140
13140
13143
13139
13139
13137
13137
13135
13140
13143
13133
13139
13133
13135
13135
13137
13146
13144
13137
13133
13132
13132
13126
13125
13126
13131
13134
13130
13126
13128
13119
13126
13131
13138
13138
13145
13143
13141
13149
13155
13152
13141
13142
13139
13133
13140
13134
13141
13141
13137
13138
13134
13007
12932
12892
12859
12841
12836
12839
12854
12851
12865
12877
12895
12914
12931
12940
12947
12963
12981
12986
12998
13005
13014
13014
13023
13030
13042
13049
13055
13061
13064
13073
13068
13073
13087
13085
13085
13092
13092
13093
13102
13104
13104
13110
13114
13111
13117
13118
13119
13125
13123
13121
13121
13124
13125
13122
13124
13124
13128
13119
13115
13119
13119
13124
13122
13129
13134
13137
13138
13143
13136
13134
13132
13130
13128
13123
