13127
13130
13134
13136
13140
13139
13142
13140
13134
13131
13141
13137
13139
13145
13138
13139
13144
13143
13147
13141
13135
13137
13131
13139
13139
13147
13146
13146
13153
13147
13145
13146
13142
13139
13140
13128
13122
13117
13112
13119
13119
13131
13132
13134
13134
13138
13134
13135
13127
13121
13129
13123
13127
13133
13129
13129
13129
13134
13134
13134
13134
13135
13148
13149
13146
13145
13143
13142
13150
13134
13137
13132
13132
13133
13132
13125
13118
13118
13120
13127
13128
13137
13135
13133
13137
13136
13133
13132
13123
13122
13137
13132
13125
13128
13125
13131
13138
13137
13138
13131
13133
13130
13135
13138
13138
13134
13130
13136
13128
13124
13128
13125
13131
13137
13136
13133
13131
13133
13134
13128
13128
13134
13136
13132
13142
13134
13144
13141
13134
13131
13135
13127
13130
13131
13127
13132
13148
13142
13144
13143
13143
13138
13142
13142
13143
13140
13148
13137
13145
13137
13146
13139
13145
13141
13141
13141
13136
13130
13132
13130
13132
13134
13139
13135
13137
13136
13137
13139
13140
13138
13142
13136
13144
13149
13148
13138
13140
13140
13147
13138
13142
13134
13139
13141
13136
13137
13136
13133
13144
13129
13129
13135
13127
13127
13124
13122
13130
13135
13144
13140
13137
13133
13133
13125
13129
13132
13135
13138
13138
13133
13142
13140
13142
13144
13144
13141
13141
13138
13131
13133
13132
13126
13134
13133
13137
13139
13139
13136
13149
13141
13139
13138
13130
13134
13135
13140
13137
13130
13122
13118
13119
13115
13115
13123
13124
13129
13132
13139
13135
13139
13143
13139
13141
13146
13145
13145
13152
13145
13135
13134
13133
13133
13134
13136
13132
13130
13133
13132
13145
13141
13135
13134
13142
13139
13136
13140
13137
13139
13146
13144
13136
13139
13146
13146
13141
13139
13137
13142
13142
13137
13152
13143
13151
13151
13147
13153
13149
13141
13138
13130
13128
13122
13121
13124
13123
13131
13130
13124
13133
13123
13130
13137
13143
13148
13146
13138
13138
13140
13141
13143
13137
13139
13150
13139
13140
13134
13130
13141
13129
13126
13133
13125
13125
13127
13124
13125
13128
13117
13120
13118
13126
13131
13133
13134
13135
13132
13132
13142
13142
13138
13134
13134
13139
13145
13141
13136
13135
13135
13139
13135
13131
13142
13137
13136
13134
13137
13141
13149
13147
13146
13147
13141
13142
13140
13136
13126
13133
13134
13137
13132
13134
13125
13125
13126
13123
13115
13119
13119
13130
13118
13119
13125
13126
13125
13124
13116
13120
13121
13121
13129
13126
13131
13129
13134
13127
13130
13136
13140
13139
13138
13142
13133
13138
13140
13138
13134
13126
13128
13132
13138
13138
13133
13137
13137
13137
13135
13130
13132
13136
13118
13124
13125
13134
13132
13133
13140
13137
13138
13142
13145
13137
13141
13144
13139
13136
13140
13147
13147
13141
13136
13153
13146
13145
13153
13150
13142
13136
13136
13137
13130
13132
13132
13132
13137
13129
13132
13131
13130
13142
13126
13127
13138
13134
13138
13143
13142
13146
13144
13143
13146
13141
13143
13140
13134
13140
13136
13138
13141
13141
13138
13142
13133
13135
13136
13135
13134
13141
13143
13139
13138
13140
13128
12636
11556
10682
10112
9819
9672
9662
9687
9803
9930
10090
10194
10303
10351
10459
10560
10693
10813
10947
11061
11195
11302
11419
11519
11627
11717
11810
11884
11971
12025
12098
12166
12234
12286
12339
12391
12444
12492
12530
12564
12603
12639
12675
12698
12722
12748
12781
12794
12813
12836
12851
12879
12895
12912
12936
12943
12954
12970
12974
12979
12988
12997
13010
13018
13028
13040
13042
13044
13058
13053
13060
13068
13075
13083
13083
13087
13093
13096
13096
13094
13098
13096
13097
13099
13101
13110
13114
13107
13108
13112
13106
13099
13096
13101
13102
13102
13113
13116
13112
13115
13120
13120
13123
13116
13115
13113
13122
13122
13123
13117
13119
13124
13127
13130
13141
13140
13137
13136
13125
13122
13122
13132
13133
13136
13132
13126
13132
13123
13126
13133
13137
13134
13136
13142
13147
13148
13145
13143
13137
13139
13138
13136
13139
13138
13140
13147
13143
13128
13134
13117
13115
13128
13130
13134
13138
13145
13149
13150
13142
13139
13137
13140
13134
13132
13132
13136
13140
13142
13135
13141
13140
13139
13151
13143
13140
13140
13137
13138
13130
13138
13144
13141
13145
13146
13148
13150
13140
13137
13145
13137
13129
13138
13129
13130
13130
13136
13140
13135
13134
13134
13138
13141
13136
13139
13147
13144
13148
13139
13134
13142
13138
13132
13132
13129
13126
13129
13138
13138
13127
13134
13133
13134
13132
13132
13130
13133
13129
13119
13124
13113
13121
13122
13099
12976
12902
12855
12827
12816
12814
12818
12829
12844
12852
12862
12875
12893
12916
12927
12942
12950
12960
12979
12989
13001
13012
13016
13023
13032
13035
13033
13041
13043
13056
13056
13062
13068
13068
13062
13076
13076
13083
13083
13085
13090
13092
13094
13095
13100
13100
13103
13104
13106
13102
13110
13107
13111
13114
13106
13107
13111
13111
13117
13121
13117
13126
13123
13122
13126
13118
13123
13120
13121
13126
13127
13123
13137
13129
13128
13140
13134
13142
13148
13147
13139
13130
13127
13129
13131
13131
13127
13125
13129
13129
13138
13133
13131
13139
13135
13133
13132
13129
13129
13127
13128
13127
13128
13139
13146
13140
13142
13138
13133
13129
13133
13134
13137
13135
13132
13140
13135
13137
13140
13138
13137
13134
13133
13133
13131
13133
13132
13133
13136
13135
13135
13130
13133
13133
13127
13125
13126
13129
13130
13128
13129
13125
13134
13136
13135
13134
13123
13126
13132
13139
13142
13146
13143
13130
13132
13142
13132
13132
13133
13129
13135
13130
13134
13136
13138
13147
13146
13140
13140
13135
13138
13133
13132
13134
13132
13137
13136
13131
13131
13140
13137
13144
13139
13149
13140
13134
13136
13139
13139
13145
13138
13137
13139
13147
13150
13151
13149
13146
13148
13141
13141
13148
13142
13138
13136
13134
13129
13128
13126
13126
13129
13123
13122
13128
13119
13115
13125
13124
13133
13137
13138
13145
13147
13145
13142
13135
13131
13130
13129
13133
13133
13125
13127
13133
13132
13141
13134
13133
13136
13133
13129
13126
13131
13129
13125
13124
13118
13122
13126
13136
13136
13140
13145
13157
13160
13156
13156
13152
13148
13142
13134
13129
13134
13137
13136
13124
13123
13124
13132
13126
13130
13134
13136
13134
13127
13136
13135
13133
13141
13143
13145
13145
13142
13140
13141
13151
13149
13154
13155
13150
13154
13153
13139
13145
13132
