13125
13118
13121
13115
13119
13113
13122
13134
13138
13143
13145
13150
13151
13154
13152
13147
13145
13140
13141
13138
13129
13133
13132
13137
13134
13132
13137
13128
13120
13131
13125
13128
13125
13127
13129
13127
13125
13127
13123
13130
13126
13127
13124
13122
13128
13122
13125
13135
13136
13133
13133
13136
13132
13131
13129
13128
13129
13123
13133
13125
13126
13126
13127
13134
13129
13129
13137
13133
13142
13136
13130
13133
13132
13136
13131
13135
13134
13130
13127
13135
13137
13134
13137
13136
13141
13139
13131
13142
13141
13136
13132
13129
13124
13130
13127
13134
13128
13128
13127
13136
13142
13144
13143
13147
13142
13139
13142
13137
13128
13123
13128
13128
13134
13141
13141
13134
13138
13137
13139
13141
13135
13133
13127
13123
13128
13126
13121
13126
13127
13122
13125
13122
13125
13125
13129
13137
13128
13127
13135
13133
13132
13127
13128
13133
13126
13125
13132
13122
13111
13119
13121
13119
13133
13143
13148
13146
13142
13136
13140
13146
13144
13136
13127
13132
13133
13126
13124
13138
13141
13147
13143
13137
13134
13137
13133
13139
13139
13140
13144
13136
13136
13137
13134
13137
13138
13142
13149
13144
13141
13145
13140
13136
13134
13137
13133
13131
13134
13134
13139
13139
13132
13135
13137
13139
13142
13143
13142
13145
13143
13141
13133
13130
13130
13133
13138
13133
13129
13133
13142
13143
13141
13137
13139
13148
13140
13141
13146
13140
13134
13140
13137
13138
13134
13138
13139
13138
13135
13123
13124
13128
13130
13132
13130
13133
13141
13130
13126
13133
13129
13128
13136
13139
13137
13141
13142
13140
13141
13143
13147
13140
13147
13150
13153
13145
13139
13130
13133
13126
13130
13135
13126
13122
13131
13136
13135
13134
13134
13136
13140
13134
13129
13117
13119
13122
13123
13117
13119
13125
13131
13141
13135
13131
13132
13135
13138
13141
13131
13133
13135
13137
13139
13139
13136
13134
13127
13126
13126
13121
13115
13118
13118
13132
13130
13138
13134
13138
13142
13138
13139
13142
13143
13141
13140
13141
13142
13139
13142
13139
13135
13130
13132
13128
13126
13132
13134
13134
13133
13128
13137
13135
13144
13141
13136
13138
13134
13136
13142
13126
13122
13132
13126
13122
13126
13122
13127
13132
13129
13118
13121
13129
13130
13132
13133
13131
13139
13138
13135
13137
13137
13138
13131
13129
13127
13125
13127
13122
13119
13124
13126
13134
13130
13135
13136
13143
13139
13143
13144
13138
13133
13132
13126
13127
13128
13128
13125
13127
13126
13126
13122
13131
13135
13133
13133
13134
13129
13117
13118
13114
13112
13104
13109
13105
13105
13115
13115
13119
13112
13123
13124
13124
13130
13140
13136
13140
13139
13139
13143
13141
13143
13147
13143
13143
13148
13145
13141
13137
13136
13138
13141
13140
13134
13135
13126
13125
13128
13130
13129
13128
13121
13121
13129
13130
13133
13132
13132
13138
13136
13138
13142
13137
13143
13143
13142
13142
13141
13136
13136
13138
13133
13132
13130
13133
13133
13136
13135
13132
13134
13137
13140
13149
13146
13149
13142
13137
13140
13133
13131
13142
13139
13138
13140
13135
13136
13127
13129
13134
13131
13139
13144
13137
13142
13139
13141
13141
13123
12578
11721
11156
10838
10661
10606
10605
10667
10734
10840
10940
11067
11177
11306
11405
11512
11606
11709
11786
11888
11952
12033
12102
12157
12225
12292
12345
12398
12437
12430
12371
12344
12348
12367
12384
12415
12450
12494
12529
12566
12591
12635
12669
12699
12734
12754
12768
12793
12807
12830
12844
12858
12873
12895
12914
12931
12937
12951
12959
12977
12983
12992
12996
13005
13013
13021
13024
13031
13042
13055
13054
13065
13078
13086
13084
13087
13096
13090
13099
13098
13091
13102
13094
13089
13097
13098
13101
13101
13097
13106
13107
13106
13108
13109
13111
13114
13123
13115
13109
13125
13119
13122
13118
13116
13127
13124
13123
13118
13119
13118
13126
13118
13123
13118
13114
13121
13121
13121
13132
13128
13133
13144
13125
13132
13135
13133
13126
13120
13119
13123
13120
13132
13125
13129
13131
13129
13129
13122
13122
13131
13127
13124
13131
13127
13133
13131
13132
13135
13136
13140
13134
13132
13136
13133
13126
13124
13122
13127
13132
13127
13125
13125
13120
13119
13126
13123
13132
13142
13149
13145
13144
13143
13133
13138
13132
13125
13126
13128
13135
13143
13139
13137
13145
13143
13148
13141
13137
13136
13132
13139
13137
13125
13134
13132
13133
13138
13140
13146
13143
13138
13143
13149
13140
13134
13145
13146
13155
13152
13153
13150
13144
13143
13138
13130
13132
13129
13127
13123
13121
13133
13132
13125
13132
13125
13126
13126
13125
13129
13127
13126
13131
13125
13130
13124
13125
13123
13123
13121
13128
13123
13121
13131
13129
13132
13136
13138
13135
13135
13136
13139
13132
13132
13134
13136
13141
13140
13135
13134
13130
13130
13127
13120
13126
13128
13131
13124
13116
13116
13118
13126
13125
13121
13125
13122
13122
13120
13124
13121
13127
13122
13123
13127
13127
13127
13132
13129
13131
13128
13125
13135
13143
13147
13147
13143
13149
13146
13143
13149
13142
13141
13133
13131
13138
13135
13134
13129
13138
13143
13138
13134
13135
13127
13136
13136
13137
13139
13140
13136
13138
13133
13127
13130
13132
13138
13143
13143
13140
13142
13143
13141
13141
13140
13138
13136
13132
13119
13120
13118
13120
13124
13123
13129
13141
13140
13142
13143
13146
13148
13143
13139
13141
13144
13158
13147
13149
13142
13140
13142
13141
13136
13139
13138
13136
13131
13138
13138
13144
13136
13138
13136
13138
13136
13134
13125
13138
13139
13138
13133
13130
13139
13132
13130
13125
13134
13127
13125
13126
13121
13124
13123
13134
13121
13132
13126
13122
13126
13130
13134
13140
13134
13136
13142
13139
13136
13144
13136
13137
13131
13129
13131
13123
13129
13124
13126
13132
13119
13132
13140
13140
13148
13140
13139
13136
13134
13125
13125
13128
13123
13120
13120
13127
13132
13139
13142
13142
13143
13142
13145
13143
13137
13134
13134
13129
13129
13133
13133
13126
13133
13129
13129
13125
13128
13127
13129
13133
13126
13125
13126
13130
13137
13130
13132
13138
13134
13133
13134
13134
13136
13134
13126
13132
13135
13139
13135
13135
13138
13145
13145
13139
13133
13128
13134
13136
13138
13138
13135
13140
13140
13145
13143
13140
13139
13138
13144
13140
13139
13135
13144
13139
13136
13133
13134
13133
13131
13129
13129
13133
13138
13141
13138
13147
13134
13139
13142
13132
13130
13133
13134
13135
13123
13123
13137
13132
13137
13141
