13132
13133
13136
13139
13138
13145
13138
13141
13141
13140
13134
13138
13132
13135
13134
13135
13133
13128
13127
13124
13136
13141
13140
13147
13139
13135
13136
13128
13126
13134
13130
13132
13136
13133
13129
13126
13120
13116
13121
13121
13118
13115
13115
13124
13129
13126
13132
13138
13136
13131
13140
13139
13145
13136
13139
13136
13136
13138
13140
13130
13134
13124
13124
13129
13119
13118
13124
13130
13131
13136
13138
13137
13132
13137
13131
13130
13133
13133
13134
13133
13136
13139
13142
13135
13142
13135
13132
13139
13134
13129
13122
13127
13129
13139
13137
13135
13131
13139
13142
13138
13144
13138
13137
13142
13134
13137
13142
13140
13137
13131
13131
13130
13126
13129
13131
13129
13130
13133
13133
13132
13136
13135
13135
13133
13141
13138
13134
13139
13134
13137
13138
13144
13149
13152
13150
13152
13145
13148
13144
13144
13142
13144
13139
13141
13134
13132
13144
13135
13130
13132
13132
13138
13146
13145
13147
13142
13142
13142
13147
13143
13143
13143
13140
13132
13141
13135
13128
13132
13126
13127
13120
13122
13127
13129
13132
13140
13138
13138
13136
13138
13135
13138
13130
13129
13127
13122
13130
13130
13126
13136
13135
13132
13137
13140
13136
13134
13131
13133
13139
13138
13135
13138
13138
13142
13149
13149
13147
13149
13157
13160
13151
13153
13149
13144
13143
13144
13134
13134
13141
13142
13140
13146
13145
13146
13139
13134
13144
13134
13135
13138
13124
13122
13122
13123
13121
13124
13124
13118
13114
13113
13112
13116
13123
13121
13127
13130
13131
13136
13135
13137
13130
13127
13119
13117
13124
13127
13121
13131
13138
13137
13137
13138
13128
13139
13134
13131
13144
13139
13134
13136
13130
13135
13139
13141
13141
13142
13143
13143
13145
13143
13136
13135
13132
13125
13134
13123
13130
13137
13135
13140
13137
13134
13135
13135
13131
13127
13125
13135
13141
13140
13140
13142
13134
13136
13131
13126
13136
13137
13136
13142
13140
13140
13139
13141
13139
13138
13136
13134
13138
13141
13141
13138
13139
13138
13146
13144
13138
13139
13140
13143
13141
13137
13142
13137
13138
13136
13138
13136
13134
13125
13124
13122
13135
13137
13132
13129
13137
13137
13135
13145
13138
13138
13146
13142
13144
13145
13149
13142
13140
13138
13126
13112
13115
13121
13124
13122
13113
13116
13123
13129
13128
13122
13129
13132
13128
13134
13128
13131
13132
13130
13130
13130
13135
13134
13131
13133
13139
13136
13135
13137
13142
13147
13153
13155
13156
13154
13151
13151
13142
13142
13135
13134
13131
13126
13128
13128
13123
13126
13124
13128
13118
13123
13118
13124
13128
13127
13121
13130
13125
13130
13134
13137
13132
13138
13128
13125
13130
13129
13129
13133
13128
13125
13129
13127
13126
13126
13128
13127
13129
13133
13128
13124
13129
13131
13130
13123
13121
13130
13134
13132
13125
13130
13131
13138
13139
13136
13132
13137
13142
13140
13145
13144
13142
13144
13143
13140
13146
13142
13149
13153
13146
13145
13144
13146
13143
13136
13137
13138
13143
13144
13138
13141
13147
13151
13155
13144
13141
13145
13139
13137
13124
13123
13127
13132
13133
13138
13133
13142
13143
13146
13145
13139
13144
13141
13134
13131
13135
13135
12999
12378
11850
11529
11350
11258
11253
11273
11333
11398
11486
11564
11622
11577
11585
11609
11670
11720
11790
11857
11935
11999
12074
12133
12205
12257
12315
12364
12418
12470
12515
12555
12586
12617
12662
12693
12717
12735
12759
12772
12798
12817
12840
12856
12879
12895
12910
12930
12941
12937
12952
12972
12993
13001
13008
13012
13026
13022
13030
13033
13039
13044
13048
13051
13065
13068
13066
13072
13074
13084
13089
13087
13087
13084
13089
13094
13090
13086
13094
13103
13103
13102
13100
13107
13113
13118
13122
13125
13126
13124
13124
13124
13115
13117
13115
13121
13126
13126
13131
13131
13130
13129
13128
13123
13126
13125
13125
13127
13124
13128
13133
13129
13134
13130
13135
13139
13141
13140
13152
13144
13140
13140
13141
13142
13143
13132
13121
12988
12906
12849
12814
12799
12798
12804
12809
12823
12842
12849
12860
12884
12895
12905
12921
12929
12949
12959
12968
12978
12983
12996
13010
13009
13023
13033
13048
13052
13049
13061
13071
13068
13068
13073
13069
13070
13067
13081
13085
13090
13088
13090
13098
13108
13109
13110
13110
13117
13120
13118
13120
13121
13121
13115
13119
13114
13117
13117
13118
13118
13108
13112
13114
13106
13114
13113
13117
13118
13125
13111
13122
13118
13132
13133
13136
13129
13127
13135
13131
13131
13128
13119
13119
13121
13123
13134
13125
13125
13130
13130
13131
13133
13132
13129
13125
13121
13127
13127
13124
13129
13127
13132
13136
13128
13136
13136
13132
13137
13130
13134
13141
13139
13138
13138
13137
13131
13134
13134
13141
13130
13131
13124
13118
13125
13128
13128
13127
13125
13129
13133
13125
13125
13126
13124
13129
13133
13134
13131
13136
13138
13130
13135
13143
13137
13138
13132
13135
13140
13131
13133
13151
13151
13158
13158
13152
13145
13150
13151
13142
13147
13148
13144
13146
13143
13141
13137
13134
13129
13137
13136
13132
13138
13139
13138
13139
13140
13133
13133
13133
13126
13125
13130
13130
13130
13137
13140
13137
13145
13145
13140
13148
13144
13149
13151
13145
13140
13133
13128
13128
13124
13125
13127
13125
13136
13134
13138
13139
13140
13148
13139
13142
13142
13141
13147
13145
13146
13145
13141
13138
13138
13124
13121
13118
13123
13127
13128
13129
13135
13131
13136
13137
13123
13121
13126
13122
13132
13126
13131
13134
13131
13134
13134
13138
13141
13138
13132
13134
13135
13140
13137
13141
13138
13137
13138
13136
13133
13127
13128
13128
13127
13126
13127
13128
13117
13126
13120
13120
13129
13138
13138
13142
13139
13136
13142
13137
13133
13132
13128
13138
13139
13144
13147
13142
13139
13140
13141
13132
13131
13133
13136
13133
13138
13137
13142
13136
13138
13132
13133
13134
13133
13123
13127
13129
13131
13132
13134
13133
13135
13129
13122
13012
12921
12866
12838
12824
12821
12823
12834
12851
12855
12864
12870
12884
12908
12920
12930
12948
12956
12978
12983
12993
13001
13013
13026
13028
13036
13036
13043
13052
13062
13064
13072
13076
13077
13084
13090
13088
13092
13085
13091
13098
13092
13087
13100
13105
13109
13113
13117
13128
13130
13125
13123
13123
13128
13126
13126
13122
13120
13126
13125
13133
13133
13128
13135
13131
13126
13124
13130
13130
13136
13125
13123
13123
13128
13139
13132
13138
13147
13148
13150
13157
13147
13142
13141
