13130
13134
13132
13129
13135
13132
13134
13143
13145
13148
13146
13151
13142
13145
13141
13142
13127
13135
13129
13119
13128
13127
13126
13132
13124
13124
13132
13133
13121
13132
13128
13125
13128
13128
13130
13134
13132
13126
13139
13135
13131
13134
13134
13135
13142
13127
13127
13124
13119
13120
13117
13116
13119
13122
13126
13127
13129
13130
13133
13131
13137
13134
13135
13139
13129
13120
13134
13132
13139
13143
13135
13130
13141
13144
13144
13133
13132
13137
13147
13155
13147
13153
13152
13141
13151
13140
13137
13137
13139
13137
13140
13137
13142
13143
13142
13143
13134
13140
13145
13146
13147
13145
13142
13139
13134
13134
13144
13143
13131
13133
13129
13127
13131
13133
13131
13127
13135
13132
13134
13138
13137
13144
13146
13150
13154
13139
13147
13146
13146
13149
13142
13144
13140
13138
13135
13135
13131
13119
13122
13123
13126
13125
13118
13130
13128
13131
13142
13134
13134
13132
13126
13127
13128
13128
13134
13133
13133
13137
13136
13135
13124
13127
13124
13124
13127
13125
13127
13134
13134
13141
13141
13134
13134
13138
13126
13136
13136
13147
13157
13144
13142
13142
13149
13143
13142
13133
13142
13142
13140
13141
13143
13147
13152
13150
13145
13144
13148
13143
13145
13144
13140
13148
13153
13149
13153
13143
13150
13146
13150
13148
13145
13146
13142
13139
13143
13144
13138
13139
13138
13139
13134
13140
13138
13138
13129
13124
13135
13133
13134
13141
13141
13142
13142
13138
13136
13132
13135
13130
13134
13138
13133
13135
13127
13128
13132
13123
13117
13122
13130
13132
13137
13139
13142
13142
13142
13145
13137
13138
13139
13131
13136
13140
13135
13138
13139
13132
13142
13137
13126
13132
13133
13129
13134
13132
13134
13129
13128
13134
13135
13140
13138
13139
13140
13135
13137
13137
13140
13148
13151
13147
13146
13146
13143
13143
13145
13138
13132
13133
13137
13136
13136
13140
13142
13143
13139
13134
13142
13137
13134
13132
13133
13138
13142
13138
13133
13138
13143
13136
13139
13139
13140
13137
13140
13132
13136
13127
13124
13126
13124
13131
13126
13134
13139
13136
13137
13136
13129
13128
13129
13129
13135
13132
13129
13138
13134
13129
13137
13133
13135
13141
13145
13152
13150
13141
13135
13138
13136
13133
13138
13137
13138
13134
13137
13132
13137
13135
13134
13138
13141
13139
13134
13134
13134
13137
13126
13132
13129
13131
13139
13138
13126
13127
13125
13130
13129
13132
13142
13139
13141
13147
13145
13140
13134
13141
13139
13142
13137
13140
13139
13138
13136
13139
13137
13134
13141
13138
13139
13147
13144
13133
13133
13132
13136
13135
13136
13140
13138
13135
13134
13133
13140
13145
13141
13146
13150
13144
13155
13152
13151
13157
13151
13146
13146
13141
13141
13140
13135
13135
13139
13140
13145
13142
13140
13134
13144
13136
13136
13139
13139
13136
13138
13135
13136
13138
13140
13142
13137
13135
13136
13136
13134
13131
13127
13136
13139
13141
13145
13139
13139
13142
13134
13123
13125
13135
13136
13136
13136
13132
13134
13136
13137
13131
13125
13124
13132
13128
13128
13128
13130
13131
13131
13132
13133
13127
13127
13131
13123
13122
13128
13128
13137
13137
13142
13147
13139
13134
13119
12799
12139
11368
10828
10514
10366
10301
10330
10273
10292
10346
10457
10566
10699
10816
10954
11065
11199
11307
11428
11526
11641
11724
11825
11901
11992
12060
12126
12188
12242
12294
12359
12408
12458
12493
12536
12584
12624
12645
12686
12706
12733
12756
12776
12800
12825
12848
12868
12886
12900
12916
12937
12953
12959
12966
12982
12991
13011
13013
13012
13020
13021
13026
13025
13030
13041
13055
13067
13076
13078
13084
13089
13088
13091
13099
13097
13101
13105
13102
13110
13107
13107
13113
13115
13121
13121
13124
13121
13121
13123
13124
13122
13125
13113
13116
13120
13124
13134
13136
13132
13133
13125
13124
13117
13113
13116
13118
13121
13125
13118
13132
13128
13131
13129
13132
13126
13129
13129
13122
13125
13125
13120
13135
13141
13145
13140
13142
13140
13143
13140
13136
13134
13135
13128
13130
13125
13119
13125
13122
13132
13143
13135
13138
13142
13144
13141
13139
13134
13132
13131
13136
13135
13132
13134
13144
13139
13140
13137
13133
13132
13133
13131
13131
13125
13130
13131
13139
13135
13133
13136
13134
13142
13148
13150
13145
13143
13139
13137
13132
13119
13121
13121
13124
13119
13122
13125
13134
13130
13132
13121
13132
13131
13135
13133
13128
13129
13130
13122
13122
13126
13125
13122
13128
13125
13126
13126
13121
13126
13128
13138
13141
13146
13147
13149
13141
13136
13132
13136
13133
13124
13132
13131
13132
13132
13131
13130
13131
13133
13138
13125
13131
13136
13143
13146
13139
13142
13143
13137
13132
13139
13133
13134
13140
13139
13138
13138
13137
13137
13136
13134
13128
13129
13131
13135
13138
13136
13134
13140
13138
13132
13131
13126
13129
13127
13131
13135
13136
13132
13131
13119
13131
13133
13133
13139
13142
13142
13144
13149
13142
13147
13144
13140
13143
13140
13137
13139
13143
13137
13136
13138
13137
13138
13133
13128
13137
13134
13129
13140
13132
13130
13133
13135
13132
13128
13128
13134
13142
13143
13106
12977
12906
12865
12841
12831
12824
12825
12838
12845
12848
12868
12878
12891
12916
12924
12941
12955
12970
12979
12985
12991
13000
13001
13017
13020
13028
13033
13040
13053
13047
13058
13066
13066
13074
13072
13082
13086
13089
13094
13097
13093
13104
13102
13094
13094
13089
13088
13094
13092
13089
13102
13098
13101
13102
13100
13106
13105
13108
13110
13113
13115
13112
13114
13129
13128
13138
13135
13138
13144
13137
13137
13134
13135
13130
13134
13136
13139
13134
13133
13136
13123
13125
13132
13131
13130
13123
13128
13133
13125
13118
13124
13116
13111
13112
13113
13112
13115
13122
13133
13135
13141
13130
13133
13136
13132
13137
13134
13136
13140
13131
13131
13132
13123
13131
13127
13134
13135
13139
13143
13151
13147
13154
13153
13145
13145
13141
13138
13139
13131
13127
13137
13140
13134
13139
13135
13130
13134
13130
13125
13129
13133
13135
13139
13147
13147
13147
13140
13136
13136
13134
13134
13137
13135
13136
13134
13132
13130
13129
13124
13138
13137
13133
13135
13135
13147
13139
13135
13138
13139
13137
13136
13133
13134
13141
13146
13150
13152
13143
13150
13143
13141
13137
13142
13138
13142
13133
13137
13136
13144
13137
13133
13140
13134
13137
13143
13147
13144
13135
13122
13127
13124
13128
13131
13134
13141
13144
13146
13146
13138
13136
13144
13135
13141
13147
