13136
13141
13137
13132
13136
13130
13133
13137
13143
13147
13146
13142
13145
13140
13140
13139
13133
13133
13137
13139
13142
13140
13138
13143
13134
13133
13135
13130
13125
13131
13123
13129
13131
13122
13122
13121
13126
13124
13126
13135
13131
13127
13135
13130
13140
13137
13137
13131
13129
13122
13120
13121
13118
13123
13125
13125
13121
13130
13129
13129
13126
13130
13123
13123
13113
13111
13128
13132
13133
13141
13143
13144
13143
13141
13139
13147
13151
13151
13144
13147
13143
13141
13139
13134
13134
13133
13135
13130
13130
13138
13133
13130
13127
13129
13129
13127
13124
13127
13126
13121
13122
13129
13129
13133
13142
13138
13149
13140
13142
13147
13141
13140
13146
13136
13139
13135
13133
13133
13127
13131
13127
13123
13121
13118
13119
13124
13121
13128
13124
13124
13122
13130
13128
13130
13134
13138
13136
13143
13149
13150
13152
13152
13148
13151
13144
13145
13144
13142
13137
13142
13133
13137
13136
13134
13132
13131
13125
13129
13128
13129
13126
13129
13134
13133
13132
13134
13134
13140
13139
13142
13136
13141
13140
13138
13132
13135
13125
13128
13126
13122
13123
13131
13134
13143
13136
13140
13146
13138
13135
13132
13123
13122
13137
13138
13143
13142
13146
13142
13154
13140
13151
13143
13141
13138
13141
13137
13133
13136
13132
13135
13138
13138
13141
13135
13127
13135
13130
13126
13128
13124
13128
13131
13135
13138
13139
13142
13152
13150
13149
13146
13141
13145
13147
13138
13134
13121
13121
13117
13116
13122
13124
13129
13131
13134
13141
13129
13132
13136
13128
13133
13133
13130
13128
13132
13137
13136
13131
13123
13128
13119
13114
13112
13109
13116
13118
13123
13135
13129
13124
13133
13134
13134
13140
13130
13137
13138
13136
13135
13134
13136
13129
13131
13132
13132
13141
13134
13135
13136
13131
13132
13134
13129
13134
13139
13136
13138
13126
13136
13131
13130
13133
13133
13130
13141
13126
13124
13126
13123
13119
13123
13118
13120
13124
13130
13136
13136
13136
13131
13136
13133
13127
13132
13128
13132
13131
13134
13135
13141
13137
13130
13124
13128
13135
13140
13147
13144
13139
13143
13147
13144
13140
13133
13127
13130
13126
13125
13131
13125
13123
13123
13128
13131
13135
13138
13135
13138
13145
13138
13143
13143
13152
13146
13150
13140
13137
13129
13123
13129
13133
13133
13127
13129
13139
13141
13143
13142
13142
13148
13153
13148
13139
13142
13141
13144
13134
13130
13135
13133
13136
13134
13125
13125
13133
13134
13132
13136
13134
13127
13128
13132
13133
13137
13143
13139
13143
13138
13128
13134
13132
13134
13134
13128
13131
13130
13129
13130
13129
13131
13131
13136
13138
13138
13139
13140
13135
13129
13131
13125
13123
13130
13125
13131
13135
13138
13136
13132
13129
13131
13129
13137
13137
13133
13132
13136
13134
13127
13128
13132
13128
13125
13127
13126
13128
13125
13129
13137
13133
13131
13138
13130
13137
13138
13138
13146
13143
13145
13148
13143
13137
13137
13130
13132
13124
13126
13120
13117
13120
13116
13110
13118
13123
13128
13141
13136
13143
13131
13136
13138
13141
13142
13143
13138
13137
13135
13132
13131
13126
13129
13129
13126
13130
13133
13134
13053
12675
12268
11912
11693
11584
11537
11535
11558
11585
11608
11666
11728
11799
11863
11940
12006
12079
12140
12207
12259
12322
12368
12421
12466
12509
12540
12575
12604
12642
12677
12709
12738
12759
12778
12810
12822
12848
12863
12880
12907
12916
12920
12943
12946
12964
12972
12979
12993
13005
13008
13019
13023
13034
13037
13045
13051
13053
13056
13058
13060
13068
13067
13067
13078
13080
13088
13083
13088
13089
13091
13098
13104
13096
13103
13106
13106
13109
13108
13111
13107
13101
13102
13110
13106
13113
13114
13107
13120
13117
13124
13134
13127
13135
13132
13136
13145
13145
13146
13149
13146
13145
13136
13124
13129
13124
13129
13125
13132
13137
13133
13131
13130
13119
13122
13132
13137
13139
13142
13143
13145
13142
13136
13138
13138
13141
13144
13142
13141
13137
13136
13140
13136
13138
13134
13143
13142
13154
13150
13149
13139
13137
13126
13126
13134
13137
13136
13140
13137
13134
13136
13142
13140
13135
13140
13140
13140
13142
13136
13139
13153
13150
13135
13140
13127
13129
13133
13133
13136
13146
13142
13142
13139
13138
13137
13142
13140
13136
13134
13136
13137
13142
13137
13135
13131
13129
13124
13124
13123
13126
13115
13117
13120
13122
13126
13126
13124
13132
13135
13145
13145
13142
13132
13139
13137
13136
13139
13134
13135
13141
13136
13134
13130
13125
13121
13121
13121
13125
13123
13123
13125
13134
13134
13136
13137
13138
13137
13139
13137
13142
13136
13133
13137
13139
13141
13146
13136
13130
13132
13131
13133
13130
13131
13136
13131
13132
13135
13132
13131
13135
13131
13140
13136
13133
13130
13125
13132
13125
13120
13126
13128
13131
13119
13119
13116
13118
13122
13131
13134
13137
13138
13141
13139
13124
13137
13137
13138
13133
13130
13132
13130
13127
13123
13127
13125
13128
13131
13126
13126
13132
13138
13141
13141
13146
13145
13142
13138
13137
13133
13133
13133
13146
13148
13144
13144
13143
13144
13142
13138
13143
13139
13146
13150
13146
13141
13143
13140
13144
13132
13135
13134
13130
13134
13139
13135
13137
13138
13135
13128
13127
13133
13125
13124
13121
13125
13134
13134
13131
13135
13138
13134
13141
13130
13127
13131
13134
13129
13132
13133
13132
13131
13127
13133
13128
13125
13129
13125
13124
13124
13127
13134
13130
13131
13141
13134
13142
13147
13144
13152
13140
13147
13153
13146
13141
13139
13137
13141
13140
13136
13137
13133
13142
13132
13130
13126
13129
13132
13134
13133
13134
13139
13143
13143
13135
13134
13135
13134
13128
13133
13129
13130
13128
13123
13134
13130
13128
13132
13132
13131
13136
13143
13148
13148
13152
13144
13150
13147
13149
13141
13139
13140
13142
13137
13132
13134
13137
13137
13130
13128
13124
13127
13134
13132
13134
13135
13142
13139
13144
13144
13145
13146
13139
13133
13142
13127
13127
13131
13126
13129
13128
13132
13134
13139
13145
13143
13141
13140
13138
13138
13135
13131
13125
13122
13121
13131
13134
13133
13130
13132
13134
13129
13131
13133
13122
13129
13129
13126
13125
13121
13125
13129
13124
13123
13128
13132
13138
13143
13138
13135
13138
13137
13142
13143
13137
13135
13132
13135
13130
13136
13142
13147
13153
13148
13139
13145
13142
13145
13144
13150
13152
13150
13144
13146
13134
13138
13142
13138
13141
13141
13134
13138
13132
13126
13113
13114
13116
13122
