13118
13116
13128
13125
13132
13137
13135
13136
13142
13134
13138
13135
13131
13134
13137
13134
13136
13134
13135
13138
13136
13126
13127
13135
13139
13137
13130
13134
13139
13138
13146
13144
13145
13145
13142
13142
13141
13140
13137
13145
13143
13134
13128
13130
13129
13128
13127
13131
13132
13137
13146
13140
13139
13141
13149
13144
13138
13134
13133
13135
13133
13134
13136
13134
13135
13139
13140
13136
13140
13141
13143
13143
13133
13133
13133
13126
13133
13134
13138
13141
13139
13133
13130
13129
13128
13136
13139
13140
13143
13145
13139
13138
13140
13133
13141
13143
13139
13139
13128
13131
13142
13127
13128
13134
13140
13143
13146
13150
13144
13143
13147
13143
13138
13141
13139
13139
13145
13147
13150
13154
13147
13139
13144
13134
13137
13137
13133
13133
13138
13131
13131
13129
13125
13121
13124
13130
13124
13126
13130
13131
13138
13132
13134
13140
13142
13142
13139
13136
13138
13138
13132
13139
13129
13139
13130
13138
13135
13136
13136
13134
13134
13136
13134
13131
13122
13132
13126
13130
13126
13128
13129
13130
13137
13138
13139
13141
13135
13132
13138
13127
13133
13132
13132
13135
13136
13142
13138
13127
13132
13132
13128
13134
13128
13128
13137
13138
13138
13139
13137
13143
13141
13139
13142
13135
13130
13140
13143
13137
13138
13134
13126
13132
13146
13142
13139
13138
13141
13139
13136
13129
13139
13132
13136
13137
13137
13141
13145
13138
13139
13130
13134
13142
13130
13132
13137
13141
13145
13140
13138
13147
13138
13127
13142
13138
13138
13066
12952
12892
12841
12822
12815
12822
12823
12827
12840
12860
12871
12888
12902
12916
12943
12946
12959
12963
12977
12991
12999
13004
13018
13026
13033
13039
13037
13042
13045
13051
13061
13074
13082
13089
13090
13093
13096
13093
13081
13092
13089
13096
13092
13093
13086
13087
13082
13082
13088
13098
13103
13108
13112
13119
13123
13112
13116
13115
13115
13119
13121
13124
13126
13126
13128
13134
13126
13134
13140
13138
13140
13135
13134
13131
13127
13121
13122
13122
13129
13132
13126
13119
13125
13124
13133
13139
13143
13135
13137
13143
13137
13135
13131
13118
13127
13124
13129
13135
13134
13140
13136
13136
13139
13135
13133
13135
13133
13127
13132
13132
13137
13137
13137
13133
13130
13124
13126
13128
13118
13124
13124
13117
13124
13128
13131
13131
13126
13121
13118
13123
13131
13128
13131
13125
13135
13131
13134
13126
13129
13127
13125
13123
13132
13124
13133
13139
13130
13134
13130
13127
13134
13130
13127
13138
13136
13126
13134
13131
13141
13147
13142
13141
13144
13146
13146
13139
13137
13136
13137
13141
13140
13141
13134
13131
13134
13126
13122
13131
13128
13126
13128
13132
13138
13136
13127
13128
13121
13120
13124
13124
13127
13133
13127
13123
13118
13111
13124
13121
13120
13128
13123
13124
13131
13132
13136
13135
13132
13127
13135
13136
13136
13138
13133
13134
13140
13131
13132
13134
13136
13131
13131
13124
13125
13129
13131
13142
13135
13139
13135
13134
13138
13138
13135
13139
13133
13135
13142
13139
13142
13153
13150
13152
13147
13149
13145
13142
13147
13142
13144
13141
13140
13140
13140
13140
13140
13139
12839
11987
11192
10693
10429
10296
10277
10306
10397
10493
10626
10740
10880
10996
11133
11245
11368
11475
11576
11668
11769
11841
11928
12008
12087
12151
12216
12267
12327
12368
12417
12464
12510
12550
12585
12620
12655
12685
12728
12750
12769
12789
12810
12830
12847
12864
12878
12885
12893
12910
12922
12934
12949
12958
12979
12992
13003
13006
13009
13001
13011
13011
13020
13036
13032
13041
13057
13068
13071
13075
13072
13074
13079
13090
13089
13098
13098
13096
13109
13106
13103
13110
13112
13120
13113
13118
13117
13116
13110
13116
13113
13116
13120
13116
13127
13131
13125
13129
13122
13115
13119
13115
13119
13130
13127
13132
13134
13136
13138
13132
13131
13126
13122
13125
13125
13117
13118
13120
13128
13126
13120
13134
13129
13133
13129
13129
13124
13131
13128
13131
13125
13122
13123
13134
13130
13134
13133
13138
13134
13125
13131
13127
13128
13134
13130
13131
13131
13126
13125
13123
13125
13120
13121
13123
13118
13126
13126
13122
13127
13120
13116
13119
13120
13131
13127
13130
13132
13128
13131
13129
13128
13130
13133
13133
13133
13133
13129
13136
13135
13142
13147
13136
13130
13135
13136
13133
13139
13129
13140
13134
13139
13133
13133
13138
13137
13142
13144
13145
13154
13146
13142
13142
13139
13138
13136
13135
13136
13136
13128
13133
13125
13127
13077
12958
12897
12865
12848
12843
12832
12833
12843
12844
12862
12878
12893
12900
12912
12923
12934
12937
12956
12966
12985
13001
13006
13017
13030
13030
13042
13043
13040
13032
13042
13060
13069
13071
13078
13088
13092
13099
13095
13100
13099
13092
13095
13092
13091
13100
13093
13101
13110
13110
13107
13111
13112
13115
13122
13127
13124
13123
13128
13123
13125
13127
13126
13135
13134
13135
13140
13133
13138
13144
13137
13139
13135
13136
13137
13141
13139
13141
13138
13132
13136
13138
13141
13133
13129
13135
13132
13128
13132
13126
13118
13123
13129
13127
13130
13124
13126
13131
13140
13140
13144
13147
13148
13144
13149
13148
13145
13140
13142
13133
13130
13131
13132
13133
13133
13134
13130
13138
13135
13137
13135
13135
13134
13135
13129
13135
13131
13123
13126
13125
13117
13131
13130
13134
13133
13137
13135
13133
13149
13134
13138
13143
13129
13131
13133
13122
13131
13122
13122
13124
13123
13123
13122
13123
13123
13116
13120
13124
13126
13127
13125
13132
13133
13135
13128
13131
13131
13132
13145
13136
13137
13141
13144
13144
13147
13145
13145
13144
13146
13140
13146
13142
13141
13143
13138
13136
13145
13136
13140
13154
13147
13147
13145
13147
13143
13141
13144
13141
13134
13142
13149
13140
13139
13141
13140
13140
13139
13137
13135
13137
13136
13134
13131
13133
13134
13132
13135
13138
13131
13129
13138
13139
13132
13134
13130
13133
13137
13133
13134
13139
13140
13137
13133
13127
13125
13127
13132
13135
13127
13126
13121
13127
13131
13134
13133
13140
13134
13136
13139
13140
13143
13141
13140
13140
13139
13140
13140
13149
13143
13144
13145
13145
13142
13137
13142
13135
13134
13128
13133
13137
13133
13138
13132
13130
13128
13130
13131
13131
13131
13133
13140
13140
13136
13138
13137
13143
13151
13143
13151
13144
13146
13147
13150
13143
13140
13138
13130
13131
13129
13133
13131
13131
13126
13123
13130
13131
13137
13128
13136
13135
13131
13124
13123
13127
13129
13133
