13140
13138
13141
13144
13144
13149
13141
13138
13133
13130
13134
13131
13132
13130
13130
13135
13129
13130
13136
13137
13128
13132
13121
13125
13125
13129
13135
13123
13127
13124
13135
13142
13139
13142
13141
13138
13151
13144
13138
13138
13132
13130
13126
13132
13129
13137
13139
13146
13142
13146
13145
13135
13138
13131
13129
13134
13135
13131
13137
13142
13136
13141
13129
13134
13132
13129
13127
13135
13126
13129
13126
13128
13125
13126
13125
13125
13134
13130
13132
13134
13135
13136
13130
13135
13136
13137
13134
13140
13131
13136
13132
13130
13126
13126
13125
13129
13117
13122
13128
13121
13122
13125
13123
13128
13129
13126
13130
13134
13137
13143
13141
13148
13156
13147
13142
13143
13146
13138
13134
13142
13142
13144
13137
13134
13135
13135
13141
13141
13136
13133
13130
13135
13138
13139
13134
13138
13130
13136
13145
13137
13140
13142
13142
13139
13147
13136
13133
13131
13136
13131
13129
13129
13133
13136
13134
13132
13132
13130
13129
13138
13139
13145
13141
13131
13129
13128
13133
13135
13131
13142
13137
13139
13132
13133
13134
13134
13126
13124
13128
13122
13113
13122
13121
13120
13120
13123
13122
13127
13127
13125
13121
13124
13122
13116
13118
13117
13122
13120
13120
13128
13126
13122
13128
13125
13129
13134
13128
13129
13123
13123
13127
13127
13129
13129
13136
13139
13126
13124
13132
13130
13131
13135
13131
13135
13131
13074
12956
12888
12856
12834
12827
12825
12829
12835
12842
12853
12870
12874
12894
12910
12929
12943
12959
12968
12978
12992
12998
13008
13013
13026
13035
13039
13046
13051
13060
13063
13062
13065
13072
13079
13084
13093
13092
13104
13108
13107
13108
13108
13109
13104
13094
13101
13096
13103
13103
13104
13106
13106
13115
13117
13119
13122
13119
13118
13109
13111
13108
13115
13118
13121
13117
13112
13114
13120
13122
13129
13121
13119
13131
13128
13130
13131
13124
13131
13138
13143
13143
13143
13145
13146
13146
13147
13141
13138
13142
13143
13149
13147
13145
13147
13140
13135
13131
13123
13120
13119
13117
13126
13118
13119
13126
13129
13132
13131
13133
13131
13128
13134
13144
13138
13133
13138
13130
13137
13132
13134
13141
13146
13145
13140
13150
13152
13150
13146
13140
13137
13137
13125
13134
13139
13131
13132
13129
13131
13132
13130
13125
13132
13124
13130
13131
13131
13138
13141
13141
13139
13142
13147
13145
13138
13140
13145
13138
13133
13130
13134
13129
13133
13129
13125
13125
13132
13126
13124
13122
13119
13126
13128
13134
13137
13132
13135
13134
13136
13134
13133
13145
13142
13140
13142
13150
13142
13144
13139
13134
13129
13127
13122
13136
13128
13126
13134
13131
13137
13152
13159
13158
13155
13156
13152
13150
13148
13145
13143
13144
13139
13145
13134
13135
13137
13136
13134
13129
13128
13126
13126
13126
13134
13126
13128
13131
13126
13127
13126
13127
13137
13134
13137
13141
13137
13140
13140
13138
13131
13134
13139
13141
13138
13142
13136
13140
13139
13139
13139
13135
13135
13142
13133
13136
13137
13140
13139
13134
13130
13134
13132
13132
13137
13130
13136
13143
13140
13142
13134
13135
13138
13129
13119
13133
13120
13120
13126
13038
12746
11821
10848
10200
9815
9645
9577
9629
9699
9841
9975
10141
10292
10466
10610
10771
10910
11058
11174
11315
11418
11538
11634
11737
11807
11797
11803
11842
11875
11940
11990
12055
12116
12169
12209
12275
12323
12379
12433
12470
12510
12549
12582
12621
12645
12675
12695
12733
12747
12768
12692
12637
12600
12605
12598
12607
12616
12642
12658
12677
12694
12717
12732
12766
12788
12813
12836
12858
12871
12893
12901
12925
12937
12947
12954
12972
12978
12993
13000
13016
13024
13023
13041
13042
13043
13056
13050
13055
13066
13064
13075
13079
13085
13088
13084
13078
13081
13089
13097
13100
13101
13104
13109
13119
13123
13126
13123
13118
13116
13121
13077
12951
12886
12836
12809
12802
12802
12809
12825
12832
12847
12869
12876
12891
12900
12914
12921
12946
12947
12957
12970
12990
12996
13016
13017
13019
13027
13031
13036
13035
13036
13041
13042
13051
13059
13059
13060
13077
13074
13078
13082
13086
13089
13099
13096
13106
13104
13100
13115
13108
13115
13114
13121
13120
13125
13124
13115
13119
13120
13122
13123
13121
13119
13122
13110
13101
13110
13117
13119
13117
13117
13122
13130
13131
13138
13130
13132
13133
13127
13129
13130
13130
13134
13127
13124
13127
13132
13135
13137
13138
13136
13132
13129
13126
13132
13132
13129
13129
13129
13126
13131
13129
13126
13126
13121
13120
13132
13136
13132
13130
13135
13134
13130
13128
13124
13127
13130
13135
13130
13128
13132
13127
13132
13131
13126
13133
13127
13129
13141
13131
13133
13127
13128
13126
13127
13127
13133
13137
13136
13135
13138
13142
13135
13148
13142
13132
13140
13133
13136
13137
13139
13144
13138
13136
13143
13142
13152
13155
13146
13141
13144
13142
13138
13137
13136
13137
13137
13137
13138
13129
13136
13133
13136
13143
13147
13142
13138
13136
13134
13125
13125
13127
13126
13129
13127
13131
13127
13125
13129
13128
13133
13128
13130
13123
13120
13113
13117
13117
13122
13122
13126
13132
13139
13135
13137
13142
13133
13129
13131
13131
13132
13140
13138
13133
13132
13131
13128
13134
13137
13128
13127
13124
13126
13138
13131
13127
13135
13131
13126
13120
13125
13120
13128
13125
13137
13129
13134
13142
13142
13143
13138
13132
13130
13124
13130
13134
13130
13131
13138
13132
13131
13133
13138
13142
13138
13132
13123
13120
13122
13124
13128
13131
13134
13139
13139
13137
13136
13134
13136
13137
13136
13138
13141
13144
13148
13136
13139
13132
13126
13129
13128
13130
13133
13129
13129
13133
13125
13130
13133
13126
13127
13137
13139
13143
13149
13144
13138
13137
13137
13138
13133
13132
13130
13137
13130
13127
13130
13139
13139
13129
13138
13140
13139
13139
13147
13136
13145
13150
13145
13143
13136
13131
13133
13133
13130
13137
13130
13119
13130
13128
13130
13133
13136
13136
13132
13125
13122
13127
13131
13130
13130
13126
13130
13133
13138
13127
13138
13129
13136
13139
13134
13137
13142
13135
13140
13132
13137
13137
13135
13131
13124
13129
13134
13121
13128
13134
13137
13146
13154
13148
13145
13144
13138
13132
13126
13128
13126
13123
13138
13137
13140
13142
13139
13144
13140
13141
13141
13139
13147
13144
13140
13140
13142
13140
13144
13136
13137
13139
13143
13138
13138
13134
13133
13122
13120
13126
13121
13126
13133
13124
13124
13125
13124
13120
13124
13124
13128
