13146
13139
13147
13140
13129
13130
13125
13121
13125
13124
13128
13128
13133
13131
13138
13140
13140
13138
13142
13140
13145
13138
13136
13144
13139
13136
13131
13133
13133
13133
13139
13144
13138
13136
13131
13130
13130
13131
13140
13138
13144
13136
13140
13130
13134
13129
13128
13131
13136
13141
13143
13142
13137
13136
13137
13144
13134
13139
13139
13136
13137
13138
13137
13148
13144
13139
13140
13133
13129
13120
13116
13121
13123
13124
13125
13133
13134
13137
13134
13138
13142
13138
13149
13144
13134
13144
13135
13135
13130
13136
13133
13135
13135
13127
13134
13139
13132
13134
13132
13133
13146
13134
13133
13126
13125
13126
13126
13124
13126
13136
13135
13139
13133
13137
13134
13137
13139
13138
13134
13139
13129
13133
13135
13132
13124
13131
13128
13128
13133
13137
13132
13135
13134
13132
13133
13131
13130
13132
13131
13134
13140
13134
13132
13136
13135
13137
13130
13121
13125
13127
13132
13137
13128
13128
13133
13136
13143
13143
13140
13145
13147
13137
13144
13140
13142
13143
13137
13135
13135
13135
13135
13135
13131
13128
13126
13137
13139
13138
13129
13136
13140
13133
13141
13141
13143
13144
13153
13150
13143
13146
13142
13145
13135
13132
13133
13126
13128
13124
13127
13133
13127
13125
13130
13124
13132
13132
13134
13127
13127
13123
13122
13126
13128
13116
13126
13137
13141
13139
13133
13138
13139
13142
13138
13138
13140
13143
13133
13132
13133
13129
13125
13127
13126
13123
13130
13126
13125
13125
13133
13143
13137
13144
13153
13150
13140
13143
13143
13138
13143
13143
13143
13141
13141
13138
13137
13134
13139
13133
13131
13136
13144
13137
13130
13132
13137
13132
13130
13131
13141
13137
13134
13133
13130
13132
13131
13136
13136
13134
13135
13138
13126
13119
13121
13120
13126
13130
13138
13135
13139
13138
13137
13138
13142
13141
13140
13144
13135
13139
13140
13139
13144
13133
13130
13130
13131
13132
13138
13133
13143
13141
13140
13146
13131
13137
13138
13132
13140
13135
13134
13140
13134
13129
13141
13137
13131
13134
13135
13132
13138
13144
13140
13137
13139
13133
13133
13133
13133
13138
13135
13131
13136
13132
13126
13125
13128
13128
13128
13120
13126
13131
13135
13136
13127
13127
13124
13131
13140
13136
13137
13139
13138
13135
13137
13130
13121
13130
13127
13134
13128
13127
13124
13120
13125
13124
13127
13125
13125
13131
13138
13133
13139
13138
13137
13146
13144
13138
13139
13143
13147
13150
13142
13145
13139
13141
13136
13138
13136
13137
13137
13140
13137
13127
13129
13124
13126
13133
13124
13122
13121
13123
13125
13134
13128
13126
13126
13129
13126
13129
13131
13126
13128
13119
13115
13112
13118
13120
13129
13126
13131
13135
13136
13136
13132
13134
13139
13134
13141
13142
13138
13141
13140
13131
13135
13129
13129
13130
13128
13127
13128
13129
13134
13134
13137
13130
13128
13132
13128
13127
13129
13122
13140
13137
13137
13133
13125
13123
13129
13128
13135
13126
13120
13125
13122
13127
13133
13126
13125
13123
13122
13128
13128
13129
13139
13137
13140
13139
13139
13141
13142
13136
13129
13124
13129
13122
13123
13126
13132
13124
13135
13138
13145
13137
13137
12891
12403
11875
11548
11351
11271
11235
11257
11296
11367
11441
11535
11610
11701
11788
11878
11960
12034
12088
12161
12213
12279
12335
12388
12431
12481
12527
12566
12600
12643
12668
12704
12728
12754
12777
12801
12817
12853
12863
12882
12896
12914
12926
12935
12937
12948
12954
12971
12980
12986
12999
13013
13020
13038
13042
13049
13056
13050
13050
13061
13049
13049
13056
13058
13065
13067
13075
13080
13083
13101
13097
13100
13103
13102
13114
13106
13113
13119
13112
13105
13104
13105
13113
13112
13112
13113
13107
13109
13111
13107
13114
13123
13124
13120
13119
13122
13121
13124
13124
13126
13113
13110
13110
13057
12945
12880
12835
12818
12816
12816
12815
12837
12853
12865
12892
12905
12912
12926
12930
12939
12951
12960
12975
12987
13000
13009
13012
13015
13025
13028
13041
13055
13055
13071
13080
13076
13079
13084
13083
13092
13085
13079
13091
13092
13083
13095
13097
13097
13095
13099
13099
13108
13114
13126
13131
13128
13120
13123
13113
13116
13113
13112
13115
13120
13116
13113
13110
13116
13113
13112
13117
13118
13115
13122
13123
13122
13123
13121
13119
13125
13127
13130
13139
13141
13141
13140
13141
13143
13137
13138
13128
13131
13131
13134
13134
13130
13131
13148
13138
13138
13135
13134
13142
13136
13135
13133
13133
13138
13138
13133
13135
13134
13129
13126
13122
13122
13122
13118
13120
13125
13125
13117
13120
13126
13132
13130
13130
13133
13134
13137
13136
13135
13138
13141
13137
13133
13133
13135
13130
13130
13128
13126
13133
13126
13125
13121
13136
13135
13138
13110
12982
12907
12857
12834
12816
12812
12815
12835
12841
12868
12872
12888
12903
12912
12920
12941
12951
12965
12976
12983
12989
13002
13022
13035
13034
13045
13040
13054
13051
13054
13058
13064
13075
13077
13087
13088
13089
13097
13098
13089
13091
13104
13103
13110
13107
13116
13118
13120
13115
13122
13122
13120
13127
13117
13118
13120
13127
13127
13127
13134
13129
13125
13131
13130
13128
13133
13129
13137
13133
13128
13137
13141
13146
13137
13140
13142
13138
13137
13137
13129
13129
13128
13119
13124
13128
13130
13128
13125
13124
13129
13125
13128
13128
13131
13134
13142
13138
13140
13138
13138
13135
13135
13135
13129
13136
13139
13134
13141
13133
13131
13135
13133
13129
13127
13132
13135
13139
13143
13147
13133
13142
13148
13139
13137
13134
13128
13135
13133
13126
13141
13133
13131
13138
13139
13144
13150
13151
13151
13143
13145
13137
13142
13148
13154
13152
13149
13140
13143
13143
13140
13139
13131
13133
13131
13124
13129
13126
13133
13138
13136
13145
13145
13134
13136
13139
13140
13141
13131
13128
13137
13131
13122
13123
13124
13131
13130
13131
13128
13134
13138
13133
13138
13143
13139
13140
13144
13146
13148
13132
13133
13130
13122
13131
13132
13132
13142
13139
13134
13149
13145
13142
13149
13145
13147
13142
13139
13134
13130
13124
13131
13123
13122
13126
13124
13132
13126
13125
13129
13130
13136
13128
13125
13126
13121
13123
13126
13122
13128
13125
13134
13137
13143
13140
13141
13136
13143
13143
13139
13144
13146
13141
13146
13140
13148
13147
13137
13137
13129
13120
13128
13125
13129
13135
13129
13130
13129
13125
13131
13136
13136
13138
13141
13138
13134
13127
13129
13127
13128
13127
13132
13142
13135
13134
13126
13133
13129
13132
