13141
13140
13130
13125
13120
13128
13133
13134
13134
13139
13141
13141
13151
13148
13152
13151
13144
13147
13137
13148
13143
13141
13134
13134
13139
13136
13131
13135
13130
13128
13121
13129
13113
13117
13126
13125
13128
13137
13139
13143
13141
13128
13125
13124
13120
13130
13135
13139
13132
13132
13136
13135
13133
13129
13128
13130
13134
13130
13127
13130
13131
13139
13135
13136
13131
13132
13134
13132
13134
13125
13131
13137
13131
13138
13145
13141
13139
13143
13142
13148
13145
13141
13142
13139
13134
13127
13131
13128
13132
13135
13129
13127
13132
13126
13122
13132
13129
13125
13122
13126
13129
13129
13128
13135
13123
13136
13134
13131
13129
13120
13121
13141
13129
13131
13137
13138
13137
13136
13139
13136
13144
13140
13143
13137
13139
13133
13134
13136
13137
13130
13131
13131
13134
13123
13117
13114
13113
13121
13124
13122
13119
13125
13120
13133
13128
13132
13127
13128
13135
13136
13137
13139
13126
13120
13125
13112
13115
13115
13117
13120
13115
13118
13125
13125
13133
13129
13130
13134
13139
13138
13135
13133
13144
13136
13135
13140
13139
13138
13139
13141
13138
13135
13132
13141
13139
13142
13146
13140
13147
13141
13148
13153
13146
13140
13149
13137
13142
13138
13129
13137
13142
13145
13142
13139
13143
13140
13136
13137
13135
13136
13135
13136
13146
13134
13139
13143
13141
13139
13143
13143
13142
13137
13135
13140
13138
13141
13141
13138
13140
13136
13135
13130
13126
13134
13141
13133
13129
13129
13128
13132
13135
13138
13129
13130
13122
13122
13118
13129
13129
13125
13128
13128
13123
13113
13113
13122
13127
13128
13128
13130
13124
13132
13140
13144
13139
13142
13142
13135
13133
13138
13138
13137
13132
13131
13140
13128
13127
13133
13128
13137
13136
13136
13132
13139
13145
13142
13144
13141
13138
13139
13135
13133
13138
13134
13138
13136
13133
13127
13125
13131
13139
13137
13129
13136
13130
13135
13137
13135
13134
13138
13134
13142
13138
13135
13140
13136
13137
13140
13137
13132
13129
13125
13123
13125
13128
13127
13123
13128
13125
13135
13141
13138
13140
13132
13137
13127
13126
13127
13123
13130
13134
13133
13129
13126
13130
13129
13134
13135
13139
13137
13131
13139
13141
13138
13149
13138
13140
13145
13139
13141
13146
13150
13150
13146
13136
13132
13132
13137
13134
13134
13134
13139
13150
13140
13140
13140
13134
13135
13130
13126
13125
13126
13122
13127
13114
13117
13123
13116
13118
13118
13115
13125
13121
13115
13131
13132
13134
13139
13136
13136
13143
13144
13142
13139
13141
13142
13141
13143
13140
13140
13145
13135
13138
13129
13126
13134
13137
13130
13135
13131
13130
13133
13126
13124
13123
13134
13134
13141
13139
13139
13135
13146
13142
13143
13153
13147
13143
13147
13137
13132
13138
13133
13135
13133
13128
13128
13127
13130
13131
13132
13134
13132
13142
13140
13142
13145
13145
13146
13147
13142
13137
13138
13134
13133
13131
13133
13131
13137
13140
13141
13142
13150
13145
13140
13144
13138
13142
13142
13139
13140
13136
13140
13136
13137
13140
13138
13138
13136
13131
13138
13136
13144
13150
13140
13137
13139
13131
13136
13131
13132
13138
13138
13134
13138
13135
13064
12493
12012
11629
11290
10830
10554
10434
10385
10430
10491
10604
10708
10847
10954
11084
11194
11315
11419
11539
11635
11739
11821
11907
11975
12062
12133
12206
12262
12323
12381
12430
12463
12502
12541
12580
12618
12652
12679
12708
12729
12759
12774
12794
12807
12822
12845
12859
12876
12901
12918
12932
12950
12957
12970
12984
12997
13006
13016
13022
13025
13035
13042
13045
13051
13052
13058
13066
13068
13064
13072
13072
13080
13080
13082
13085
13092
13098
13103
13106
13110
13110
13110
13108
13101
13108
13119
13113
13109
13121
13121
13126
13129
13133
13127
13140
13141
13138
13135
13127
13128
13126
13127
13126
13124
13130
13128
13137
13136
13134
13135
13125
13129
13125
13120
13123
13122
13118
13130
13130
13137
13141
13137
13141
13138
13130
13134
13127
13123
13132
13134
13123
13129
13126
13129
13138
13134
13137
13138
13143
13135
13141
13135
13125
13126
13121
13119
13119
13112
13109
13122
13120
13121
13120
13119
13123
13131
13132
13135
13130
13136
13140
13134
13133
13124
13121
13127
13126
13118
13127
13127
13126
13136
13131
13138
13131
13133
13132
13133
13129
13128
13126
13129
13125
13127
13126
13123
13133
13126
13122
13119
13125
13130
13130
13123
13130
13131
13127
13132
13129
13124
13125
13132
13131
13135
13137
13142
13140
13142
13148
13146
13139
13139
13138
13133
13133
13130
13129
13124
13124
13129
13131
13141
13139
13140
13135
13139
13146
13138
13141
13144
13147
13153
13150
13142
13148
13148
13142
13147
13138
13138
13140
13141
13143
13137
13144
13146
13138
13132
13141
13135
13126
13130
13129
13132
13135
13134
13132
13129
13129
13120
13125
13126
13125
13121
13122
13121
13123
13117
13106
13115
13118
13123
13125
13133
13134
13135
13134
13128
13126
13136
13135
13138
13142
13136
13136
13140
13141
13138
13147
13141
13143
13145
13141
13133
13139
13143
13143
13140
13135
13124
13121
13119
13114
13116
13117
13121
13129
13128
13129
13138
13141
13144
13143
13144
13143
13145
13146
13138
13132
13138
13139
13138
13138
13142
13133
13139
13131
13125
13132
13134
13128
13128
13128
13133
13136
13141
13142
13144
13145
13138
13137
13135
13133
13136
13130
13124
13131
13132
13121
13121
13121
13125
13123
13119
13126
13131
13134
13140
13136
13140
13138
13137
13138
13132
13133
13134
13133
13131
13137
13136
13129
13138
13141
13138
13144
13138
13137
13139
13134
13135
13132
13137
13138
13138
13137
13132
13137
13131
13125
13131
13136
13134
13133
13132
13141
13136
13136
13138
13139
13139
13142
13135
13133
13129
13131
13132
13133
13122
13129
13121
13118
13133
13133
13137
13137
13142
13148
13145
13144
13140
13139
13139
13136
13133
13138
13134
13144
13139
13132
13132
13129
13133
13130
13116
13117
13124
13123
13126
13121
13124
13124
13130
13132
13132
13137
13142
13142
13140
13148
13139
13136
13138
13136
13141
13145
13142
13141
13135
13140
13139
13141
13144
13142
13139
13142
13142
13140
13130
13129
13133
13135
13138
13141
13141
13147
13145
13145
13148
13149
13143
13146
13147
13150
13143
13135
13141
13134
13132
13136
13125
13129
13141
13139
13137
13131
13137
13136
13138
13139
13137
13142
13146
13138
13139
13137
13143
13147
13143
13144
13148
13143
13142
13139
13138
13141
13139
13141
13140
13133
13140
13142
13138
13140
13142
