13125
13135
13136
13137
13136
13137
13142
13147
13143
13145
13142
13143
13140
13136
13131
13137
13127
13127
13128
13123
13114
13118
13128
13136
13139
13144
13148
13139
13131
13128
13131
13129
13130
13128
13130
13131
13132
13132
13127
13130
13125
13125
13118
13123
13123
13125
13130
13127
13119
13133
13134
13137
13138
13136
13140
13143
13141
13134
13145
13144
13138
13145
13146
13144
13138
13129
13142
13136
13130
13121
13118
13120
13123
13120
13119
13115
13117
13121
13128
13129
13135
13129
13131
13121
13123
13126
13121
13126
13113
13128
13132
13122
13130
13129
13130
13131
13132
13136
13137
13134
13142
13151
13147
13148
13149
13142
13139
13137
13130
13127
13124
13132
13130
13131
13130
13124
13130
13127
13122
13135
13135
13136
13131
13142
13136
13133
13128
13134
13125
13136
13136
13140
13142
13140
13129
13133
13127
13129
13135
13123
13125
13124
13123
13131
13130
13135
13125
13129
13130
13132
13129
13130
13136
13136
13136
13134
13133
13125
13125
13131
13128
13133
13131
13135
13132
13128
13128
13133
13129
13132
13137
13131
13136
13139
13141
13147
13141
13135
13136
13136
13135
13133
13124
13127
13125
13127
13128
13124
13127
13123
13128
13128
13128
13127
13118
13125
13128
13132
13131
13132
13130
13131
13128
13130
13133
13127
13133
13138
13134
13138
13142
13138
13141
13138
13137
13145
13142
13139
13145
13139
13141
13140
13136
13137
13138
13138
13135
13138
13131
13129
13130
13129
13136
13142
13135
13142
13143
13142
13143
13146
13145
13142
13138
13135
13140
13139
13140
13144
13138
13142
13141
13137
13133
13132
13134
13144
13140
13133
13146
13134
13129
13130
13123
13124
13127
13125
13126
13123
13121
13121
13122
13122
13123
13128
13128
13128
13135
13129
13128
13121
13124
13120
13121
13121
13126
13128
13130
13132
13125
13132
13140
13134
13137
13139
13136
13144
13137
13135
13142
13132
13136
13135
13129
13124
13123
13127
13125
13120
13133
13133
13136
13140
13135
13135
13138
13138
13138
13134
13129
13129
13133
13138
13136
13139
13137
13133
13130
13132
13117
13120
13120
13118
13130
13130
13126
13132
13127
13127
13137
13130
13123
13128
13121
13126
13128
13131
13124
13123
13125
13133
13142
13144
13136
13142
13138
13141
13141
13133
13128
13134
13129
13127
13120
13127
13135
13138
13133
13138
13137
13146
13145
13143
13133
13131
13129
13123
13110
13115
13122
13125
13126
13126
13125
13131
13123
13127
13135
13132
13138
13135
13140
13136
13131
13130
13133
13126
13130
13129
13131
13136
13136
13138
13127
13125
13133
13128
13124
13134
13121
13128
13124
13130
13126
13136
13130
13137
13126
13128
13134
13138
13132
13139
13137
13138
13143
13143
13137
13132
13132
13132
13132
13130
13123
13124
13127
13126
13126
13122
13128
13138
13135
13137
13131
13129
13128
13123
13124
13127
13113
13123
13129
13128
13129
13130
13129
13133
13137
13133
13137
13129
13126
13128
13126
13128
13129
13121
13121
13122
13122
13119
13121
13127
13125
13133
13122
13121
13128
13126
13124
13124
13117
13119
13120
13130
13135
13141
13141
13155
13147
13147
13148
13146
13148
13140
13134
13131
13120
13119
13128
13133
13118
13121
13119
13130
13130
13135
13139
13131
12730
12174
11673
11285
11079
10963
10951
10964
11030
11094
11198
11283
11387
11475
11574
11659
11757
11835
11925
11996
12070
12134
12214
12274
12333
12389
12431
12471
12515
12546
12595
12627
12661
12683
12713
12734
12758
12776
12803
12815
12735
12653
12621
12603
12600
12618
12631
12645
12682
12697
12722
12749
12768
12790
12805
12826
12845
12862
12885
12861
12745
12693
12661
12640
12650
12656
12668
12685
12712
12731
12764
12775
12795
12817
12835
12853
12879
12892
12910
12917
12932
12934
12950
12961
12971
12974
12981
12990
13009
13013
13015
13028
13029
13040
13050
13059
13055
13070
13075
13089
13088
13088
13089
13088
13096
13096
13098
13094
13100
13100
13110
13106
13109
13108
13107
13107
13106
13102
13106
13104
13113
13115
13115
13108
13116
13126
13129
13135
13135
13124
13119
13128
13128
13127
13113
13120
13117
13124
13127
13134
13129
13133
13136
13135
13141
13133
13132
13143
13137
13135
13135
13128
13128
13135
13138
13132
13131
13129
13132
13137
13139
13135
13129
13128
13131
13130
13132
13132
13134
13133
13135
13129
13130
13124
13124
13127
13125
13122
13116
13120
13119
13127
13130
13126
13133
13144
13144
13156
13154
13148
13155
13149
13145
13145
13141
13135
13134
13130
13125
13129
13128
13131
13140
13138
13137
13137
13135
13124
13133
13132
13135
13134
13140
13141
13146
13149
13147
13146
13147
13138
13134
13133
13133
13131
13134
13133
13141
13151
13147
13142
13146
13138
13141
13138
13129
13137
13140
13129
13135
13135
13130
13125
13125
13125
13120
13127
13126
13122
13134
13129
13122
13127
13127
13134
13135
13131
13134
13133
13138
13140
13126
13132
13132
13130
13126
13125
13125
13125
13119
13121
13125
13122
13119
13133
13136
13139
13142
13144
13153
13148
13144
13142
13144
13139
13142
13149
13148
13151
13159
13148
13148
13142
13141
13144
13142
13138
13134
13143
13133
13138
13133
13134
13142
13144
13151
13147
13141
13139
13141
13137
13135
13134
13147
13144
13141
13137
13129
13126
13133
13137
13139
13135
13144
13147
13147
13143
13143
13137
13143
13139
13132
13131
13132
13129
13129
13130
13143
13140
13146
13138
13130
13137
13137
13135
13130
13127
13128
13133
13131
13125
13126
13122
13124
13132
13129
13134
13133
13131
13134
13137
13138
13134
13137
13140
13138
13141
13137
13131
13136
13136
13134
13132
13131
13132
13135
13141
13139
13141
13137
13139
13135
13137
13146
13139
13131
13125
13129
13141
13136
13129
13137
13138
13134
13142
13131
13129
13136
13134
13129
13133
13129
13125
13133
13143
13141
13139
13130
13137
13137
13130
13139
13133
13133
13134
13132
13126
13132
13135
13130
13130
13125
13130
13132
13129
13123
13124
13119
13124
13125
13123
13122
13121
13124
13134
13122
13133
13133
13142
13139
13136
13143
13137
13140
13134
13129
13126
13125
13130
13136
13128
13135
13142
13137
13140
13144
13144
13146
13138
13133
13134
13123
13120
13127
13127
13128
13129
13132
13142
13143
13143
13146
13144
13144
13141
13134
13133
13132
13141
13140
13143
13146
13144
13139
13142
13139
13135
13127
13125
13131
13122
13129
13123
13123
13125
13119
13121
13129
13126
13129
13131
13119
13123
13123
13118
13118
13121
13119
13122
13123
13123
13135
13133
13137
13138
13143
13137
13139
13139
13141
13143
13136
13134
