13132
13125
13126
13134
13142
13131
13135
13137
13137
13140
13133
13135
13134
13139
13137
13143
13137
13134
13135
13134
13141
13134
13125
13137
13131
13131
13139
13134
13126
13135
13137
13136
13139
13136
13129
13135
13133
13123
13130
13135
13133
13135
13136
13134
13139
13141
13133
13140
13140
13142
13153
13148
13145
13143
13141
13152
13142
13147
13145
13142
13149
13142
13137
13137
13131
13128
13132
13127
13118
13126
13125
13132
13127
13126
13127
13130
13131
13131
13143
13143
13134
13128
13128
13127
13136
13133
13125
13124
13127
13139
13134
13138
13142
13141
13136
13140
13134
13142
13146
13144
13148
13147
13138
13143
13145
13138
13134
13131
13127
13127
13122
13120
13123
13119
13128
13131
13136
13138
13144
13154
13143
13147
13150
13143
13148
13142
13143
13140
13137
13133
13133
13132
13126
13122
13125
13127
13120
13131
13135
13132
13140
13142
13135
13137
13135
13132
13134
13130
13131
13136
13139
13142
13140
13132
13132
13134
13129
13132
13134
13129
13128
13127
13127
13132
13128
13127
13130
13133
13134
13138
13135
13142
13141
13140
13137
13139
13136
13137
13140
13138
13139
13135
13134
13133
13119
13125
13132
13132
13127
13138
13139
13139
13147
13139
13145
13138
13143
13148
13146
13146
13141
13144
13139
13137
13133
13122
13124
13126
13121
13128
13123
13126
13126
13130
13136
13144
13125
13132
13127
13133
13137
13141
13139
13140
13138
13138
13136
13139
13128
13137
13126
13127
13125
13126
13128
13129
13126
13128
13134
13133
13134
13135
13132
13130
13133
13128
13129
13132
13129
13126
13125
13123
13121
13124
13122
13131
13134
13133
13137
13135
13136
13133
13126
13133
13128
13127
13144
13138
13138
13144
13140
13140
13141
13136
13137
13137
13139
13138
13131
13125
13119
13122
13117
13116
13123
13121
13126
13140
13147
13155
13151
13154
13149
13148
13143
13091
12972
12912
12869
12843
12835
12831
12837
12854
12861
12874
12893
12904
12918
12932
12933
12825
12752
12717
12693
12686
12697
12700
12716
12743
12763
12782
12804
12822
12853
12862
12879
12900
12912
12925
12943
12955
12959
12969
12976
12987
12988
13006
13019
13022
13030
13034
13043
13048
13052
13059
13075
13071
13071
13082
13078
13083
13089
13090
13094
13096
13100
13099
13100
13103
13100
13100
13101
13106
13105
13100
13100
13110
13110
13120
13119
13123
13126
13134
13138
13136
13132
13137
13140
13142
13145
13134
13127
13130
13123
13123
13127
13118
13123
13134
13134
13140
13137
13135
13136
13137
13132
13122
13119
13126
13120
13131
13128
13125
13130
13129
13129
13134
13133
13135
13136
13134
13134
13133
13132
13133
13129
13136
13140
13134
13128
13134
13132
13139
13134
13135
13133
13128
13129
13135
13125
13131
13127
13129
13134
13128
13131
13129
13132
13131
13137
13141
13137
13138
13143
13140
13136
13144
13139
13138
13146
13146
13142
13140
13140
13141
13142
13142
13150
13139
13141
13141
13139
13143
13142
13137
13145
13132
13126
13135
13133
13139
13143
13145
13146
13141
13143
13139
13135
13141
13134
13138
13130
13135
13138
13134
13137
13142
13133
13132
13134
13127
13133
13129
13125
13132
13120
13125
13120
13121
13121
13115
13125
13134
13129
13132
13042
12930
12828
12170
11583
11202
10670
10198
9951
9826
9823
9865
9981
10098
10255
10394
10445
10478
10578
10672
10798
10808
10846
10899
10994
11079
11184
11275
11380
11475
11584
11682
11774
11858
11949
12015
12094
12155
12217
12269
12333
12377
12420
12460
12506
12547
12590
12617
12649
12666
12696
12718
12737
12770
12789
12806
12829
12859
12877
12884
12905
12917
12931
12947
12960
12971
12973
12983
12994
13010
13010
13023
13026
13031
13041
13049
13053
13059
13068
13076
13085
13085
13078
13087
13077
13087
13083
13088
13089
13085
13087
13092
13101
13100
13102
13106
13117
13115
13118
13115
13118
13122
13118
13119
13124
13130
13130
13131
13131
13126
13117
13120
13123
13120
13130
13131
13127
13133
13129
13128
13130
13122
13121
13127
13125
13131
13139
13138
13133
13133
13133
13132
13123
13133
13135
13137
13132
13129
13135
13131
13126
13122
13119
13116
13113
13119
13124
13131
13136
13137
13132
13137
13135
13128
13123
13131
13134
13137
13133
13138
13142
13137
13134
13139
13136
13137
13138
13139
13133
13127
13125
13124
13128
13133
13127
13136
13137
13133
13144
13136
13133
13134
13137
13139
13142
13134
13132
13132
13126
13130
13122
13128
13123
13124
13121
13128
13133
13136
13133
13125
13137
13133
13142
13148
13149
13146
13143
13140
13135
13134
13129
13125
13131
13139
13141
13136
13137
13129
13131
13128
13128
13128
13131
13134
13135
13140
13140
13134
13132
13138
13138
13141
13139
13132
13135
13137
13133
13133
13129
13133
13138
13135
13129
13132
13125
13130
13131
13135
13124
13120
13117
13122
13128
13135
13139
13140
13145
13143
13149
13140
13145
13139
13132
13134
13139
13137
13145
13143
13145
13151
13135
13138
13132
13131
13133
13140
13138
13140
13132
13132
13142
13134
13126
13130
13134
13138
13135
13139
13139
13134
13129
13125
13126
13127
13123
13122
13122
13119
13119
13116
13122
13135
13128
13124
13126
13131
13136
13135
13130
13135
13132
13132
13135
13133
13129
13132
13135
13131
13121
13117
13130
13129
13124
13130
13128
13129
13133
13130
13132
13122
13118
13120
13119
13120
13115
13115
13114
13122
13126
13124
13119
13119
13127
13124
13114
13117
13120
13132
13129
13132
13126
13130
13132
13132
13137
13137
13133
13138
13135
13131
13134
13127
13121
13124
13130
13128
13130
13128
13135
13142
13142
13144
13145
13146
13144
13138
13134
13131
13142
13138
13142
13149
13143
13136
13130
13123
13127
13125
13126
13138
13143
13141
13143
13135
13140
13135
13138
13137
13134
13127
13134
13131
13135
13134
13131
13132
13133
13123
13131
13131
13134
13127
13129
13134
13129
13134
13129
13121
13125
13120
13122
13129
13121
13125
13126
13122
13130
13128
13134
13133
13124
13126
13135
13122
13124
13129
13133
13142
13134
13131
13139
13131
13132
13144
13143
13146
13143
13147
13142
13134
13140
13136
13137
13142
13146
13150
13161
13149
13155
13148
13144
13145
13142
13134
13131
13134
13126
13125
13123
13125
13116
13121
13127
13128
13123
13124
13119
13130
13127
13131
13140
13143
13147
13150
13142
13140
13137
13140
13141
13138
13142
13142
13147
13140
13142
13141
13142
13140
13147
13139
13137
13146
13148
13145
13139
13143
13139
13141
13142
13144
13136
13134
13134
13135
13142
13150
13144
13148
13136
13132
13137
13140
13132
13137
