13141
13136
13136
13139
13142
13132
13138
13135
13131
13124
13122
13115
13113
13116
13109
13119
13113
13114
13121
13121
13116
13131
13124
13135
13140
13139
13147
13149
13152
13149
13144
13147
13145
13145
13138
13133
13134
13129
13131
13136
13133
13134
13139
13144
13147
13146
13146
13142
13146
13139
13145
13148
13152
13152
13146
13149
13146
13135
13137
13126
13116
13119
13122
13127
13122
13131
13134
13135
13135
13132
13133
13145
13145
13142
13143
13145
13151
13145
13145
13145
13143
13143
13139
13149
13141
13138
13140
13136
13132
13131
13141
13143
13150
13152
13151
13155
13151
13144
13158
13155
13155
13157
13143
13144
13146
13143
13133
13136
13136
13134
13135
13138
13142
13140
13141
13133
13142
13133
13130
13137
13136
13136
13131
13129
13123
13121
13113
13117
13109
13116
13120
13125
13127
13135
13137
13144
13133
13122
13131
13127
13124
13129
13118
13123
13127
13126
13118
13118
13119
13119
13123
13124
13124
13129
13126
13120
13126
13115
13120
13128
13123
13120
13123
13120
13123
13125
13123
13131
13124
13133
13127
13121
13128
13135
13138
13141
13129
13134
13140
13138
13129
13132
13128
13125
13122
13121
13119
13119
13129
13130
13124
13131
13132
13140
13146
13137
13146
13136
13141
13148
13149
13141
13142
13138
13149
13140
13131
13135
13126
13138
13141
13141
13141
13143
13141
13149
13155
13155
13155
13144
13142
13146
13141
13145
13142
13137
13134
13138
13135
13138
13137
13140
13139
13141
13146
13142
13145
13138
13134
13146
13142
13139
13135
13134
13136
13137
13133
13130
13123
13132
13133
13132
13140
13143
13138
13140
13138
13140
13140
13133
13128
13139
13134
13135
13135
13131
13133
13132
13134
13132
13125
13123
13127
13131
13124
13128
13134
13136
13130
13138
13141
13137
13130
13139
13139
13138
13136
13143
13135
13136
13136
13135
13130
13130
13126
13132
13121
13120
13122
13121
13120
13129
13124
13132
13134
13139
13135
13134
13128
13130
13129
13134
13133
13134
13131
13124
13128
13123
13118
13117
13113
13121
13126
13122
13132
13135
13124
13138
13128
13129
13119
13119
13119
13126
13121
13131
13124
13123
13131
13132
13132
13137
13136
13139
13141
13141
13137
13142
13143
13148
13144
13141
13140
13130
13004
12913
12858
12831
12816
12814
12817
12822
12838
12859
12877
12889
12905
12928
12933
12945
12963
12970
12984
12986
12997
13009
13016
13012
13024
13026
13032
13034
13031
13038
13042
13042
13045
13060
13059
13060
13066
13077
13079
13079
13078
13083
13087
13090
13091
13099
13102
13106
13108
13108
13113
13122
13118
13122
13116
13114
13123
13116
13121
13113
13120
13127
13120
13118
13124
13118
13118
13129
13131
13134
13140
13146
13148
13142
13143
13140
13142
13143
13145
13137
13135
13129
13136
13132
13134
13132
13133
13133
13128
13124
13126
13128
13123
13127
13122
13133
13130
13125
13127
13139
13135
13140
13141
13136
13136
13136
13132
13139
13126
13133
13138
13130
13132
13136
13138
13136
13141
13138
13148
13146
13146
13138
13137
13128
13130
13135
13130
13133
13131
13138
13134
13134
13127
13135
13125
13123
13131
13137
13137
13143
13135
13134
13141
13134
13134
13132
13137
13102
12643
11953
11013
10300
9923
9614
9454
9398
9453
9510
9640
9759
9923
10079
10267
10418
10585
10733
10888
11026
11168
11284
11414
11515
11622
11715
11804
11890
11969
12032
12107
12166
12230
12285
12346
12391
12449
12485
12536
12569
12599
12641
12682
12703
12722
12747
12777
12793
12815
12829
12846
12860
12878
12893
12914
12924
12933
12955
12971
12980
12982
12986
12996
13008
13015
13022
13025
13032
13043
13051
13055
13064
13063
13072
13074
13076
13086
13091
13094
13102
13099
13100
13101
13106
13100
13103
13106
13108
13109
13113
13115
13119
13122
13120
13128
13124
13121
13128
13131
13124
13119
13123
13121
13127
13130
13135
13130
13133
13134
13132
13128
13127
13129
13129
13123
13112
13121
13115
13123
13126
13121
13128
13134
13145
13140
13139
13137
13136
13134
13138
13137
13137
13132
13133
13141
13141
13134
13136
13137
13143
13137
13137
13131
13128
13131
13141
13132
13135
13142
13140
13142
13142
13141
13153
13143
13140
13143
13133
13128
13134
13128
13132
13130
13126
13122
13121
13114
13114
13118
13126
13123
13134
13132
13136
13140
13137
13136
13143
13137
13142
13140
13141
13149
13140
13141
13147
13143
13146
13147
13139
13137
13142
13137
13148
13150
13146
13141
13132
13129
13143
13141
13147
13146
13145
13140
13141
13142
13140
13139
13137
13128
13132
13129
13127
13136
13132
13128
13135
13133
13137
13138
13135
13142
13143
13145
13147
13137
13132
13132
13121
13121
13123
13122
13132
13126
13125
13135
13135
13134
13142
13129
13132
13125
13122
13127
13125
13131
13133
13135
13138
13132
13133
13138
13138
13140
13140
13135
13139
13135
13124
13121
13125
13119
13117
13113
13120
13114
13117
13118
13119
13121
13121
13126
13133
13132
13134
13135
13134
13135
13135
13129
13133
13130
13133
13138
13141
13142
13139
13135
13129
13132
13134
13132
13125
13130
13129
13127
13138
13138
13139
13130
13131
13129
13134
13138
13141
13135
13138
13135
13137
13134
13141
13140
13142
13138
13129
13133
13125
13126
13132
13136
13129
13125
13129
13121
13129
13133
13129
13123
13124
13125
13128
13132
13135
13136
13130
13130
13138
13139
13136
13134
13137
13141
13136
13138
13141
13132
13134
13138
13138
13149
13141
13150
13146
13135
13136
13139
13129
13125
13131
13129
13132
13138
13136
13140
13143
13143
13141
13141
13137
13128
13128
13121
13124
13134
13137
13134
13132
13130
13139
13142
13131
13133
13126
13126
13131
13131
13127
13128
13132
13134
13136
13135
13137
13128
13121
13130
13129
13132
13133
13125
13129
13134
13131
13137
13135
13138
13137
13136
13144
13136
13135
13136
13132
13139
13129
13128
13129
13129
13128
13125
13134
13130
13137
13141
13143
13141
13139
13142
13141
13140
13135
13132
13132
13128
13125
13136
13133
13131
13141
13136
13141
13145
13148
13144
13140
13137
13137
13142
13142
13134
13138
13137
13135
13146
13137
13132
13136
13136
13136
13137
13134
13142
13137
13134
13136
13128
13135
13141
13136
13136
13137
13138
13147
13136
13133
13140
13137
13139
13148
13142
13145
13142
13137
13134
13134
13136
13132
13133
13136
13134
13130
13127
13137
13135
13130
13126
13126
13133
13139
13138
13136
13136
13137
13140
13145
13136
13140
13145
13140
13139
13144
13142
13140
13135
13130
13130
13128
13132
13132
13129
13130
13126
13127
13118
13117
13121
13116
