13130
13137
13137
13136
13138
13147
13143
13140
13138
13131
13137
13132
13128
13137
13126
13131
13131
13129
13126
13135
13134
13132
13134
13137
13133
13136
13129
13124
13124
13125
13127
13124
13124
13129
13132
13137
13136
13132
13129
13131
13133
13131
13136
13130
13138
13137
13139
13144
13142
13142
13152
13150
13148
13149
13136
13138
13139
13140
13137
13131
13124
13115
13118
13120
13123
13131
13133
13136
13141
13134
13133
13140
13141
13139
13144
13147
13144
13138
13137
13138
13136
13147
13140
13143
13148
13154
13154
13147
13134
13126
13133
13127
13119
13124
13120
13133
13143
13139
13136
13135
13139
13129
13137
13141
13142
13142
13137
13130
13128
13121
13130
13135
13128
13137
13141
13143
13146
13141
13135
13132
13127
13124
13117
13117
13120
13120
13126
13129
13117
13121
13131
13127
13122
13132
13129
13128
13134
13137
13133
13137
13139
13134
13130
13135
13130
13134
13133
13129
13142
13132
13130
13132
13132
13135
13132
13134
13122
13122
13124
13126
13124
13131
13129
13126
13131
13133
13132
13137
13130
13127
13129
13118
13125
13125
13115
13125
13123
13121
13119
13121
13119
13124
13127
13123
13123
13126
13121
13124
13133
13122
13126
13126
13119
13127
13118
13125
13124
13125
13125
13125
13119
13125
13127
13129
13130
13131
13122
13138
13134
13132
13145
13143
13139
13138
13127
13123
13126
13128
13134
13132
13136
13128
13135
13136
13134
13136
13138
13137
13150
13141
13138
13144
13140
13140
13137
13138
13134
13125
13130
13126
13127
13126
13121
13114
13121
13131
13130
13136
13127
13128
13132
13131
13126
13129
13127
13134
13129
13137
13137
13136
13142
13139
13142
13142
13133
13128
13125
13124
13132
13131
13134
13125
13131
13135
13134
13126
13131
13133
13136
13131
13126
13124
13132
13136
13134
13130
13133
13138
13135
13137
13140
13127
13130
13127
13123
13130
13131
13127
13130
13129
13135
13132
13128
13125
13123
13115
13118
13115
13119
13112
13120
13126
13120
13124
13121
13124
13130
13133
13132
13137
13142
13136
13137
13135
13142
13136
13140
13137
13137
13137
13142
13138
13135
13136
13130
13130
13134
13132
13132
13129
13129
13135
13137
13135
13125
13129
13131
13129
13128
13119
13117
13122
13128
13124
13121
13120
13130
13133
13134
13132
13128
13126
13124
13123
13133
13128
13134
13141
13136
13138
13148
13146
13146
13138
13133
13122
13125
13118
13120
13122
13126
13126
13135
13136
13140
13141
13141
13141
13142
13129
13137
13136
13134
13132
13133
13137
13137
13138
13139
13139
13128
13132
13138
13134
13134
13135
13141
13154
13152
13142
13148
13145
13140
13147
13150
13155
13147
13143
13145
13143
13141
13135
13140
13142
13148
13140
13133
13135
13140
13133
13135
13141
13136
13139
13139
13137
13126
13121
13117
13117
13107
13107
13106
13114
13115
13119
13117
13120
13119
13117
13125
13119
13124
13125
13115
13122
13126
13131
13134
13131
13133
13133
13134
13135
13127
13130
13125
13130
13129
13121
13115
13122
13122
13128
13128
13129
13125
13130
13132
13136
13130
13137
13135
13128
13129
13127
13133
13145
13142
13137
13143
13143
13138
13138
13135
13136
13122
13118
13116
13120
13123
13124
13126
13131
13134
13035
12663
12339
12095
11948
11879
11859
11875
11893
11938
11984
12044
12104
12165
12224
12282
12311
12238
12202
12208
12221
12254
12287
12321
12354
12406
12443
12488
12524
12563
12593
12630
12658
12693
12717
12747
12759
12787
12816
12841
12864
12880
12893
12910
12913
12926
12936
12948
12960
12970
12979
12995
13004
13012
13022
13025
13030
13042
13038
13043
13042
13051
13066
13061
13064
13075
13073
13072
13091
13087
13089
13096
13097
13094
13095
13099
13099
13100
13105
13107
13110
13114
13121
13120
13106
13105
13106
13102
13106
13107
13110
13107
13109
13106
13100
13099
13106
13110
13107
13116
13117
13131
13138
13136
13135
13138
13134
13136
13133
13127
13126
13135
13132
13135
13129
13136
13125
13127
13133
13129
13126
13132
13131
13136
13129
13128
13129
13129
13128
13121
13126
13131
13129
13127
13126
13128
13134
13132
13124
13126
13125
13122
13130
13124
13121
13130
13121
13118
13118
13108
13112
13111
13121
13128
13126
13126
13121
13127
13131
13129
13126
13126
13128
13131
13117
13116
13115
13110
13114
13114
13118
13126
13129
13126
13124
13117
13116
13123
13120
13117
13121
13119
13128
13128
13129
13142
13144
13146
13144
13140
13142
13145
13136
13134
13130
13126
13131
13133
13128
13127
13135
13140
13137
13139
13136
13135
13142
13137
13132
13126
13131
13127
13134
13130
13135
13131
13127
13132
13127
13132
13130
13130
13140
13132
13136
13138
13125
13126
13135
13134
13136
13136
13138
13136
13134
13126
13122
13126
13129
13134
13132
13132
13129
13135
13128
13127
13137
13140
13147
13143
13141
13143
13136
13128
13129
13124
13128
13134
13134
13135
13135
13133
13139
13140
13136
13144
13138
13134
13136
13132
13133
13133
13133
13142
13138
13139
13131
13130
13134
13134
13131
13129
13121
13133
13120
13117
13117
13124
13118
13119
13123
13119
13124
13123
13125
13121
13126
13126
13132
13137
13141
13134
13136
13137
13136
13139
13139
13135
13135
13126
13122
13129
13131
13138
13136
13139
13136
13139
13138
13132
13132
13126
13127
13132
13123
13115
13118
13126
13125
13125
13122
13125
13131
13133
13139
13134
13130
13131
13129
13128
13123
13120
13134
13129
13126
13135
13138
13134
13137
13130
13134
13138
13141
13135
13142
13135
13133
13136
13144
13144
13138
13133
13135
13137
13136
13132
13139
13137
13138
13136
13133
13130
13139
13133
13137
13130
13136
13131
13128
13128
13130
13129
13137
13136
13125
13130
13130
13127
13126
13123
13129
13134
13124
13124
13123
13124
13126
13125
13130
13130
13129
13118
13116
13123
13121
13113
13119
13127
13132
13130
13122
13121
13121
13120
13124
13125
13134
13138
13133
13138
13129
13125
13132
13128
13125
13134
13130
13127
13134
13134
13137
13138
13138
13132
13125
13120
13119
13115
13113
13103
13106
13111
13115
13123
13116
13113
13116
13115
13116
13119
13117
13119
13126
13121
13126
13122
13131
13135
13128
13126
13128
13123
13129
13121
13126
13137
13123
13133
13140
13134
13139
13143
13139
13142
13133
13127
13122
13120
13129
13119
13124
13119
13126
13135
13138
13133
13134
13130
13137
13130
13137
13138
13140
13135
13131
13129
13134
13138
13136
13146
13147
13152
13153
13144
13141
13135
13131
13123
13133
13128
13119
13123
13129
13131
13139
13135
13137
13134
13134
13130
13125
13121
13121
13137
13132
