13129
13131
13130
13127
13131
13133
13131
13130
13121
13121
13133
13127
13129
13132
13126
13121
13124
13122
13123
13124
13132
13130
13132
13138
13142
13148
13145
13146
13149
13148
13145
13148
13143
13147
13142
13139
13136
13138
13132
13139
13128
13133
13131
13134
13129
13131
13129
13134
13131
13135
13131
13129
13126
13137
13138
13142
13150
13145
13151
13148
13154
13145
13145
13147
13142
13143
13140
13139
13151
13143
13139
13138
13136
13128
13132
13131
13141
13138
13140
13145
13144
13146
13152
13142
13142
13134
13134
13136
13133
13125
13137
13130
13130
13132
13127
13134
13137
13144
13146
13142
13138
13128
13131
13132
13129
13124
13127
13128
13133
13131
13131
13136
13139
13142
13144
13142
13145
13143
13142
13145
13133
13138
13139
13134
13140
13143
13145
13155
13143
13143
13151
13144
13141
13139
13134
13135
13138
13138
13134
13137
13136
13132
13134
13132
13132
13132
13130
13133
13135
13135
13139
13139
13135
13134
13141
13138
13140
13144
13141
13135
13130
13139
13138
13140
13143
13142
13141
13146
13135
13137
13138
13136
13136
13145
13137
13145
13142
13128
13132
13132
13135
13132
13135
13141
13139
13140
13135
13132
13143
13139
13136
13145
13145
13147
13142
13133
13129
13131
13127
13132
13130
13130
13135
13129
13136
13134
13127
13129
13124
13127
13140
13138
13133
13138
13128
13128
13142
13140
13142
13144
13144
13135
13126
13135
13126
13126
13123
13128
13136
13130
13132
13129
13133
13141
13139
13142
13142
13141
13138
13142
13135
13136
13136
13130
13139
13132
13126
13137
13133
13133
13140
13134
13136
13141
13137
13132
13135
13133
13135
13138
13143
13131
13137
13143
13138
13133
13139
13137
13144
13140
13138
13139
13136
13131
13129
13132
13128
13136
13132
13143
13135
13137
13139
13138
13139
13147
13147
13141
13133
13131
13136
13131
13129
13136
13131
13132
13134
13130
13123
13133
13138
13133
13137
13141
13140
13139
13136
13134
13134
13126
13136
13140
13139
13140
13141
13137
13134
13136
13137
13135
13131
13134
13136
13133
13136
13135
13133
13133
13129
13126
13136
13138
13134
13139
13134
13140
13138
13131
13133
13131
13134
13132
13135
13141
13141
13147
13144
13138
13141
13134
13126
13131
13125
13131
13136
13132
13130
13140
13126
13129
13120
13127
13130
13132
13137
13127
13131
13131
13130
13130
13135
13136
13131
13138
13130
13136
13133
13135
13136
13139
13133
13134
13126
13133
13131
13133
13138
13140
13141
13132
13132
13137
13133
13134
13135
13139
13134
13130
13130
13128
13119
13125
13129
13127
13128
13131
13125
13132
13128
13131
13138
13132
13132
13139
13135
13139
13134
13134
13133
13131
13129
13127
13120
13115
13124
13120
13121
13128
13127
13130
13135
13140
13142
13139
13142
13138
13133
13132
13135
13138
13135
13137
13128
13126
13126
13133
13138
13134
13134
13126
13136
13122
13120
13122
13127
13128
13133
13135
13138
13138
13142
13142
13149
13151
13148
13150
13142
13136
13139
13130
13131
13126
13118
13124
13125
13117
13119
13121
13117
13129
13129
13129
13133
13134
13126
13135
13132
13134
13125
13128
13133
13131
13130
13129
13124
13128
13125
13125
13128
13131
13119
12629
11672
11002
10609
10338
10112
10009
10027
10072
10094
10087
10055
10054
10143
10227
10359
10484
10637
10770
10910
11041
11170
11282
11411
11512
11621
11719
11812
11886
11984
12045
12126
12191
12254
12304
12353
12388
12438
12481
12523
12568
12599
12631
12664
12685
12715
12727
12759
12781
12799
12824
12851
12869
12895
12914
12929
12938
12945
12957
12962
12975
12978
12983
12993
13009
13016
13031
13032
13029
13038
13036
13044
13054
13051
13060
13068
13068
13076
13073
13071
13079
13087
13099
13106
13104
13103
13107
13115
13107
13111
13112
13106
13109
13105
13103
13103
13107
13108
13119
13119
13122
13121
13108
13123
13123
13132
13137
13131
13128
13134
13131
13129
13139
13132
13131
13128
13125
13127
13126
13134
13130
13134
13139
13142
13142
13148
13149
13153
13148
13147
13145
13141
13133
13127
13130
13128
13128
13127
13130
13120
13130
13125
13119
13120
13126
13125
13134
13128
13131
13132
13125
13122
13122
13120
13120
13124
13120
13123
13127
13125
13119
13121
13127
13128
13137
13134
13131
13127
13125
13070
12949
12868
12821
12793
12792
12799
12800
12813
12824
12844
12865
12882
12885
12897
12916
12929
12948
12872
12814
12796
12788
12780
12790
12793
12814
12835
12859
12875
12887
12903
12922
12934
12955
12969
12977
12991
12998
13020
13018
13017
13023
13022
13034
13038
13053
13054
13053
13048
13065
13064
13072
13077
13080
13081
13086
13080
13088
13093
13089
13093
13097
13095
13105
13103
13106
13111
13109
13113
13117
13125
13120
13122
13126
13120
13117
13115
13126
13126
13124
13131
13136
13130
13131
13126
13122
13125
13129
13133
13134
13129
13128
13133
13129
13134
13143
13144
13148
13143
13141
13146
13131
13126
13127
13128
13129
13134
13128
13131
13130
13134
13122
13121
13122
13120
13116
13116
13116
13122
13123
13118
13122
13118
13121
13127
13130
13131
13128
13131
13142
13143
13145
13142
13137
13138
13139
13136
13142
13137
13129
13127
13115
13113
13122
13125
13129
13128
13135
13138
13141
13142
13142
13145
13150
13145
13140
13137
13130
13135
13131
13127
13126
13123
13127
13133
13136
13143
13144
13142
13142
13133
13133
13134
13130
13127
13125
13131
13135
13128
13127
13131
13134
13138
13146
13141
13140
13140
13143
13148
13148
13141
13142
13141
13147
13147
13142
13135
13136
13133
13126
13116
13117
13119
13121
13123
13118
13120
13119
13119
13130
13125
13133
13142
13138
13135
13138
13139
13142
13135
13134
13147
13142
13142
13150
13149
13149
13156
13153
13163
13156
13151
13141
13134
13131
13126
13130
13131
13130
13144
13143
13140
13144
13067
12964
12901
12858
12840
12828
12829
12836
12841
12852
12873
12890
12899
12909
12929
12946
12962
12970
12992
12998
13001
13009
13014
13024
13028
13037
13049
13057
13059
13058
13063
13065
13067
13070
13071
13076
13084
13083
13088
13101
13106
13105
13104
13107
13105
13112
13119
13120
13120
13124
13119
13122
13125
13123
13128
13130
13131
13122
13130
13126
13123
13127
13119
13123
13125
13132
13130
13133
13135
13132
13129
13136
13127
13124
13125
13130
13127
13122
13121
13134
13129
13134
13133
13135
13138
13142
13142
13149
13144
13136
13135
13139
13142
13138
13143
13151
13149
13138
13146
13134
13132
13135
13136
13137
13137
13128
13124
13125
13131
13135
13136
13130
13128
13133
13134
13134
13137
13130
