13138
13141
13142
13145
13142
13137
13137
13141
13130
13134
13131
13128
13128
13135
13129
13137
13127
13125
13132
13133
13130
13135
13126
13134
13129
13130
13138
13141
13136
13134
13131
13138
13128
13128
13122
13113
13127
13125
13124
13125
13124
13128
13131
13132
13134
13141
13135
13140
13130
13133
13132
13125
13136
13137
13133
13146
13146
13137
13141
13139
13138
13142
13136
13134
13129
13136
13142
13139
13135
13137
13139
13142
13141
13132
13125
13125
13135
13126
13128
13126
13119
13120
13125
13129
13127
13128
13129
13136
13135
13131
13133
13128
13131
13135
13134
13139
13137
13135
13135
13137
13138
13137
13135
13139
13144
13138
13139
13140
13141
13135
13130
13136
13133
13132
13132
13124
13129
13117
13118
13124
13127
13131
13127
13126
13124
13125
13132
13135
13130
13127
13128
13124
13124
13130
13127
13131
13135
13129
13133
13133
13133
13132
13129
13128
13129
13127
13134
13137
13144
13138
13135
13126
13127
13126
13129
13124
13125
13129
13131
13130
13134
13135
13139
13138
13142
13140
13142
13148
13150
13154
13155
13151
13157
13156
13149
13148
13143
13141
13150
13141
13142
13143
13142
13143
13142
13137
13142
13132
13148
13140
13153
13152
13155
13153
13155
13151
13163
13154
13149
13154
13153
13151
13155
13150
13144
13142
13138
13139
13134
13131
13135
13129
13135
13141
13136
13143
13135
13132
13141
13137
13134
13133
13134
13138
13142
13139
13145
13137
13141
13138
13144
13139
13142
13138
13135
13139
13141
13136
13130
13130
13133
13129
13126
13125
13125
13129
13128
13135
13130
13124
13129
13119
13122
13124
13129
13128
13132
13128
13133
13127
13121
13121
13123
13131
13136
13131
13131
13128
13133
13134
13132
13126
13122
13121
13117
13128
13132
13118
13123
13127
13123
13128
13124
13123
13126
13126
13130
13131
13129
13138
13143
13142
13139
13134
13128
13130
13129
13121
13135
13122
13127
13135
13139
13133
13136
13133
13132
13127
13132
13126
13132
13138
13133
13132
13131
13127
13133
13130
13128
13134
13137
13138
13136
13139
13141
13137
13138
13132
13135
13143
13146
13149
13155
13147
13142
13147
13148
13138
13145
13138
13137
13145
13137
13145
13146
13147
13149
13148
13146
13146
13143
13150
13145
13141
13136
13122
13125
13121
13121
13122
13125
13130
13128
13127
13128
13122
13126
13133
13124
13133
13134
13133
13136
13133
13130
13132
13129
13130
13134
13134
13130
13137
13124
13122
13126
13127
13132
13132
13135
13126
13133
13132
13129
13135
13135
13134
13134
13128
13125
13132
13125
13128
13122
13128
13126
13125
13131
13135
13132
13143
13143
13136
13141
13138
13139
13138
13129
13123
13129
13127
13137
13143
13141
13146
13146
13150
13146
13140
13135
13132
13127
13123
13120
13126
13127
13132
13137
13131
13127
13128
13141
13137
13140
13137
13138
13142
13141
13141
13134
13060
12951
12880
12840
12815
12811
12816
12818
12827
12845
12856
12874
12885
12902
12912
12925
12936
12950
12956
12969
12983
12998
13013
13018
13031
13038
13042
13048
13055
13051
13061
13066
13075
13082
13086
13086
13092
13095
13103
13096
13105
13108
13105
13104
13100
13097
13101
13102
13100
13113
13110
13111
13115
13119
13130
13132
13132
13122
12931
12125
11186
10515
10020
9772
9621
9608
9641
9727
9711
9803
9889
9973
10063
10200
10328
10492
10624
10778
10917
11056
11177
11315
11425
11545
11634
11744
11824
11911
11977
12057
12119
12191
12244
12308
12358
12413
12453
12498
12527
12565
12596
12628
12661
12688
12716
12745
12758
12792
12812
12843
12865
12879
12894
12906
12920
12926
12945
12955
12958
12960
12972
12977
12990
13001
13010
13021
13034
13040
13042
13055
13053
13059
13069
13069
13076
13082
13080
13085
13086
13090
13091
13090
13099
13099
13102
13100
13097
13106
13101
13098
13104
13109
13108
13110
13111
13114
13115
13112
13112
13102
13117
13122
13122
13125
13124
13124
13133
13135
13134
13140
13134
13133
13137
13132
13132
13131
13122
13127
13129
13133
13132
13132
13132
13124
13131
13135
13127
13127
13125
13127
13124
13121
13120
13131
13132
13133
13133
13126
13131
13129
13131
13127
13126
13134
13137
13137
13137
13136
13136
13142
13138
13141
13140
13139
13133
13139
13130
13120
13121
13114
13111
13110
13106
13107
13116
13124
13123
13130
13126
13133
13128
13133
13128
13129
13136
13143
13138
13137
13141
13142
13140
13145
13134
13141
13139
13133
13135
13131
13129
13134
13131
13131
13131
13117
13122
13127
13131
13134
13133
13134
13135
13138
13138
13137
13139
13145
13139
13137
13138
13133
13136
13136
13129
13132
13130
13133
13122
13122
13133
13133
13133
13126
13127
13126
13125
13129
13137
13135
13137
13146
13138
13140
13143
13142
13146
13140
13137
13136
13131
13132
13125
13135
13140
13137
13138
13136
13129
13130
13113
13114
13115
13112
13115
13118
13115
13124
13132
13135
13136
13125
13129
13125
13131
13124
13126
13124
13131
13131
13127
13136
13138
13135
13140
13137
13142
13144
13142
13141
13140
13135
13134
13137
13136
13141
13135
13135
13136
13135
13130
13128
13140
13141
13141
13143
13144
13147
13140
13139
13140
13135
13138
13133
13122
13128
13130
13130
13142
13139
13134
13138
13138
13140
13136
13128
13124
13129
13129
13120
13115
13122
13124
13127
13131
13130
13126
13131
13137
13148
13144
13149
13147
13146
13150
13148
13143
13137
13137
13133
13137
13131
13135
13130
13121
13128
13128
13131
13136
13136
13132
13135
13131
13130
13140
13137
13135
13131
13136
13131
13131
13129
13126
13129
13142
13131
13129
13126
13126
13130
13118
13117
13124
13118
13116
13117
13120
13129
13135
13132
13133
13129
13132
13137
13135
13125
13124
13123
13127
13123
13126
13120
13122
13120
13130
13126
13132
13139
13143
13140
13144
13142
13136
13138
13137
13130
13137
13134
13130
13129
13124
13121
13129
13121
13130
13130
13134
13123
13127
13130
13129
13126
13134
13135
13137
13144
13143
13139
13142
13137
13127
13134
13126
13120
13127
13128
13132
13128
13129
13124
13132
13130
13129
13133
13131
13123
13131
13137
13134
13147
13135
13129
13134
13135
13135
13134
13124
13127
13126
13125
13133
13126
13135
13131
13139
13138
13137
13139
13146
13142
13136
13149
13144
13141
13143
13143
13141
13138
13134
13129
13137
13131
13121
13117
13123
13127
13125
13126
13131
13144
13137
13136
13132
13123
13122
13121
13120
13122
13122
13119
13127
13124
13133
13133
13133
13130
13132
13129
13136
13131
13126
13133
13125
13123
13124
13124
13122
13122
13120
13122
13121
13122
13124
