13147
13140
13144
13134
13136
13141
13141
13140
13136
13139
13137
13136
13133
13128
13122
13122
13126
13131
13136
13125
13132
13123
13119
13125
13121
13129
13132
13129
13126
13115
13115
13124
13112
13118
13115
13113
13116
13114
13119
13123
13118
13119
13126
13132
13130
13138
13135
13135
13141
13141
13140
13138
13136
13129
13129
13135
13134
13137
13140
13142
13147
13142
13133
13138
13134
13137
13137
13136
13129
13129
13130
13131
13131
13130
13141
13138
13136
13136
13135
13134
13134
13137
13145
13138
13136
13136
13139
13137
13133
13129
13130
13138
13140
13132
13130
13128
13126
13126
13129
13131
13133
13126
13125
13134
13137
13139
13132
13135
13137
13137
13139
13138
13136
13137
13135
13135
13134
13131
13134
13137
13132
13128
13135
13131
13130
13131
13125
13138
13142
13139
13144
13143
13141
13139
13139
13134
13129
13126
13122
13129
13142
13133
13131
13139
13129
13133
13129
13133
13132
13132
13137
13138
13130
13138
13136
13138
13149
13145
13141
13143
13142
13143
13146
13138
13141
13140
13137
13138
13137
13132
13127
13133
13136
13131
13131
13133
13128
13137
13141
13135
13135
13131
13122
13126
13125
13123
13121
13128
13129
13130
13130
13134
13122
13126
13126
13127
13126
13135
13133
13137
13132
13133
13133
13133
13125
13129
13123
13128
13129
13127
13126
13127
13131
13130
13126
13130
13129
13139
13139
13136
13142
13136
13138
13141
13141
13138
13139
13139
13138
13140
13135
13137
13127
13138
13135
13130
13130
13133
13135
13138
13134
13133
13139
13139
13142
13143
13136
13141
13134
13131
13130
13133
13132
13132
13128
13131
13126
13128
13133
13136
13141
13139
13140
13154
13149
13146
13142
13146
13149
13153
13147
13153
13141
13148
13148
13145
13147
13145
13144
13145
13142
13143
13150
13149
13139
13141
13134
13135
13137
13142
13138
13142
13145
13144
13145
13149
13146
13141
13143
13133
13139
13134
13125
13133
13138
13138
13148
13152
13157
13154
13154
13150
13146
13146
13139
13131
13132
13132
13129
13132
13130
13130
13135
13131
13128
13129
13126
13131
13133
13133
13123
13123
13124
13132
13133
13138
13135
13140
13132
13138
13143
13134
13134
13135
13145
13145
13142
13136
13143
13146
13146
13151
13143
13146
13144
13144
13145
13149
13143
13145
13139
13138
13139
13137
13132
13145
13145
13144
13148
13148
13149
13146
13146
13146
13142
13145
13148
13144
13143
13139
13141
13127
13131
13138
13134
13126
13124
13123
13127
13125
13124
13128
13123
13127
13123
13118
13122
13124
13125
13136
13133
13136
13142
13135
13134
13134
13129
13130
13122
13117
13114
13122
13125
13121
13128
13135
13132
13129
13119
13115
13126
13121
13130
13133
13136
13142
13139
13137
13135
13128
13127
13132
13131
13139
13137
13134
13134
13136
13137
13138
13134
13134
13141
13129
13130
13125
13123
13126
13134
13135
13134
13136
13134
13131
13132
13140
13140
13133
13127
13132
13136
13127
13126
13125
13123
13126
13125
13124
13127
13124
13123
13128
13126
13129
13125
13124
13125
13124
13128
13135
13127
13129
13138
13133
13137
13138
13135
13134
13140
13138
13136
13134
13127
13121
13117
13122
13121
13127
13132
13132
13139
13138
13136
13047
12639
12117
11691
11438
11306
11246
11251
11283
11356
11422
11512
11583
11675
11747
11834
11913
11987
12058
12137
12190
12259
12313
12368
12414
12470
12506
12550
12579
12614
12639
12672
12708
12734
12753
12777
12802
12831
12843
12858
12876
12887
12907
12921
12934
12947
12961
12978
12990
12994
13013
13028
13035
13037
13042
13043
13049
13046
13052
13062
13068
13064
13071
13068
13075
13083
13088
13094
13092
13094
13093
13097
13107
13101
13102
13096
13101
13116
13110
13113
13123
13119
13127
13126
13118
13123
13123
13128
13125
13124
13131
13127
13127
13130
13130
13128
13144
13136
13137
13141
13135
13132
13136
13128
13129
13131
13135
13131
13132
13130
13128
13117
13122
13120
13121
13119
13118
13123
13108
13117
13121
13118
13121
13124
13122
13130
13132
13128
13132
13120
13122
13124
13123
13128
13127
13122
13132
13123
13117
13128
13125
13133
13136
13129
13136
13136
13134
13136
13132
13133
13122
13126
13125
13123
13124
13124
13117
13126
13127
13124
13134
13132
13131
13121
13126
13133
13134
13133
13136
13132
13129
13141
13133
13134
13141
13144
13149
13141
13134
13136
13128
13131
13130
13128
13121
13127
13135
13131
13137
13142
13140
13142
13142
13135
13134
13132
13131
13137
13133
13136
13131
13128
13131
13132
13135
13140
13142
13141
13134
13126
13128
13129
13128
13132
13133
13132
13138
13127
13119
13133
13134
13128
13138
13136
13136
13137
13137
13131
13123
13128
13132
13137
13145
13141
13139
13147
13149
13154
13146
13149
13144
13137
13133
13123
13123
13125
13129
13132
13134
13135
13138
13140
13138
13138
13133
13130
13132
13133
13128
13137
13130
13135
13133
13125
13123
13125
13121
13124
13132
13139
13131
13136
13136
13134
13130
13126
13125
13138
13135
13139
13137
13133
13135
13127
13132
13134
13131
13129
13132
13125
13133
13125
13120
13122
13126
13134
13135
13136
13122
13129
13135
13137
13137
13131
13130
13129
13133
13132
13134
13141
13140
13141
13138
13130
13131
13134
13130
13138
13131
13124
13129
13131
13135
13133
13130
13137
13131
13132
13133
13127
13134
13134
13139
13142
13140
13137
13140
13142
13135
13145
13137
13130
13132
13127
13132
13134
13138
13132
13133
13139
13137
13136
13149
13141
13141
13139
13137
13140
13136
13132
13131
13129
13137
13127
13127
13125
13123
13122
13128
13122
13121
13117
13116
13117
13122
13120
13128
13125
13121
13126
13120
13121
13126
13121
13131
13133
13136
13132
13134
13139
13135
13137
13138
13142
13140
13136
13136
13141
13135
13134
13138
13135
13140
13133
13138
13136
13135
13133
13140
13137
13141
13137
13137
13138
13142
13141
13138
13129
13128
13132
13129
13125
13131
13121
13132
13127
13128
13120
13128
13130
13119
13132
13127
13128
13126
13129
13133
13131
13128
13127
13133
13136
13133
13130
13134
13135
13132
13135
13138
13135
13133
13135
13137
13130
13130
13121
13132
13129
13122
13127
13127
13125
13132
13132
13135
13139
13140
13140
13142
13138
13139
13138
13139
13142
13138
13138
13132
13140
13135
13142
13141
13138
13133
13123
13123
13118
13120
13118
13132
13129
13129
13128
13124
13122
13119
13124
13130
13134
13140
13147
13137
13134
13140
13134
13135
13134
13135
13124
13121
13120
13113
13118
13124
13133
13133
13135
13137
13143
13138
13136
13135
13130
13134
13133
13137
13135
13134
