13138
13139
13145
13142
13138
13126
13117
13127
13129
13128
13129
13133
13135
13123
13132
13133
13131
13138
13134
13129
13130
13122
13122
13126
13127
13131
13132
13127
13130
13127
13131
13130
13124
13126
13130
13131
13134
13140
13134
13139
13134
13133
13133
13123
13129
13126
13125
13133
13132
13134
13131
13133
13143
13136
13139
13136
13136
13136
13146
13142
13142
13134
13134
13141
13134
13129
13133
13126
13126
13129
13127
13126
13132
13127
13137
13138
13139
13144
13144
13139
13134
13134
13130
13131
13129
13122
13127
13131
13127
13126
13001
12911
12861
12825
12812
12815
12818
12824
12835
12840
12857
12868
12885
12906
12915
12936
12955
12961
12976
12984
12996
13008
13008
13018
13030
13023
13027
13039
13036
13041
13048
13058
13067
13076
13080
13086
13085
13084
13082
13086
13093
13095
13098
13095
13097
13100
13096
13097
13101
13108
13107
13107
13106
13101
13095
13102
13106
13107
13116
13118
13122
13126
13128
13127
13124
13121
13119
13123
13119
13123
13130
13127
13134
13140
13138
13134
13134
13138
13134
13135
13129
13125
13134
13129
13131
13133
13131
13127
13122
13127
13131
13128
13129
13133
13133
13131
13130
13129
13132
13132
13133
13139
13135
13137
13152
13150
13146
13142
13133
13134
13135
13129
13130
13125
13125
13115
13120
13123
13120
13125
13127
13128
13136
13134
13128
13130
13126
13123
13125
13121
13120
13118
13128
13132
13126
13131
13137
13140
13142
13145
13142
13142
13139
13137
13148
13139
13135
13140
13139
13134
13139
13133
13134
13131
13125
13126
13127
13131
13129
13141
13139
13141
13142
13132
13128
13128
13122
13124
13115
13113
13123
13138
13134
13140
13136
13141
13142
13140
13142
13143
13141
13147
13148
13142
13147
13136
13140
13145
13142
13140
13142
13138
13140
13140
13136
13131
13127
13122
13113
13121
13115
13107
13113
13109
13111
13121
13119
13115
13121
13128
13129
13135
13131
13130
13119
13121
13132
13128
13132
13136
13139
13143
13137
13132
13135
13132
13133
13139
13128
13124
13119
13127
13134
13131
13127
13135
13132
13130
13125
13130
13130
13129
13135
13134
13125
13134
13137
13133
13133
13143
13128
13127
13136
13143
13140
13131
13137
13135
13140
13136
13133
13136
13138
13135
13131
13127
13127
13137
13134
13137
13142
13140
13135
13132
13129
13130
13127
13127
13128
13131
13131
13139
13146
13143
13145
13144
13137
13138
13140
13141
13141
13139
13140
13137
13141
13139
13135
13137
13134
13135
13125
13133
13126
13127
13126
13122
13115
13123
13123
13122
13128
13138
13151
13148
13144
13142
13142
13145
13142
13141
13138
13135
13142
13131
13126
13127
13119
13132
13134
13136
13136
13137
13131
13134
13127
13134
13137
13141
13141
13139
13137
13140
13136
13130
13131
13123
13117
13127
13119
13125
13130
13130
13130
13125
13130
13132
13133
13136
13134
13132
13132
13129
13130
13128
13131
13125
13128
13132
13133
13142
13135
13135
13133
13138
13131
13130
13134
13123
13132
13131
13129
13138
13138
13132
13138
13132
13131
13135
13122
13122
13124
13125
13120
13126
13126
13122
13119
13122
13120
13121
13125
13127
13139
13132
13128
13135
13138
13146
13149
13144
13142
13109
12779
12374
12009
11774
11646
11583
11583
11600
11643
11694
11761
11828
11905
11962
12046
12105
12163
12217
12274
12330
12393
12438
12488
12531
12575
12610
12649
12675
12706
12727
12753
12769
12796
12818
12839
12858
12875
12886
12909
12924
12935
12947
12955
12970
12970
12978
12995
13005
13021
13027
13032
13032
13042
13042
13048
13051
13058
13058
13060
13066
13077
13083
13084
13090
13090
13089
13091
13099
13090
13097
13110
13108
13102
13103
13100
13106
13106
13110
13115
13116
13112
13112
13112
13115
13121
13117
13121
13127
13119
13119
13107
13110
13115
13115
13121
13126
13116
13120
13128
13133
13131
13130
13135
13136
13127
13128
13122
13118
13121
13120
13142
13131
13133
13132
13128
13132
13134
13134
13132
13139
13138
13144
13137
13135
13136
13137
13137
13140
13147
13141
13138
13136
13142
13137
13133
13132
13115
13113
13115
13112
13114
13117
13121
13118
13121
13128
13116
13119
13127
13128
13135
13129
13129
13135
13139
13134
13134
13135
13130
13135
13130
13126
13128
13130
13129
13131
13132
13134
13139
13137
13126
13118
13123
13129
13127
13131
13126
13129
13135
13129
13131
13130
13134
13141
13146
13153
13148
13146
13145
13144
13150
13139
13135
13134
13129
13129
13129
13131
13134
13142
13138
13136
13132
13136
13136
13133
13131
13132
13130
13132
13123
13118
13129
13132
13126
13132
13133
13132
13134
13131
13128
13128
13134
13141
13140
13143
13140
13149
13145
13112
12988
12894
12843
12815
12805
12806
12814
12827
12834
12845
12870
12885
12896
12919
12938
12944
12957
12972
12989
13000
13009
13004
13006
12905
12845
12812
12798
12792
12798
12802
12809
12828
12845
12850
12865
12876
12885
12899
12922
12931
12950
12957
12975
12983
12996
13004
13012
13025
13035
13044
13054
13056
13047
13054
13056
13060
13059
13058
13071
13082
13074
13078
13088
13094
13096
13098
13093
13101
13095
13100
13102
13099
13098
13098
13094
13101
13102
13109
13119
13121
13130
13130
13120
13123
13123
13123
13121
13120
13117
13122
13118
13126
13125
13134
13133
13133
13137
13130
13136
13136
13128
13122
13136
13131
13138
13140
13138
13137
13143
13136
13128
13131
13125
13119
13125
13125
13127
13129
13126
13119
13124
13120
13129
13132
13135
13131
13129
13129
13139
13142
13146
13144
13138
13138
13138
13133
13126
13132
13134
13129
13127
13127
13137
13127
13124
13130
13127
13124
13121
13120
13115
13114
13121
13115
13115
13125
13130
13130
13137
13138
13141
13138
13137
13138
13134
13132
13136
13139
13142
13143
13149
13154
13148
13144
13141
13136
13137
13137
13137
13140
13136
13132
13136
13134
13132
13133
13130
13129
13131
13133
13135
13132
13140
13136
13134
13130
13125
13123
13127
13123
13133
13124
13125
13123
13131
13127
13133
13133
13131
13131
13133
13134
13131
13131
13137
13132
13130
13125
13125
13130
13132
13124
13133
13127
13129
13132
13131
13137
13136
13130
13129
13126
13131
13130
13130
13132
13132
13135
13133
13128
13134
13137
13129
13129
13129
13131
13131
13132
13139
13133
13133
13134
13131
13134
13138
13135
13131
13133
13131
13133
13134
13124
13128
13126
13119
13126
13129
13130
13128
13131
13135
13137
13142
13137
13132
13137
13136
13130
13130
13129
13133
13132
13138
13135
13131
13132
13134
13133
13140
13141
13135
13133
13136
13137
13134
13137
13143
13134
