13135
13133
13139
13130
13127
13134
13130
13132
13137
13124
13123
13120
13124
13119
13120
13127
13128
13135
13142
13139
13146
13138
13139
13139
13138
13134
13126
13121
13125
13125
13126
13133
13125
13130
13125
13122
13121
13126
13128
13136
13129
13129
13132
13129
13130
13134
13133
13131
13133
13137
13126
13125
13125
13124
13133
13133
13132
13138
13138
13129
13132
13132
13126
13132
13129
13137
13134
13131
13129
13132
13137
13135
13131
13137
13142
13137
13145
13142
13143
13144
13148
13136
13141
13139
13139
13135
13127
13133
13134
13134
13140
13136
13134
13126
13121
13121
13122
13133
13139
13138
13144
13141
13142
13143
13143
13145
13139
13139
13141
13149
13149
13144
13138
13138
13138
13131
13132
13124
13125
13124
13116
13115
13122
13122
13127
13130
13139
13138
13142
13141
13145
13139
13140
13131
13129
13136
13134
13136
13128
13131
13137
13128
13131
13134
13138
13137
13135
13123
13122
13120
13122
13118
13118
13122
13125
13130
13134
13133
13131
13135
13138
13130
13134
13131
13137
13141
13139
13139
13138
13139
13132
13130
13134
13128
13130
13132
13132
13141
13141
13136
13138
13134
13134
13143
13143
13146
13142
13146
13140
13133
13126
13127
13123
13136
13133
13132
13133
13137
13137
13137
13127
13116
13127
13122
13126
13129
13128
13132
13134
13134
13133
13132
13140
13132
13132
13132
13131
13133
13133
13129
13139
13134
13133
13138
13131
13134
13131
13135
13144
13139
13136
13132
13130
13135
13135
13140
13143
13142
13142
13146
13144
13142
13143
13138
13137
13136
13134
13138
13144
13150
13144
13144
13150
13146
13145
13141
13139
13141
13141
13137
13141
13138
13131
13136
13139
13137
13130
13127
13130
13126
13129
13126
13121
13118
13126
13124
13128
13123
13119
13130
13129
13127
13141
13133
13132
13139
13142
13145
13142
13141
13144
13139
13135
13131
13125
13131
13128
13132
13131
13126
13134
13119
13126
13132
13132
13129
13132
13123
13133
13126
13126
13130
13130
13132
13134
13130
13135
13139
13139
13143
13134
13132
13140
13134
13134
13134
13131
13133
13131
13129
13128
13126
13134
13132
13145
13141
13138
13139
13142
13142
13155
13147
13143
13141
13134
13131
13131
13125
13124
13120
13119
13124
13118
13120
13129
13132
13136
13129
13127
13130
13128
13126
13137
13129
13136
13134
13135
13133
13137
13136
13140
13141
13144
13145
13145
13142
13138
13148
13141
13138
13140
13129
13134
13132
13133
13131
13125
13122
13122
13122
13125
13122
13115
13116
13120
13124
13130
13131
13125
13132
13136
13137
13144
13130
13126
13140
13135
13136
13132
13134
13136
13136
13136
13133
13136
13135
13133
13131
13132
13130
13135
13131
13129
13130
13130
13125
13119
13120
13120
13122
13126
13136
13131
13134
13144
13142
13144
13146
13142
13148
13141
13133
13136
13132
13130
13147
13147
13142
13139
13141
13144
13151
13146
13143
13141
13145
13139
13134
13130
13128
13135
13122
13121
13128
13131
13133
13131
13133
13134
13129
13126
13122
13123
13126
13120
13124
13129
13137
13130
13137
13135
13135
13142
13131
13129
13141
13134
13136
13142
13138
13143
13141
13137
13134
13130
13147
13145
13141
13140
13142
13147
13133
13008
12916
12866
12807
12342
11752
11233
10802
10532
10396
10369
10390
10474
10568
10696
10814
10954
11067
11201
11299
11420
11516
11623
11721
11815
11894
11987
12053
12133
12194
12255
12309
12362
12410
12454
12494
12539
12565
12596
12521
12484
12460
12468
12477
12505
12529
12556
12582
12619
12653
12679
12705
12724
12747
12776
12800
12825
12848
12874
12884
12906
12914
12927
12934
12944
12952
12964
12972
12990
12996
13013
13013
13029
13038
13041
13052
13053
13057
13062
13060
13063
13069
13072
13076
13072
13070
13070
13077
13084
13091
13096
13104
13113
13119
13117
13116
13110
13115
13124
13127
13140
13134
13137
13141
13135
13137
13141
13140
13134
13136
13135
13135
13127
13136
13124
13122
13118
13121
13129
13127
13127
13127
13125
13118
13110
13110
13110
13121
13132
13135
13130
13131
13142
13132
13133
13128
13123
13135
13129
13122
13123
13117
13113
13123
13123
13121
13112
13123
13127
13122
13126
13120
13131
13128
13128
13126
13135
13131
13143
13139
13142
13144
13149
13146
13141
13145
13148
13141
13139
13138
13126
13125
13128
13122
13131
13141
13132
13138
13132
13132
13137
13134
13142
13142
13143
13144
13148
13155
13153
13148
13147
13144
13142
13141
13137
13134
13130
13130
13137
13119
13123
13122
13127
13127
13123
13129
13132
13137
13136
13134
13132
13141
13143
13134
13135
13137
13134
13138
13126
13124
13126
13125
13126
13129
13128
13123
13127
13121
13122
13117
13123
13120
13126
13128
13134
13142
13142
13139
13138
13130
13128
13132
13137
13140
13136
13137
13135
13144
13147
13141
13135
13135
13133
13139
13140
13133
13127
13135
13134
13137
13140
13146
13140
13145
13141
13139
13138
13135
13127
13127
13133
13133
13135
13142
13144
13141
13139
13138
13137
13130
13127
13127
13123
13116
13115
13117
13112
13117
13123
13133
13131
13144
13135
13130
13136
13134
13127
13135
13135
13136
13141
13134
13131
13133
13126
13123
13132
13133
13136
13129
13131
13129
13138
13145
13148
13148
13146
13142
13143
13140
13133
13130
13132
13137
13129
13131
13129
13132
13129
13133
13121
13129
13127
13133
13139
13132
13131
13139
13133
13128
13131
13132
13129
13135
13130
13132
13138
13134
13129
13130
13129
13134
13132
13127
13122
13131
13135
13139
13151
13148
13142
13148
13153
13146
13138
13134
13135
13136
13134
13129
13122
13129
13139
13142
13141
13137
13130
13132
13133
13126
13132
13128
13134
13137
13130
13136
13140
13131
13131
13136
13132
13125
13127
13125
13126
13131
13118
13115
13120
13126
13130
13136
13130
13124
13126
13127
13134
13130
13124
13128
13134
13138
13142
13141
13142
13144
13142
13148
13151
13140
13134
13126
13123
13125
13128
13136
13139
13139
13137
13138
13142
13137
13143
13142
13136
13134
13127
13126
13130
13133
13123
13131
13128
13132
13134
13138
13134
13140
13137
13143
13140
13134
13132
13130
13126
13124
13122
13129
13121
13116
13124
13118
13121
13126
13126
13131
13133
13126
13131
13132
13132
13132
13130
13135
13133
13133
13128
13122
13129
13114
13106
13108
13113
13116
13119
13116
13117
13117
13120
13117
13111
13119
13130
13122
13129
13133
13129
13136
13134
13129
13125
13113
13113
13113
13109
13111
13122
13119
13128
13130
13128
13125
13133
13135
13135
13134
13126
13134
13137
13139
13135
13138
13136
13141
13140
13132
13133
13142
