13148
13140
13149
13133
13123
13131
13126
13123
13123
13122
13123
13125
13131
13123
13133
13139
13133
13134
13132
13131
13131
13126
13120
13123
13118
13122
13126
13122
13124
13132
13131
13133
13130
13132
13136
13135
13142
13138
13140
13148
13144
13136
13140
13129
13133
13137
13133
13133
13135
13133
13133
13135
13133
13130
13137
13143
13141
13142
13129
13138
13134
13138
13138
13138
13141
13138
13137
13138
13134
13132
13125
13118
13115
13119
13115
13118
13121
13125
13126
13124
13123
13120
13137
13128
13132
13140
13136
13132
13127
13133
13136
13143
13147
13146
13145
13149
13149
13143
13138
13131
13136
13134
13131
13134
13134
13138
13141
13141
13143
13141
13140
13143
13139
13144
13147
13143
13144
13139
13137
13138
13134
13132
13132
13125
13124
13129
13122
13125
13132
13139
13143
13136
13140
13134
13126
13127
13117
13110
13117
13123
13133
13128
13129
13129
13132
13134
13136
13133
13128
13124
13123
13119
13114
13124
13131
13131
13133
13134
13138
13141
13133
13124
13128
13120
13118
13126
13123
13128
13124
13115
13122
13126
13124
13129
13122
13128
13132
13129
13126
13125
13134
13125
13122
13121
13111
13116
13115
13117
13128
13127
13126
13126
13126
13133
13142
13134
13139
13138
13134
13132
13124
13118
13129
13123
13125
13131
13129
13137
13133
13134
13130
13133
13130
13129
13130
13132
13135
13136
13133
13127
13136
13136
13134
13132
13130
13120
13124
13129
13136
13138
13138
13142
13137
13140
13139
13138
13145
13144
13143
13141
13142
13139
13151
13146
13148
13145
13145
13147
13150
13137
13134
13138
13136
13138
13137
13134
13133
13132
13131
13123
13130
13125
13129
13133
13132
13127
13129
13138
13143
13138
13137
13146
13138
13138
13135
13130
13131
13130
13134
13138
13130
13133
13138
13132
13128
13131
13127
13124
13130
13131
13130
13135
13137
13136
13136
13136
13148
13144
13139
13137
13141
13129
13126
13126
13125
13126
13124
13129
13136
13137
13136
13137
13123
13126
13129
13129
13137
13143
13136
13139
13141
13133
13134
13126
13130
13129
13126
13127
13123
13120
13123
13127
13144
13138
13135
13131
13135
13136
13131
13128
13132
13126
13130
13133
13125
13122
13123
13130
13132
13137
13134
13139
13134
13137
13137
13129
13135
13133
13134
13137
13131
13130
13131
13122
13123
13123
13113
13120
13127
13125
13125
13128
13135
13138
13138
13144
13140
13133
13135
13135
13143
13134
13130
13131
13131
13133
13129
13124
13132
13127
13128
13138
13138
13140
13143
13140
13148
13148
13143
13142
13142
13135
13148
13139
13136
13139
13126
13125
13127
13125
13115
13113
13113
13115
13116
13125
13122
13123
13128
13130
13136
13133
13133
13134
13133
13135
13129
13128
13127
13130
13132
13135
13132
13134
13134
13135
13128
13134
13137
13134
13135
13138
13143
13137
13141
13145
13143
13136
13135
13136
13139
13137
13143
13133
13136
13138
13136
13131
13129
13128
13133
13133
13129
13136
13138
13140
13137
13139
13135
13137
13135
13134
13133
13132
13138
13137
13139
13138
13135
13139
13132
13125
13136
13134
13137
13137
13137
13142
13141
13138
13134
13130
13137
13138
13143
13139
13141
13141
13142
13141
13145
13137
13144
13147
13142
13065
12530
11570
10937
10561
10373
10289
10298
10348
10443
10544
10678
10801
10933
11052
11183
11291
11414
11511
11622
11707
11805
11885
11973
12048
12129
12187
12254
12303
12363
12402
12448
12484
12534
12562
12598
12625
12662
12686
12708
12733
12763
12787
12818
12844
12865
12884
12894
12911
12924
12932
12949
12962
12970
12989
12997
13007
13016
13015
13016
13021
13028
13030
13041
13046
13049
13058
13061
13063
13078
13081
13082
13089
13088
13090
13098
13100
13101
13098
13106
13109
13112
13118
13114
13111
13107
13111
13115
13117
13121
13119
13122
13122
13123
13131
13125
13122
13136
13125
13123
13127
13124
13123
13129
13130
13132
13130
13130
13120
13125
13120
13110
13109
13104
13111
13113
13109
13107
13113
13110
13115
13120
13127
13137
13138
13133
13138
13126
13130
13119
13118
13115
13122
13119
13131
13122
13122
13122
13119
13121
13132
13134
13135
13138
13136
13130
13132
13140
13134
13137
13140
13136
13135
13142
13143
13154
13140
13142
13146
13148
13145
13141
13135
13132
13127
13116
13120
13117
13121
13131
13129
13134
13132
13125
13133
13134
13131
13136
13126
13131
13139
13131
13133
13138
13137
13141
13140
13141
13133
13124
13131
13129
13132
13131
13134
13141
13133
13133
13136
13136
13135
13133
13137
13132
13138
13133
13130
13123
13131
13137
13139
13144
13142
13144
13154
13142
13139
13141
13135
13128
13130
13124
13138
13133
13136
13136
13139
13137
13139
13141
13140
13135
13134
13136
13135
13137
13132
13128
13132
13128
13125
13125
13123
13125
13130
13126
13132
13134
13130
13134
13131
13127
13131
13129
13133
13131
13127
13134
13127
13126
13132
13131
13130
13134
13130
13127
13123
13124
13125
13125
13131
13133
13135
13130
13132
13132
13125
13121
13118
13125
13135
13123
13129
13128
13126
13126
13131
13120
13128
13130
13125
13124
13121
13121
13130
13123
13119
13134
13127
13130
13128
13124
13124
13127
13128
13128
13131
13131
13126
13125
13132
13123
13129
13128
13129
13132
13128
13126
13134
13133
13139
13142
13139
13140
13140
13129
13136
13134
13141
13140
13132
13132
13136
13134
13139
13132
13127
13134
13123
13120
13120
13121
13124
13130
13134
13138
13143
13155
13153
13153
13151
13141
13138
13134
13130
13137
13126
13126
13134
13133
13131
13130
13127
13134
13128
13122
13119
13121
13126
13123
13124
13133
13136
13132
13136
13129
13128
13137
13132
13135
13138
13139
13131
13132
13130
13129
13126
13130
13133
13131
13137
13136
13136
13140
13131
13135
13131
13126
13129
13134
13130
13136
13130
13137
13137
13133
13132
13125
13125
13130
13123
13126
13129
13129
13135
13139
13139
13144
13136
13132
13139
13138
13135
13134
13135
13134
13132
13138
13140
13134
13138
13128
13123
13123
13126
13133
13125
13128
13133
13129
13127
13127
13127
13125
13127
13127
13133
13127
13130
13134
13134
13138
13137
13130
13021
12931
12871
12843
12824
12822
12827
12822
12830
12845
12864
12874
12894
12906
12913
12928
12939
12949
12961
12970
12979
12987
12993
13003
13015
13023
13031
13036
13051
13058
13067
13072
13075
13075
13091
13090
13082
13084
13091
13096
13103
13096
13083
13091
13092
13098
13107
13104
13111
13114
13116
13115
13112
13117
13112
13105
13106
13101
13102
13104
13115
13126
13125
13125
13129
13130
13129
13126
13127
13129
13132
