13135
13128
13141
13132
13136
13138
13132
13132
13131
13122
13129
13130
13131
13123
13128
13135
13131
13131
13134
13126
13136
13129
13131
13137
13144
13145
13142
13138
13138
13130
13126
13129
13121
13124
13134
13128
13127
13125
13128
13130
13130
13128
13132
13131
13134
13136
13129
13128
13131
13132
13128
13137
13141
13134
13134
13135
13132
13122
13126
13119
13125
13124
13122
13123
13132
13124
13120
13115
13119
13114
13115
13120
13127
13132
13137
13137
13136
13130
13133
13136
13127
13119
13120
13121
13122
13121
13112
13113
13114
13114
13124
13127
13124
13128
13124
13140
13136
13137
13133
13135
13136
13133
13134
13137
13129
13125
13127
13126
13135
13138
13142
13143
13136
13137
13136
13131
13130
13125
13132
13136
13134
13136
13145
13144
13139
13140
13136
13128
13133
13135
13138
13136
13136
13133
13132
13135
13139
13135
13131
13124
13130
13129
13120
13131
13132
13137
13141
13136
13136
13137
13137
13134
13127
13132
13137
13133
13136
13132
13130
13137
13137
13130
13135
13133
13134
13136
13129
13139
13140
13138
13139
13138
13133
13135
13128
13129
13133
13132
13141
13132
13137
13139
13141
13152
13154
13146
13149
13142
13139
13138
13136
13137
13138
13137
13040
12939
12882
12841
12831
12814
12814
12815
12837
12853
12863
12872
12885
12907
12924
12937
12948
12954
12969
12983
12994
12997
13000
13011
13020
13026
13039
13044
13049
13057
13062
13067
13078
13080
13080
13087
13090
13089
13093
13093
13102
13098
13099
13099
13103
13111
13103
13102
13114
13110
13108
13111
13107
13108
13113
13114
13121
13119
13118
13109
13117
13115
13111
13112
13116
13116
13125
13134
13133
13131
13133
13132
13131
13130
13129
13122
13120
13121
13120
13122
13139
13134
13138
13138
13142
13149
13149
13145
13154
13151
13146
13139
13138
13139
13136
13132
13138
13139
13146
13137
13126
13133
13128
13125
13127
13135
13144
13140
13143
13148
13138
13138
13139
13137
13135
13133
13132
13133
13139
13142
13143
13142
13144
13142
13154
13150
13146
13142
13149
13135
13137
13141
13135
13133
13135
13124
13124
13123
13130
13121
13119
13125
13124
13131
13138
13139
13144
13129
13124
13130
13130
13128
13126
13130
13122
13122
13129
13131
13133
13134
13136
13137
13139
13144
13142
13145
13144
13137
13145
13136
13136
13132
13127
13126
13126
13123
13127
13126
13127
13125
13130
13137
13142
13139
13141
13140
13142
13137
13139
13138
13137
13137
13139
13139
13146
13143
13142
13143
13138
13139
13141
13140
13143
13144
13144
13137
13131
13132
13148
13139
13133
13131
13128
13125
13130
13129
13129
13131
13136
13132
13123
13133
13126
13138
13142
13140
13143
13134
13134
13138
13133
13134
13130
13132
13129
13135
13130
13133
13128
13132
13130
13129
13127
13129
13129
13123
13126
13125
13134
13130
13128
13144
13141
13146
13153
13148
13147
13151
13151
13147
13140
13139
13133
13131
13128
13131
13138
13135
13133
13138
13134
13128
13131
13125
13123
13124
13133
13134
13130
13135
13137
13131
13129
13129
13137
13132
13127
13129
13132
13126
13124
13132
13134
13134
13124
13122
13117
13120
13124
13125
13130
13129
13128
13123
13130
13128
13131
13126
13130
13105
12523
11307
10335
9549
9062
8805
8722
8701
8809
8928
9119
9296
9515
9701
9917
10099
10293
10456
10639
10779
10932
11062
11207
11324
11449
11542
11644
11733
11820
11886
11979
12048
12121
12173
12243
12294
12359
12404
12453
12490
12538
12573
12605
12634
12670
12693
12724
12746
12770
12793
12820
12840
12864
12877
12895
12911
12919
12928
12944
12947
12951
12970
12984
12987
13001
13005
13014
13017
13022
13030
13033
13043
13044
13047
13050
13051
13063
13062
13063
13071
13075
13087
13089
13081
13078
13086
13076
13081
13073
13086
13100
13100
13105
13105
13109
13118
13111
13115
13115
13115
13117
13122
13122
13122
13129
13134
13131
13128
13125
13125
13130
13127
13126
13129
13130
13119
13128
13125
13125
13132
13126
13127
13134
13132
13133
13135
13132
13124
13115
13122
13119
13116
13117
13118
13128
13134
13130
13123
13122
13119
13117
13125
13126
13127
13124
13126
13133
13135
13137
13134
13134
13131
13137
13144
13135
13127
13130
13128
13122
13125
13120
13119
13122
13123
13125
13123
13125
13124
13123
13130
13132
13122
13120
13122
13123
13127
13125
13115
13123
13121
13128
13132
13133
13135
13142
13142
13138
13135
13137
13138
13142
13144
13137
13133
13134
13135
13146
13139
13137
13142
13140
13138
13130
13123
13125
13125
13121
13126
13126
13123
13129
13129
13129
13122
13131
13128
13119
13113
13117
13117
13120
13122
13123
13122
13126
13129
13130
13133
13134
13129
13124
13122
13125
13125
13124
13127
13129
13125
13126
13135
13133
13132
13127
13127
13131
13133
13132
13137
13128
13134
13134
13131
13134
13132
13135
13134
13134
13137
13148
13141
13136
13145
13136
13133
13137
13139
13148
13140
13138
13128
13130
13132
13131
13127
13132
13124
13138
13134
13129
13131
13129
13132
13134
13136
13134
13133
13129
13130
13127
13129
13131
13131
13132
13141
13146
13141
13135
13129
13133
13132
13138
13138
13138
13140
13141
13141
13138
13139
13144
13138
13134
13129
13122
13122
13124
13123
13126
13129
13124
13137
13133
13127
13124
13124
13125
13127
13131
13138
13127
13138
13142
13141
13140
13128
13121
13130
13127
13123
13133
13129
13126
13137
13136
13142
13141
13137
13136
13142
13140
13135
13140
13139
13140
13131
13133
13135
13137
13131
13127
13136
13134
13135
13124
13124
13130
13135
13130
13136
13132
13137
13137
13137
13135
13136
13138
13140
13140
13135
13141
13138
13141
13151
13146
13142
13143
13139
13138
13129
13122
13120
13121
13126
13126
13135
13130
13130
13125
13125
13119
13130
13129
13136
13138
13133
13130
13133
13127
13128
13119
13123
13121
13118
13122
13126
13123
13126
13113
13122
13128
13125
13123
13124
13121
13133
13131
13131
13121
13122
13126
13128
13127
13139
13133
13138
13141
13143
13142
13132
13127
13135
13130
13135
13129
13126
13127
13138
13139
13139
13131
13133
13129
13128
13124
13127
13132
13134
13131
13128
13129
13128
13127
13135
13119
13123
13125
13124
13124
13134
13133
13134
13141
13137
13135
13129
13132
13133
13143
13138
13139
13139
13139
13138
13135
13133
13131
13131
13135
13134
13137
13135
13137
13136
13142
13140
13134
13142
13143
13144
13152
13149
13147
13145
13134
13134
13133
13132
13129
13132
13131
13140
13137
13143
13140
13138
13137
13143
13150
13141
13136
13139
13136
13134
13138
13140
13140
13142
