13135
13133
13146
13136
13135
13139
13132
13134
13130
13135
13134
13139
13139
13135
13136
13139
13145
13143
13137
13132
13146
13138
13130
13137
13137
13134
13136
13134
13136
13131
13132
13127
13124
13126
13138
13137
13129
13132
13130
13136
13133
13130
13142
13133
13128
13134
13126
13119
13113
13129
13126
13115
13119
13112
13115
13116
13129
13131
13132
13135
13137
13134
13130
13135
13127
13134
13130
13131
13136
13130
13124
13125
13130
13140
13141
13140
13143
13143
13136
13140
13134
13130
13142
13125
13122
13132
13120
13123
13131
13129
13130
13135
13138
13138
13136
13138
13140
13133
13135
13139
13141
13137
13138
13139
13142
13141
13133
13124
13121
13131
13131
13133
13131
13133
13130
13132
13139
13141
13141
13148
13144
13139
13143
13130
13120
13126
13119
13126
13128
13125
13127
13139
13137
13131
13131
13136
13139
13132
13134
13128
13133
13119
13117
13123
13123
13125
13128
13130
13130
13127
13124
13128
13122
13121
13128
13124
13126
13128
13129
13128
13129
13132
13138
13133
13138
13139
13137
13139
13141
13132
13128
13125
13129
13130
13131
13139
13133
13134
13130
13128
13138
13131
13131
13132
13134
13133
13140
13136
13132
13135
13130
13136
13129
13125
13131
13124
13126
13123
13116
13124
13123
13129
13136
13134
13131
13138
13135
13146
13143
13143
13139
13139
13137
13132
13126
13128
13129
13132
13136
13133
13145
13140
13139
13143
13148
13149
13148
13150
13141
13139
13141
13144
13137
13136
13141
13136
13142
13137
13130
13132
13132
13131
13139
13132
13134
13143
13137
13140
13142
13140
13138
13134
13133
13132
13133
13132
13138
13142
13137
13135
13137
13132
13131
13131
13134
13133
13127
13126
13123
13133
13135
13137
13133
13135
13138
13133
13132
13137
13133
13141
13142
13137
13138
13137
13137
13138
13140
13139
13138
13138
13132
13127
13132
13136
13136
13131
13125
13125
13132
13130
13140
13128
13127
13132
13134
13140
13132
13134
13126
13129
13130
13136
13126
13131
13134
13138
13136
13137
13142
13147
13146
13142
13144
13131
13122
13122
13120
13119
13119
13124
13130
13127
13119
13110
13107
13114
13113
13115
13121
13113
13118
13112
13117
13121
13124
13117
13119
13122
13122
13122
13122
13117
13120
13128
13133
13132
13130
13126
13127
13128
13126
13122
13130
13128
13123
13132
13123
13127
13132
13135
13136
13134
13137
13128
13132
13131
13129
13127
13122
13127
13128
13127
13126
13128
13128
13129
13135
13140
13143
13146
13147
13147
13146
13147
13148
13137
13139
13137
13136
13137
13134
13121
13136
13132
13138
13142
13134
13133
13134
13135
13138
13138
13137
13137
13138
13145
13141
13147
13144
13139
13150
13144
13140
13142
13141
13144
13144
13147
13145
13140
13142
13137
13134
13138
13139
13136
13131
13136
13128
13141
13138
13145
13151
13141
13137
13143
13129
13131
13137
13136
13132
13130
13132
13128
13124
13128
13128
13131
13133
13136
13141
13136
13134
13136
13133
13131
13122
13123
13126
13127
13128
13135
13126
13127
13132
13129
13126
13121
13121
13132
13128
13127
13133
13134
13137
13146
13142
13138
13133
13138
13142
13155
13157
13157
13151
13150
13154
13159
13151
13146
13150
13142
13119
12863
12342
11592
11081
10782
10639
10562
10572
10621
10712
10804
10928
11030
11156
11258
11381
11484
11590
11684
11784
11862
11949
12030
12098
12158
12225
12274
12328
12378
12419
12463
12503
12535
12582
12620
12654
12674
12707
12721
12757
12682
12608
12568
12560
12556
12579
12587
12600
12625
12651
12678
12705
12726
12750
12770
12797
12815
12827
12844
12868
12881
12902
12920
12934
12951
12965
12975
12972
12987
13000
13010
13017
13021
13024
13028
13031
13042
13060
13051
13056
13058
13050
13065
13066
13073
13083
13091
13090
13098
13092
13093
13093
13092
13089
13096
13105
13107
13111
13117
13121
13121
13119
13123
13118
13118
13124
13122
13115
13116
13126
13125
13122
13120
13120
13125
13127
13127
13136
13131
13138
13138
13141
13135
13142
13138
13138
13138
13137
13134
13130
13132
13133
13128
13132
13133
13129
13131
13128
13126
13134
13126
13120
13130
13121
13123
13126
13125
13126
13133
13131
13127
13125
13130
13126
13126
13127
13131
13130
13124
13123
13132
13128
13130
13118
13122
13118
13115
13108
13121
13120
13126
13124
13118
13128
13126
13128
13135
13129
13131
13138
13143
13135
13146
13140
13145
13136
13138
13130
13138
13137
13133
13132
13135
13135
13137
13140
13140
13150
13144
13136
13137
13137
13137
13134
13133
13126
13124
13122
13122
13121
13126
13125
13122
13122
13127
13130
13128
13120
13129
13124
13118
13117
13121
13125
13127
13125
13131
13132
13132
13132
13136
13132
13133
13134
13138
13136
13140
13147
13141
13142
13144
13139
13138
13137
13139
13143
13137
13133
13140
13135
13137
13137
13133
13134
13142
13148
13154
13150
13138
13141
13140
13144
13138
13133
13128
13134
13135
13131
13132
13132
13134
13133
13132
13129
13129
13129
13134
13141
13135
13128
13133
13130
13127
13132
13132
13130
13136
13142
13148
13140
13136
13144
13130
13136
13137
13134
13134
13126
13126
13135
13131
13126
13132
13130
13133
13134
13133
13134
13135
13134
13138
13144
13144
13138
13139
13143
13143
13142
13132
13125
13126
13116
13117
13118
13120
13132
13131
13129
13130
13132
13131
13129
13136
13128
13132
13132
13134
13125
13122
13132
13125
13127
13130
13126
13132
13133
13125
13130
13128
13133
13132
13139
13139
13145
13146
13147
13144
13147
13136
13136
13142
13145
13147
13149
13142
13143
13144
13145
13142
13142
13142
13152
13145
13138
13134
13137
13137
13134
13130
13137
13127
13124
13131
13133
13137
13139
13136
13134
13134
13128
13129
13127
13124
13124
13126
13125
13129
13137
13136
13136
13138
13140
13140
13136
13138
13131
13137
13134
13134
13131
13138
13137
13136
13137
13141
13146
13155
13147
13138
13142
13143
13140
13140
13134
13137
13139
13127
13130
13133
13135
13135
13138
13137
13133
13133
13131
13132
13136
13125
13128
13131
13131
13126
13124
13128
13137
13141
13136
13137
13135
13131
13129
13134
13139
13138
13144
13150
13141
13140
13144
13138
13139
13136
13131
13133
13136
13129
13132
13130
13127
13119
13117
13122
13119
13121
13117
13127
13134
13126
13125
13131
13133
13132
13130
13125
13127
13133
13139
13138
13131
13133
13134
13130
13127
13129
13128
13127
13125
13121
13130
13120
13116
13122
13121
13127
13133
13132
13134
13132
13131
13123
13122
13122
13121
13117
13109
13114
13113
13113
13115
13120
13121
13132
13129
13128
13130
13133
