13116
13125
13130
13135
13143
13141
13146
13146
13138
13135
13134
13129
13131
13130
13128
13129
13123
13120
13130
13126
13128
13129
13120
13122
13125
13123
13128
13126
13121
13122
13131
13137
13133
13137
13135
13138
13144
13140
13133
13135
13135
13141
13138
13132
13131
13138
13130
13138
13126
13126
13122
13121
13131
13130
13130
13137
13135
13133
13137
13131
13128
13136
13135
13135
13136
13133
13131
13128
13129
13133
13131
13139
13140
13139
13138
13138
13144
13138
13130
13133
13126
13125
13126
13120
13117
13124
13121
13131
13127
13130
13134
13130
13133
13138
13132
13136
13136
13139
13141
13138
13133
13134
13124
13125
13133
13134
13133
13130
13131
13131
13131
13136
13134
13136
13141
13134
13134
13129
13131
13132
13133
13140
13146
13148
13145
13149
13148
13151
13140
13138
13133
13136
13132
13137
13137
13136
13126
13130
13141
13132
13128
13133
13126
13134
13138
13139
13139
13144
13150
13145
13142
13146
13138
13130
13129
13134
13142
13132
13131
13140
13134
13134
13134
13133
13136
13128
13126
13126
13125
13124
13125
13119
13127
13123
13117
13121
13122
13122
13129
13122
13118
13133
13128
13127
13130
13128
13136
13140
13150
13147
13148
13149
13149
13150
13142
13141
13139
13132
13130
13128
13126
13129
13126
13125
13123
13120
13123
13125
13124
13132
13132
13135
13137
13133
13134
13133
13131
13128
13132
13133
13130
13137
13136
13130
13137
13134
13133
13129
13125
13126
13115
13129
13125
13125
13131
13121
13129
13119
13122
13125
13125
13131
13130
13136
13141
13140
13133
13136
13125
13132
13126
13128
13134
13137
13143
13149
13146
13129
13133
13127
13132
13142
13142
13140
13145
13142
13132
13132
13132
13131
13130
13137
13139
13141
13142
13137
13138
13130
13129
13129
13127
13136
13131
13133
13132
13138
13136
13146
13128
13136
13134
13135
13135
13134
13129
13140
13142
13132
13136
13133
13136
13138
13140
13138
13137
13132
13126
13124
13123
13119
13124
13133
13130
13132
13131
13137
13146
13136
13137
13146
13142
13141
13133
13125
13126
13126
13125
13129
13124
13134
13136
13142
13154
13147
13144
13152
13144
13137
13139
13133
13133
13132
13130
13132
13137
13132
13132
13133
13143
13144
13143
13141
13136
13133
13140
13136
13148
13139
13149
13142
13149
13142
13137
13136
13133
13137
13128
13131
13124
13138
13142
13136
13130
13132
13129
13143
13137
13134
13134
13124
13121
13131
13128
13125
13130
13131
13127
13119
13122
13118
13121
13123
13126
13130
13128
13131
13137
13131
13128
13134
13126
13136
13136
13140
13140
13140
13144
13137
13127
13133
13132
13132
13129
13130
13129
13134
13133
13136
13140
13137
13137
13140
13136
13133
13131
13130
13131
13134
13135
13136
13132
13128
13128
13137
13131
13126
13137
13122
13120
13130
13130
13134
13133
13129
13136
13133
13134
13132
13121
13129
13137
13140
13137
13132
13136
13134
13138
13130
13131
13124
13134
13131
13131
13129
13133
13137
13134
13134
13136
13133
13133
13139
13138
13134
13128
13129
13130
13123
13132
13134
13132
13141
13134
13137
13134
13132
13127
13128
13124
13127
13129
13131
13136
13141
13141
13148
13136
13135
13132
13121
13123
13128
13120
12889
12568
12282
12058
11934
11885
11871
11883
11910
11960
12007
12067
12128
12192
12230
12281
12339
12390
12436
12480
12517
12557
12603
12645
12684
12713
12734
12772
12796
12813
12827
12837
12850
12867
12877
12902
12918
12931
12949
12958
12974
12978
12979
12984
12994
13015
13017
13022
13039
13051
13054
13062
13069
13071
13069
13070
13075
13076
13077
13071
13075
13078
13081
13079
13090
13089
13097
13101
13106
13109
13116
13120
13134
13134
13131
13133
13118
13115
13122
13113
13112
13117
13116
13121
13123
13119
13116
13116
13122
13122
13119
13123
13118
13124
13124
13127
13125
13126
13126
13125
13122
13123
13121
13125
13127
13119
13124
13125
13124
13126
13129
13131
13138
13138
13134
13141
13136
13130
13130
13124
13129
13124
13125
13122
13138
13131
13139
13140
13137
13133
13136
13125
13127
13138
13131
13129
13131
13137
13127
13134
13128
13116
13120
13116
13117
13112
13113
13120
13118
13119
13121
13125
13121
13122
13125
13134
13132
13139
13147
13141
13140
13142
13139
13139
13139
13140
13133
13136
13139
13140
13138
13139
13138
13138
13137
13130
13134
13128
13142
13145
13145
13145
13146
13144
13140
13133
13134
13134
13128
13138
13133
13138
13135
13128
13121
13125
13114
13120
13122
13121
13134
13129
13123
13127
13126
13134
13130
13137
13137
13136
13135
13140
13138
13137
13131
13127
13129
13133
13137
13142
13136
13147
13140
13140
13139
13136
13136
13139
13138
13135
13134
13129
13136
13136
13135
13140
13132
13133
13139
13133
13138
13140
13146
13142
13133
13130
13126
13124
13128
13124
13134
13127
13133
13140
13134
13132
13133
13125
13131
13135
13133
13140
13144
13138
13142
13137
13138
13138
13138
13133
13137
13134
13134
13128
13121
13126
13115
13114
13122
13118
13121
13126
13131
13132
13135
13132
13132
13134
13135
13131
13133
13131
13123
13123
13118
13124
13122
13122
13116
13123
13116
13121
13130
13130
13131
13121
13118
13128
13124
13138
13143
13148
13151
13141
13140
13139
13138
13136
13142
13136
13136
13132
13135
13132
13133
13129
13133
13134
13136
13133
13137
13138
13138
13147
13138
13136
13137
13137
13140
13144
13139
13137
13134
13125
13131
13131
13132
13141
13128
13123
13126
13130
13139
13133
13127
13132
13128
13129
13141
13133
13133
13131
13137
13134
13131
13126
13128
13128
13132
13134
13128
13124
13127
13131
13126
13127
13129
13128
13132
13134
13135
13130
13131
13128
13135
13130
13123
13123
13126
13126
13133
13126
13134
13129
13134
13139
13135
13134
13134
13127
13130
13141
13128
13131
13124
13135
13131
13131
13132
13128
13125
13127
13129
13134
13129
13127
13135
13130
13135
13132
13130
13133
13132
13135
13140
13136
13135
13134
13140
13147
13138
13140
13145
13148
13140
13140
13141
13145
13149
13145
13144
13144
13141
13138
13142
13138
13135
13135
13137
13128
13126
13128
13131
13137
13136
13132
13133
13130
13132
13123
13125
13131
13134
13135
13137
13127
13137
13134
13132
13131
13134
13135
13141
13135
13123
13134
13137
13136
13141
13132
13140
13142
13148
13148
13148
13143
13138
13141
13143
13137
13139
13134
13133
13143
13142
13138
13138
13134
13130
13119
13120
13116
13124
13125
13135
13128
13131
13131
13130
13130
13131
13124
13127
13124
13126
13129
13124
13126
13129
13130
13136
13141
13137
13142
13136
13140
13135
