13138
13136
13127
13128
13125
13128
13131
13138
13131
13133
13134
13135
13139
13139
13143
13138
13138
13135
13144
13138
13138
13140
13132
13132
13132
13132
13131
13126
13133
13129
13140
13139
13143
13138
13137
13137
13136
13131
13136
13137
13143
13137
13144
13139
13145
13142
13143
13143
13137
13118
13002
12914
12864
12828
12819
12813
12782
12761
12768
12778
12782
12793
12813
12837
12858
12876
12889
12897
12910
12924
12938
12945
12956
12972
12981
12996
13014
13019
13023
13028
13031
13030
13040
13051
13055
13059
13065
13072
13068
13086
13095
13099
13100
13097
13094
13101
13100
13099
13115
13105
13108
13117
13113
13121
13127
13128
13133
13129
13129
13122
13123
13118
13117
13121
13120
13113
13125
13125
13122
13128
13128
13126
13131
13130
13134
13132
13129
13123
13119
13122
13127
13119
13128
13126
13126
13138
13131
13130
13137
13135
13132
13142
13136
13135
13132
13132
13129
13134
13133
13138
13141
13147
13142
13145
13141
13142
13148
13139
13139
13138
13142
13143
13131
13131
13126
13122
13123
13129
13129
13133
13136
13136
13140
13148
13147
13148
13135
13135
13136
13132
13122
13127
13123
13129
13140
13142
13144
13145
13144
13140
13143
13142
13128
13127
13125
13119
13123
13117
13121
13130
13129
13137
13127
13132
13136
13132
13134
13132
13129
13135
13135
13127
13127
13127
13114
13124
13124
13124
13128
13125
13135
13141
13137
13136
13134
13132
13138
13142
13136
13134
13134
13142
13139
13135
13131
13138
13145
13137
13134
13137
13141
13137
13132
13138
13127
13129
13136
13137
13137
13139
13137
13137
13141
13135
13132
13138
13140
13139
13142
13135
13132
13129
13126
13136
13133
13138
13139
13135
13131
13137
13136
13135
13144
13148
13147
13148
13150
13110
12980
12914
12869
12846
12832
12831
12835
12841
12853
12866
12875
12893
12905
12918
12930
12946
12959
12978
12980
12987
13002
13007
13014
13027
13038
13047
13052
13053
13061
13065
13077
13073
13083
13090
13081
13091
13083
13088
13096
13101
13105
13116
13116
13121
13118
13120
13126
13124
13118
13122
13117
13120
13121
13121
13123
13122
13118
13118
13049
12932
12862
12821
12800
12797
12796
12807
12823
12838
12853
12869
12881
12893
12911
12924
12933
12945
12954
12966
12984
12989
12995
13001
13008
13015
13021
13025
13029
13034
13046
13054
13054
13069
13078
13075
13080
13085
13087
13093
13088
13094
13098
13101
13103
13110
13110
13109
13109
13112
13103
13107
13107
13107
13111
13117
13123
13123
13125
13123
13133
13123
13118
13126
13125
13126
13129
13132
13129
13133
13133
13137
13131
13130
13136
13129
13119
13121
13121
13126
13122
13128
13138
13134
13136
13131
13123
13128
13130
13133
13140
13145
13144
13138
13144
13138
13140
13129
13126
13129
13133
13129
13123
13126
13130
13125
13130
13132
13137
13141
13147
13146
13138
13146
13146
13146
13147
13140
13137
13139
13131
13122
13132
13129
13130
13136
13132
13131
13135
13133
13125
13126
13126
13131
13135
13139
13137
13141
13140
13138
13150
13138
13140
13138
13136
13137
13129
13134
13134
13132
13134
13136
13128
13133
13126
13120
13121
13120
13126
13131
13126
13124
13131
13135
13140
13016
12648
12180
11873
11691
11609
11508
11395
11346
11375
11409
11478
11537
11622
11695
11788
11857
11931
12006
12075
12095
12034
12018
12038
12060
12111
12161
12212
12260
12307
12349
12396
12430
12480
12521
12553
12588
12631
12662
12702
12738
12756
12781
12811
12825
12845
12863
12879
12898
12922
12934
12939
12955
12964
12980
12998
12994
13000
13013
13014
13012
13013
13010
13022
13031
13042
13052
13057
13069
13074
13077
13084
13083
13088
13099
13103
13102
13107
13100
13101
13109
13105
13105
13102
13105
13103
13107
13110
13113
13107
13101
13100
13097
13103
13099
13104
13112
13120
13130
13131
13130
13136
13137
13140
13142
13142
13134
13121
13134
13141
13134
13128
13125
13116
13125
13118
13117
13116
13114
13118
13128
13126
13129
13137
13138
13138
13138
13138
13132
13131
13136
13126
13133
13135
13139
13141
13134
13135
13137
13143
13142
13143
13137
13137
13137
13140
13138
13136
13138
13144
13138
13137
13132
13127
13134
13129
13134
13138
13132
13134
13139
13142
13143
13154
13140
13140
13150
13147
13147
13152
13148
13134
13130
13134
13137
13145
13142
13147
13142
13142
13136
13131
13132
13129
13135
13132
13130
13126
13131
13138
13142
13130
13134
13131
13137
13131
13130
13137
13126
13128
13142
13142
13146
13145
13143
13147
13140
13140
13136
13129
13139
13138
13132
13135
13134
13134
13135
13131
13135
13133
13134
13138
13138
13142
13140
13136
13135
13139
13142
13147
13147
13153
13151
13148
13146
13141
13136
13133
13128
13126
13134
13134
13131
13133
13134
13132
13134
13139
13136
13135
13132
13132
13129
13126
13129
13140
13142
13139
13142
13138
13142
13147
13142
13142
13138
13140
13152
13151
13154
13156
13152
13154
13156
13159
13154
13150
13139
13148
13136
13134
13133
13133
13137
13141
13131
13124
13126
13133
13133
13134
13138
13142
13140
13130
13132
13136
13129
13128
13130
13127
13131
13140
13138
13140
13139
13142
13140
13147
13151
13139
13143
13145
13139
13147
13151
13150
13151
13152
13141
13140
13143
13140
13146
13147
13140
13143
13140
13143
13146
13138
13142
13145
13141
13138
13131
13134
13129
13123
13124
13123
13125
13129
13125
13124
13125
13127
13129
13124
13135
13128
13126
13135
13137
13140
13137
13142
13144
13153
13143
13147
13152
13141
13138
13125
13121
13124
13130
13127
13125
13127
13126
13128
13132
13130
13128
13142
13136
13133
13140
13142
13140
13138
13139
13134
13137
13133
13140
13143
13139
13140
13133
13134
13137
13139
13138
13142
13140
13148
13145
13139
13144
13143
13145
13145
13136
13141
13139
13137
13137
13129
13132
13130
13132
13133
13130
13137
13132
13130
13130
13125
13126
13129
13125
13124
13129
13132
13135
13138
13143
13149
13147
13151
13140
13140
13135
13133
13137
13142
13141
13131
13141
13132
13133
13133
13137
13134
13140
13132
13124
13125
13123
13119
13122
13120
13126
13130
13129
13132
13128
13126
13123
13126
13124
13134
13132
13133
13130
13118
13127
13130
13123
13123
13125
13122
13126
13122
13119
13130
13128
13126
13134
13129
13135
13131
13134
13132
13133
13132
13125
13125
13140
13138
13140
13135
13133
13134
13138
13139
13140
13131
13133
13131
13131
13127
13127
13128
13135
13127
13130
13127
13126
13130
13135
13135
13144
13140
13142
13139
13130
13125
13132
13128
13131
13134
13134
13125
13132
13134
13139
