13136
13145
13142
13142
13143
13143
13149
13154
13145
13149
13144
13135
13137
13135
13126
13126
13126
13130
13133
13138
13137
13135
13137
13135
13139
13128
13133
13135
13143
13135
13133
13138
13133
13134
13135
13137
13131
13136
13136
13132
13130
13134
13145
13134
13136
13130
13130
13135
13134
13128
13132
13130
13127
13123
13115
13120
13120
13119
13125
13126
13126
13129
13131
13139
13137
13135
13137
13128
13142
13136
13134
13140
13139
13133
13135
13133
13128
13132
13135
13134
13132
13140
13146
13139
13139
13135
13126
13137
13122
13115
13125
13113
13116
13123
13118
13115
13120
13119
13113
13118
13121
13124
13124
13127
13124
13127
13125
13136
13134
13125
13131
13141
13144
13147
13142
13142
13134
13133
13136
13132
13130
13133
13139
13135
13139
13138
13143
13144
13147
13143
13151
13141
13137
13140
13137
13146
13158
13154
13153
13141
13142
13135
13135
13131
13136
13128
13134
13136
13144
13140
13136
13144
13137
13140
13142
13139
13136
13138
13138
13137
13134
13140
13147
13148
13147
13142
13142
13145
13138
13136
13144
13138
13135
13138
13146
13143
13151
13150
13150
13150
13151
13143
13139
13141
13142
13139
13144
13145
13150
13146
13142
13139
13136
13138
13132
13134
13139
13132
13129
13128
13117
13115
13115
13114
13121
13121
13129
13138
13133
13134
13147
13140
13136
13140
13139
13132
13132
13139
13140
13134
13135
13134
13137
13138
13136
13130
13128
13125
13135
13124
13123
13138
13137
13136
13135
13138
13138
13129
13125
13136
13129
13137
13141
13139
13135
13140
13142
13141
13136
13135
13133
13130
13136
13136
13133
13137
13141
13149
13155
13156
13155
13149
13145
13147
13142
13145
13141
13136
13148
13136
13128
13134
13136
13136
13143
13142
13139
13143
13142
13142
13135
13139
13142
13143
13151
13156
13150
13153
13147
13140
13144
13135
13132
13137
13125
13139
13138
13134
13143
13137
13142
13142
13139
13146
13138
13143
13143
13143
13139
13134
13141
13145
13150
13150
13151
13151
13144
13141
13141
13142
13138
13140
13144
13145
13146
13147
13143
13153
13144
13146
13152
13144
13144
13134
13131
13140
13136
13142
13142
13135
13141
13134
13128
13127
13129
13133
13127
13127
13129
13119
13118
13125
13125
13120
13122
13127
13128
13135
13137
13147
13137
13141
13148
13145
13133
13145
13139
13141
13136
13135
13139
13138
13139
13140
13135
13136
13137
13142
13133
13135
13133
13134
13142
13135
13138
13138
13132
13134
13138
13130
13126
13124
13132
13138
13142
13144
13135
13138
13136
13137
13129
13136
13141
13141
13143
13139
13137
13136
13124
13125
13134
13132
13129
13132
13124
13133
13137
13138
13142
13142
13145
13142
13141
13138
13134
13135
13133
13124
13132
13122
13125
13129
13132
13138
13146
13148
13152
13150
13146
13150
13147
13138
13145
13140
13142
13145
13144
13144
13142
13137
13141
13135
13142
13149
13145
13147
13144
13145
13146
13137
13138
13135
13134
13146
13145
13149
13153
13149
13151
13150
13147
13147
13140
13137
13134
13132
13136
13132
13136
13136
13137
13138
13140
13139
13141
13142
13152
13149
13146
13141
13144
13139
13135
13134
13131
13122
13125
13127
13137
13138
13142
12875
12299
11928
11593
11371
11270
11227
11254
11291
11358
11436
11527
11617
11711
11788
11878
11948
12021
12089
12154
12221
12285
12336
12391
12437
12482
12520
12550
12587
12625
12655
12687
12718
12741
12763
12786
12799
12821
12843
12871
12888
12911
12916
12931
12933
12942
12954
12975
12982
12985
12999
13006
13013
13026
13028
13039
13042
13050
13052
13045
13057
13064
13063
13066
13068
13063
13078
13079
13090
13098
13095
13097
13109
13109
13115
13110
13107
13118
13122
13125
13123
13124
13127
13119
13125
13119
13115
13129
13120
13115
13119
13050
12934
12867
12829
12811
12802
12803
12814
12814
12827
12855
12867
12887
12896
12908
12918
12931
12932
12949
12953
12967
12983
12994
12990
13001
13008
13019
13030
13037
13038
13049
13059
13059
13065
13072
13084
13095
13092
13093
13101
13094
13101
13095
13099
13103
13102
13103
13106
13106
13108
13112
13116
13126
13120
13123
13131
13123
13127
13130
13125
13129
13131
13117
13114
13113
13113
13122
13124
13126
13129
13122
13131
13135
13133
13139
13136
13140
13128
13132
13132
13131
13129
13127
13134
13139
13134
13140
13139
13135
13133
13132
13127
13128
13131
13132
13135
13133
13132
13137
13133
13131
13139
13135
13140
13140
13138
13133
13133
13126
13132
13133
13145
13135
13138
13138
13135
13142
13141
13141
13134
13132
13131
13126
13125
13125
13123
13122
13130
13121
13127
13136
13136
13141
13146
13137
13146
13139
13133
13134
13124
13126
13132
13125
13125
13127
13135
13139
13136
13141
13144
13140
13147
13140
13135
13134
13140
13138
13134
13135
13134
13128
13136
13139
13139
13136
13135
13126
13131
13120
13127
13132
13133
13136
13134
13136
13131
13134
13125
13129
13133
13136
13138
13131
13142
13135
13131
13131
13133
13130
13132
13127
13131
13130
13137
13134
13135
13138
13131
13128
13132
13129
13126
13126
13133
13131
13133
13126
13131
13117
13110
13117
13121
13132
13134
13140
13148
13142
13143
13146
13135
13134
13137
13136
13145
13143
13138
13133
13135
13135
13127
13125
13123
13115
13122
13125
13127
13132
13127
13124
13123
13124
13130
13134
13138
13137
13140
13130
13127
13125
13132
13131
13129
13134
13136
13144
13149
13142
13147
13152
13141
13136
13144
13146
13140
13141
13142
13144
13142
13142
13140
13144
13150
13142
13143
13140
13139
13143
13135
13131
13130
13128
13124
13124
13127
13124
13126
13125
13127
13123
13130
13136
13133
13131
13131
13136
13138
13137
13133
13135
13138
13127
13136
13136
13134
13139
13138
13134
13133
13131
13130
13131
13136
13132
13138
13140
13144
13143
13144
13144
13146
13149
13147
13146
13148
13144
13141
13144
13149
13145
13150
13145
13135
13136
13134
13129
13135
13136
13133
13137
13123
13120
13129
13121
13120
13130
13130
13136
13136
13137
13127
13137
13140
13137
13138
13133
13132
13134
13134
13129
13136
13133
13129
13120
13120
13125
13126
13127
13127
13127
13123
13127
13125
13126
13132
13134
13141
13137
13128
13133
13134
13129
13130
13127
13136
13141
13138
13135
13128
13126
13129
13137
13137
13131
13130
13137
13136
13145
13139
13139
13135
13135
13141
13142
13138
13143
13138
13137
13139
13132
13135
13138
13133
13143
13154
13150
13142
13136
13132
13134
13130
13122
13125
13116
13125
13122
13126
13118
13125
13126
13124
13127
13129
13132
13131
13133
13130
13141
13132
