13134
13141
13139
13136
13139
13138
13138
13146
13144
13141
13149
13148
13147
13141
13147
13135
13135
13133
13132
13127
13129
13133
13134
13126
13120
13119
13126
13137
13146
13137
13136
13145
13148
13149
13148
13143
13137
13134
13131
13134
13127
13133
13135
13133
13141
13133
13126
13125
13128
13124
13132
13131
13130
13137
13136
13139
13142
13138
13140
13138
13140
13144
13145
13152
13155
13147
13151
13145
13144
13137
13130
13130
13121
13129
13131
13129
13138
13139
13139
13139
13131
13135
13132
13132
13138
13132
13140
13137
13134
13125
13135
13130
13134
13134
13140
13136
13138
13135
13134
13131
13134
13132
13136
13134
13138
13135
13131
13123
13131
13124
13126
13126
13132
13130
13132
13135
13143
13144
13144
13151
13142
13142
13147
13144
13144
13144
13142
13145
13132
13132
13137
13132
13137
13146
13146
13148
13149
13155
13156
13150
13153
13148
13145
13141
13140
13136
13138
13139
13134
13135
13134
13143
13143
13138
13133
13127
13125
13122
13122
13117
13118
13122
13130
13128
13126
13129
13130
13132
13129
13121
13127
13122
13129
13128
13129
13131
13138
13135
13138
13133
13136
13135
13134
13138
13140
13139
13134
13132
13137
13132
13130
13132
13137
13140
13136
13141
13143
13136
13137
13144
13134
13135
13133
13135
13132
13129
13134
13142
13137
13128
13126
13128
13129
13137
13134
13134
13138
13140
13144
13139
13135
13137
13137
13134
13134
13135
13140
13135
13143
13138
13136
13138
13135
13143
13144
13140
13138
13141
13139
13140
13133
13133
13130
13130
13129
13134
13139
13143
13136
13134
13141
13134
13135
13140
13138
13134
13141
13136
13136
13136
13134
13125
13140
13144
13144
13142
13141
13140
13138
13137
13133
13141
13139
13142
13135
13132
13126
13135
13130
13136
13127
13134
13137
13138
13137
13138
13145
13140
13130
13129
13140
13138
13141
13141
13137
13132
13130
13133
13126
13125
13134
13134
13140
13137
13134
13136
13133
13138
13142
13136
13127
13133
13130
13132
13139
13135
13137
13146
13145
13138
13135
13138
13137
13131
13133
13134
13133
13142
13131
13136
13140
13134
13129
13133
13132
13129
13134
13136
13139
13134
13138
13133
13134
13143
13146
13152
13151
13147
13151
13140
13145
13151
13147
13143
13145
13140
13139
13142
13139
13140
13130
13128
13128
13125
13131
13134
13138
13135
13128
13130
13138
13136
13141
13147
13138
13137
13136
13139
13142
13139
13129
13125
13130
13129
13129
13133
13132
13129
13134
13130
13126
13131
13133
13134
13129
13128
13126
13131
13135
13141
13141
13134
13137
13132
13132
13134
13130
13140
13127
13130
13140
13139
13143
13147
13145
13155
13157
13147
13142
13140
13145
13143
13149
13144
13145
13145
13136
13137
13142
13137
13130
13138
13133
13123
13126
13122
13123
13120
13119
13123
13123
13127
13132
13127
13128
13133
13135
13137
13130
13133
13135
13133
13134
13145
13133
13134
13136
13132
13131
13135
13129
13137
13136
13139
13150
13142
13134
13136
13139
13134
13129
13136
13130
13124
13128
13132
13133
13137
13136
13135
13136
13142
13145
13142
13136
13139
13144
13146
13144
13138
13148
13147
13148
13153
13145
13149
13152
13147
13145
13138
13141
13142
13148
13150
13149
13137
13134
13004
12291
11673
11244
10898
10731
10656
10664
10699
10792
10877
10998
11099
11215
11324
11440
11537
11644
11735
11825
11902
11988
12050
12133
12187
12250
12302
12343
12388
12438
12479
12530
12567
12612
12639
12671
12702
12733
12756
12781
12793
12814
12827
12851
12873
12890
12901
12801
12726
12681
12660
12657
12665
12677
12692
12709
12730
12750
12767
12790
12807
12774
12731
12709
12700
12702
12718
12735
12764
12786
12802
12824
12833
12853
12866
12894
12901
12917
12920
12937
12941
12972
12977
12989
12998
13006
13015
13026
13031
13038
13041
13046
13046
13049
13059
13070
13067
13067
13067
13071
13081
13078
13083
13098
13096
13102
13109
13099
13105
13107
13112
13115
13111
13116
13118
13120
13124
13121
13123
13122
13115
13122
13116
13113
13118
13121
13116
13118
13112
13107
13104
13109
13115
13108
13107
13111
13106
13107
13106
13112
13121
13122
13116
13127
13126
13128
13130
13124
13127
13123
13123
13128
13130
13133
13124
13121
13129
13134
13134
13141
13139
13141
13141
13143
13147
13144
13147
13144
13142
13144
13142
13142
13140
13141
13136
13138
13128
13133
13133
13134
13132
13132
13132
13134
13122
13120
13120
13125
13125
13121
13124
13129
13129
13132
13124
13123
13130
13134
13138
13127
13124
13135
13132
13137
13137
13131
13133
13136
13130
13135
13134
13135
13131
13130
13135
13133
13125
13121
13123
13132
13132
13131
13126
13131
13132
13131
13135
13133
13133
13135
13140
13139
13136
13142
13137
13141
13140
13144
13139
13142
13142
13143
13142
13138
13135
13132
13130
13125
13127
13119
13129
13124
13132
13131
13143
13152
13148
13147
13143
13142
13142
13138
13126
13138
13135
13130
13132
13135
13135
13133
13133
13135
13129
13134
13135
13135
13139
13133
13132
13137
13132
13146
13137
13135
13137
13140
13138
13136
13136
13138
13139
13138
13137
13132
13137
13138
13135
13135
13140
13125
13143
13136
13130
13127
13128
13125
13133
13134
13131
13138
13137
13135
13134
13137
13132
13135
13141
13140
13144
13142
13136
13151
13139
13132
13133
13131
13128
13136
13137
13137
13137
13130
13131
13130
13136
13133
13136
13151
13153
13149
13147
13142
13138
13147
13136
13129
13133
13130
13130
13131
13129
13131
13132
13129
13130
13136
13140
13143
13141
13130
13131
13141
13140
13132
13135
13134
13139
13138
13133
13136
13127
13130
13134
13130
13132
13141
13139
13141
13142
13138
13151
13145
13137
13147
13137
13141
13141
13137
13133
13136
13132
13130
13128
13130
13123
13127
13121
13126
13122
13124
13124
13137
13131
13126
13121
13128
13132
13143
13140
13141
13147
13148
13146
13149
13146
13143
13142
13139
13142
13138
13147
13142
13136
13139
13130
13128
13134
13134
13136
13130
13135
13137
13138
13136
13129
13126
13129
13129
13133
13140
13134
13140
13135
13139
13139
13137
13132
13128
13130
13131
13131
13137
13135
13133
13133
13129
13126
13127
13128
13135
13136
13130
13126
13142
13140
13144
13145
13138
13139
13137
13133
13138
13138
13140
13142
13146
13147
13140
13136
13136
13131
13138
13131
13130
13129
13130
13132
13129
13132
13134
13128
13128
13129
13120
13134
13130
13133
13135
13138
13135
13147
13142
13138
13137
13132
13125
13131
13131
13132
13133
13134
13132
13129
13130
13128
13123
13128
13135
13137
13135
13137
13143
13136
