13133
13144
13135
13133
13133
13131
13138
13136
13134
13133
13146
13135
13123
13116
13115
13119
13118
13124
13128
13133
13145
13141
13138
13141
13135
13134
13128
13124
13130
13120
13125
13123
13126
13130
13126
13132
13131
13137
13138
13132
13131
13137
13141
13141
13145
13144
13147
13156
13146
13138
13134
13127
13122
13126
13125
13128
13129
13137
13141
13137
13137
13137
13133
13131
13126
13135
13127
13126
13141
13136
13133
13134
13134
13140
13142
13134
13137
13131
13132
13134
13131
13136
13140
13137
13132
13136
13141
13140
13142
13135
13138
13137
13144
13149
13143
13138
13143
13143
13129
13133
13138
13142
13146
13144
13142
13138
13128
13135
13142
13130
13130
13129
13126
13126
13124
13123
13129
13136
13141
13142
13140
13132
13140
13136
13143
13137
13136
13139
13140
13141
13151
13144
13135
13141
13136
13140
13142
13140
13141
13138
13145
13134
13141
13143
13142
13132
13140
13132
13135
13128
13128
13137
13135
13135
13140
13141
13148
13143
13144
13155
13148
13151
13146
13146
13147
13142
13134
13142
13134
13134
13137
13126
13129
13135
13126
13123
13128
13127
13133
13128
13130
13124
13123
13120
13122
13121
13121
13124
13136
13137
13133
13139
13135
13133
13136
13137
13133
13135
13129
13137
13136
13138
13134
13135
13135
13143
13141
13145
13146
13138
13138
13126
13120
13125
13121
13121
13126
13119
13118
13122
13133
13135
13131
13139
13137
13142
13142
13138
13145
13134
13139
13140
13133
13133
13129
13131
13131
13127
13122
13130
13121
13124
13126
13124
13127
13127
13132
13138
13125
13122
13132
13130
13122
13131
13124
13127
13125
13132
13134
13135
13136
13128
13131
13136
13139
13145
13145
13146
13143
13142
13146
13150
13145
13141
13134
13140
13136
13134
13132
13138
13137
13138
13148
13146
13141
13143
13135
13147
13143
13138
13148
13139
13133
13131
13123
13124
13125
13124
13124
13127
13129
13124
13124
13129
13131
13129
13125
13131
13128
13133
13135
13140
13134
13136
13126
13129
13130
13125
13116
13125
13123
13123
13124
13123
13129
13134
13133
13140
13139
13136
13139
13133
13126
13133
13130
13138
13142
13148
13150
13154
13152
13145
13146
13146
13140
13136
13137
13137
13143
13133
13136
13136
13127
13126
13122
13125
13133
13130
13129
13129
13130
13133
13135
13124
13123
13123
13125
13132
13126
13132
13136
13131
13126
13128
13128
13126
13126
13128
13134
13134
13134
13131
13141
13135
13132
13134
13128
13138
13142
13135
13132
13138
13135
13138
13130
13128
13125
13123
13126
13126
13120
13131
13131
13135
13142
13136
13138
13139
13135
13133
13140
13135
13140
13144
13144
13139
13143
13133
13138
13132
13134
13136
13140
13140
13146
13144
13141
13133
13137
13133
13128
13134
13129
13122
13117
13119
13118
13120
13121
13131
13129
13141
13146
13144
13136
13144
13144
13152
13148
13141
13141
13143
13144
13143
13136
13132
13128
13129
13125
13124
13124
13125
13123
13134
13135
13138
13136
13136
13138
13133
13135
13136
13140
13137
13135
13140
13141
13137
13133
13138
13134
13136
13138
13124
13124
13128
13124
13127
13133
13142
13157
13153
13150
13143
13133
13132
13133
13131
13126
13130
13135
13130
12696
12061
11679
11442
11322
11180
11091
11049
11069
11066
11118
11172
11253
11334
11436
11532
11630
11716
11797
11881
11967
12035
12108
12170
12243
12292
12345
12392
12441
12476
12521
12550
12584
12618
12650
12675
12710
12736
12770
12798
12823
12849
12866
12881
12891
12906
12924
12917
12929
12951
12957
12971
12984
12996
13009
13022
13026
13032
13038
13035
13043
13039
13050
13058
13060
13075
13068
13068
13083
13081
13085
13096
13099
13105
13109
13112
13116
13113
13110
13117
13116
13117
13114
13119
13118
13121
13127
13122
13116
13116
13125
13116
13114
13121
13129
13130
13125
13126
13118
13124
13117
13115
13122
13126
13128
13127
13127
13130
13134
13129
13126
13137
13137
13135
13134
13129
13128
13124
13127
13121
13121
13121
13118
13122
13128
13132
13132
13124
13128
13134
13131
13129
13125
13125
13123
13121
13124
13126
13117
13124
13122
13115
13120
13128
13130
13135
13133
13123
13125
13122
13125
13128
13127
13129
13129
13136
13138
13143
13137
13137
13137
13134
13135
13136
13128
13128
13136
13131
13126
13124
13126
13126
13120
13127
13125
13129
13120
13127
13126
13126
13137
13133
13136
13139
13134
13135
13135
13134
13135
13135
13133
13136
13130
13127
13134
13131
13127
13128
13133
13131
13133
13136
13130
13127
13129
13137
13146
13140
13135
13140
13138
13136
13135
13135
13139
13133
13131
13135
13135
13142
13135
13137
13132
13126
13128
13131
13127
13122
13129
13127
13130
13134
13135
13138
13143
13141
13144
13143
13136
13135
13141
13139
13128
13133
13134
13137
13137
13129
13131
13134
13131
13136
13133
13136
13148
13143
13141
13142
13132
13139
13141
13142
13141
13145
13140
13143
13142
13141
13143
13142
13138
13146
13142
13142
13141
13136
13136
13142
13151
13144
13143
13145
13143
13136
13134
13136
13138
13142
13145
13142
13135
13132
13135
13136
13138
13138
13136
13137
13136
13141
13145
13139
13143
13139
13137
13139
13136
13136
13147
13140
13125
13140
13131
13131
13137
13132
13129
13133
13124
13126
13122
13128
13132
13132
13129
13123
13134
13128
13129
13132
13127
13132
13130
13134
13150
13139
13139
13137
13135
13134
13139
13134
13134
13140
13137
13139
13145
13145
13150
13149
13145
13136
13135
13131
13138
13137
13133
13130
13123
13117
13122
13134
13130
13129
13131
13127
13131
13128
13126
13130
13127
13138
13138
13132
13135
13136
13143
13146
13137
13145
13147
13138
13148
13146
13141
13140
13135
13139
13145
13141
13138
13143
13142
13140
13133
13138
13137
13143
13135
13135
13136
13138
13132
13135
13133
13132
13141
13137
13139
13136
13134
13132
13131
13130
13126
13128
13127
13134
13127
13134
13127
13133
13133
13123
13124
13125
13124
13111
13125
13117
13117
13125
13127
13132
13133
13132
13132
13136
13129
13124
13131
13135
13130
13123
13125
13124
13130
13136
13137
13136
13137
13140
13137
13138
13126
13133
13135
13145
13132
13134
13127
13130
13128
13127
13127
13124
13126
13128
13136
13133
13135
13136
13131
13131
13133
13139
13142
13136
13134
13129
13130
13129
13128
13132
13128
13126
13127
13121
13113
13117
13124
13130
13132
13137
13141
13142
13137
13138
13124
13129
13134
13138
13138
13140
13141
13139
13132
13138
13142
13135
13123
13131
13134
13137
13137
13131
13130
13131
13129
13120
13118
13124
13126
13124
13136
13131
13138
13132
