13125
13126
13124
13129
13132
13131
13129
13128
13123
13124
13124
13119
13116
13115
13120
13129
13127
13123
13141
13136
13143
13148
13146
13143
13151
13141
13143
13144
13141
13137
13133
13138
13136
13134
13138
13139
13141
13127
13134
13131
13126
13129
13137
13131
13134
13137
13149
13144
13143
13136
13135
13131
13132
13133
13122
13131
13124
13122
13134
13132
13128
13131
13127
13128
13131
13136
13129
13130
13128
13125
13131
13132
13128
13138
13144
13148
13152
13139
13135
13141
13137
13138
13133
13129
13132
13135
13134
13142
13135
13144
13150
13145
13137
13141
13143
13144
13142
13139
13139
13136
13131
13130
13135
13133
13129
13133
13140
13142
13141
13138
13136
13139
13133
13131
13136
13138
13144
13130
13131
13135
13134
13131
13125
13128
13132
13135
13131
13141
13133
13139
13139
13138
13138
13135
13131
13128
13127
13122
13131
13121
13122
13129
13123
13124
13136
13138
13139
13140
13145
13135
13137
13133
13132
13133
13133
13128
13134
13133
13133
13136
13127
13131
13132
13131
13130
13132
13127
13138
13139
13138
13136
13134
13129
13128
13134
13133
13135
13129
13135
13140
13141
13145
13143
13141
13143
13139
13142
13139
13137
13137
13126
13128
13135
13138
13138
13133
13135
13131
13131
13138
13132
13135
13133
13141
13138
13138
13134
13135
13132
13130
13137
13133
13127
13131
13135
13139
13136
13128
13132
13135
13130
13127
13124
13124
13133
13131
13129
13128
13126
13123
13133
13133
13140
13137
13138
13143
13145
13135
13146
13149
13142
13143
13146
13142
13143
13144
13138
13143
13142
13145
13148
13143
13142
13136
13133
13134
13129
13129
13132
13131
13133
13132
13136
13135
13139
13133
13135
13129
13135
13129
13130
13131
13130
13128
13133
13133
13139
13130
13129
13137
13134
13135
13131
13137
13135
13137
13143
13137
13137
13133
13141
13138
13140
13138
13133
13132
13133
13126
13139
13137
13136
13139
13140
13139
13142
13131
13130
13128
13126
13133
13135
13136
13129
13138
13141
13139
13145
13139
13148
13145
13143
13137
13139
13130
13129
13134
13129
13131
13126
13130
13132
13128
13129
13135
13135
13134
13127
13122
13129
13125
13134
13134
13132
13135
13138
13145
13139
13137
13138
13133
13137
13134
13131
13131
13130
13134
13149
13145
13146
13143
13139
13138
13145
13140
13139
13134
13130
13131
13124
13131
13126
13123
13133
13127
13125
13134
13128
13122
13133
13127
13136
13138
13132
13131
13130
13126
13129
13129
13130
13130
13134
13142
13141
13139
13136
13133
13142
13130
13123
13120
13113
13120
13119
13117
13125
13122
13129
13134
13139
13138
13144
13144
13154
13156
13150
13147
13142
13137
13133
13135
13131
13130
13129
13124
13129
13133
13129
13122
13129
13122
13128
13135
13129
13128
13116
13117
13124
13121
13117
13120
13122
13123
13131
13139
13135
13139
13137
13142
13140
13142
13139
13136
13133
13132
13125
13136
13126
13133
13140
13134
13125
13129
13131
13135
13141
13146
13141
13142
13138
13134
13132
13124
13118
13114
13118
13119
13130
13123
13124
13122
13124
13126
13127
13130
13124
13131
13134
13147
13137
13136
13143
13141
13146
13144
13139
13148
13137
13136
13134
13131
13131
13138
13067
12956
12897
12843
12469
11929
11595
11366
11142
11031
11008
11020
11029
11061
11139
11210
11317
11408
11514
11604
11707
11785
11874
11953
12034
12097
12162
12219
12291
12339
12391
12432
12479
12517
12555
12583
12624
12652
12680
12712
12736
12749
12778
12803
12826
12851
12869
12885
12897
12910
12923
12929
12942
12947
12969
12971
12985
12995
13008
13020
13021
13031
13030
13035
13031
13039
13043
13055
13059
13067
13075
13074
13083
13086
13082
13084
13098
13098
13097
13107
13105
13111
13111
13109
13110
13105
13106
13102
13112
13112
13101
13103
13104
13105
13111
13105
13101
13105
13114
13123
13125
13122
13124
13134
13134
13131
13123
13119
13112
13114
13116
13123
13129
13140
13144
13138
13142
13137
13137
13138
13139
13136
13137
13145
13142
13138
13133
13124
13126
13128
13126
13122
13119
13122
13133
13131
13128
13131
13128
13135
13135
13135
13137
13139
13141
13143
13137
13135
13136
13140
13144
13139
13134
13136
13135
13132
13137
13136
13126
13130
13123
13120
13126
13131
13131
13137
13141
13137
13135
13138
13134
13134
13132
13138
13144
13134
13132
13130
13133
13143
13139
13138
13148
13147
13151
13146
13138
13134
13133
13129
13129
13128
13122
13121
13118
13125
13132
13127
13122
13132
13131
13132
13130
13127
13133
13132
13140
13134
13135
13138
13133
13134
13139
13136
13134
13130
13131
13133
13135
13140
13142
13142
13148
13150
13145
13145
13134
13136
13136
13140
13141
13138
13133
13137
13146
13134
13146
13142
13138
13141
13138
13134
13129
13130
13126
13126
13135
13130
13126
13130
13129
13130
13128
13127
13125
13117
13125
13123
13125
13129
13126
13123
13123
13121
13121
13126
13118
13119
13125
13122
13126
13121
13127
13131
13137
13136
13144
13137
13134
13148
13146
13151
13149
13139
13136
13137
13133
13129
13129
13135
13144
13136
13136
13123
13125
13121
13122
13126
13119
13126
13125
13126
13130
13132
13131
13137
13134
13137
13138
13132
13128
13138
13132
13134
13131
13132
13138
13137
13137
13142
13127
13125
13126
13126
13126
13131
13127
13124
13126
13130
13132
13135
13137
13135
13139
13130
13129
13136
13129
13124
13129
13122
13128
13131
13137
13134
13133
13130
13136
13133
13134
13138
13133
13142
13135
13128
13139
13126
13131
13136
13132
13118
13122
13121
13119
13112
13117
13113
13125
13123
13123
13126
13128
13128
13139
13133
13138
13145
13142
13137
13133
13133
13140
13139
13139
13143
13137
13137
13142
13130
13136
13132
13130
13137
13144
13138
13150
13144
13142
13140
13137
13132
13126
13119
13115
13115
13111
13111
13114
13121
13123
13128
13129
13122
13124
13129
13134
13138
13137
13136
13133
13135
13136
13135
13139
13134
13132
13136
13144
13139
13140
13139
13139
13141
13133
13127
13134
13125
13131
13136
13135
13141
13140
13129
13130
13123
13123
13124
13119
13119
13114
13119
13111
13115
13127
13126
13130
13134
13133
13134
13135
13131
13130
13132
13131
13142
13134
13128
13134
13133
13136
13142
13134
13130
13126
13120
13132
13130
13124
13123
13118
13127
13125
13129
13133
13136
13134
13126
13128
13134
13128
13128
13128
13130
13139
13138
13147
13143
13139
13137
13136
13132
13137
13134
13134
13137
13130
13129
13127
13125
13129
13128
13129
13127
13128
13121
13126
13121
13118
13128
13122
13119
13115
13119
13119
13124
13134
13140
