13129
13131
13130
13131
13137
13131
13127
13132
13128
13132
13125
13127
13128
13122
13124
13130
13127
13122
13129
13125
13123
13133
13135
13143
13138
13137
13142
13130
13132
13136
13127
13134
13140
13138
13146
13143
13143
13137
13144
13139
13136
13138
13124
13130
13128
13136
13133
13133
13126
13122
13128
13127
13127
13132
13130
13132
13133
13140
13142
13138
13143
13148
13146
13146
13130
13126
13134
13125
13124
13121
13124
13131
13137
13132
13133
13131
13133
13132
13132
13136
13134
13128
13136
13130
13129
13124
13123
13135
13128
13127
13132
13137
13142
13138
13137
13144
13130
13134
13140
13135
13139
13134
13134
13136
13131
13131
13139
13132
13133
13129
13132
13133
13130
13134
13136
13137
13134
13139
13145
13152
13148
13141
13134
13130
13134
13130
13131
13130
13123
13128
13131
13137
13148
13146
13144
13145
13135
13138
13138
13135
13142
13146
13142
13151
13148
13144
13154
13138
13136
13143
13141
13139
13141
13140
13148
13142
13136
13130
13138
13141
13141
13141
13134
13133
13141
13129
13128
13127
13121
13129
13124
13126
13127
13125
13125
13131
13140
13144
13135
13132
13133
13144
13143
13147
13143
13134
13145
13137
13130
13127
13122
13124
13130
13132
13137
13133
13138
13137
13136
13142
13144
13149
13148
13142
13141
13138
13132
13135
13138
13140
13149
13155
13153
13146
13150
13141
13148
13145
13142
13135
13135
13137
13138
13148
13139
13132
13140
13136
13139
13144
13138
13142
13138
13143
13145
13147
13152
13147
13151
13155
13156
13154
13150
13147
13149
13144
13137
13138
13138
13141
13140
13132
13129
13131
13133
13135
13140
13141
13134
13147
13150
13149
13147
13142
13134
13136
13134
13133
13138
13143
13133
13140
13141
13140
13143
13145
13140
13137
13139
13144
13144
13141
13135
13139
13140
13132
13134
13134
13128
13140
13138
13136
13140
13135
13133
13135
13134
13131
13132
13127
13131
13135
13139
13144
13139
13139
13147
13138
13141
13143
13139
13138
13146
13142
13141
13136
13140
13136
13131
13140
13133
13142
13150
13148
13151
13143
13146
13148
13145
13144
13145
13141
13142
13138
13135
13138
13139
13137
13147
13139
13140
13138
13141
13142
13141
13136
13141
13133
13132
13133
13123
13114
13118
13123
13124
13124
13121
13116
13112
13119
13118
13124
13120
13122
13132
13125
13127
13129
13132
13133
13135
13136
13138
13135
13133
13134
13130
13132
13128
13127
13132
13134
13135
13138
13133
13126
13131
13130
13137
13144
13135
13143
13143
13145
13145
13137
13136
13126
13127
13126
13126
13116
13125
13128
13129
13125
13122
13129
13129
13125
13128
13132
13131
13133
13133
13137
13134
13136
13137
13132
13139
13143
13143
13140
13130
13127
13141
13131
13128
13131
13128
13124
13132
13135
13131
13134
13134
13124
13122
13127
13126
13131
13141
13137
13151
13145
13139
13147
13139
13131
13132
13125
13126
13127
13126
13125
13126
13124
13126
13130
13132
13136
13141
13141
13134
13132
13139
13137
13137
13139
13133
13142
13151
13148
13149
13149
13155
13155
13157
13152
13144
13136
13139
13132
13134
13122
13126
13129
13126
13130
13134
13135
13136
13138
13133
13133
13129
13135
13131
13128
13132
13134
13137
13139
13122
12867
12417
12014
11759
11613
11553
11537
11576
11602
11669
11727
11805
11868
11931
11931
11965
11997
12053
12105
12163
12211
12271
12324
12372
12413
12467
12515
12559
12589
12613
12644
12670
12698
12726
12748
12783
12804
12833
12859
12878
12880
12903
12913
12925
12930
12938
12957
12974
12981
12988
12998
13003
13014
13028
13034
13040
13042
13043
13048
13061
13057
13066
13075
13076
13078
13082
13083
13090
13096
13105
13114
13115
13116
13113
13106
13105
13106
13105
13107
13108
13111
13118
13116
13111
13113
13109
13113
13120
13113
13114
13115
13124
13119
13121
13126
13123
13123
13122
13123
13127
13123
13121
13119
13131
13124
13127
13126
13129
13124
13125
13129
13122
13128
13129
13134
13126
13128
13127
13129
13122
13119
13128
13131
13127
13131
13129
13132
13140
13143
13152
13144
13145
13148
13149
13147
13142
13138
13135
13125
13133
13130
13130
13138
13136
13136
13132
13135
13136
13135
13143
13144
13146
13148
13144
13138
13143
13142
13139
13144
13142
13135
13144
13135
13139
13144
13144
13140
13137
13138
13137
13136
13140
13140
13139
13140
13143
13143
13143
13142
13132
13129
13123
13125
13132
13128
13135
13139
13135
13144
13136
13135
13135
13132
13134
13135
13135
13134
13133
13144
13134
13127
13126
13122
13120
13128
13127
13123
13135
13132
13137
13141
13145
13135
13129
13145
13142
13140
13145
13142
13146
13130
13130
13129
13134
13131
13128
13133
13135
13142
13146
13154
13149
13151
13147
13135
13131
13125
13126
13137
13134
13132
13134
13129
13129
13131
13130
13121
13123
13121
13131
13125
13126
13123
13135
13142
13150
13147
13146
13146
13153
13143
13145
13141
13138
13137
13133
13135
13137
13130
13143
13147
13149
13143
13143
13139
13132
13137
13140
13138
13138
13137
13141
13134
13133
13138
13128
13135
13136
13133
13135
13133
13135
13129
13126
13136
13137
13138
13135
13133
13131
13122
13116
13119
13120
13128
13136
13136
13134
13132
13133
13137
13128
13133
13138
13137
13136
13135
13139
13144
13134
13131
13138
13132
13137
13140
13133
13133
13140
13137
13137
13133
13131
13131
13139
13141
13146
13142
13145
13139
13141
13138
13133
13132
13136
13137
13142
13143
13141
13145
13148
13156
13153
13151
13155
13145
13147
13139
13133
13128
13127
13122
13120
13125
13133
13138
13133
13137
13138
13143
13138
13134
13135
13133
13129
13140
13135
13139
13137
13132
13138
13132
13131
13133
13130
13138
13141
13140
13137
13130
13137
13137
13133
13132
13133
13134
13134
13125
13128
13133
13130
13123
13125
13125
13131
13136
13125
13128
13125
13130
13131
13134
13138
13130
13124
13129
13126
13126
13125
13125
13133
13126
13128
13128
13131
13137
13144
13137
13135
13134
13127
13130
13123
13123
13126
13126
13134
13136
13135
13144
13142
13139
13137
13125
13124
13142
13133
13140
13140
13140
13134
13138
13135
13143
13150
13150
13146
13141
13138
13139
13147
13149
13143
13147
13142
13146
13138
13139
13135
13138
13139
13132
13125
13125
13125
13130
13128
13127
13133
13134
13132
13128
13132
13119
13125
13129
13130
13134
13136
13138
13150
13148
13153
13146
13144
13149
13147
13142
13139
13140
13145
13139
13133
13135
13138
13142
13140
13138
13135
13131
13135
13139
13138
13140
13144
13144
13146
13142
13137
13137
13132
13131
13149
13143
13143
13140
