12932
12945
12959
12974
12982
12987
12997
13018
13026
13031
13040
13040
13043
13054
13055
12938
12850
12802
12775
12758
12767
12769
12775
12794
12808
12827
12839
12862
12877
12891
12910
12921
12932
12942
12953
12966
12974
12984
12997
13007
13013
13027
13030
13033
13041
13044
13042
13056
13061
13054
13070
13066
13076
13085
13086
13097
13088
13087
13090
13096
13102
13106
13108
13116
13113
13113
13112
13110
13111
13100
13105
13104
13104
13113
13114
13119
13124
13119
13121
13125
13119
13138
13134
13131
13130
13130
13125
13134
13127
13125
13131
13122
13115
13121
13122
13122
13126
13126
13128
13125
13129
13125
13132
13127
13130
13132
13135
13139
13145
13137
13127
13126
13125
13122
13119
13117
13121
13121
13121
13124
13124
13127
13132
13128
13145
13143
13139
13144
13143
13132
13133
13124
13128
13132
13124
13121
13127
13127
13123
13129
13126
13123
13125
13129
13133
13126
13127
13122
13130
13126
13128
13131
13129
13132
13133
13138
13139
13136
13127
13128
13128
13124
13130
13126
13134
13135
13129
13134
13127
13133
13142
13137
13131
13139
13132
13125
13120
13123
13128
13124
13126
13130
13133
13145
13146
13149
13155
13147
13148
13140
13137
13133
13129
13126
13129
13132
13129
13128
13126
13129
13122
13134
13132
13131
13139
13138
13133
13131
13124
13122
13133
13133
13134
13136
13130
13133
13133
13134
13139
13133
13135
13138
13132
13135
13140
13139
13134
13133
13137
13127
13130
13134
13134
13137
13141
13142
13142
13146
13150
13156
13147
13151
13151
13147
13140
13137
13131
13136
13124
13121
13131
13126
13123
13132
13123
13122
13122
13126
13123
13122
13126
13117
13121
13130
13130
13131
13127
13128
13134
13127
13128
13138
13134
13131
13134
13142
13144
13154
13146
13146
13136
13137
13135
13134
13124
13122
13125
13126
13126
13124
13129
13127
13126
13133
13134
13126
13131
13138
13140
13138
13137
13138
13137
13137
13135
13138
13133
13129
13132
13129
13133
13133
13139
13131
13130
13124
13123
13131
13130
13132
13131
13137
13141
13141
13143
13138
13142
13149
13144
13136
13144
13140
13143
13142
13141
13139
13141
13143
13140
13138
13137
13136
13139
13135
13134
13138
13133
13133
13134
13138
13129
13133
13132
13132
13128
13138
13139
13132
13137
13143
13140
13154
13157
13150
13150
13153
13152
13147
13142
13141
13138
13134
13129
13138
13134
13139
13138
13140
13145
13140
13135
13135
13141
13139
13130
13130
13130
13122
13127
13129
13128
13127
13125
13129
13131
13126
13125
13122
13124
13129
13132
13135
13134
13134
13132
13133
13138
13143
13137
13134
13134
13133
13134
13144
13140
13136
13133
13137
13137
13139
13136
13140
13141
13135
13128
13131
13126
13121
13131
13128
13126
13133
13135
13140
13137
13136
13132
13132
13126
13129
13132
13135
13140
13145
13150
13144
13147
13148
13143
13134
13138
13133
13125
13124
13126
13130
13133
13137
13134
13135
13124
13121
13129
13141
13136
13140
13147
13150
13153
13141
13133
13143
13137
13136
13133
13137
13130
13137
13140
13150
13144
13149
13148
13140
13153
13145
13144
13144
13146
13142
13150
13146
13148
13153
13155
13152
13149
13138
13132
13137
13134
13133
13135
13135
13078
12380
11573
10991
10602
10378
10305
10282
10353
10432
10554
10670
10811
10926
11064
11175
11286
11401
11518
11607
11717
11807
11900
11976
12053
12120
12197
12243
12301
12351
12395
12439
12486
12526
12567
12592
12629
12656
12695
12719
12754
12772
12798
12813
12844
12859
12866
12890
12901
12922
12934
12946
12956
12966
12973
12986
12990
13001
13008
13011
13017
13027
13030
13038
13036
13040
13051
13058
13060
13078
13078
13085
13088
13096
13100
13099
13099
13100
13100
13101
13097
13106
13107
13106
13114
13112
13110
13115
13110
13110
13106
13106
13104
13100
13101
13107
13112
13116
13120
13112
13112
13114
13124
13126
13124
13123
13130
13116
13118
13114
13117
13123
13123
13121
13116
13116
13118
13120
13121
13124
13123
13133
13128
13126
13134
13131
13136
13134
13123
13127
13125
13128
13128
13131
13126
13134
13128
13130
13132
13130
13126
13132
13134
13139
13133
13125
13136
13131
13127
13129
13129
13127
13126
13131
13138
13138
13129
13133
13132
13134
13131
13138
13138
13134
13141
13133
13132
13140
13144
13143
13134
13134
13131
13131
13128
13132
13123
13118
13119
13120
13129
13137
13138
13142
13132
13130
13141
13131
13131
13133
13125
13127
13129
13124
13130
13122
13130
13131
13134
13131
13133
13133
13139
13133
13139
13122
13133
13135
13136
13142
13139
13135
13135
13138
13134
13139
13144
13146
13146
13150
13145
13142
13141
13142
13134
13129
13132
13134
13135
13134
13134
13135
13136
13125
13134
13131
13132
13131
13129
13133
13136
13139
13134
13132
13140
13138
13136
13141
13135
13138
13138
13131
13134
13128
13127
13132
13132
13138
13132
13127
13134
13134
13133
13141
13126
13126
13133
13126
13129
13138
13133
13134
13138
13133
13135
13130
13135
13127
13131
13134
13124
13127
13132
13138
13143
13144
13143
13145
13138
13135
13124
13121
13116
13118
13119
13112
13111
13121
13119
13120
13123
13125
13129
13139
13148
13138
13142
13137
13139
13143
13138
13136
13131
13131
13130
13124
13132
13130
13134
13136
13130
13138
13143
13142
13150
13146
13142
13138
13139
13136
13140
13133
13140
13137
13135
13140
13137
13144
13142
13134
13137
13139
13142
13147
13143
13143
13141
13131
13134
13133
13129
13128
13120
13115
13126
13123
13131
13125
13126
13131
13132
13132
13131
13128
13134
13126
13133
13140
13138
13142
13146
13145
13148
13149
13146
13140
13137
13144
13142
13135
13131
13131
13133
13134
13125
13123
13134
13132
13128
13127
13120
13123
13126
13121
13125
13119
13124
13123
13129
13132
13136
13138
13141
13137
13144
13134
13141
13145
13146
13141
13141
13140
13146
13151
13140
13137
13129
13137
13135
13139
13137
13133
13135
13135
13128
13127
13132
13132
13135
13139
13126
13129
13122
13125
13126
13126
13128
13124
13124
13125
13123
13122
13117
13119
13122
13130
13130
13136
13135
13138
13138
13127
13124
13124
13124
13130
13129
13133
13135
13134
13139
13142
13138
13139
13141
13134
13141
13133
13134
13137
13136
13133
13136
13134
13135
13137
13133
13125
13127
13130
13129
13120
13120
13123
13125
13126
13119
13130
13129
13129
13129
13124
13128
13129
13125
13128
13131
13135
13142
13138
13142
13137
13139
13140
13139
13132
13142
13141
13145
13147
13146
13148
13156
13141
13136
13132
13131
13128
13132
13136
13132
13131
13124
13120
13130
13122
