13134
13130
13126
13123
13127
13126
13126
13132
13131
13133
13139
13136
13135
13138
13140
13150
13142
13133
13140
13134
13137
13136
13131
13128
13135
13134
13135
13138
13138
13127
13136
13131
13132
13132
13129
13127
13129
13126
13125
13125
13126
13124
13125
13121
13126
13122
13122
13132
13135
13137
13137
13139
13135
13133
13130
13135
13129
13125
13127
13119
13126
13124
13120
13125
13130
13129
13130
13128
13138
13130
13129
13130
13130
13131
13131
13125
13131
13118
13110
13116
13119
13121
13119
13116
13130
13127
13128
13130
13125
13124
13127
13115
13130
13131
13136
13138
13140
13138
13137
13138
13138
13140
13140
13140
13132
13132
13137
13135
13147
13145
13144
13147
13137
13135
13132
13125
13124
13124
13124
13133
13133
13135
13129
13126
13126
13133
13135
13136
13131
13133
13134
13134
13127
13126
13126
13131
13132
13127
13130
13133
13132
13138
13129
13130
13131
13128
13129
13131
13131
13128
13133
13133
13137
13139
13144
13134
13140
13130
13136
13133
13131
13130
13137
13135
13130
13132
13134
13132
13128
13132
13131
13121
13125
13127
13127
13133
13140
13134
13138
13135
13132
13142
13133
13127
13131
13138
13134
13139
13136
13125
13124
13128
13122
13121
13129
13126
13132
13125
13118
13120
13122
13124
13124
13127
13128
13130
13129
13132
13125
13129
13126
13128
13132
13130
13129
13133
13135
13132
13139
13137
13142
13147
13144
13145
13149
13151
13149
13143
13141
13139
13141
13146
13139
13137
13134
13127
13131
13118
13121
13125
13122
13129
13126
13113
13120
13121
13124
13127
13121
13122
13122
13132
13131
13132
13127
13125
13125
13122
13134
13130
13124
13129
13121
13124
13125
13124
13129
13136
13138
13134
13138
13140
13133
13130
13126
13127
13131
13125
13127
13134
13130
13140
13138
13133
13134
13132
13129
13130
13124
13124
13132
13136
13142
13141
13138
13140
13133
13132
13140
13130
13119
13126
13128
13127
13131
13126
13126
13130
13128
13132
13129
13133
13130
13127
13120
13114
13121
13117
13121
13129
13131
13125
13124
13122
13121
13128
13128
13133
13132
13132
13133
13136
13136
13132
13128
13136
13132
13135
13142
13132
13138
13138
13143
13138
13138
13136
13135
13129
13136
13132
13135
13143
13141
13144
13135
13139
13145
13142
13140
13140
13133
13139
13136
13147
13148
13144
13140
13140
13139
13136
13136
13133
13137
13137
13139
13143
13136
13132
13135
13133
13132
13135
13131
13122
13128
13131
13132
13132
13126
13119
13118
13122
13126
13130
13129
13129
13131
13127
13128
13136
13137
13139
13132
13130
13127
13126
13130
13131
13124
13130
13132
13128
13128
13124
13121
13131
13129
13130
13135
13132
13133
13135
13131
13135
13139
13143
13134
13134
13127
13120
13116
13115
13116
13126
13128
13129
13134
13138
13137
13140
13142
13139
13135
13137
13133
13134
13133
13138
13130
13135
13135
13131
13138
13147
13150
13161
13150
13141
13144
13136
13132
13134
13132
13130
13130
13135
13130
13128
13131
13136
13135
13139
13144
13143
13139
13138
13141
13130
13126
13136
13136
13137
13128
13124
13122
13122
13122
13129
13127
13134
13129
13133
13133
13138
13144
13144
13143
13142
13140
13124
13125
13137
13123
13123
13127
13123
13125
13019
11983
10676
9658
8939
8591
8426
8434
8493
8661
8818
9041
9233
9460
9656
9881
10070
10271
10390
10509
10614
10754
10869
11012
11122
11259
11364
11478
11579
11678
11753
11844
11909
11985
12054
12125
12179
12247
12301
12353
12402
12451
12481
12521
12563
12602
12635
12658
12686
12720
12741
12767
12794
12814
12754
12671
12621
12599
12596
12603
12614
12629
12650
12674
12694
12732
12754
12777
12801
12819
12834
12855
12860
12881
12903
12915
12926
12943
12951
12961
12978
12989
13006
13017
13030
13030
13035
13037
13040
13045
13042
13046
13052
13048
13051
13054
13064
13068
13070
13080
13086
13084
13098
13098
13100
13104
13097
13101
13105
13106
13109
13112
13107
13111
13113
13108
13116
13123
13125
13126
13131
13128
13127
13122
13120
13122
13129
13124
13131
13133
13134
13138
13140
13139
13143
13137
13136
13134
13141
13135
13137
13131
13131
13130
13131
13132
13130
13127
13132
13129
13117
13130
13118
13111
13115
13124
13122
13124
13130
13131
13142
13147
13143
13144
13139
13136
13137
13136
13138
13141
13137
13134
13136
13122
13126
13127
13130
13131
13133
13138
13138
13136
13132
13129
13127
13130
13131
13129
13132
13132
13131
13133
13124
13116
13120
13112
13117
13119
13118
13118
13124
13130
13131
13134
13138
13136
13137
13137
13136
13140
13138
13140
13134
13133
13137
13136
13131
13134
13128
13129
13128
13128
13124
13128
13128
13133
13129
13129
13135
13131
13130
13135
13128
13128
13131
13142
13139
13142
13144
13137
13134
13134
13126
13132
13137
13127
13132
13128
13123
13136
13135
13130
13135
13141
13136
13138
13135
13134
13135
13140
13141
13132
13132
13130
13126
13126
13130
13129
13134
13126
13122
13134
13128
13129
13134
13134
13138
13135
13132
13132
13128
13130
13123
13124
13129
13129
13125
13121
13119
13128
13128
13132
13138
13141
13138
13134
13130
13129
13134
13132
13133
13128
13126
13131
13129
13137
13137
13133
13137
13138
13132
13142
13141
13142
13140
13141
13141
13142
13135
13139
13129
13131
13116
13117
13121
13127
13133
13139
13134
13139
13126
13132
13122
13118
13114
13115
13118
13125
13130
13134
13140
13134
13140
13155
13144
13150
13143
13132
13135
13131
13132
13141
13137
13137
13139
13133
13137
13140
13139
13133
13131
13127
13130
13129
13129
13135
13137
13131
13128
13135
13123
13126
13125
13123
13127
13130
13130
13129
13133
13133
13133
13131
13134
13139
13134
13133
13136
13131
13134
13131
13126
13132
13134
13136
13140
13137
13137
13145
13139
13146
13148
13148
13145
13137
13136
13141
13138
13142
13151
13152
13147
13145
13145
13144
13143
13144
13141
13144
13143
13134
13136
13126
13130
13124
13023
12930
12881
12842
12826
12821
12815
12838
12840
12858
12881
12883
12900
12913
12917
12933
12951
12965
12972
12983
12988
12997
13011
13020
13029
13039
13044
13049
13064
13060
13066
13070
13070
13078
13075
13073
13081
13080
13091
13090
13097
13099
13102
13101
13113
13108
13106
13114
13112
13110
13113
13113
13117
13117
13121
13121
13111
13115
13114
13113
13125
13125
13123
13127
13120
13128
13121
13128
13130
13127
13129
13126
13128
13131
13130
13124
13132
13135
13137
13135
13136
13137
13136
13134
13142
13137
13126
13130
13127
13125
13133
13133
13128
13129
13129
13126
13132
13120
13116
