13134
13127
13121
13129
13132
13140
13142
13143
13141
13139
13138
13137
13140
13131
13129
13135
13135
13131
13141
13134
13133
13139
13137
13140
13137
13140
13142
13141
13144
13141
13140
13143
13145
13154
13154
13148
13155
13140
13151
13153
13151
13151
13149
13140
13138
13137
13137
13138
13140
13136
13136
13133
13126
13125
13125
13124
13115
13117
13130
13126
13126
13137
13139
13145
13148
13140
13143
13151
13155
13151
13146
13152
13151
13138
13135
13133
13143
13141
13136
13138
13132
13131
13126
13118
13122
13122
13123
13129
13125
13137
13071
12948
12883
12833
12817
12816
12809
12813
12829
12834
12850
12862
12879
12892
12914
12931
12942
12954
12970
12978
12987
13000
13001
13007
13014
13017
13029
13034
13040
13053
13059
13061
13066
13070
13073
13080
13082
13089
13083
13082
13086
13087
13091
13099
13097
13103
13105
13100
13100
13099
13100
13107
13105
13109
13107
13115
13111
13113
13117
13117
13125
13131
13128
13128
13125
13122
13131
13126
13133
13127
13121
13125
13121
13122
13122
13115
13114
13115
13123
13132
13138
13133
13132
13136
13139
13141
13135
13132
13138
13126
13125
13127
13128
13127
13126
13131
13139
13134
13141
13127
13128
13138
13139
13146
13142
13137
13143
13138
13141
13146
13139
13137
13131
13134
13129
13124
13131
13134
13128
13137
13144
13139
13134
13133
13131
13135
13134
13136
13142
13142
13141
13144
13140
13142
13144
13144
13135
13139
13138
13134
13135
13135
13130
13138
13138
13139
13137
13134
13130
13133
13134
13138
13126
13135
13133
13131
13127
13121
13120
13128
13129
13130
13128
13138
13133
13145
13142
13137
13147
13141
13151
13155
13144
13140
13137
13134
13130
13133
13128
13128
13120
13133
13134
13139
13140
13143
13145
13141
13136
13138
13132
13139
13136
13138
13143
13140
13131
13132
13128
13136
13140
13140
13133
13139
13136
13135
13125
13124
13130
13131
13128
13129
13121
13129
13132
13137
13133
13134
13138
13137
13144
13140
13137
13134
13138
13134
13143
13137
13139
13143
13142
13138
13137
13141
13144
13139
13141
13139
13133
13136
13135
13129
13132
13133
13126
13128
13124
13124
13133
13130
13134
13130
13127
13128
13133
13128
13124
13124
13130
13125
13135
13135
13138
13136
13140
13132
13131
13128
13126
13132
13131
13130
13134
13134
13130
13125
13121
13123
13124
13116
13119
13121
13113
13113
13117
13129
13131
13124
13135
13126
13126
13126
12988
12908
12855
12833
12826
12762
12656
12593
12569
12558
12557
12567
12585
12615
12648
12671
12692
12718
12743
12769
12790
12810
12826
12845
12865
12888
12901
12914
12927
12941
12956
12970
12976
12990
12993
12998
13019
13017
13023
13027
13033
13039
13058
13060
13060
13060
13071
13071
13078
13079
13082
13078
13083
13085
13097
13100
13101
13120
13127
13123
13119
13115
13118
13118
13117
13122
13116
13115
13121
13116
13120
13120
13121
13121
13121
13125
13134
13130
13134
13137
13139
13138
13137
13132
13128
13121
13131
13119
13119
13131
13132
13135
13134
13130
13140
13131
13126
13125
13127
13126
13123
13118
13118
13125
13123
13128
13119
13125
13129
13129
13124
13127
13124
13132
13125
13122
13130
13124
13123
13133
13129
13076
12756
12344
11986
11756
11647
11587
11595
11609
11663
11717
11793
11854
11934
11992
12060
12116
12183
12237
12298
12340
12395
12439
12491
12536
12575
12620
12654
12681
12701
12724
12746
12780
12804
12821
12850
12860
12887
12909
12923
12926
12931
12941
12964
12968
12974
12979
12987
12999
12927
12825
12774
12744
12740
12726
12736
12749
12759
12781
12799
12811
12829
12846
12861
12880
12895
12917
12930
12946
12960
12973
12976
12994
12998
13005
13022
13021
13030
13043
13042
13051
13061
13065
13066
13079
13081
13079
13081
13089
13092
13096
13089
13096
13103
13104
13103
13102
13106
13106
13103
13104
13104
13106
13103
13110
13100
13104
13119
13122
13128
13133
13133
13136
13136
13130
13135
13128
13124
13129
13129
13127
13129
13115
13119
13122
13128
13133
13130
13134
13135
13139
13131
13138
13140
13133
13132
13135
13130
13130
13124
13123
13120
13122
13117
13122
13118
13121
13130
13128
13125
13124
13130
13136
13136
13129
13135
13133
13141
13149
13144
13147
13153
13150
13152
13150
13144
13138
13143
13143
13139
13138
13139
13139
13142
13128
13138
13143
13140
13138
13137
13140
13141
13136
13131
13138
13138
13142
13145
13139
13149
13142
13144
13141
13136
13129
13135
13120
13115
13121
13118
13123
13122
13131
13124
13132
13142
13139
13142
13140
13130
13131
13128
13133
13131
13131
13132
13137
13136
13136
13129
13127
13125
13130
13128
13129
13125
13137
13143
13143
13149
13154
13151
13152
13150
13142
13147
13147
13145
13154
13147
13144
13136
13139
13145
13145
13145
13145
13141
13140
13141
13138
13138
13139
13145
13145
13133
13136
13128
13123
13125
13127
13125
13125
13119
13122
13121
13122
13130
13122
13125
13132
13130
13138
13132
13132
13132
13133
13128
13135
13128
13134
13132
13142
13144
13137
13129
13125
13127
13137
13147
13141
13134
13127
13132
13130
13127
13132
13134
13139
13142
13138
13147
13146
13146
13152
13149
13156
13156
13147
13149
13151
13149
13147
13141
13134
13137
13137
13136
13139
13134
13130
13128
13129
13130
13119
13121
13123
13123
13126
13125
13120
13123
13132
13133
13124
13124
13131
13126
13122
13127
13133
13140
13136
13128
13131
13123
13126
13133
13132
13130
13134
13130
13136
13139
13141
13142
13138
13138
13144
13137
13142
13138
13136
13142
13138
13137
13137
13128
13128
13126
13129
13126
13126
13135
13132
13137
13135
13127
13129
13128
13127
13128
13135
13124
13135
13130
13126
13126
13129
13131
13133
13126
13131
13121
13115
13130
13129
13126
13126
13122
13130
13133
13137
13136
13137
13132
13125
13125
13137
13128
13132
13130
13128
13129
13115
13118
13120
13118
13123
13131
13134
13137
13129
13129
13139
13136
13139
13135
13133
13136
13139
13136
13142
13143
13143
13151
13148
13148
13140
13137
13138
13145
13135
13136
13140
13146
13147
13144
13141
13145
13146
13142
13138
13155
13140
13141
13139
13137
13137
13138
13137
13139
13139
13138
13145
13140
13137
13133
13131
13136
13135
13131
13136
13133
13130
13140
13144
13139
13139
13135
13134
13132
13138
13131
13125
13125
13131
13134
13140
13145
13147
13145
13143
13150
13141
13136
13136
13131
13133
13129
13132
13131
13129
13124
13133
13126
13122
13129
13127
13127
13133
13125
13131
13125
13122
13135
13128
13131
13135
13142
13142
13148
13145
13148
13149
13146
13141
