13125
13133
13132
13130
13129
13124
13123
13127
13127
13120
13131
13129
13131
13140
13142
13139
13142
13138
13143
13143
13141
13139
13143
13147
13150
13151
13149
13141
13148
13149
13143
13143
13146
13142
13141
13140
13133
13136
13129
13136
13142
13138
13133
13126
13128
13125
13119
13122
13119
13125
13128
13127
13124
13128
13126
13125
13126
13118
13120
13129
13131
13127
13127
13131
13129
13136
13139
13139
13146
13139
13136
13139
13138
13140
13131
13129
13127
13135
13137
13138
13135
13134
13139
13143
13139
13137
13137
13137
13145
13137
13143
13126
13122
13127
13123
13121
13118
13117
13126
13131
13130
13134
13137
13134
13135
13135
13132
13122
13136
13130
13128
13133
13132
13133
13131
13129
13132
13124
13128
13132
13125
13132
13139
13139
13138
13145
13144
13151
13136
13136
13147
13142
13142
13141
13134
13132
13128
13129
13132
13128
13126
13124
13123
13129
13130
13133
13132
13135
13137
13137
13132
13130
13135
13137
13136
13135
13133
13137
13139
13139
13137
13137
13134
13133
13139
13131
13130
13138
13132
13127
13129
13129
13131
13141
13138
13143
13148
13145
13149
13152
13149
13140
13144
13147
13142
13141
13140
13130
13135
13129
13126
13127
13124
13127
13134
13135
13131
13139
13135
13138
13134
13138
13134
13124
13126
13129
13126
13132
13124
13123
13126
13126
13127
13130
13127
13115
13121
13124
13136
13143
13137
13130
13131
13130
13123
13125
13128
13124
13127
13116
13118
13122
13119
13120
13114
13112
13115
13115
13111
13118
13118
13121
13121
13121
13127
13131
13132
13138
13131
13131
13145
13133
13131
13137
13135
13139
13133
13141
13142
13144
13140
13131
13128
13131
13132
13132
13133
13129
13128
13124
13126
13128
13126
13134
13129
13134
13132
13131
13124
13128
13120
13125
13131
13126
13128
13134
13138
13138
13138
13131
13137
13128
13127
13133
13131
13137
13138
13139
13138
13133
13139
13140
13144
13146
13144
13147
13141
13136
13144
13136
13134
13134
13129
13133
13129
13130
13129
13125
13126
13132
13132
13131
13128
13141
13139
13137
13130
13135
13129
13126
13134
13130
13131
13131
13126
13121
13120
13122
13116
13122
13118
13120
13125
13136
13129
13131
13132
13133
13136
13131
13124
13131
13128
13122
13124
13122
13127
13128
13127
13131
13122
13128
13126
13121
13124
13128
13125
13131
13130
13127
13137
13139
13145
13142
13141
13143
13143
13143
13140
13143
13145
13141
13135
13138
13128
13125
13128
13124
13135
13132
13135
13140
13141
13136
13137
13139
13134
13133
13127
13131
13130
13129
13126
13121
13122
13130
13128
13133
13131
13136
13145
13143
13135
13137
13127
13132
13142
13145
13144
13141
13143
13141
13143
13144
13139
13143
13143
13147
13152
13141
13125
13129
13130
13125
13126
13129
13131
13135
13132
13137
13131
13136
13136
13139
13142
13138
13133
13137
13130
13130
13138
13135
13126
13132
13131
13131
13136
13131
13131
13137
13138
13138
13135
13136
13137
13140
13134
13142
13134
13122
13133
13138
13137
13132
13130
13138
13133
13139
13140
13142
13140
13143
13146
13141
13142
13131
13129
13139
13135
13126
13134
13131
13133
13140
13142
13140
13139
13134
13134
13137
13141
13146
13142
13146
13148
13150
13147
13131
12777
11535
10207
9224
8562
8090
7828
7721
7787
7904
8115
8318
8570
8798
9056
9281
9531
9734
9960
10147
10343
10471
10581
10680
10812
10920
11046
11155
11280
11387
11509
11599
11701
11788
11875
11948
12026
12087
12158
12208
12267
12309
12367
12418
12471
12511
12551
12585
12619
12648
12683
12715
12741
12765
12787
12799
12824
12848
12862
12875
12875
12885
12916
12930
12944
12958
12963
12974
12989
12999
13002
13015
13023
13032
13036
13042
13051
13056
13058
13062
13073
13074
13078
13085
13085
13089
13089
13095
13095
13099
13103
13105
13102
13106
13103
13098
13105
13106
13107
13118
13119
13121
13122
13116
13121
13122
13111
13108
13102
13112
13105
13107
13109
13114
13116
13131
13131
13138
13137
13137
13139
13131
13128
13133
13134
13138
13134
13127
13124
13121
13120
13117
13118
13122
13116
13123
13119
13122
13119
13123
13119
13113
13124
13125
13118
13129
13132
13139
13138
13135
13138
13138
13137
13136
13137
13137
13136
13141
13138
13135
13138
13130
13129
13135
13128
13138
13134
13130
13132
13135
13135
13140
13134
13134
13141
13143
13158
13143
13144
13146
13143
13137
13143
13134
13134
13138
13134
13134
13131
13134
13139
13130
13136
13137
13143
13140
13140
13138
13135
13133
13130
13126
13127
13128
13132
13131
13133
13133
13139
13137
13134
13134
13123
13134
13138
13132
13140
13135
13135
13140
13136
13129
13130
13126
13124
13138
13131
13138
13140
13142
13143
13142
13148
13142
13144
13143
13138
13136
13135
13139
13139
13138
13126
13127
13123
13124
13119
13115
13115
13124
13116
13123
13120
13119
13118
13115
13112
13109
13116
13114
13111
13115
13128
13126
13126
13132
13129
13132
13132
13132
13128
13133
13126
13129
13134
13140
13133
13131
13128
13128
13127
13115
13110
13116
13111
13117
13129
13127
13137
13134
13130
13138
13133
13138
13134
13136
13137
13143
13140
13149
13136
13140
13148
13143
13139
13138
13131
13134
13140
13147
13141
13140
13138
13125
13124
13132
13125
13128
13131
13135
13142
13136
13132
13137
13124
13128
13122
13122
13123
13136
13133
13135
13132
13140
13142
13138
13142
13141
13141
13139
13133
13128
13133
13131
13130
13138
13134
13137
13142
13137
13133
13132
13133
13133
13137
13145
13140
13144
13148
13140
13144
13138
13137
13139
13139
13139
13127
13130
13129
13125
13131
13134
13124
13133
13132
13129
13125
13132
13128
13139
13130
13126
13125
13125
13120
13123
13121
13127
13135
13136
13142
13142
13139
13138
13137
13132
13133
13134
13127
13129
13135
13128
13117
13131
13126
13134
13138
13135
13125
13129
13131
13135
13129
13137
13140
13139
13141
13143
13147
13149
13151
13146
13151
13142
13133
13142
13134
13134
13137
13137
13137
13133
13136
13133
13141
13143
13142
13140
13142
13142
13146
13137
13137
13141
13131
13124
13121
13124
13124
13120
13124
13130
13125
13133
13134
13133
13140
13138
13140
13142
13137
13132
13137
13131
13136
13140
13135
13135
13132
13131
13128
13121
13123
13121
13123
13132
13132
13130
13138
13137
13140
13128
13131
13131
13134
13133
13139
13138
13141
13139
13138
13133
13128
13131
13140
13137
13140
13140
13137
13150
13140
13137
13140
13141
13141
13147
13142
13141
13143
13134
13132
13129
13129
13135
13129
13139
13130
13130
13135
13140
13147
13142
