13137
13138
13139
13134
13133
13137
13134
13145
13137
13134
13141
13136
13131
13132
13126
13129
13126
13126
13124
13126
13130
13129
13131
13136
13137
13138
13141
13137
13144
13136
13128
13132
13130
13122
13121
13123
13127
13128
13131
13133
13127
13140
13140
13134
13138
13141
13140
13149
13147
13138
13147
13140
13134
13140
13135
13135
13127
13127
13126
13124
13126
13129
13130
13132
13135
13142
13146
13140
13151
13146
13151
13146
13145
13144
13146
13147
13143
13137
13127
13133
13122
13130
13134
13136
13137
13149
13151
13154
13149
13148
13155
13147
13149
13151
13144
13143
13144
13151
13155
13149
13150
13144
13143
13143
13143
13142
13141
13132
13136
13123
13120
13125
13122
13127
13129
13138
13137
13136
13135
13145
13145
13142
13142
13135
13141
13142
13144
13145
13137
13130
13139
13135
13129
13134
13129
13134
13134
13134
13132
13140
13135
13136
13137
13138
13137
13135
13134
13133
13137
13135
13127
13138
13137
13139
13132
13133
13136
13133
13130
13138
13127
13134
13141
13130
13136
13135
13135
13141
13136
13132
13142
13135
13136
13149
13140
13140
13142
13135
13134
13134
13142
13137
13136
13143
13143
13139
13136
13133
13138
13133
13138
13136
13138
13137
13139
13136
13144
13144
13145
13146
13139
13142
13143
13134
13133
13132
13133
13132
13124
13122
13127
13121
13125
13130
13129
13134
13141
13135
13137
13131
13133
13123
13127
13129
13132
13132
13133
13136
13133
13130
13128
13128
13123
13126
13125
13122
13119
13120
13127
13136
13132
13140
13149
13149
13150
13148
13142
13145
13145
13134
13126
13123
13119
13124
13125
13133
13129
13128
13132
13132
13142
13140
13140
13148
13142
13142
13139
13136
13145
13136
13134
13139
13138
13141
13144
13141
13139
13136
13127
13131
13126
13128
13131
13134
13135
13138
13134
13139
13133
13128
13133
13136
13131
13135
13130
13135
13134
13137
13134
13141
13141
13141
13145
13144
13146
13149
13150
13144
13137
13131
13130
13137
13142
13142
13140
13144
13148
13145
13145
13151
13139
13140
13145
13136
13140
13137
13137
13141
13134
13135
13133
13122
13121
13128
13125
13130
13132
13127
13126
13126
13126
13125
13139
13145
13138
13136
13130
13131
13142
13132
13126
13128
13130
13138
13141
13143
13136
13133
13132
13134
13118
13128
13128
13131
13133
13135
13133
13138
13134
13135
13137
13140
13141
13151
13143
13143
13142
13141
13139
13140
13137
13136
13132
13136
13134
13132
13135
13128
13141
13128
13121
13126
13130
13136
13135
13141
13137
13136
13134
13136
13131
13136
13137
13133
13137
13134
13133
13143
13139
13138
13140
13130
13131
13137
13140
13134
13136
13135
13137
13134
13130
13128
13132
13129
13131
13125
13125
13121
13124
13124
13121
13121
13131
13124
13123
13124
13124
13132
13136
13140
13140
13138
13147
13143
13154
13150
13153
13151
13143
13129
13144
13127
13130
13134
13133
13128
13131
13135
13134
13134
13139
13138
13140
13142
13132
13131
13129
13127
13137
13126
13127
13131
13133
13125
13128
13122
13126
13129
13142
13147
13145
13142
13149
13146
13147
13144
13141
13147
13139
13131
13126
13121
13129
13136
13137
13144
13147
13144
13141
13143
13149
13140
13142
13142
13137
13006
12472
11473
10473
9857
9537
9370
9352
9384
9471
9555
9708
9851
10033
10192
10361
10516
10690
10825
10979
11111
11238
11353
11469
11576
11694
11776
11869
11946
12019
12087
12158
12219
12283
12326
12377
12421
12468
12506
12555
12581
12618
12638
12676
12698
12732
12752
12780
12807
12822
12844
12868
12830
12713
12660
12629
12613
12621
12629
12653
12668
12686
12717
12736
12750
12784
12800
12819
12838
12852
12876
12902
12914
12933
12946
12963
12970
12980
12994
12992
12998
13004
13011
13029
13028
13033
13041
13054
13054
13056
13065
13066
13079
13083
13087
13083
13086
13089
13092
13094
13101
13104
13107
13105
13106
13111
13102
13104
13113
13095
13099
13106
13110
13117
13109
13111
13115
13116
13125
13126
13126
13127
13124
13124
13117
13110
13112
13112
13122
13120
13016
12925
12872
12847
12840
12838
12836
12842
12859
12876
12881
12894
12902
12915
12917
12936
12941
12957
12972
12983
12998
13005
13012
13022
13032
13036
13032
13044
13045
13057
13050
13052
13057
13066
13073
13076
13079
13086
13091
13095
13101
13100
13100
13102
13104
13106
13113
13113
13116
13116
13115
13119
13116
13115
13111
13114
13116
13113
13116
13115
13110
13115
13123
13120
13122
13122
13117
13115
13117
13111
13119
13130
13137
13142
13141
13144
13143
13133
13132
13122
13122
13125
13125
13128
13136
13138
13134
13130
13121
13133
13138
13133
13125
13127
13133
13137
13134
13136
13144
13145
13145
13144
13147
13151
13153
13156
13155
13158
13156
13148
13142
13133
13131
13138
13132
13134
13137
13136
13141
13138
13138
13140
13137
13135
13135
13130
13137
13137
13141
13139
13140
13131
13133
13134
13130
13133
13126
13120
13124
13114
13119
13123
13130
13133
13137
13141
13135
13130
13132
13125
13127
13128
13131
13134
13126
13127
13129
13122
13121
13122
13118
13123
13121
13120
13126
13127
13130
13135
13139
13157
13152
13146
13148
13143
13145
13147
13141
13139
13136
13130
13130
13134
13126
13125
13133
13134
13135
13134
13135
13131
13135
13133
13135
13144
13138
13141
13141
13140
13145
13138
13136
13138
13140
13139
13138
13136
13142
13142
13137
13134
13141
13131
13135
13130
13135
13141
13135
13135
13136
13131
13136
13140
13129
13131
13128
13132
13126
13134
13133
13131
13132
13130
13129
13132
13133
13126
13127
13134
13138
13135
13138
13142
13143
13137
13140
13123
13128
13128
13129
13129
13138
13133
13133
13132
13132
13132
13126
13123
13133
13127
13137
13137
13136
13131
13139
13142
13135
13136
13138
13142
13147
13140
13139
13136
13137
13134
13138
13130
13135
13134
13136
13141
13142
13135
13140
13127
13127
13125
13125
13127
13130
13132
13137
13132
13141
13150
13149
13150
13153
13150
13150
13155
13152
13156
13154
13150
13146
13142
13148
13140
13144
13139
13139
13134
13129
13132
13132
13130
13133
13139
13136
13135
13142
13142
13143
13133
13128
13133
13130
13130
13128
13131
13135
13132
13133
13141
13131
13129
13135
13132
13130
13135
13135
13131
13132
13131
13134
13131
13143
13142
13149
13150
13147
13147
13141
13136
13139
13140
13139
13135
13136
13136
13132
13127
13134
13124
13138
13136
13141
13150
13135
13137
13141
13132
13127
13133
13133
13128
13134
13135
13138
13139
13138
13137
13140
13144
13138
13138
13141
13144
13145
13142
13139
13139
13131
