13133
13134
13134
13130
13133
13133
13131
13131
13133
13131
13134
13131
13129
13132
13129
13131
13140
13136
13139
13148
13143
13141
13140
13138
13140
13136
13138
13143
13153
13140
13140
13138
13135
13134
13138
13139
13135
13141
13134
13135
13129
13127
13134
13135
13132
13134
13131
13134
13124
13121
13129
13126
13133
13141
13149
13149
13149
13154
13158
13156
13155
13149
13151
13152
13148
13142
13140
13137
13142
13138
13139
13145
13142
13134
13138
13134
13142
13141
13139
13139
13138
13141
13144
13143
13142
13136
13137
13139
13133
13126
13129
13122
13124
13135
13131
13131
13139
13137
13146
13140
13143
13135
13135
13138
13146
13144
13147
13136
13142
13140
13135
13138
13137
13138
13142
13140
13145
13142
13139
13138
13134
13138
13136
13127
13134
13137
13141
13140
13141
13142
13142
13128
13130
13133
13132
13129
13131
13131
13132
13125
13127
13118
13122
13130
13132
13129
13132
13130
13140
13136
13139
13142
13146
13151
13146
13150
13143
13139
13136
13143
13138
13143
13146
13144
13139
13139
13131
13137
13141
13139
13143
13138
13139
13140
13140
13145
13144
13139
13142
13140
13146
13147
13140
13143
13138
13139
13140
13142
13142
13142
13145
13147
13147
13145
13143
13137
13128
13136
13135
13145
13132
13136
13135
13127
13122
13122
13116
13120
13118
13119
13127
13117
13121
13125
13121
13128
13134
13133
13138
13138
13135
13133
13138
13140
13143
13145
13134
13132
13138
13130
13135
13137
13135
13134
13126
13133
13137
13134
13134
13137
13131
13141
13141
13139
13136
13132
13136
13138
13122
13124
13130
13130
13131
13137
13136
13137
13139
13140
13139
13136
13142
13139
13142
13147
13143
13136
13130
13126
13137
13132
13126
13129
13128
13128
13129
13127
13124
13132
13132
13129
13126
13131
13135
13135
13142
13143
13144
13143
13135
13134
13145
13138
13140
13142
13132
13133
13133
13137
13134
13133
13134
13134
13142
13143
13143
13146
13139
13145
13157
13155
13152
13154
13157
13163
13162
13154
13146
13140
13141
13139
13130
13138
13143
13141
13139
13137
13141
13141
13131
13129
13143
13138
13133
13138
13136
13134
13141
13147
13145
13147
13145
13142
13143
13147
13144
13140
13144
13141
13154
13146
13136
13133
13131
13133
13133
13136
13140
13145
13145
13144
13138
13141
13134
13132
13138
13133
13131
13135
13137
13137
13147
13138
13144
13147
13136
13138
13141
13140
13145
13141
13143
13141
13140
13143
13141
13149
13143
13138
13142
13128
13129
13137
13140
13141
13142
13141
13138
13151
13147
13142
13133
13133
13132
13131
13132
13138
13132
13138
13133
13136
13140
13136
13132
13146
13137
13137
13139
13139
13140
13139
13141
13140
13146
13148
13144
13143
13141
13147
13154
13147
13143
13144
13142
13140
13137
13142
13137
13141
13145
13140
13136
13140
13146
13140
13138
13138
13136
13145
13150
13148
13155
13149
13148
13146
13141
13140
13146
13146
13150
13149
13155
13144
13154
13154
13156
13156
13154
13149
13159
13145
13147
13138
13140
13136
13138
13140
13144
13143
13139
13139
13134
13132
13139
13135
13137
13138
13134
13137
13134
13128
13134
13129
13129
13134
13126
13130
13124
13124
13130
13130
13130
13132
13138
13136
13133
13135
13135
13129
12973
12634
12427
12194
12034
11937
11911
11903
11935
11968
12021
12073
12128
12179
12247
12290
12348
12400
12441
12486
12528
12561
12612
12638
12670
12702
12718
12746
12774
12797
12818
12836
12861
12879
12900
12914
12932
12941
12962
12972
12983
12973
12975
12996
13009
13014
13032
13032
13042
13053
13062
13074
13068
13081
13089
13088
13089
13090
13093
13090
13085
13085
13087
13083
13079
13092
13096
13100
13107
13104
13108
13118
13117
13112
13115
13125
13126
13124
13124
13117
13132
13123
13116
13123
13129
13128
13118
13118
13117
13118
13111
13121
13116
13113
13112
13116
13126
13130
13127
13132
13132
13131
13130
13138
13126
13141
13141
13140
13140
13132
13133
13136
13131
13134
13129
13130
13130
13136
13137
13128
13134
13128
13129
13134
13126
13128
13126
13128
13132
13126
13132
13133
13130
13136
13132
13137
13133
13132
13133
13139
13131
13135
13139
13133
13134
13136
13137
13136
13136
13129
13129
13126
13127
13118
13117
13124
13123
13132
13131
13134
13134
13132
13124
13122
13111
13115
13110
13121
13119
13130
13129
13132
13130
13137
13131
13127
13116
13126
13122
13122
13123
13129
13134
13134
13130
13138
13134
13133
13131
13139
13137
13143
13138
13124
13121
13124
13115
13122
13121
13124
13130
13125
13130
13133
13129
13132
13127
13133
13135
13138
13134
13140
13139
13140
13139
13130
13129
13126
13126
13128
13125
13123
13138
13134
13136
13134
13128
13141
13139
13131
13131
13123
13121
13122
13123
13135
13141
13145
13141
13146
13145
13139
13134
13139
13132
13129
13126
13130
13130
13129
13128
13128
13128
13138
13138
13130
13131
13127
13131
13128
13116
13110
13119
13114
13119
13124
13120
13116
13117
13123
13123
13122
13124
13124
13128
13137
13141
13138
13136
13134
13135
13134
13130
13136
13134
13130
13130
13132
13129
13138
13137
13134
13126
13132
13131
13134
13133
13137
13139
13139
13141
13138
13138
13130
13124
13125
13131
13138
13141
13138
13138
13141
13140
13140
13138
13139
13134
13138
13138
13136
13137
13133
13132
13141
13137
13130
13126
13131
13132
13133
13132
13140
13134
13137
13133
13128
13131
13134
13136
13139
13142
13141
13145
13136
13138
13144
13147
13146
13141
13139
13144
13142
13140
13129
13127
13134
13137
13138
13139
13141
13142
13143
13147
13148
13142
13139
13134
13142
13139
13137
13131
13136
13132
13132
13128
13124
13122
13127
13128
13132
13124
13125
13135
13136
13142
13142
13136
13137
13140
13141
13141
13143
13144
13139
13147
13146
13149
13141
13137
13141
13145
13142
13142
13143
13147
13150
13146
13144
13140
13142
13135
13138
13130
13141
13137
13135
13136
13135
13134
13140
13140
13138
13142
13134
13134
13140
13137
13135
13140
13138
13144
13145
13150
13148
13148
13150
13138
13137
13134
13132
13141
13131
13127
13135
13130
13135
13126
13140
13143
13147
13142
13139
13140
13137
13136
13137
13138
13138
13140
13139
13135
13134
13142
13140
13147
13141
13135
13134
13138
13138
13135
13135
13136
13138
13134
13137
13140
13132
13126
13125
13131
13129
13134
13135
13137
13137
13137
13126
13126
13124
13126
13137
13135
13135
13134
13129
13136
13133
13130
13137
13129
13133
13149
13148
13148
13150
13141
13142
13144
13139
13131
13125
13123
13128
13122
13125
13121
13122
13124
13127
13135
13125
