13138
13137
13139
13134
13131
13127
13129
13137
13141
13136
13141
13139
13135
13140
13137
13141
13138
13135
13131
13132
13136
13132
13134
13132
13126
13128
13131
13129
13134
13136
13142
13149
13154
13152
13155
13142
13134
13136
13130
13133
13128
13129
13126
13122
13119
13122
13116
13125
13120
13116
13125
13116
13118
13122
13124
13125
13136
13136
13136
13137
13136
13131
13135
13132
13145
13138
13137
13130
13142
13139
13139
13141
13140
13135
13134
13133
13131
13129
13119
13130
13128
13134
13139
13138
13146
13143
13134
13141
13145
13132
13142
13139
13144
13141
13132
13133
13137
13135
13133
13134
13136
13129
13128
13133
13132
13130
13131
13130
13127
13123
13128
13132
13135
13135
13134
13133
13144
13138
13139
13138
13140
13140
13140
13137
13143
13137
13141
13138
13138
13137
13146
13136
13141
13150
13147
13143
13137
13131
13128
13121
13126
13124
13127
13136
13131
13135
13136
13131
13145
13144
13141
13142
13140
13133
13139
13138
13134
13138
13137
13147
13141
13138
13134
13128
13130
13130
13127
13135
13135
13139
13147
13140
13148
13147
13143
13141
13138
13135
13140
13141
13141
13130
13133
13139
13145
13139
13138
13137
13143
13140
13139
13134
13134
13132
13137
13137
13135
13131
13137
13141
13129
13131
13127
13122
13119
13124
13124
13125
13120
13117
13129
13125
13133
13138
13130
13136
13134
13132
13138
13137
13142
13135
13137
13143
13140
13133
13135
13129
13135
13125
13125
13132
13133
13144
13135
13137
13129
13134
13138
13142
13142
13143
13139
13140
13136
13134
13124
13133
13135
13137
13144
13132
13130
13135
13131
13137
13142
13137
13137
13138
13135
13130
13123
13125
13125
13125
13121
13120
13130
13129
13123
13129
13123
13131
13129
13132
13135
13134
13139
13142
13132
13140
13140
13145
13145
13143
13140
13145
13138
13139
13147
13141
13140
13140
13145
13146
13145
13142
13142
13138
13133
13129
13138
13135
13130
13133
13129
13137
13141
13128
13126
13124
13125
13129
13132
13131
13127
13127
13134
13138
13136
13130
13126
13118
13124
13126
13126
13132
13134
13139
13142
13136
13133
13134
13134
13137
13141
13139
13132
13137
13147
13145
13146
13147
13138
13134
13137
13134
13141
13131
13126
13134
13134
13136
13131
13125
13130
13135
13141
13152
13143
13146
13148
13145
13139
13137
13130
13132
13127
13113
13128
13126
13125
13129
13132
13133
13132
13131
13131
13130
13129
13129
13127
13127
13126
13121
13123
13118
13130
13125
13126
13125
13121
13125
13131
13131
13120
13111
13115
13120
13117
13121
13121
13131
13135
13131
13131
13142
13142
13137
13148
13133
13136
13138
13131
13130
13135
13136
13132
13127
13129
13126
13121
13123
13123
13129
13130
13129
13135
13134
13140
13143
13146
13139
13144
13139
13142
13138
13137
13133
13120
13116
13113
13112
13111
13129
13136
13137
13139
13139
13150
13146
13138
13144
13141
13138
13139
13141
13136
13136
13136
13134
13137
13136
13136
13139
13135
13136
13139
13137
13138
13138
13137
13135
13135
13131
13132
13122
13127
13126
13117
13115
13126
13129
13129
13129
13131
13132
13131
13125
13139
13129
13131
13136
13138
13144
13141
13142
13139
13140
13145
13138
13140
13135
13136
13129
12938
12631
12424
12230
12042
11876
11720
11647
11633
11645
11696
11748
11810
11871
11934
11996
12067
12128
12196
12243
12300
12349
12406
12452
12505
12537
12579
12613
12644
12674
12698
12726
12756
12778
12807
12817
12839
12863
12882
12849
12737
12670
12642
12623
12630
12644
12657
12677
12696
12720
12751
12773
12801
12826
12832
12846
12865
12884
12904
12910
12925
12947
12961
12965
12983
12983
12988
13007
13010
13014
13019
13020
13029
13029
13042
13041
13051
13061
13068
13076
13082
13079
13084
13085
13091
13101
13101
13103
13105
13101
13101
13101
13102
13108
13110
13116
13116
13117
13122
13121
13122
13122
13122
13114
13115
13118
13119
13131
13134
13131
13126
13124
13124
13122
13126
13117
13124
13128
13127
13133
13134
13135
13144
13130
13135
13133
13134
13138
13130
13131
13131
13130
13123
13128
13126
13129
13138
13131
13131
13135
13127
13125
13128
13130
13142
13136
13134
13140
13138
13134
13135
13133
13142
13143
13136
13125
13128
13125
13125
13125
13121
13120
13126
13122
13119
13125
13123
13122
13117
13118
13129
13129
13130
13135
13136
13132
13135
13133
13139
13138
13140
13133
13127
13123
13139
13143
13139
13137
13134
13127
13125
13122
13132
13130
13135
13130
13133
13132
13125
13126
13128
13130
13132
13136
13137
13140
13137
13137
13133
13124
13125
13130
13134
13139
13137
13136
13137
13135
13140
13145
13143
13137
13136
13132
13135
13122
13126
13122
13124
13126
13125
13127
13129
13131
13136
13137
13134
13129
13139
13138
13139
13141
13160
13149
13150
13153
13144
13141
13136
13135
13131
13131
13136
13139
13133
13137
13133
13139
13147
13142
13134
13140
13136
13132
13134
13134
13134
13134
13129
13132
13129
13125
13132
13130
13131
13124
13126
13118
13124
13128
13124
13121
13118
13121
13118
13118
13123
13132
13134
13138
13134
13123
13126
13136
13138
13145
13144
13136
13141
13140
13137
13139
13133
13130
13137
13132
13135
13138
13135
13136
13137
13136
13139
13131
13124
13118
13120
13125
13121
13122
13123
13130
13136
13131
13137
13138
13139
13136
13135
13135
13138
13135
13140
13138
13134
13135
13136
13135
13143
13147
13139
13146
13140
13138
13145
13138
13133
13135
13129
13133
13124
13135
13127
13128
13122
13123
13122
13124
13121
13118
13130
13131
13141
13140
13142
13144
13142
13142
13135
13132
13131
13123
13119
13129
13128
13127
13131
13132
13136
13133
13142
13144
13143
13151
13158
13154
13152
13147
13144
13141
13139
13141
13142
13141
13138
13133
13136
13141
13150
13145
13146
13144
13155
13136
13134
13141
13138
13134
13139
13129
13130
13128
13134
13143
13136
13142
13139
13139
13140
13137
13133
13129
13133
13136
13138
13138
13126
13132
13131
13130
13138
13130
13129
13123
13126
13128
13130
13123
13126
13130
13134
13126
13126
13120
13126
13133
13129
13136
13137
13138
13136
13138
13138
13140
13139
13145
13148
13143
13139
13139
13139
13143
13138
13129
13132
13132
13129
13132
13129
13135
13137
13138
13149
13147
13142
13138
13142
13143
13135
13137
13141
13133
13132
13132
13128
13121
13125
13132
13127
13132
13132
13132
13137
13146
13141
13145
13143
13137
13141
13134
13134
13141
13137
13135
13131
13120
13124
13127
13121
13119
13123
13121
13128
13126
13133
13125
13130
13126
13116
13123
13121
13128
13133
13127
