13134
13131
13127
13132
13141
13129
13122
13133
13130
13135
13126
13129
13127
13132
13133
13138
13131
13138
13141
13139
13137
13140
13142
13138
13136
13133
13140
13136
13140
13138
13123
13125
13124
13133
13137
13136
13137
13136
13141
13138
13131
13131
13133
13125
13133
13124
13124
13124
13127
13132
13133
13134
13141
13148
13148
13151
13143
13144
13143
13138
13141
13143
13147
13150
13147
13144
13152
13145
13134
13134
13131
13132
13128
13134
13131
13137
13139
13137
13128
13120
13124
13125
13132
13136
13139
13130
13131
13141
13139
13142
13139
13135
13140
13147
13152
13143
13133
13134
13138
13136
13139
13129
13133
13140
13140
13128
13134
13134
13136
13141
13132
13132
13134
13137
13140
13133
13135
13137
13139
13150
13150
13147
13139
13137
13141
13136
13141
13148
13137
13133
13132
13141
13140
13139
13142
13141
13140
13139
13140
13134
13138
13136
13140
13138
13134
13132
13142
13133
13132
13133
13126
13132
13132
13134
13140
13141
13139
13140
13143
13144
13146
13146
13145
13139
13139
13129
13128
13126
13126
13130
13130
13138
13140
13141
13138
13148
13146
13152
13146
13143
13143
13140
13136
13136
13129
13124
13136
13132
13135
13135
13136
13134
13139
13139
13142
13147
13146
13140
13139
13138
13133
13130
13131
13133
13139
13125
13125
13132
13128
13130
13125
13126
13137
13143
13143
13142
13136
13143
13144
13147
13142
13144
13143
13145
13147
13147
13154
13144
13150
13143
13141
13136
13128
13130
13132
13138
13132
13129
13124
13123
13133
13134
13135
13140
13142
13129
13126
13129
13129
13125
13124
13125
13134
13137
13139
13139
13132
13143
13144
13141
13145
13142
13149
13156
13146
13147
13156
13143
13135
13132
13121
13127
13123
13119
13118
13115
13128
13127
13124
13128
13129
13130
13127
13133
13142
13137
13139
13148
13146
13132
13016
12928
12875
12846
12838
12826
12822
12830
12841
12857
12869
12878
12901
12919
12922
12925
12943
12947
12968
12977
12979
12992
13002
13011
13022
13024
13033
13036
13040
13060
13057
13070
13078
13076
13089
13088
13088
13089
13093
13098
13104
13107
13110
13111
13112
13114
13102
13113
13118
13115
13120
13121
13122
13132
13125
13132
13136
13135
13131
13135
13136
13129
13131
13133
13136
13131
13136
13133
13132
13134
13131
13133
13126
13131
13139
13137
13139
13144
13136
13137
13135
13132
13127
13128
13126
13132
13126
13133
13141
13140
13148
13151
13147
13150
13144
13139
13145
13142
13139
13139
13129
13131
13129
13134
13127
13127
13126
13122
13123
13124
13126
13127
13133
13128
13140
13121
13128
13136
13131
13140
13128
13133
13140
13140
13142
13141
13141
13137
13139
13136
13135
13135
13138
13142
13137
13136
13146
13138
13137
13140
13131
13135
13140
13143
13144
13137
13139
13134
13135
13132
13127
13128
13123
13134
13139
13135
13128
13135
13134
13136
13140
13139
13131
13130
13135
13141
13137
13143
13141
13141
13149
13140
13140
13138
13132
13143
13147
13137
13137
13142
13142
13141
13137
13138
13139
13136
13141
13137
13139
13136
13141
13143
13138
13136
13142
13137
13137
13135
13130
13135
13133
13127
13134
13131
13140
13137
13132
13133
13135
13135
13134
13133
13144
13135
13126
13120
13131
13130
12976
12749
12393
12141
12005
11926
11903
11871
11877
11898
11942
11994
12047
12094
12153
12206
12272
12319
12367
12409
12452
12493
12539
12574
12610
12640
12674
12704
12733
12758
12780
12805
12822
12837
12869
12885
12892
12904
12928
12934
12947
12965
12971
12978
12993
12997
13007
13006
13015
13026
13041
13056
13057
13059
13063
13071
13077
13078
13080
13085
13083
13086
13087
13092
13093
13098
13107
13111
13112
13115
13109
13120
13116
13116
13120
13128
13133
13127
13134
13131
13124
13139
13129
13130
13127
13125
13119
13116
13110
13114
13114
13114
13116
13115
13120
13121
13124
13113
13123
13129
13127
13128
13126
13130
13127
13129
13135
13138
13130
13135
13135
13127
13132
13136
13132
13135
13138
13133
13136
13130
13127
13131
13133
13131
13132
13137
13132
13132
13131
13127
13135
13140
13120
12999
12911
12859
12839
12819
12813
12819
12835
12853
12865
12882
12896
12904
12881
12824
12800
12781
12786
12789
12802
12814
12820
12832
12847
12861
12885
12901
12918
12941
12956
12966
12981
12990
12997
13008
13019
13025
13033
13036
13042
13047
13052
13061
13073
13072
13077
13080
13084
13084
13086
13088
13101
13103
13105
13111
13114
13114
13117
13119
13118
13115
13119
13124
13125
13122
13126
13124
13128
13138
13133
13135
13134
13127
13124
13122
13132
13129
13123
13124
13127
13130
13133
13128
13133
13130
13138
13139
13135
13127
13129
13130
13137
13139
13141
13146
13149
13152
13154
13146
13156
13149
13149
13143
13138
13129
13131
13132
13132
13133
13134
13133
13130
13121
13123
13124
13132
13131
13128
13129
13133
13129
13129
13128
13137
13134
13141
13136
13137
13130
13126
13127
13130
13128
13132
13130
13126
13127
13124
13132
13140
13138
13145
13154
13150
13147
13148
13141
13139
13135
13137
13133
13133
13125
13121
13131
13126
13123
13127
13136
13136
13131
13129
13130
13139
13135
13140
13140
13137
13134
13137
13129
13135
13135
13139
13140
13131
13133
13128
13126
13127
13133
13136
13141
13138
13143
13146
13141
13133
13130
13129
13130
13134
13134
13133
13137
13130
13124
13121
13124
13122
13123
13121
13127
13136
13133
13132
13131
13131
13125
13127
13130
13135
13135
13136
13144
13135
13137
13137
13130
13132
13130
13126
13135
13131
13137
13144
13132
13134
13149
13149
13147
13144
13145
13148
13141
13141
13139
13142
13142
13143
13149
13142
13139
13146
13140
13135
13131
13131
13138
13136
13138
13128
13130
13129
13136
13126
13128
13127
13130
13139
13141
13144
13148
13147
13145
13154
13151
13144
13141
13136
13014
12934
12881
12849
12834
12837
12830
12839
12844
12855
12866
12886
12895
12924
12927
12947
12963
12974
12983
12995
13005
13007
13017
13025
13035
13033
13038
13051
13038
13046
13054
13064
13069
13078
13077
13091
13082
13086
13095
13093
13093
13094
13096
13105
13115
13114
13112
13108
13108
13109
13111
13105
13109
13119
13119
13126
13125
13120
13124
13126
13132
13131
13132
13134
13135
13132
13138
13137
13132
13134
13125
13125
13135
13130
13133
13142
13141
13134
13127
13117
13122
13123
13121
13123
13123
13124
13116
13117
13119
13124
13122
13125
13120
13130
13125
13125
13134
13135
13136
13137
13140
13137
13132
13134
13134
13137
13137
13130
13124
13129
13126
13122
13128
13124
13120
13130
13131
13119
13116
