13143
13148
13146
13148
13153
13147
13145
13146
13148
13141
13136
13129
13136
13127
13132
13132
13135
13138
13143
13141
13145
13142
13135
13140
13135
13131
13140
13131
13125
13132
13130
13129
13127
13123
13123
13113
13121
13115
13121
13126
13127
13133
13136
13140
13134
13129
13129
13135
13142
13140
13144
13139
13146
13141
13134
13140
13131
13131
13132
13129
13133
13136
13135
13137
13138
13128
13132
13124
13119
13122
13120
13127
13126
13132
13134
13135
13138
13130
13132
13139
13133
13132
13130
13135
13143
13129
13133
13143
13143
13145
13138
13136
13128
13132
13138
13137
13131
13131
13129
13128
13135
13137
13135
13137
13126
13122
13124
13120
13121
13119
13126
13129
13133
13135
13142
13141
13143
13134
13133
13132
13131
13138
13140
13140
13142
13141
13141
13144
13148
13148
13150
13142
13140
13137
13130
13137
13133
13141
13147
13140
13140
13139
13138
13139
13134
13121
13133
13127
13127
13127
13121
13122
13127
13128
13127
13135
13140
13138
13141
13132
13131
13132
13130
13129
13135
13129
13125
13126
13123
13132
13126
13118
13121
13125
13131
13136
13126
13124
13132
13128
13133
13128
13130
13137
13130
13135
13141
13135
13134
13139
13137
13128
13133
13132
13129
13125
13125
13120
13118
13127
13129
13132
13134
13135
13135
13126
13127
13132
13128
13132
13130
13130
13134
13132
13125
13129
13122
13120
13129
13131
13133
13130
13126
13136
13134
13130
13131
13131
13134
13142
13137
13133
13130
13139
13142
13140
13132
13130
13133
13131
13130
13132
13128
13123
13135
13126
13127
13123
13123
13130
13133
13128
13131
13131
13119
13122
13122
13137
13134
13129
13131
13140
13144
13139
13134
13130
13134
13126
13126
13128
13121
13120
13116
13122
13122
13122
13129
13131
13138
13139
13132
13132
13130
13128
13143
13137
13137
13139
13138
13140
13137
13131
13141
13141
13137
13136
13124
13123
13123
13121
13127
13127
13126
13135
13135
13135
13148
13144
13144
13148
13145
13139
13146
13145
13143
13145
13138
13131
13129
13126
13125
13139
13138
13135
13136
13124
13125
13128
13126
13128
13133
13136
13134
13136
13138
13137
13130
13135
13137
13135
13132
13129
13128
13134
13130
13122
13130
13126
13130
13137
13132
13134
13136
13138
13144
13144
13140
13139
13145
13146
13140
13142
13144
13146
13150
13138
13132
13138
13138
13142
13140
13135
13131
13125
13124
13126
13119
13120
13117
13123
13129
13130
13129
13136
13133
13131
13137
13131
13127
13133
13127
13130
13130
13129
13123
13123
13127
13130
13131
13138
13137
13138
13143
13142
13144
13134
13129
13134
13128
13124
13126
13123
13130
13133
13132
13133
13133
13137
13141
13133
13132
13129
13123
13129
13123
13115
13126
13127
13129
13137
13125
13126
13128
13131
13136
13134
13142
13135
13140
13140
13144
13140
13137
13133
13134
13127
13129
13134
13134
13141
13145
13140
13141
13146
13137
13141
13136
13133
13143
13135
13126
13123
13118
13126
13129
13124
13133
13118
13119
13125
13128
13127
13128
13133
13128
13128
13137
13136
13134
13136
13141
13140
13142
13137
13143
13142
13139
13133
13134
13134
13126
13123
13126
13131
13130
13139
13142
13149
13148
13149
13141
12959
12095
11139
10543
10180
10020
9948
9987
10046
10169
10292
10402
10489
10626
10740
10883
11000
11131
11246
11370
11464
11575
11664
11769
11848
11941
12017
12082
12153
12212
12264
12317
12366
12415
12457
12499
12540
12584
12617
12659
12681
12708
12731
12752
12773
12808
12823
12840
12862
12874
12892
12907
12924
12941
12953
12972
12975
12991
12995
12998
13003
13006
13018
13032
13036
13040
13042
13044
13057
13063
13060
13068
13067
13070
13075
13071
13083
13093
13090
13093
13088
13091
13101
13104
13107
13109
13106
13104
13109
13103
13103
13110
13112
13109
13111
13115
13110
13115
13122
13124
13125
13129
13124
13133
13129
13130
13125
13131
13130
13124
13127
13122
13120
13120
13122
13119
13118
13130
13131
13136
13137
13134
13139
13136
13138
13141
13134
13132
13136
13131
13129
13129
13133
13131
13138
13138
13137
13141
13139
13143
13144
13146
13138
13142
13132
13135
13137
13131
13124
13127
13124
13130
13134
13137
13143
13134
13134
13137
13135
13134
13130
13128
13133
13127
13123
13134
13122
13120
13126
13125
13129
13127
13127
13126
13123
13123
13119
13120
13125
13125
13125
13125
13128
13125
13123
13124
13124
13129
13131
13134
13132
13138
13137
13138
13139
13130
13134
13142
13136
13127
13123
13124
13134
13129
13129
13125
13124
13126
13133
13135
13133
13138
13138
13138
13129
13126
13122
13118
13130
13133
13136
13134
13129
13135
13128
13136
13131
13126
13132
13137
13129
13126
13130
13127
13129
13122
13120
13118
13117
13119
13117
13125
13127
13131
13126
13130
13124
13129
13132
13131
13133
13140
13141
13141
13140
13142
13138
13131
13131
13124
13125
13120
13122
13126
13129
13133
13141
13143
13149
13145
13136
13134
13138
13134
13139
13128
13133
13131
13124
13118
13121
13124
13128
13128
13127
13138
13137
13143
13135
13133
13128
13126
13133
13135
13135
13144
13143
13145
13141
13147
13145
13139
13138
13141
13139
13138
13130
13134
13125
13126
13122
13125
13132
13129
13133
13125
13127
13056
12949
12894
12858
12846
12849
12839
12843
12858
12868
12874
12887
12900
12911
12921
12932
12942
12951
12969
12972
12984
12998
13006
13018
13027
13030
13038
13041
13048
13053
13055
13053
13058
13065
13071
13077
13081
13092
13094
13103
13104
13098
13102
13105
13112
13120
13117
13113
13121
13117
13116
13121
13127
13122
13125
13130
13129
13124
13129
13131
13131
13126
13134
13127
13130
13124
13137
13137
13135
13138
13144
13140
13143
13135
13133
13130
13130
13132
13120
13129
13127
13126
13132
13137
13127
13131
13119
13121
13132
13118
13124
13131
13126
13123
13129
13128
13135
13134
13136
13131
13135
13132
13141
13145
13143
13142
13141
13139
13135
13135
13134
13133
13137
13132
13134
13126
13130
13125
13124
13136
13141
13137
13136
13133
13131
13129
13123
13115
13122
13119
13109
13121
13123
13119
13124
13130
13132
13125
13130
13120
13126
13128
13131
13134
13126
13121
13126
13124
13121
13125
13120
13122
13125
13122
13123
13122
13121
13134
13139
13144
13137
13137
13142
13141
13140
13142
13140
13132
13136
13132
13134
13132
13121
13124
13124
13120
13121
13122
13125
13127
13128
13129
13129
13134
13122
13117
13126
13124
13125
13132
13135
13141
13142
13140
13136
13136
13132
13134
13129
13132
13134
13125
13127
13130
13127
13125
13121
13128
13137
13139
13137
13145
