13145
13142
13142
13140
13143
13139
13147
13147
13146
13139
13137
13136
13138
13134
13137
13131
13126
13125
13123
13124
13126
13128
13131
13132
13132
13129
13129
13125
13133
13137
13136
13138
13133
13123
13128
13128
13134
13127
13137
13142
13138
13140
13139
13137
13141
13130
13133
13134
13130
13130
13131
13128
13125
13126
13123
13128
13123
13130
13135
13136
13142
13137
13135
13140
13135
13133
13138
13131
13129
13132
13125
13129
13133
13136
13134
13130
13136
13132
13127
13128
13123
13126
13130
13129
13137
13134
13124
13132
13133
13135
13125
13131
13134
13135
13135
13132
13120
13124
13125
13123
13128
13133
13133
13140
13133
13126
13124
13125
13119
13121
13118
13118
13121
13129
13128
13131
13133
13126
13127
13131
13131
13130
13130
13129
13135
13132
13130
13131
13137
13137
13134
13132
13136
13135
13140
13149
13144
13144
13146
13140
13143
13139
13140
13143
13135
13134
13143
13145
13147
13148
13137
13138
13142
13140
13143
13141
13146
13136
13133
13139
13140
13126
13127
13130
13136
13138
13136
13135
13133
13139
13137
13132
13131
13135
13130
13136
13134
13137
13142
13139
13143
13136
13139
13150
13151
13141
13143
13140
13141
13140
13129
13138
13140
13139
13136
13134
13139
13135
13132
13134
13133
13131
13136
13133
13141
13140
13133
13139
13134
13131
13129
13137
13139
13142
13141
13149
13141
13145
13142
13133
13124
13121
13124
13133
13126
13119
13131
13129
13137
13130
13119
13121
13121
13128
13131
13132
13131
13136
13140
13146
13139
13131
13120
13124
13129
13129
13128
13132
13134
13144
13145
13141
13138
13140
13138
13144
13138
13133
13131
13130
13132
13126
13126
13133
13130
13132
13133
13129
13130
13127
13120
13130
13134
13138
13140
13138
13137
13142
13140
13149
13141
13138
13134
13138
13139
13122
13118
13125
13134
13139
13139
13134
13132
13134
13134
13138
13129
13129
13134
13132
13132
13138
13136
13142
13141
13138
13141
13137
13130
13132
13133
13133
13132
13136
13130
13132
13130
13124
13126
13128
13125
13130
13134
13131
13143
13137
13136
13139
13137
13135
13138
13142
13141
13140
13137
13136
13134
13141
13140
13139
13134
13133
13134
13134
13129
13125
13124
13126
13125
13137
13132
13136
13136
13147
13150
13154
13152
13153
13149
13147
13143
13145
13147
13142
13151
13142
13134
13138
13138
13128
13120
13119
13125
13130
13138
13140
13140
13138
13133
13138
13140
13139
13141
13134
13124
13125
13129
13122
13124
13126
13127
13125
13132
13130
13124
13134
13130
13128
13130
13129
13133
13135
13134
13137
13136
13131
13130
13141
13135
13139
13134
13132
13121
13123
13121
13124
13124
13122
13125
13127
13121
13129
13123
13125
13127
13121
13133
13125
13130
13131
13124
13125
13126
13127
13130
13135
13135
13133
13139
13139
13133
13130
13135
13137
13141
13133
13134
13136
13132
13136
13128
13125
13122
13128
13134
13141
13143
13149
13147
13139
13134
13133
13128
13137
13127
13125
13131
13128
13130
13137
13135
13143
13146
13146
13138
13138
13133
13130
13129
13131
13127
13135
13142
13147
13156
13145
13134
13126
13123
13126
13123
13125
13126
13133
13132
13136
13133
13139
13137
13134
13129
13125
13115
13120
13120
13124
13123
13086
12575
11871
11322
10945
10750
10647
10646
10679
10762
10843
10958
11061
11180
11285
11398
11502
11614
11688
11784
11864
11952
12030
12106
12169
12233
12290
12346
12385
12430
12475
12513
12547
12584
12620
12661
12692
12727
12759
12785
12794
12818
12842
12858
12873
12885
12896
12913
12917
12931
12947
12956
12980
12989
12989
13000
13005
13023
13023
13028
13044
13040
13048
13052
13053
13062
13077
13080
13079
13080
13083
13084
13087
13086
13090
13088
13096
13090
13086
13100
13094
13093
13105
13104
13111
13110
13115
13110
13115
13118
13119
13122
13127
13125
13126
13137
13134
13134
13139
13141
13147
13145
13145
13131
13128
13127
13127
13120
13125
13125
13132
13136
13133
13128
13126
13122
13129
13119
13121
13135
13139
13137
13142
13139
13146
13139
13139
13135
13136
13129
13133
13131
13135
13134
13136
13129
13132
13134
13128
13134
13135
13134
13137
13142
13140
13133
13128
13133
13131
13125
13131
13137
13139
13145
13139
13136
13142
13135
13130
13142
13136
13135
13139
13137
13138
13130
13132
13133
13135
13140
13140
13137
13140
13139
13142
13142
13134
13134
13126
13133
13131
13134
13135
13134
13134
13133
13135
13136
13134
13127
13125
13126
13118
13124
13126
13128
13138
13135
13131
13133
13131
13130
13129
13122
13129
13128
13129
13131
13131
13134
13130
13131
13131
13130
13126
13121
13123
13133
13129
13131
13129
13119
13125
13124
13126
13124
13125
13132
13137
13113
12983
12902
12851
12828
12819
12812
12824
12825
12831
12854
12862
12873
12891
12902
12917
12925
12940
12950
12958
12978
12989
13002
13019
13027
13031
13035
13043
13054
13051
13056
13061
13067
13084
13089
13088
13007
12905
12842
12807
12781
12777
12780
12793
12811
12815
12830
12844
12862
12878
12900
12913
12924
12945
12951
12963
12980
12986
12998
13007
13014
13021
13023
13032
13040
13045
13049
13059
13070
13074
13081
13087
13084
13088
13087
13088
13089
13090
13089
13094
13091
13102
13110
13101
13105
13104
13113
13128
13125
13115
13123
13109
13109
13112
13108
13117
13126
13125
13122
13119
13120
13118
13121
13124
13122
13119
13117
13119
13124
13118
13120
13128
13131
13139
13143
13143
13145
13147
13144
13149
13141
13143
13147
13141
13145
13138
13136
13139
13130
13124
13129
13124
13124
13138
13136
13138
13133
13135
13139
13142
13137
13138
13127
13128
13131
13130
13123
13128
13133
13129
13134
13142
13137
13136
13136
13132
13127
13130
13125
13131
13118
13121
13121
13124
13132
13131
13135
13132
13134
13134
13136
13135
13128
13133
13134
13134
13133
13132
13137
13133
13144
13141
13134
13138
13136
13134
13127
13125
13131
13132
13132
13139
13141
13136
13135
13138
13137
13140
13129
13138
13132
13129
13140
13137
13137
13135
13135
13135
13130
13128
13132
13127
13128
13123
13127
13123
13122
13116
13121
13122
13124
13124
13128
13133
13131
13134
13136
13139
13140
13137
13136
13143
13145
13145
13143
13143
13150
13152
13152
13141
13133
13133
13136
13134
13129
13131
13132
13134
13120
13121
13133
13129
13125
13132
13137
13138
13135
13135
13137
13136
13138
13135
13139
13138
13139
13137
13133
13135
13140
13138
13138
13138
13142
13141
13132
13130
13126
13124
13121
13124
13126
13134
13138
13142
13147
13147
13146
13146
13140
13138
13142
13134
13134
13137
