13121
13121
13131
13131
13132
13136
13133
13142
13145
13139
13151
13133
13136
13138
13128
13133
13132
13129
13122
13124
13122
13118
13124
13127
13126
13132
13134
13132
13132
13132
13125
13134
13134
13140
13139
13141
13141
13138
13139
13142
13140
13141
13149
13145
13150
13145
13136
13137
13134
13132
13140
13135
13136
13141
13143
13146
13147
13144
13150
13146
13144
13139
13134
13141
13141
13139
13139
13137
13145
13141
13135
13134
13142
13145
13142
13149
13157
13153
13150
13152
13142
13141
13139
13133
13138
13132
13133
13140
13137
13132
13139
13129
13124
13128
13123
13124
13126
13127
13121
13125
13129
13123
13123
13137
13136
13127
13134
13128
13133
13128
13132
13133
13131
13135
13135
13132
13132
13122
13126
13132
13137
13134
13139
13140
13138
13131
13131
13133
13129
13131
13133
13127
13125
13125
13121
13129
13132
13132
13132
13126
13125
13129
13129
13130
13130
13128
13130
13125
13138
13132
13129
13133
13132
13130
13136
13138
13137
13134
13133
13138
13135
13134
13135
13134
13138
13133
13136
13138
13135
13125
13135
13134
13135
13142
13137
13138
13129
13130
13133
13136
13142
13137
13135
13139
13146
13144
13139
13140
13135
13129
13127
13123
13127
13121
13125
13127
13125
13126
13136
13140
13138
13142
13136
13134
13141
13146
13142
13147
13141
13136
13142
13138
13135
13136
13136
13137
13138
13138
13141
13152
13154
13151
13153
13150
13146
13141
13141
13136
13135
13133
13131
13136
13128
13131
13136
13130
13137
13133
13135
13139
13141
13144
13143
13137
13139
13137
13136
13144
13145
13136
13144
13147
13140
13141
13135
13132
13131
13133
13135
13134
13139
13137
13140
13142
13137
13142
13141
13139
13145
13136
13135
13136
13134
13132
13139
13138
13134
13138
13137
13140
13139
13148
13150
13148
13150
13146
13141
13139
13129
13122
13130
13127
13127
13137
13127
13128
13134
13126
13130
13128
13131
13135
13144
13143
13146
13142
13146
13137
13147
13135
13137
13145
13156
13148
13143
13133
13132
13126
13129
13138
13136
13138
13140
13130
13126
13122
13122
13124
13133
13133
13149
13138
13146
13146
13142
13134
13144
13147
13145
13147
13149
13142
13143
13138
13137
13135
13137
13132
13140
13132
13134
13138
13139
13137
13142
13139
13148
13147
13148
13152
13144
13150
13141
13136
13141
13144
13149
13136
13137
13130
13141
13139
13140
13138
13131
13139
13150
13142
13139
13138
13141
13133
13142
13140
13137
13138
13132
13126
13129
13120
13121
13128
13127
13125
13126
13122
13129
13127
13130
13131
13122
13127
13129
13127
13135
13144
13140
13142
13130
13129
13132
13133
13126
13132
13140
13147
13145
13144
13137
13139
13145
13138
13137
13136
13136
13137
13137
13137
13140
13142
13136
13137
13138
13141
13135
13136
13138
13138
13134
13139
13130
13139
13137
13137
13135
13139
13142
13142
13144
13138
13146
13138
13134
13137
13134
13132
13138
13138
13137
13138
13142
13136
13142
13142
13138
13133
13139
13134
13142
13133
13135
13135
13129
13132
13132
13134
13133
13142
13138
13139
13136
13142
13134
13126
13131
13133
13129
13136
13134
13133
13135
13134
13130
13133
13130
13130
13142
13140
13132
13129
13128
13065
12469
11766
11134
10554
10238
10060
10024
10027
10124
10222
10359
10491
10643
10774
10930
11049
11184
11298
11420
11518
11625
11712
11806
11834
11839
11862
11915
11952
12012
12057
12114
12167
12223
12266
12322
12359
12411
12459
12505
12537
12574
12610
12541
12482
12459
12453
12469
12472
12490
12518
12547
12577
12608
12637
12669
12688
12716
12747
12766
12788
12814
12831
12856
12879
12897
12915
12933
12946
12973
12971
12982
12992
12998
13008
13013
13018
13026
13035
13038
13041
13040
13041
13050
13058
13063
13069
13078
13076
13078
13089
13096
13095
13101
13099
13105
13102
13100
13102
13102
13102
13104
13111
13119
13124
13122
13136
13126
13123
13128
13125
13122
13125
13116
13129
13128
13126
13129
13124
13126
13121
13119
13122
13118
13119
13116
13115
13122
13125
13124
13127
13131
13129
13128
13127
13135
13133
13132
13135
13127
13136
13139
13132
13137
13135
13137
13145
13141
13133
13139
13131
13133
13137
13129
13137
13144
13145
13145
13143
13141
13138
13137
13130
13134
13131
13129
13129
13129
13124
13127
13133
13139
13137
13072
12953
12887
12853
12835
12834
12826
12830
12827
12786
12768
12763
12769
12784
12791
12803
12826
12841
12851
12870
12883
12892
12909
12925
12937
12955
12968
12971
12989
13009
13014
13019
13024
13029
13041
13048
13051
13059
13064
13074
13076
13077
13081
13083
13084
13094
13092
13096
13100
13090
13089
13088
13089
13101
13107
13108
13118
13115
13110
13123
13123
13124
13124
13125
13137
13135
13131
13125
13131
13132
13129
13135
13132
13133
13141
13138
13143
13142
13143
13138
13137
13132
13130
13125
13125
13133
13118
13123
13124
13117
13115
13119
13113
13122
13123
13124
13132
13132
13132
13139
13137
13135
13134
13136
13131
13125
13129
13122
13130
13133
13128
13128
13123
13125
13133
13131
13133
13135
13129
13136
13134
13137
13150
13141
13142
13139
13139
13148
13147
13140
13138
13130
13133
13140
13138
13139
13141
13129
13134
13137
13133
13138
13134
13132
13136
13138
13143
13138
13137
13137
13130
13131
13128
13123
13128
13125
13131
13130
13128
13134
13123
13131
13135
13130
13127
13132
13131
13140
13136
13134
13132
13133
13138
13137
13135
13126
13128
13120
13125
13128
13117
13120
13119
13122
13127
13129
13128
13129
13135
13136
13132
13129
13132
13136
13141
13132
13134
13138
13132
13139
13142
13144
13140
13134
13127
13125
13125
13122
13129
13127
13128
13133
13133
13142
13130
13123
13120
13120
13119
13128
13118
13126
13134
13141
13140
13133
13136
13136
13141
13139
13136
13137
13132
13139
13141
13139
13139
13139
13142
13146
13146
13143
13142
13140
13133
13135
13129
13133
13138
13134
13131
13135
13137
13137
13134
13134
13136
13133
13135
13147
13141
13144
13148
13145
13146
13145
13144
13138
13137
13141
13141
13133
13134
13125
13128
13121
13123
13122
13129
13134
13139
13143
13144
13144
13136
13143
13138
13139
13138
13136
13143
13150
13148
13147
13141
13135
13139
13136
13130
13133
13130
13137
13134
13137
13140
13137
13142
13140
13142
13135
13128
13133
13137
13140
13144
13142
13140
13144
13144
13143
13138
13138
13135
13132
13134
13132
13125
13129
13134
13130
13136
13138
13143
13136
13127
13128
13135
13132
13134
13134
13131
13126
13126
13134
13127
13126
13135
13136
13137
13143
13144
13142
13138
13135
13137
13130
