13130
13135
13136
13136
13133
13128
13134
13136
13141
13142
13143
13143
13152
13157
13151
13155
13152
13155
13154
13147
13151
13149
13143
13146
13140
13142
13136
13129
13128
13130
13127
13141
13139
13135
13138
13141
13150
13143
13134
13142
13146
13144
13143
13143
13140
13141
13142
13149
13144
13142
13140
13139
13146
13138
13134
13134
13131
13138
13139
13143
13142
13137
13146
13147
13153
13148
13143
13133
13136
13138
13139
13139
13129
13133
13142
13138
13131
13130
13132
13145
13145
13139
13135
13127
13135
13135
13143
13142
13143
13138
13142
13136
13141
13135
13133
13128
13134
13130
13127
13123
13122
13126
13126
13123
13120
13122
13132
13128
13133
13126
13126
13133
13129
13123
13137
13136
13133
13131
13132
13127
13130
13129
13127
13124
13132
13131
13132
13133
13132
13139
13136
13146
13157
13156
13150
13147
13135
13126
13122
13120
13126
13121
13126
13127
13119
13124
13126
13129
13135
13130
13133
13129
13132
13128
13134
13137
13137
13137
13134
13145
13151
13148
13135
13137
13139
13132
13133
13139
13138
13136
13137
13130
13136
13141
13135
13135
13140
13144
13134
13141
13144
13138
13142
13147
13138
13140
13146
13142
13137
13138
13140
13144
13138
13128
13131
13123
13120
13127
13134
13141
13143
13140
13143
13146
13143
13139
13138
13140
13138
13137
13135
13129
13136
13130
13130
13132
13133
13137
13137
13137
13138
13140
13137
13138
13137
13134
13135
13129
13135
13134
13138
13142
13142
13139
13140
13135
13136
13136
13133
13128
13125
13126
13130
13135
13137
13141
13139
13140
13136
13133
13133
13134
13138
13133
13134
13133
13138
13135
13136
13137
13142
13130
13129
13138
13132
13136
13136
13140
13147
13143
13142
13145
13146
13146
13149
13150
13143
13141
13146
13139
13128
13133
13133
13134
13140
13138
13133
13136
13143
13144
13135
13128
13132
13130
13138
13143
13150
13140
13137
13138
13132
13133
13131
13131
13134
13132
13138
13133
13144
13139
13138
13148
13147
13146
13149
13140
13141
13142
13138
13137
13137
13138
13136
13132
13137
13136
13133
13134
13126
13129
13130
13126
13138
13129
13130
13133
13133
13135
13133
13140
13142
13144
13146
13141
13130
13133
13134
13139
13144
13148
13143
13139
13140
13131
13139
13132
13136
13128
13134
13135
13127
13127
13123
13126
13132
13131
13133
13136
13137
13142
13135
13131
13136
13128
13128
13132
13130
13133
13126
13130
13133
13132
13128
13131
13123
13127
13140
13140
13145
13140
13145
13148
13148
13138
13139
13138
13133
13141
13138
13139
13140
13138
13142
13140
13138
13136
13136
13139
13135
13139
13141
13137
13145
13141
13135
13131
13123
13130
13131
13129
13130
13137
13135
13134
13128
13131
13130
13122
13125
13130
13126
13126
13128
13123
13131
13122
13125
13133
13130
13132
13132
13137
13140
13141
13136
13132
13133
13133
13125
13122
13126
13125
13134
13125
13121
13127
13122
13127
13122
13122
13123
13126
13133
13135
13134
13138
13143
13143
13151
13147
13142
13145
13139
13132
13138
13127
13127
13130
13125
13131
13137
13135
13140
13145
13143
13137
13137
13137
13130
13132
13128
13124
13126
13118
13126
13129
13126
13128
13124
13130
13127
13131
13135
13138
13137
12976
12373
11844
11424
11075
10703
10489
10419
10400
10365
10344
10414
10482
10579
10622
10698
10781
10896
10997
11113
11216
11336
11436
11546
11638
11745
11828
11924
11983
12057
12114
12183
12239
12298
12347
12404
12446
12494
12537
12568
12610
12636
12668
12697
12716
12741
12769
12787
12804
12834
12858
12873
12891
12904
12918
12939
12946
12963
12973
12985
12988
12988
13000
13007
13013
13019
13021
13038
13048
13049
13059
13060
13070
13070
13073
13078
13079
13082
13092
13088
13098
13099
13104
13104
13105
13108
13108
13101
13098
13097
13089
13092
13108
13110
13111
13120
13114
13116
13123
13130
13128
13135
13138
13134
13131
13130
13128
13133
13135
13136
13127
13121
13122
13115
13128
13130
13138
13139
13146
13139
13141
13131
13127
13133
13139
13142
13147
13141
13138
13148
13137
13132
13138
13131
13134
13134
13133
13134
13135
13135
13133
13129
13134
13130
13133
13147
13149
13149
13151
13137
13136
13125
13128
13124
13126
13134
13138
13143
13148
13137
13138
13137
13130
13132
13132
13131
13132
13121
13116
13133
13124
13126
13129
13130
13128
13127
13131
13133
13133
13140
13136
13134
13141
13136
13139
13133
13134
13141
13138
13140
13142
13139
13140
13140
13137
13138
13135
13130
13138
13145
13146
13142
13147
13146
13141
13139
13139
13132
13133
13136
13138
13143
13150
13147
13144
13147
13150
13140
13141
13139
13140
13138
13139
13143
13146
13150
13139
13145
13137
13135
13138
13135
13138
13144
13148
13147
13146
13156
13150
13146
13141
13141
13134
13136
13131
13127
13131
13127
13125
13128
13118
13114
13118
13122
13126
13135
13138
13145
13146
13147
13150
13151
13144
13149
13149
13150
13148
13145
13136
13138
13139
13138
13142
13146
13142
13141
13141
13145
13156
13152
13149
13147
13151
13149
13142
13136
13136
13133
13120
13127
13119
13120
13124
13126
13125
13126
13120
13125
13129
13129
13129
13133
13141
13148
13143
13144
13137
13140
13141
13139
13135
13131
13135
13137
13137
13134
13131
13131
13136
13121
13127
13132
13127
13130
13136
13137
13136
13134
13140
13145
13130
13136
13138
13134
13133
13134
13132
13131
13127
13133
13124
13126
13130
13132
13132
13127
13123
13125
13124
13132
13135
13138
13134
13134
13136
13135
13132
13129
13124
13124
13127
13130
13124
13123
13121
13122
13124
13117
13117
13127
13129
13133
13142
13137
13129
13133
13138
13134
13139
13137
13131
13131
13136
13134
13136
13131
13129
13138
13139
13133
13133
13126
13124
13130
13129
13134
13130
13123
13143
13136
13141
13138
13147
13149
13148
13138
13142
13145
13145
13157
13148
13142
13155
13149
13144
13147
13139
13136
13134
13134
13136
13135
13136
13135
13136
13138
13133
13140
13135
13140
13149
13153
13152
13148
13150
13147
13143
13140
13143
13131
13141
13142
13147
13147
13137
13140
13145
13134
13129
13131
13115
13112
13125
13126
13126
13127
13122
13127
13122
13125
13129
13134
13142
13141
13142
13147
13148
13150
13141
13137
13142
13138
13139
13125
13126
13129
13130
13133
13133
13131
13137
13139
13141
13140
13141
13144
13141
13138
13134
13148
13138
13140
13147
13141
13135
13137
13134
13131
13125
13123
13124
13127
13135
13128
13125
13136
13133
13145
13140
13140
13141
13137
13138
13136
13131
13127
13128
13117
13124
13120
13128
13122
13128
13131
13125
