13142
13141
13141
13134
13138
13135
13134
13135
13125
13119
13129
13131
13124
13131
13128
13137
13136
13140
13145
13143
13138
13136
13136
13139
13137
13138
13133
13135
13148
13136
13137
13134
13135
13135
13136
13131
13133
13125
13133
13137
13128
13133
13133
13127
13130
13127
13135
13131
13128
13129
13136
13137
13139
13142
13147
13142
13139
13136
13134
13131
13136
13134
13145
13139
13137
13143
13142
13148
13146
13134
13133
13141
13142
13140
13137
13140
13144
13147
13139
13143
13144
13153
13145
13143
13142
13132
13126
13139
13126
13127
13127
13131
13133
13140
13139
13144
13145
13146
13144
13141
13131
13130
13128
13135
13137
13132
13127
13126
13134
13132
13136
13141
13145
13135
13005
12914
12864
12824
12810
12810
12815
12832
12844
12850
12866
12874
12890
12912
12930
12928
12944
12949
12963
12976
12981
12991
13003
13004
13014
13021
13030
13037
13047
13057
13061
13071
13069
13073
13082
13085
13090
13101
13099
13102
13099
13104
13109
13107
13107
13105
13101
13103
13110
13110
13114
13121
13131
13139
13137
13133
13130
13116
13124
13127
13127
13132
13135
13132
13130
13135
13135
13131
13131
13137
13128
13127
13125
13124
13128
13131
13126
13125
13132
13132
13135
13139
13142
13141
13138
13138
13137
13136
13135
13132
13135
13134
13139
13139
13140
13136
13148
13137
13139
13138
13134
13134
13132
13135
13139
13135
13128
13119
13127
13135
13136
13141
13138
13133
13137
13133
13128
13123
13123
13132
13127
13134
13132
13130
13134
13136
13130
13132
13129
13129
13122
13127
13124
13123
13115
13118
13129
13131
13134
13137
13137
13135
13131
13136
13139
13132
13128
13127
13129
13137
13140
13146
13136
13130
13128
13122
13115
13115
13119
13116
13120
13129
13126
13132
13130
13136
13126
13125
13126
13130
13132
13143
13146
13144
13138
13139
13151
13147
13149
13153
13144
13146
13145
13137
13136
13138
13137
13136
13141
13142
13140
13146
13145
13157
13161
13150
13144
13144
13142
13148
13149
13140
13135
13137
13129
13137
13126
13125
13131
13126
13139
13138
13137
13142
13138
13136
13142
13131
13130
13134
13126
13129
13134
13130
13139
13142
13136
13138
13131
13135
13132
13136
13137
13137
13150
13133
13135
13147
13143
13148
13141
13140
13141
13138
13137
13133
13121
13131
13137
13137
13136
13126
13126
13135
13136
13136
13141
13134
13139
13146
13139
13134
13135
13139
13139
13134
13125
13123
13126
13131
13125
13132
13133
13134
13143
13137
13138
13136
13141
13137
13142
13137
13142
13140
13138
13131
13129
13127
13124
13120
13120
13123
13117
13118
13119
13118
13122
13122
13126
13135
13135
13133
13139
13135
13131
13131
13127
13122
13128
13132
13126
13127
13129
13122
13125
13126
13118
13121
13124
13134
13143
13143
13138
13143
13142
13153
13143
13141
13144
13140
13139
13137
13130
13126
13124
13121
13131
13129
13129
13133
13134
13134
13139
13138
13143
13147
13138
13133
13142
13141
13142
13138
13139
13136
13144
13132
13131
13134
13131
13121
13116
13115
13120
13119
13118
13122
13132
13138
13145
13148
13149
13145
13148
13152
13150
13148
13156
13148
13142
13148
13141
13136
13126
13128
13136
13129
13124
13090
12524
11938
11591
11273
10953
10777
10725
10708
10772
10839
10951
11036
11154
11210
11259
11313
11399
11480
11570
11649
11741
11817
11905
11975
12056
12128
12199
12257
12319
12364
12415
12464
12506
12536
12575
12612
12642
12674
12708
12728
12753
12778
12791
12806
12825
12839
12864
12870
12887
12907
12919
12940
12959
12968
12985
12999
13011
13017
13017
13027
13030
13038
13040
13048
13049
13058
13056
13056
13068
13066
13068
13076
13076
13079
13088
13091
13087
13093
13096
13100
13103
13106
13099
13106
13111
13111
13117
13108
13111
13117
13117
13120
13117
13125
13124
13121
13117
13123
13124
13120
13120
13113
13122
13120
13117
13126
13126
13121
13129
13117
13122
13122
13122
13122
13120
13123
13119
13122
13122
13122
13122
13129
13123
13130
13131
13134
13136
13126
13125
13122
13129
13130
13125
13121
13127
13124
13122
13122
13119
13121
13125
13130
13122
13122
13125
13135
13131
13131
13137
13132
13124
13133
13134
13128
13123
13126
13135
13137
13132
13134
13132
13133
13129
13130
13133
13136
13139
13129
13130
13134
13134
13135
13133
13136
13135
13130
13122
13130
13126
13133
13136
13136
13134
13128
13134
13137
13138
13133
13146
13138
13133
13135
13133
13134
13127
13130
13132
13132
13135
13136
13138
13141
13142
13132
13131
13132
13141
13136
13132
13138
13135
13129
13134
13129
13130
13131
13129
13133
13129
13125
13131
13129
13129
13132
13138
13147
13142
13139
13148
13143
13152
13143
13147
13138
13142
13135
13137
13137
13131
13132
13121
13130
13128
13135
13135
13135
13145
13145
13143
13143
13140
13142
13139
13146
13144
13147
13140
13137
13133
13133
13135
13136
13140
13137
13138
13143
13140
13137
13140
13132
13132
13133
13121
13119
13124
13126
13129
13126
13123
13119
13123
13129
13131
13137
13131
13130
13135
13126
13126
13132
13130
13131
13132
13132
13135
13134
13136
13143
13141
13139
13135
13132
13126
13134
13125
13129
13122
13126
13142
13135
13133
13129
13128
13127
13130
13124
13132
13130
13133
13127
13128
13132
13133
13138
13141
13143
13155
13145
13139
13138
13138
13134
13134
13133
13140
13134
13133
13134
13133
13147
13145
13145
13151
13147
13140
13140
13145
13132
13134
13126
13137
13135
13136
13135
13133
13136
13133
13137
13133
13128
13136
13134
13134
13130
13132
13132
13135
13135
13133
13131
13120
13124
13122
13119
13123
13127
13126
13135
13128
13128
13127
13123
13132
13125
13129
13127
13115
13116
13124
13123
13126
13129
13127
13124
13126
13130
13125
13119
13116
13113
13122
13124
13127
13128
13131
13129
13135
13137
13139
13138
13136
13138
13132
13131
13134
13133
13133
13138
13134
13135
13139
13136
13143
13147
13150
13147
13137
13137
13142
13133
13126
13135
13125
13130
13133
13129
13134
13139
13142
13139
13143
13138
13138
13138
13133
13124
13127
13121
13123
13122
13130
13125
13124
13131
13133
13140
13138
13142
13140
13139
13142
13132
13131
13133
13126
13128
13123
13115
13130
13130
13135
13141
13141
13143
13151
13148
13152
13146
13139
13128
13134
13143
13134
13128
13128
13132
13147
13132
13127
13136
13128
13128
13124
13125
13117
13116
13120
13118
13113
13116
13122
13122
13130
13136
13141
13145
13144
13139
13147
13135
13128
13125
13120
13125
13127
13131
13133
13136
13134
13131
13141
13138
13142
13142
13140
13138
13149
13134
