13136
13136
13140
13139
13149
13143
13147
13148
13143
13142
13142
13140
13148
13141
13132
13132
13128
13132
13132
13124
13131
13135
13138
13146
13139
13136
13137
13135
13131
13136
13132
13133
13130
13130
13131
13137
13137
13137
13133
13131
13125
13127
13128
13131
13129
13126
13132
13133
13132
13139
13132
13136
13147
13146
13145
13141
13134
13133
13138
13136
13130
13130
13128
13138
13136
13132
13134
13133
13135
13140
13139
13133
13126
13123
13119
13126
13127
13127
13135
13139
13141
13146
13144
13129
13134
13131
13133
13125
13131
13130
13130
13134
13134
13139
13143
13148
13146
13143
13146
13148
13149
13148
13149
13145
13139
13131
13129
13122
13124
13142
13135
13143
13141
13139
13139
13134
13132
13129
13126
13136
13127
13129
13121
13125
13130
13135
13129
13138
13128
13133
13131
13139
13136
13134
13131
13138
13126
13137
13139
13136
13140
13138
13135
13142
13136
13132
13140
13145
13136
13136
13136
13138
13143
13137
13134
13136
13136
13134
13143
13147
13155
13152
13146
13151
13158
13152
13146
13147
13152
13148
13150
13145
13140
13138
13136
13141
13135
13141
13144
13139
13141
13085
12967
12898
12857
12825
12823
12817
12825
12841
12852
12869
12881
12832
12802
12788
12787
12790
12799
12793
12774
12766
12772
12770
12784
12795
12813
12827
12841
12856
12866
12887
12900
12908
12925
12938
12948
12965
12984
12998
13017
13023
13029
13048
13050
13050
13056
13055
13059
13065
13071
13071
13074
13079
13086
13092
13084
13080
13080
13087
13086
13099
13102
13100
13114
13105
13103
13100
13104
13106
13107
13117
13117
13115
13124
13126
13120
13125
13127
13130
13129
13127
13120
13123
13121
13119
13125
13124
13125
13123
13113
13118
13120
13124
13136
13136
13127
13122
13126
13123
13132
13132
13142
13138
13151
13145
13135
13130
13127
13126
13120
13120
13117
13121
13123
13123
13125
13138
13139
13142
13143
13141
13140
13142
13141
13134
13134
13133
13135
13144
13142
13140
13133
13139
13140
13133
13136
13137
13140
13139
13131
13137
13135
13138
13147
13139
13137
13133
13134
13136
13125
13123
13123
13128
13130
13135
13134
13138
13136
13137
13136
13133
13133
13137
13135
13136
13138
13128
13129
13135
13138
13136
13140
13137
13142
13137
13138
13130
13140
13135
13125
13128
13125
13126
13129
13133
13133
13137
13142
13143
13143
13144
13142
13142
13146
13151
13142
13144
13143
13139
13139
13140
13143
13143
13138
13126
13129
13123
13128
13131
13136
13140
13150
13151
13151
13150
13151
13145
13147
13149
13139
13140
13138
13131
13014
12914
12861
12824
12811
12808
12810
12822
12840
12853
12871
12884
12893
12914
12929
12936
12950
12958
12967
12989
12995
12997
13011
13015
13024
13036
13039
13046
13058
13059
13063
13064
13070
13070
13079
13084
13087
13090
13092
13093
13094
13087
13086
13092
13092
13093
13087
13090
13097
13107
13101
13111
13105
13113
13115
13119
13115
13111
13117
13127
13131
13120
13129
13119
13121
13121
13122
13131
13122
13132
13127
13135
13129
13084
12972
12902
12865
12839
12829
12822
12834
12841
12849
12875
12890
12906
12916
12923
12934
12948
12957
12968
12976
12995
13003
13013
13022
13034
13038
13054
13054
12819
12028
11378
10871
10516
10335
10243
10254
10301
10398
10504
10643
10759
10903
11026
11164
11276
11401
11509
11618
11694
11796
11873
11950
12024
12105
12169
12237
12288
12350
12402
12450
12489
12534
12565
12604
12633
12672
12698
12722
12748
12778
12800
12819
12838
12857
12876
12891
12908
12924
12932
12957
12968
12976
12990
12999
13010
13011
13016
13029
13024
13029
13036
13044
13054
13052
13061
13059
13068
13070
13075
13079
13084
13085
13093
13095
13092
13093
13104
13112
13106
13116
13114
13111
13118
13122
13120
13122
13118
13123
13122
13120
13121
13122
13129
13127
13131
13127
13120
13123
13122
13125
13133
13139
13138
13135
13130
13132
13130
13134
13139
13134
13140
13136
13132
13135
13138
13134
13141
13137
13133
13134
13131
13131
13136
13132
13132
13130
13123
13133
13133
13138
13141
13139
13145
13138
13141
13139
13136
13141
13131
13130
13135
13131
13138
13134
13135
13135
13126
13127
13123
13126
13130
13121
13122
13132
13137
13136
13143
13138
13132
13145
13133
13130
13130
13133
13125
13125
13123
13133
13132
13136
13135
13140
13144
13139
13141
13141
13137
13137
13131
13135
13132
13127
13127
13127
13130
13134
13125
13126
13134
13132
13140
13142
13137
13129
13129
13132
13134
13135
13130
13133
13129
13127
13134
13133
13129
13133
13132
13138
13131
13134
13122
13125
13133
13132
13127
13125
13122
13135
13139
13141
13140
13136
13138
13135
13130
13128
13132
13137
13139
13132
13132
13134
13138
13144
13141
13140
13137
13128
13128
13144
13135
13134
13138
13133
13132
13127
13131
13129
13128
13130
13132
13131
13136
13128
13129
13133
13127
13130
13127
13132
13131
13130
13134
13131
13138
13143
13141
13145
13151
13145
13138
13144
13148
13148
13146
13149
13151
13145
13146
13149
13147
13143
13141
13135
13133
13136
13134
13129
13133
13134
13133
13129
13128
13138
13137
13141
13141
13143
13137
13140
13139
13134
13135
13133
13139
13137
13134
13135
13131
13130
13135
13132
13137
13128
13127
13120
13133
13127
13128
13133
13133
13137
13145
13143
13148
13145
13149
13143
13140
13136
13128
13128
13135
13135
13138
13140
13137
13140
13131
13123
13125
13127
13133
13132
13133
13129
13133
13133
13138
13134
13133
13140
13143
13145
13147
13136
13136
13128
13126
13132
13126
13131
13137
13133
13141
13147
13140
13147
13147
13150
13138
13143
13145
13141
13142
13144
13137
13140
13137
13133
13134
13132
13138
13139
13136
13134
13122
13118
13125
13118
13121
13129
13124
13131
13133
13128
13129
13124
13123
13131
13126
13122
13123
13125
13129
13127
13128
13127
13126
13128
13126
13133
13136
13136
13139
13133
13134
13136
13131
13119
13125
13121
13123
13118
13120
13124
13125
13125
13131
13121
13115
13114
13120
13120
13129
13135
13147
13140
13136
13140
13136
13130
13142
13135
13141
13141
13131
13128
13128
13126
13131
13129
13128
13129
13127
13126
13129
13140
13132
13133
13134
13138
13135
13133
13140
13136
13141
13147
13150
13141
13141
13143
13138
13137
13139
13132
13133
13133
13125
13128
13128
13125
13133
13133
13135
13137
13136
13142
13138
13140
13135
13133
13130
13133
13138
13139
13138
13138
13130
13135
13139
13134
13139
13134
13138
13136
13143
13136
13147
13135
13139
13136
13129
13137
13135
13135
13138
13135
13144
13149
13142
13140
13137
