13131
13124
13131
13124
13124
13125
13122
13132
13139
13134
13129
13130
13130
13132
13127
13134
13136
13135
13137
13136
13145
13138
13140
13141
13137
13140
13142
13138
13143
13141
13150
13148
13142
13140
13138
13131
13135
13138
13133
13141
13141
13139
13139
13128
13126
13129
13135
13141
13146
13141
13152
13148
13155
13146
13149
13146
13146
13146
13150
13148
13146
13143
13143
13148
13149
13148
13143
13142
13142
13145
13143
13142
13133
13139
13138
13136
13131
13133
13135
13144
13133
13125
13128
13129
13127
13132
13134
13138
13139
13140
13140
13144
13144
13140
13137
13140
13140
13138
13139
13135
13147
13138
13134
13141
13140
13137
13131
13135
13132
13130
13129
13129
13126
13128
13126
13132
13131
13137
13139
13134
13130
13134
13136
13131
13133
13136
13135
13131
13129
13128
13122
13125
13127
13128
13135
13145
13148
13145
13140
13137
13143
13138
13138
13127
13129
13119
13121
13122
13120
13119
13122
13126
13129
13126
13130
13131
13140
13141
13141
13147
13142
13134
13137
13135
13141
13133
13128
13126
13121
13117
13118
13122
13129
13127
13133
13138
13147
13150
13143
13142
13151
13145
13142
13147
13143
13140
13139
13141
13136
13140
13136
13147
13139
13144
13143
13137
13138
13141
13149
13147
13148
13145
13152
13138
13132
13134
13130
13137
13142
13147
13145
13145
13135
13132
13137
13139
13140
13149
13146
13149
13147
13139
13133
13137
13134
13136
13138
13137
13135
13137
13135
13133
13127
13130
13134
13129
13136
13138
13131
13138
13133
13123
13136
13130
13133
13137
13144
13143
13148
13145
13142
13139
13144
13149
13143
13138
13136
13131
13124
13125
13129
13127
13129
13137
13134
13136
13136
13132
13135
13132
13133
13130
13118
13123
13127
13131
13126
13130
13123
13132
13125
13125
13127
13126
13124
13131
13131
13128
13132
13137
13142
13147
13151
13149
13152
13153
13149
13145
13142
13138
13136
13137
13140
13147
13144
13141
13137
13139
13138
13135
13131
13140
13130
13138
13150
13145
13144
13140
13142
13153
13146
13141
13146
13133
13129
13129
13121
13131
13133
13136
13143
13135
13136
13132
13134
13132
13128
13127
13126
13129
13131
13126
13129
13138
13135
13131
13129
13132
13131
13132
13130
13137
13134
13138
13141
13138
13141
13141
13145
13142
13137
13125
13131
13126
13124
13127
13126
13132
13130
13124
13131
13134
13143
13138
13144
13145
13149
13141
13140
13139
13148
13142
13139
13139
13131
13135
13130
13135
13138
13141
13143
13143
13129
13136
13131
13124
13124
13131
13124
13129
13134
13130
13135
13139
13144
13150
13143
13147
13150
13148
13147
13146
13141
13137
13142
13147
13138
13138
13139
13137
13136
13130
13124
13128
13127
13133
13130
13128
13129
13132
13129
13133
13130
13129
13128
13129
13140
13140
13142
13146
13137
13132
13141
13133
13129
13129
13126
13127
13128
13123
13126
13130
13128
13131
13133
13138
13131
13139
13134
13138
13144
13137
13133
13138
13138
13135
13130
13132
13135
13137
13134
13142
13143
13140
13138
13140
13141
13138
13141
13145
13134
13132
13137
13135
13134
13139
13138
13148
13145
13153
13151
13148
13144
13142
13144
13147
13143
13139
13135
13135
13134
13138
13140
13135
13136
13138
13123
12821
12061
11388
10967
10724
10612
10552
10567
10614
10717
10807
10926
11036
11165
11179
11192
11218
11290
11362
11451
11532
11628
11701
11795
11874
11958
12021
12094
12147
12217
12271
12336
12382
12437
12471
12515
12554
12590
12621
12657
12690
12726
12751
12773
12795
12807
12830
12846
12860
12869
12890
12909
12931
12939
12947
12964
12969
12984
12994
13003
13008
13018
13024
13029
13040
13046
13050
13046
13059
13058
13063
13064
13072
13086
13087
13093
13101
13089
13094
13100
13108
13107
13105
13105
13110
13114
13110
13108
13102
13104
13116
13120
13132
13128
13126
13130
13124
13126
13124
13125
13132
13136
13143
13142
13142
13140
13134
13130
13122
13127
13119
13125
13120
13133
13128
13125
13129
13133
13137
13142
13143
13150
13140
13140
13141
13137
13135
13135
13132
13128
13129
13117
13121
13120
13123
13134
13126
13118
13128
13129
13131
13130
13126
13126
13128
13128
13129
13128
13130
13133
13133
13127
13124
13126
13127
13124
13125
13121
13123
13125
13124
13127
13138
13137
13140
13138
13136
13136
13133
13132
13133
13127
13133
13131
13134
13144
13139
13139
13138
13136
13141
13137
13142
13141
13140
13137
13135
13133
13131
13123
13121
13128
13130
13135
13131
13131
13132
13125
13131
13131
13126
13131
13140
13140
13151
13145
13146
13151
13151
13157
13144
13139
13141
13144
13134
13130
13133
13128
13141
13140
13141
13141
13142
13131
13128
13132
13130
13131
13139
13143
13137
13132
13123
13134
13135
13129
13135
13137
13138
13135
13132
13134
13131
13129
13126
13118
13119
13128
13125
13125
13130
13129
13140
13141
13141
13145
13130
13134
13135
13130
13134
13129
13134
13132
13135
13136
13132
13132
13131
13136
13133
13129
13124
13132
13132
13131
13129
13124
13130
13127
13130
13127
13127
13123
13134
13132
13138
13142
13138
13142
13146
13144
13151
13149
13146
13146
13146
13147
13153
13151
13148
13146
13148
13153
13148
13147
13137
13143
13152
13149
13143
13141
13141
13147
13143
13139
13131
13127
13132
13133
13132
13130
13131
13127
13132
13131
13136
13130
13136
13136
13130
13132
13137
13130
13126
13135
13124
13127
13137
13138
13135
13146
13148
13149
13147
13145
13141
13144
13139
13139
13141
13139
13134
13144
13133
13134
13138
13143
13140
13144
13138
13135
13136
13140
13141
13135
13133
13129
13127
13124
13127
13131
13136
13131
13127
13133
13123
13118
13122
13116
13120
13115
13127
13124
13125
13138
13135
13139
13136
13136
13136
13135
13144
13145
13138
13133
13135
13133
13137
13130
13134
13135
13130
13132
13131
13120
13127
13126
13128
13133
13133
13137
13137
13138
13136
13140
13143
13147
13146
13134
13133
13133
13133
13136
13133
13135
13130
13138
13143
13143
13150
13143
13144
13146
13139
13140
13139
13132
13132
13128
13129
13130
13130
13125
13130
13125
13132
13138
13135
13142
13139
13135
13135
13124
13121
13133
13132
13129
13134
13129
13128
13128
13132
13129
13133
13137
13137
13143
13142
13143
13143
13141
13145
13137
13136
13138
13130
13128
13136
13132
13132
13136
13134
13131
13132
13127
13131
13135
13131
13135
13135
13129
13131
13127
13129
13138
13140
13142
13138
13143
13146
13148
13151
13151
13151
13153
13149
13148
13148
13142
13143
13139
13138
13145
13134
13132
13137
13143
13138
13138
13139
13133
13132
