13135
13136
13141
13129
13132
13136
13129
13133
13130
13124
13128
13120
13124
13130
13133
13134
13131
13137
13131
13132
13133
13126
13128
13130
13131
13131
13132
13130
13138
13137
13136
13145
13143
13146
13147
13138
13136
13139
13138
13137
13133
13134
13141
13141
13145
13149
13150
13151
13141
13138
13142
13141
13135
13138
13140
13137
13141
13143
13140
13139
13144
13147
13141
13142
13131
13138
13136
13133
13132
13123
13126
13137
13140
13132
13134
13132
13137
13141
13141
13137
13131
13134
13144
13139
13129
13132
13132
13141
13142
13137
13146
13137
13137
13141
13136
13139
13145
13144
13144
13143
13145
13143
13144
13148
13140
13134
13126
13124
13134
13120
13118
13113
13112
13116
13116
13125
13119
13120
13123
13123
13127
13128
13131
13138
13142
13144
13149
13154
13142
13141
13148
13135
13125
13123
13120
13119
13125
13117
13124
13120
13121
13128
13128
13127
13134
13133
13132
13132
13133
13125
13122
13132
13131
13135
13131
13127
13118
13116
13126
13129
13129
13130
13137
13128
13128
13131
13127
13133
13129
13135
13140
13135
13129
13133
13129
13134
13137
13131
13132
13126
13122
13123
13126
13136
13131
13126
13132
13132
13136
13124
13120
13125
13126
13139
13143
13144
13151
13147
13151
13149
13141
13136
13145
13139
13129
13128
13127
13131
13124
13129
13134
13134
13132
13138
13134
13138
13148
13136
13136
13140
13144
13136
13132
13135
13130
13134
13140
13142
13140
13136
13128
13138
13135
13135
13134
13125
13133
13138
13139
13137
13138
13136
13143
13145
13139
13137
13136
13139
13140
13137
13144
13135
13139
13135
13133
13137
13131
13122
13121
13122
13127
13118
13116
13119
13122
13124
13121
13122
13126
13122
13119
13118
13122
13123
13118
13118
13122
13128
13128
13136
13128
13129
13130
13129
13127
13136
13132
13133
13129
13130
13130
13131
13125
13135
13130
13131
13132
13131
13129
13125
13129
13125
13129
13134
13132
13130
13131
13125
13126
13130
13132
13136
13142
13140
13130
13127
13128
13127
13123
13130
13125
13128
13134
13137
13137
13135
13124
13133
13138
13140
13142
13140
13144
13149
13142
13142
13137
13136
13137
13138
13137
13139
13139
13140
13139
13133
13125
13126
13130
13123
13124
13136
13137
13138
13131
13132
13126
13121
13114
13120
13113
13123
13121
13123
13113
13115
13105
13119
13115
13114
13121
13118
13131
13137
13139
13137
13139
13140
13135
13136
13131
13130
13134
13133
13133
13134
13132
13132
13142
13134
13131
13136
13140
13145
13149
13154
13155
13151
13146
13145
13132
13137
13139
13137
13139
13135
13129
13133
13123
13125
13130
13131
13126
13145
13139
13138
13138
13135
13131
13133
13134
13136
13146
13147
13142
13139
13141
13133
13135
13135
13134
13138
13139
13140
13138
13135
13134
13133
13136
13135
13130
13130
13129
13130
13132
13132
13135
13138
13138
13135
13140
13138
13139
13140
13135
13136
13136
13133
13137
13138
13142
13139
13143
13149
13158
13155
13150
13140
13141
13131
13129
13134
13129
13125
13125
13131
13135
13135
13140
13142
13133
13138
13141
13136
13135
13134
13131
13138
13133
13133
13133
13124
13122
13126
13123
13127
13132
13130
13140
13143
13151
13115
12745
12306
11922
11564
11366
11261
11252
11266
11316
11375
11452
11528
11618
11700
11790
11862
11944
12011
12082
12156
12214
12263
12328
12382
12434
12491
12533
12564
12606
12633
12655
12683
12708
12734
12766
12786
12814
12830
12854
12874
12893
12912
12927
12941
12952
12961
12976
12978
12994
13002
13014
13019
13019
13032
13037
13044
13044
13048
13046
13058
13070
13073
13072
13074
13077
13077
13073
13073
13086
13083
13091
13100
13094
13102
13118
13120
13118
13115
13123
13122
13129
13122
13119
13120
13116
13112
13120
13117
13117
13115
13111
13114
13116
13118
13121
13114
13120
13123
13119
13129
13128
13133
13137
13138
13135
13139
13141
13139
13146
13141
13141
13145
13135
13133
13128
13127
13123
13124
13124
13125
13128
13130
13124
13126
13122
13124
13133
13130
13126
13122
13119
13124
13128
13126
13124
13125
13123
13124
13117
13120
13124
13127
13124
13121
13120
13128
13131
13127
13133
13128
13124
13133
13124
13128
13132
13134
13133
13134
13140
13138
13145
13143
13138
13145
13140
13138
13134
13125
13120
13126
13130
13129
13123
13124
13122
13125
13128
13126
13117
13114
13122
13126
13131
13126
13133
13130
13127
13122
13127
13122
13120
13125
13115
13128
13130
13137
13137
13134
13133
13132
13136
13138
13128
13137
13137
13138
13144
13138
13132
13131
13126
13128
13118
13122
13125
13125
13131
13136
13131
13135
13135
13134
13137
13134
13132
13137
13135
13134
13136
13128
13127
13131
13130
13126
13129
13133
13140
13141
13142
13135
13138
13137
13137
13130
13131
13124
13127
13124
13127
13126
13128
13126
13132
13134
13133
13133
13127
13133
13133
13136
13142
13144
13147
13145
13149
13154
13149
13139
13150
13138
13134
13140
13131
13134
13139
13137
13142
13138
13136
13137
13131
13134
13136
13132
13130
13134
13139
13135
13128
13134
13126
13131
13135
13134
13134
13133
13134
13133
13129
13135
13135
13140
13145
13154
13150
13148
13146
13147
13154
13138
13141
13144
13129
13136
13144
13139
13138
13137
13137
13136
13138
13142
13146
13141
13140
13139
13141
13136
13131
13136
13140
13147
13146
13152
13138
13137
13145
13139
13132
13136
13134
13130
13137
13135
13131
13139
13135
13135
13137
13135
13128
13130
13133
13138
13141
13139
13137
13133
13138
13136
13134
13133
13131
13141
13147
13140
13143
13137
13131
13137
13134
13132
13128
13129
13126
13123
13122
13134
13131
13136
13126
13125
13131
13125
13120
13130
13122
13118
13129
13124
13123
13129
13123
13129
13128
13129
13130
13135
13134
13136
13135
13139
13136
13137
13101
12969
12894
12843
12817
12809
12807
12810
12821
12832
12840
12867
12881
12904
12903
12917
12931
12938
12959
12966
12973
12983
12993
12997
13017
13012
13021
13031
13038
13047
13055
13053
13046
13053
13066
13064
13065
13072
13069
13080
13085
13082
13092
13089
13092
13100
13107
13113
13101
13104
13106
13105
13103
13116
13109
13114
13120
13116
13118
13116
13118
13125
13123
13117
13127
13126
13127
13142
13141
13140
13130
13127
13121
13123
13115
13116
13115
13124
13120
13117
13116
13119
13116
13113
13109
13109
13105
13110
13114
13117
13123
13126
13129
13132
13126
13127
13129
13122
13131
13137
13136
13138
13137
13129
13129
13127
13120
13123
13125
13130
13129
13135
13139
13141
13143
13140
13135
13139
13143
13140
13141
13137
13145
13144
