13132
13128
13132
13129
13136
13136
13139
13142
13138
13137
13141
13135
13133
13128
13126
13134
13129
13137
13134
13138
13143
13148
13141
13139
13133
13139
13142
13134
13130
13132
13134
13136
13131
13132
13135
13134
13128
13137
13137
13141
13144
13142
13141
13140
13136
13131
13132
13134
13131
13126
13031
12927
12870
12831
12817
12810
12809
12820
12833
12847
12867
12885
12897
12913
12928
12941
12955
12962
12972
12979
12996
13002
13013
13018
13029
13026
13037
13047
13045
13055
13062
13067
13069
13069
13076
13078
13078
13091
13090
13096
13098
13101
13107
13102
13105
13108
13108
13105
13108
13112
13110
13109
13105
13111
13106
13111
13110
13110
13113
13117
13126
13128
13126
13133
13136
13122
13121
13118
13108
13111
13111
13110
13110
13113
13108
13109
13113
13126
13115
13118
13120
13116
13125
13129
13120
13125
13127
13129
13126
13123
13122
13128
13125
13130
13123
13124
13125
13130
13133
13138
13137
13137
13135
13137
13134
13132
13126
13132
13127
13128
13134
13137
13128
13123
13123
13119
13129
13128
13126
13121
13121
13122
13123
13118
13128
13123
13133
13137
13134
13129
13128
13132
13129
13129
13127
13128
13125
13127
13132
13129
13138
13132
13133
13138
13143
13138
13138
13145
13147
13146
13141
13138
13138
13134
13134
13136
13137
13133
13131
13127
13133
13133
13134
13128
13130
13136
13129
13127
13128
13129
13127
13131
13125
13126
13121
13122
13130
13131
13135
13128
13127
13129
13125
13115
13131
13123
13129
13133
13138
13134
13139
13146
13146
13137
13141
13135
13143
13138
13141
13134
13134
13124
13133
13121
13113
13128
13135
13141
13147
13138
13142
13147
13152
13154
13142
13146
13142
13137
13135
13132
13128
13132
13129
13122
13131
13126
13121
13130
13130
13132
13134
13136
13134
13134
13134
13130
13133
13129
13127
13130
13137
13138
13141
13136
13139
13130
13125
13124
13119
13118
13126
13123
13125
13128
13121
13124
13117
13120
13111
13109
13112
13123
13122
13121
13131
13119
13125
13132
13122
13121
13130
13125
13127
13135
13128
13129
13128
13130
13126
13128
13132
13127
13134
13132
13133
13140
13137
13135
13128
13126
13135
13130
13128
13131
13126
13130
13126
13123
13124
13123
13127
13132
13130
13117
13126
13127
13136
13138
13135
13138
13142
13143
13139
13131
13126
13117
13116
13126
13126
13122
13125
13122
13127
13119
13117
13122
13130
13131
13129
13127
13120
13123
13129
13133
13125
13132
13134
13132
13133
13138
13141
13148
13135
13128
13130
13127
13126
13129
13129
13127
13125
13131
13130
13133
13138
13142
13145
13141
13142
13141
13138
13132
13133
13122
13126
13134
13131
13128
13121
13123
13126
13127
13129
13136
13129
13132
13130
13124
13124
13120
13124
13125
13121
13120
13128
13123
13125
13132
13134
13132
13132
13133
13137
13133
13131
13129
13130
13134
13139
13143
13150
13144
13152
13152
13145
13143
13136
13130
13123
13121
13125
13127
13123
13130
13126
13132
13138
13128
13130
13130
13141
13141
13133
13125
13130
13126
13123
13132
13128
13131
13134
13134
13142
13134
13134
13131
13139
13140
13142
13140
13144
13137
13136
13134
13134
13133
13129
13130
13134
13128
13131
13132
13131
13128
13129
13132
13133
13077
12717
12402
12142
11997
11920
11885
11894
11910
11968
12003
12062
12114
12177
12233
12294
12335
12390
12435
12488
12529
12571
12603
12638
12666
12703
12727
12750
12768
12792
12809
12821
12840
12857
12873
12892
12911
12917
12933
12947
12952
12970
12978
12993
13007
13014
13022
13042
13040
13044
13050
13047
13050
13069
13078
13080
13078
13082
13086
13081
13085
13085
13086
13078
13086
13100
13098
13102
13099
13101
13104
13101
13102
13106
13105
13107
13117
13119
13125
13129
13125
13132
13125
13130
13132
13131
13132
13141
13131
13137
13137
13117
13118
13117
13118
13115
13116
13126
13122
13126
13136
13138
13136
13142
13139
13147
13145
13147
13146
13143
13149
13145
13142
13137
13134
13135
13137
13127
13138
13139
13137
13138
13139
13133
13140
13135
13138
13146
13134
13134
13139
13131
13131
13134
13133
13131
13132
13122
13119
13119
13117
13108
13107
13109
13114
13123
13118
13113
13115
13118
13123
13134
13136
13138
13148
13145
13140
13134
13134
13126
13123
13127
13124
13128
13132
13128
13123
13123
13120
13111
13116
13109
13119
13124
13127
13138
13142
13147
13145
13150
13149
13148
13144
13141
13134
13137
13135
13134
13134
13139
13135
13132
13137
13128
13129
13132
13129
13132
13130
13145
13138
13142
13142
13141
13151
13145
13134
13135
13123
13124
13121
13117
13118
13124
13127
13133
13131
13131
13131
13131
13138
13142
13134
13133
13138
13140
13130
13123
13118
13120
13122
13126
13123
13123
13133
13146
13146
13141
13140
13134
13135
13128
13128
13129
13131
13131
13132
13138
13129
13134
13139
13138
13139
13145
13138
13132
13136
13135
13129
13129
13128
13123
13117
13122
13117
13126
13123
13126
13129
13119
13125
13134
13136
13132
13129
13131
13135
13127
13131
13131
13128
13128
13125
13123
13117
13118
13121
13122
13112
13123
13122
13118
13123
13117
13128
13132
13133
13136
13135
13130
13129
13134
13139
13134
13137
13146
13139
13141
13138
13135
13129
13120
13132
13132
13129
13135
13140
13140
13140
13141
13138
13137
13143
13139
13136
13136
13142
13152
13143
13150
13144
13138
13127
13135
13137
13140
13144
13142
13139
13142
13140
13132
13127
13119
13127
13132
13127
13128
13133
13135
13141
13138
13141
13140
13146
13142
13150
13146
13143
13136
13143
13144
13137
13136
13132
13128
13129
13143
13131
13132
13139
13135
13134
13136
13136
13136
13140
13144
13141
13144
13142
13137
13140
13141
13136
13147
13137
13131
13130
13130
13133
13129
13136
13129
13133
13134
13132
13127
13130
13131
13137
13137
13137
13135
13137
13128
13121
13131
13122
13121
13132
13130
13132
13131
13127
13133
13131
13132
13129
13130
13133
13125
13122
13112
13110
13117
13122
13125
13129
13126
13135
13138
13138
13137
13140
13139
13138
13134
13140
13140
13138
13144
13134
13141
13148
13141
13141
13136
13136
13130
13133
13124
13123
13128
13129
13129
13124
13123
13122
13121
13126
13122
13119
13117
13128
13129
13131
13135
13138
13144
13142
13134
13128
13126
13134
13134
13132
13127
13130
13132
13128
13124
13128
13130
13128
13129
13124
13126
13116
13113
13117
13113
13119
13121
13122
13125
13116
13120
13119
13124
13125
13124
13123
13130
13127
13134
13132
13133
13142
13143
13137
13135
13139
13137
13141
13134
13139
13140
13135
13135
13138
13141
13144
