13132
13135
13134
13133
13140
13135
13131
13133
13132
13133
13124
13121
13123
13125
13133
13132
13138
13144
13152
13154
13151
13154
13145
13139
13133
13127
13140
13139
13141
13142
13145
13144
13141
13141
13142
13138
13142
13133
13139
13138
13137
13134
13129
13118
13121
13114
13113
13119
13120
13121
13129
13127
13138
13136
13140
13137
13138
13142
13150
13141
13140
13139
13139
13144
13136
13134
13138
13135
13131
13144
13134
13133
13137
13133
13128
13130
13134
13136
13144
13143
13142
13138
13138
13135
13133
13133
13135
13135
13139
13141
13137
13136
13138
13131
13126
13124
13114
13119
13129
13122
13132
13129
13141
13142
13138
13135
13135
13140
13139
13137
13128
13137
13140
13137
13134
13138
13142
13137
13137
13138
13143
13137
13140
13142
13149
13139
13137
13136
13135
13134
13126
13131
13138
13131
13129
13124
13116
13122
13121
13123
13126
13124
13126
13135
13132
13134
13138
13134
13137
13135
13140
13135
13140
13135
13138
13140
13142
13136
13132
13132
13128
13138
13133
13128
13134
13135
13134
13139
13135
13126
13125
13126
13130
13128
13126
13137
13132
13135
13138
13132
13132
13131
13128
13138
13140
13133
13151
13142
13139
13144
13138
13141
13141
13140
13143
13138
13138
13134
13135
13139
13142
13137
13134
13132
13135
13133
13133
13137
13134
13132
13127
13132
13127
13123
13129
13137
13128
13133
13125
13117
13124
13121
13119
13134
13126
13127
13137
13125
13121
13127
13122
13132
13134
13134
13136
13140
13137
13136
13135
13135
13130
13126
13120
13119
13134
13127
13126
13135
13133
13131
13129
13132
13138
13137
13135
13130
13132
13136
13134
13129
13126
13126
13129
13133
13136
13132
13135
13133
13135
13131
13131
13129
13134
13127
13129
13129
13130
13126
13127
13130
13136
13135
13134
13129
13127
13127
13126
13135
13139
13139
13134
13132
13125
13124
13123
13133
13131
13137
13141
13132
13142
13139
13139
13144
13141
13128
13135
13133
13131
13136
13138
13137
13146
13145
13139
13140
13142
13130
13134
13138
13130
13138
13134
13129
13132
13123
13123
13122
13122
13126
13125
13133
13132
13131
13127
13142
13141
13141
13139
13138
13144
13143
13142
13141
13139
13135
13140
13132
13126
13132
13131
13126
13131
13135
13138
13138
13146
13143
13149
13145
13136
13130
13140
13125
13140
13129
13129
13127
13129
13124
13127
13123
13128
13129
13129
13132
13125
13124
13121
13127
13135
13135
13135
13141
13141
13140
13147
13138
13131
13131
13125
13129
13134
13129
13130
13126
13127
13127
13125
13126
13124
13126
13133
13135
13134
13126
13128
13133
13126
13127
13125
13129
13137
13137
13135
13138
13135
13131
13134
13126
13131
13135
13129
13134
13136
13134
13142
13137
13141
13143
13142
13146
13144
13138
13142
13139
13146
13146
13143
13140
13138
13137
13131
13129
13129
13124
13126
13128
13131
13132
13130
13140
13142
13132
13132
13137
13133
13137
13142
13135
13140
13134
13140
13144
13139
13134
13138
13133
13131
13138
13130
13125
13123
13131
13129
13128
13123
13127
13126
13134
13134
13137
13133
13131
13132
13129
13125
13131
13122
13130
13127
13133
13138
13133
13142
13146
13136
13139
13142
13150
13150
13154
13146
12943
11871
10750
9922
9388
9149
9046
9083
9153
9309
9451
9600
9721
9894
10033
10214
10342
10384
10459
10571
10676
10818
10932
11073
11183
11308
11405
11517
11603
11702
11788
11876
11948
12027
12093
12168
12222
12286
12339
12390
12432
12479
12518
12569
12591
12628
12657
12677
12699
12733
12755
12782
12794
12817
12833
12848
12866
12892
12915
12932
12943
12955
12964
12968
12984
12995
13013
13018
13036
13042
13044
13043
13046
13046
13060
13069
13069
13075
13076
13082
13085
13082
13089
13087
13084
13081
13089
13089
13090
13097
13100
13102
13105
13094
13099
13113
13110
13109
13106
13105
13110
13116
13117
13119
13120
13132
13137
13124
13128
13126
13133
13141
13143
13142
13146
13139
13136
13144
13136
13128
13138
13135
13129
13133
13133
13126
13135
13141
13141
13147
13142
13142
13140
13141
13140
13136
13139
13137
13143
13145
13141
13143
13137
13135
13138
13135
13138
13135
13138
13139
13140
13134
13136
13134
13131
13135
13124
13125
13125
13123
13138
13133
13125
13133
13136
13131
13133
13127
13135
13132
13134
13139
13145
13143
13140
13145
13148
13143
13147
13142
13142
13152
13135
13134
13130
13125
13121
13122
13122
13128
13131
13128
13129
13125
13126
13125
13126
13132
13133
13138
13143
13137
13126
13129
13121
13128
13130
13135
13136
13137
13136
13132
13123
13128
13122
13126
13129
13129
13136
13139
13132
13132
13124
13123
13131
13131
13129
13125
13119
13125
13118
13122
13123
13116
13121
13121
13121
13132
13127
13129
13130
13127
13124
13135
13129
13131
13133
13130
13127
13134
13130
13137
13140
13147
13147
13141
13141
13140
13142
13144
13134
13140
13138
13140
13144
13142
13133
13132
13131
13130
13118
13122
13118
13118
13123
13129
13129
13135
13133
13133
13131
13134
13130
13140
13140
13134
13136
13132
13124
13128
13135
13132
13133
13128
13130
13135
13140
13137
13139
13144
13144
13146
13137
13132
13136
13134
13140
13141
13138
13130
13129
13129
13134
13125
13128
13132
13132
13131
13128
13130
13143
13139
13135
13138
13139
13139
13148
13142
13141
13133
13136
13128
13125
13132
13129
13129
13136
13131
13141
13133
13137
13144
13146
13148
13149
13143
13147
13147
13138
13138
13130
13132
13139
13133
13136
13134
13138
13136
13139
13137
13138
13134
13132
13141
13132
13129
13135
13133
13130
13127
13132
13133
13135
13128
13130
13133
13132
13123
13127
13129
13132
13130
13127
13130
13134
13140
13136
13138
13138
13134
13129
13126
13131
13131
13136
13136
13137
13137
13134
13131
13134
13133
13129
13133
13124
13124
13127
13130
13135
13137
13138
13136
13144
13148
13145
13141
13138
13138
13134
13134
13131
13130
13129
13125
13130
13126
13130
13131
13125
13123
13130
13128
13134
13126
13132
13133
13128
13130
13126
13129
13127
13129
13135
13141
13134
13134
13138
13133
13135
13134
13141
13142
13140
13138
13129
13127
13135
13132
13129
13131
13129
13137
13134
13131
13130
13134
13134
13145
13146
13142
13140
13143
13144
13140
13140
13147
13136
13143
13143
13137
13139
13136
13129
13132
13132
13129
13131
13136
13139
13141
13133
13131
13130
13132
13126
13127
13137
13135
13143
13141
13138
13136
13134
13131
13138
13137
13130
13126
13129
13128
13130
13133
13137
13130
13127
13137
13139
13142
13141
13139
13145
13139
13141
13148
13138
13135
13141
