13139
13132
13135
13132
13128
13125
13123
13123
13124
13130
13127
13127
13129
13134
13128
13136
13129
13126
13131
13118
13129
13132
13132
13132
13124
13128
13134
13136
13142
13141
13136
13139
13135
13140
13137
13133
13127
13123
13123
13124
13125
13127
13130
13125
13131
13136
13132
13135
13133
13136
13134
13136
13138
13139
13148
13140
13142
13143
13146
13147
13154
13150
13145
13154
13149
13147
13142
13138
13136
13130
13127
13134
13125
13128
13124
13119
13114
13116
13116
13127
13122
13121
13125
13124
13131
13128
13123
13123
13128
13127
13128
13131
13134
13134
13138
13144
13142
13140
13144
13143
13144
13140
13139
13138
13140
13140
13142
13136
13135
13140
13137
13142
13135
13138
13134
13135
13138
13139
13142
13143
13137
13132
13139
13130
13124
13126
13129
13129
13130
13125
13128
13124
13127
13127
13131
13136
13136
13142
13148
13149
13153
13145
13137
13133
13130
13135
13133
13135
13128
13126
13122
13129
13127
13131
13136
13140
13140
13134
13129
13140
13141
13138
13139
13136
13126
13140
13130
13133
13140
13138
13136
13137
13133
13134
13135
13140
13137
13142
13146
13149
13154
13151
13147
13142
13141
13145
13133
13135
13130
13126
13129
13131
13124
13133
13133
13131
13137
13139
13136
13138
13132
13125
13137
13129
13126
13130
13123
13124
13127
13132
13135
13132
13135
13135
13131
13133
13134
13137
13131
13137
13145
13137
13130
13137
13140
13135
13139
13137
13138
13136
13133
13135
13126
13134
13127
13133
13129
13128
13126
13134
13127
13128
13143
13141
13138
13143
13141
13142
13140
13138
13134
13140
13145
13141
13145
13144
13144
13139
13134
13137
13141
13139
13130
13135
13130
13134
13128
13124
13119
13122
13129
13133
13126
13133
13125
13116
13120
13126
13127
13128
13122
13117
13126
13120
13115
13120
13119
13127
13131
13136
13145
13140
13138
13137
13137
13140
13143
13138
13140
13134
13145
13133
13127
13129
13122
13126
13125
13126
13126
13132
13136
13143
13138
13141
13137
13134
13134
13136
13136
13140
13133
13134
13144
13133
13129
13131
13128
13126
13132
13125
13133
13131
13134
13134
13133
13136
13132
13138
13143
13132
13135
13131
13128
13132
13129
13136
13137
13143
13139
13136
13139
13138
13134
13133
13134
13133
13130
13132
13128
13137
13135
13134
13139
13129
13126
13128
13129
13128
13134
13138
13133
13132
13129
13122
13125
13128
13123
13123
13123
13122
13130
13127
13121
13129
13128
13130
13125
13133
13135
13135
13133
13135
13134
13132
13135
13141
13140
13132
13143
13153
13146
13143
13153
13147
13145
13143
13140
13133
13134
13128
13127
13119
13118
13119
13118
13124
13116
13123
13130
13129
13137
13126
13125
13127
13127
13133
13133
13128
13130
13130
13132
13131
13125
13125
13126
13120
13125
13124
13126
13120
13122
13125
13130
13128
13129
13131
13119
13129
13124
13123
13125
13130
13132
13128
13125
13125
13132
13126
13128
13130
13138
13128
13122
13128
13125
13130
13128
13133
13132
13131
13132
13129
13120
13129
13128
13129
13136
13132
13132
13138
13134
13125
13131
13132
13135
13134
13136
13134
13136
13129
13125
13118
13118
13111
13115
13134
13139
13146
13137
13139
13146
13095
12865
12469
12180
12010
11835
11689
11637
11616
11644
11685
11737
11802
11882
11944
12021
12083
12147
12217
12273
12319
12377
12422
12465
12508
12552
12587
12630
12659
12684
12717
12744
12759
12781
12803
12821
12844
12869
12878
12901
12912
12921
12937
12953
12967
12972
12980
12990
13007
13013
13023
13025
13043
13052
13055
13059
13058
13060
13074
13067
13063
13066
13067
13061
13075
13064
13073
13077
13087
13089
13083
13088
13092
13094
13112
13115
13115
13120
13119
13127
13119
13121
13132
13132
13132
13131
13132
13134
13138
13134
13131
13118
13119
13124
13122
13126
13132
13131
13133
13124
13124
13132
13133
13137
13147
13141
13145
13142
13134
13141
13141
13136
13126
13131
13132
13125
13132
13128
13129
13139
13139
13135
13138
13137
13147
13150
13149
13154
13147
13141
13144
13133
13130
13134
13133
13141
13144
13153
13150
13142
13134
13133
13130
13123
13130
13127
13121
13128
13129
13130
13130
13132
13134
13133
13140
13136
13138
13141
13143
13141
13130
13128
13130
13132
13136
13132
13137
13134
13136
13138
13145
13142
13144
13146
13139
13140
13136
13132
13134
13131
13122
13128
13123
13123
13121
13131
13127
13126
13132
13132
13136
13143
13137
13137
13136
13140
13136
13130
13133
13144
13134
13126
13133
13141
13140
13147
13139
13140
13143
13144
13148
13148
13146
13145
13143
13139
13136
13135
13136
13133
13136
13134
13130
13123
13133
13136
13134
13139
13136
13137
13136
13141
13137
13141
13148
13147
13145
13142
13134
13140
13135
13133
13137
13142
13136
13124
13125
13123
13122
13125
13129
13125
13133
13139
13136
13138
13132
13133
13137
13130
13122
13131
13128
13123
13125
13121
13123
13129
13135
13140
13141
13144
13136
13134
13136
13142
13136
13142
13143
13147
13141
13141
13138
13136
13131
13131
13130
13129
13129
13128
13135
13131
13134
13133
13130
13137
13135
13142
13147
13142
13136
13137
13128
13132
13138
13133
13140
13143
13144
13148
13150
13151
13143
13142
13142
13139
13137
13122
13125
13128
13123
13122
13127
13127
13134
13131
13137
13137
13138
13136
13141
13134
13134
13136
13133
13140
13133
13140
13138
13132
13130
13138
13128
13129
13134
13132
13130
13131
13139
13140
13141
13139
13138
13132
13140
13138
13136
13135
13137
13140
13137
13133
13135
13131
13129
13134
13133
13132
13129
13137
13147
13149
13151
13150
13139
13145
13142
13135
13135
13133
13118
13125
13126
13127
13124
13120
13122
13127
13123
13124
13127
13129
13133
13135
13138
13135
13132
13134
13138
13144
13138
13131
13131
13126
13123
13121
13118
13118
13122
13129
13133
13128
13133
13138
13133
13132
13134
13132
13135
13124
13132
13137
13134
13125
13132
13126
13121
13125
13119
13121
13120
13122
13134
13136
13133
13132
13133
13134
13137
13144
13141
13135
13133
13138
13136
13138
13131
13131
13131
13124
13129
13127
13129
13127
13123
13117
13119
13117
13127
13130
13129
13134
13133
13135
13139
13142
13139
13142
13140
13139
13146
13140
13138
13141
13138
13134
13133
13135
13133
13140
13140
13138
13135
13136
13136
13127
13134
13133
13137
13145
13143
13142
13146
13143
13135
13139
13138
13135
13137
13122
13124
13121
13115
13106
13111
13105
13114
13122
13130
13128
13133
13144
13149
13151
13152
13150
13147
13143
13153
13156
13150
13141
13141
13138
13136
13135
13134
13134
13129
