13133
13134
13137
13129
13130
13131
13138
13138
13135
13129
13135
13136
13133
13143
13135
13137
13142
13136
13143
13142
13137
13140
13148
13151
13142
13132
13142
13143
13149
13132
13134
13126
13129
13137
13136
13139
13141
13141
13137
13145
13132
13133
13138
13135
13134
13137
13137
13135
13132
13131
13136
13132
13133
13139
13134
13135
13146
13138
13136
13136
13134
13133
13134
13133
13134
13136
13139
13131
13133
13139
13140
13144
13146
13139
13134
13138
13136
13142
13139
13140
13143
13154
13150
13143
13142
13142
13135
13138
13141
13135
13133
13132
13129
13136
13129
13131
13132
13133
13130
13129
13135
13136
13146
13150
13151
13147
13148
13137
13134
13131
13131
13134
13134
13137
13134
13131
13131
13130
13132
13129
13129
13129
13137
13135
13131
13136
13131
13138
13136
13127
13134
13138
13132
13133
13130
13132
13128
13123
13133
13124
13121
13132
13136
13141
13145
13145
13146
13145
13147
13143
13136
13140
13142
13133
13130
13129
13126
13132
13125
13136
13126
13132
13131
13126
13127
13129
13126
13136
13138
13139
13150
13140
13135
13137
13134
13132
13127
13131
13135
13135
13137
13137
13139
13147
13145
13142
13142
13133
13137
13132
13130
13129
13127
13130
13123
13131
13136
13135
13138
13143
13134
13143
13139
13140
13140
13137
13133
13137
13133
13124
13134
13138
13142
13147
13147
13142
13143
13143
13138
13143
13146
13141
13135
13140
13135
13133
13136
13135
13142
13141
13141
13138
13137
13138
13135
13133
13132
13131
13123
13132
13133
13138
13133
13133
13138
13140
13145
13150
13139
13133
13141
13136
13136
13137
13130
13135
13131
13135
13129
13132
13131
13130
13132
13139
13143
13139
13135
13139
13144
13140
13134
13134
13141
13139
13139
13134
13129
13132
13131
13133
13125
13124
13124
13122
13127
13124
13126
13133
13133
13136
13142
13138
13143
13147
13144
13145
13151
13144
13138
13138
13139
13136
13140
13147
13142
13147
13142
13131
13137
13132
13129
13125
13126
13129
13128
13127
13125
13125
13134
13134
13133
13136
13143
13142
13142
13142
13143
13144
13146
13138
13142
13138
13139
13142
13144
13138
13149
13152
13151
13148
13150
13142
13142
13141
13141
13145
13143
13143
13146
13139
13139
13147
13142
13140
13135
13136
13139
13136
13134
13143
13140
13146
13152
13148
13149
13148
13142
13146
13136
13135
13145
13133
13127
13129
13134
13135
13132
13136
13137
13137
13140
13133
13132
13132
13132
13134
13135
13137
13145
13132
13131
13130
13134
13134
13141
13140
13141
13140
13137
13135
13126
13133
13138
13138
13139
13141
13144
13147
13142
13145
13147
13139
13132
13135
13132
13132
13133
13132
13133
13137
13139
13137
13140
13139
13140
13138
13136
13132
13132
13134
13127
13135
13136
13136
13134
13129
13137
13133
13137
13141
13133
13132
13128
13125
13133
13127
13129
13134
13139
13132
13142
13139
13142
13148
13139
13141
13138
13134
13132
13132
13130
13130
13131
13130
13131
13132
13130
13133
13141
13139
13147
13147
13147
13146
13140
13140
13134
13128
13129
13129
13122
13126
13134
13134
13131
13130
13128
13136
13139
13137
13137
13129
13135
13137
13129
13129
13127
13136
13144
13139
13137
13137
13134
13143
13139
12917
12299
11621
11115
10808
10665
10602
10628
10672
10766
10855
10981
11092
11220
11324
11436
11530
11634
11722
11816
11897
11977
12041
12118
12179
12255
12295
12357
12407
12451
12487
12530
12575
12617
12643
12672
12698
12734
12757
12776
12800
12827
12840
12864
12871
12884
12891
12906
12923
12931
12947
12963
12966
12984
12995
13006
13012
13016
13020
13027
13029
13032
13042
13047
13052
13062
13061
13070
13078
13078
13081
13081
13086
13081
13092
13089
13090
13097
13101
13099
13115
13110
13103
13110
13109
13112
13117
13119
13112
13116
13117
13123
13122
13121
13120
13121
13129
13131
13136
13135
13135
13145
13145
13141
13141
13144
13140
13142
13145
13141
13142
13147
13140
13134
13136
13139
13132
13140
13138
13142
13132
13125
13123
13126
13123
13125
13122
13129
13134
13141
13139
13137
13135
13140
13144
13127
13130
13133
13131
13131
13132
13130
13128
13128
13126
13135
13140
13139
13139
13134
13142
13148
13143
13138
13133
13128
13124
13127
13131
13133
13134
13138
13140
13143
13138
13139
13138
13131
13130
13122
13112
13114
13115
13120
13131
13130
13135
13142
13137
13138
13134
13131
13143
13140
13138
13143
13133
13128
13133
13134
13131
13123
13129
13130
13136
13129
13127
13133
13132
13134
13132
13133
13135
13137
13137
13129
13135
13134
13129
13134
13128
13123
13122
13121
13125
13121
13126
13132
13132
13130
13134
13143
13146
13143
13141
13151
13147
13145
13138
13133
13127
13127
13125
13117
13116
13114
13125
13125
13129
13125
13124
13126
13125
13134
13129
13131
13129
13133
13136
13133
13135
13140
13143
13142
13144
13140
13140
13138
13129
13130
13134
13130
13131
13130
13131
13132
13134
13131
13140
13145
13150
13151
13153
13158
13149
13159
13148
13150
13145
13155
13154
13145
13143
13145
13140
13145
13149
13152
13145
13142
13135
13132
13122
13124
13128
13129
13136
13137
13128
13127
13123
13129
13132
13131
13130
13136
13135
13137
13148
13135
13134
13133
13137
13134
13129
13129
13127
13132
13138
13138
13134
13140
13140
13145
13140
13136
13132
13123
13126
13120
13117
13121
13116
13115
13123
13118
13127
13133
13130
13131
13127
13127
13128
13131
13132
13141
13137
13141
13142
13142
13137
13138
13131
13130
13129
13132
13134
13131
13138
13134
13133
13125
13124
13126
13125
13129
13126
13121
13124
13124
13129
13128
13130
13132
13138
13129
13129
13131
13136
13142
13141
13139
13142
13131
13132
13140
13141
13132
13139
13147
13143
13151
13149
13151
13156
13147
13140
13147
13146
13143
13146
13154
13145
13140
13144
13146
13140
13142
13139
13132
13131
13129
13133
13135
13139
13142
13141
13141
13136
13141
13139
13135
13137
13132
13134
13141
13137
13138
13144
13140
13147
13140
13143
13138
13145
13143
13140
13134
13130
13130
13135
13133
13124
13133
13128
13129
13132
13125
13122
13130
13134
13135
13140
13137
13148
13140
13141
13140
13137
13137
13131
13125
13122
13116
13116
13126
13117
13122
13131
13140
13139
13151
13150
13152
13147
13149
13145
13143
13149
13146
13137
13128
13130
13142
13131
13132
13138
13138
13139
13142
13146
13142
13133
13130
13138
13127
13138
13142
13143
13142
13137
13133
13141
13141
13136
13138
13132
13130
13135
13125
13131
13124
13123
13129
13135
13134
13131
13130
13136
13142
13141
13143
13147
13156
13145
