13135
13137
13139
13140
13140
13142
13141
13141
13135
13129
13132
13127
13129
13122
13118
13128
13125
13122
13124
13123
13121
13130
13129
13128
13133
13142
13142
13142
13142
13141
13141
13136
13130
13126
13133
13130
13125
13132
13141
13133
13138
13139
13142
13140
13143
13138
13141
13145
13150
13145
13143
13142
13148
13136
13138
13138
13130
13125
13117
13120
13125
13127
13120
13129
13126
13130
13133
13134
13136
13135
13133
13138
13140
13138
13137
13138
13136
13141
13141
13132
13139
13133
13139
13132
13126
13124
13128
13129
13131
13126
13123
13121
13137
13133
13132
13138
13141
13140
13147
13142
13141
13140
13142
13141
13142
13143
13138
13136
13138
13144
13144
13143
13149
13140
13141
13138
13131
13138
13132
13135
13135
13131
13130
13125
13133
13139
13147
13144
13136
13130
13135
13137
13136
13132
13128
13127
13122
13126
13122
13118
13129
13129
13130
13129
13125
13132
13127
13124
13128
13135
13136
13137
13129
13123
13131
13119
13111
13115
13119
13131
13126
13133
13133
13133
13130
13129
13130
13138
13141
13138
13134
13145
13151
13139
13142
13148
13137
13139
13142
13141
13142
13139
13134
13137
13128
13129
13127
13123
13128
13134
13131
13130
13115
13117
13129
13122
13121
13130
13125
13136
13135
13137
13133
13125
13127
13119
13122
13131
13129
13132
13129
13130
13132
13123
13119
13134
13135
13134
13137
13138
13135
13138
13134
13135
13132
13133
13135
13134
13141
13139
13135
13143
13144
13137
13143
13132
13128
13134
13129
13124
13124
13130
13134
13133
13128
13122
13127
13141
13148
13149
13153
13143
13143
13138
13130
13133
13135
13131
13133
13136
13135
13133
13139
13137
13128
13131
13127
13124
13127
13129
13129
13133
13131
13131
13139
13134
13133
13143
13138
13139
13146
13145
13149
13142
13137
13137
13148
13152
13146
13147
13143
13145
13145
13135
13130
13137
13138
13139
13149
13148
13146
13145
13147
13143
13139
13141
13141
13141
13139
13138
13137
13139
13128
13121
13130
13123
13118
13123
13126
13125
13135
13136
13147
13140
13137
13141
13150
13145
13147
13140
13143
13137
13144
13139
13131
13131
13130
13127
13128
13120
13124
13122
13127
13131
13126
13127
13130
13130
13136
13141
13141
13141
13132
13132
13138
13132
13131
13135
13142
13139
13145
13138
13136
13136
13134
13135
13136
13146
13141
13147
13141
13142
13143
13138
13138
13138
13137
13134
13127
13125
13128
13130
13136
13145
13150
13154
13151
13150
13150
13144
13142
13139
13134
13129
13135
13121
13123
13129
13123
13130
13128
13143
13140
13147
13138
13138
13140
13139
13134
13139
13137
13136
13141
13126
13128
13139
13138
13139
13149
13139
13142
13143
13138
13139
13129
13136
13137
13132
13131
13135
13127
13129
13126
13126
13130
13133
13123
13135
13130
13134
13135
13143
13138
13138
13136
13132
13140
13139
13144
13134
13127
13128
13138
13131
13137
13142
13144
13148
13147
13138
13138
13138
13139
13139
13134
13134
13135
13138
13154
13151
13150
13153
13144
13140
13143
13141
13140
13145
13142
13139
13140
13136
13133
13130
13133
13124
13121
13126
13127
13128
13119
13121
13131
13122
13122
13123
13127
13134
13135
13135
13142
13138
13136
13133
13137
13131
12880
12192
11608
10969
10600
10394
10332
10310
10334
10388
10493
10597
10730
10850
10997
11120
11248
11289
11357
11410
11451
11457
11501
11554
11629
11702
11785
11850
11923
11986
12056
12117
12188
12239
12300
12343
12400
12450
12499
12539
12591
12626
12666
12692
12717
12745
12765
12776
12801
12814
12838
12859
12879
12897
12910
12923
12942
12944
12958
12968
12973
12990
12991
13000
13011
13017
13037
13046
13045
13050
13051
13053
13054
13058
13060
13068
13075
13086
13089
13091
13106
13104
13105
13106
13108
13115
13115
13111
13121
13113
13105
13109
13108
13114
13119
13111
13112
13122
13126
13128
13131
13131
13132
13133
13132
13133
13138
13127
13126
13128
13130
13133
13123
13118
13124
13127
13123
13123
13119
13127
13126
13120
13124
13121
13120
13129
13127
13128
13134
13131
13126
13132
13128
13122
13131
13128
13126
13119
13120
13116
13114
13121
13117
13119
13119
13116
13130
13119
13118
13116
13121
13124
13120
13125
13124
13126
13120
13128
13122
13128
13132
13121
13125
13123
13124
13128
13123
13126
13129
13126
13127
13137
13129
13132
13142
13142
13142
13139
13143
13133
13132
13135
13127
13134
13131
13128
13138
13126
13131
13136
13134
13135
13136
13142
13138
13138
13138
13143
13136
13141
13148
13140
13146
13137
13134
13132
13128
13122
13124
13116
13118
13123
13131
13128
13130
13127
13132
13133
13135
13134
13134
13131
13134
13128
13129
13125
13130
13126
13128
13132
13135
13133
13139
13139
13134
13132
13133
13130
13126
13135
13137
13139
13137
13146
13148
13155
13143
13135
13145
13131
13129
13135
13129
13124
13125
13128
13123
13126
13133
13130
13128
13130
13128
13123
13133
13135
13143
13128
13129
13127
13129
13127
13132
13121
13127
13116
13121
13118
13115
13127
13135
13129
13132
13130
13133
13136
13134
13133
13144
13136
13135
13138
13138
13138
13134
13130
13130
13123
13129
13127
13132
13138
13148
13151
13150
13149
13150
13142
13143
13142
13143
13143
13138
13142
13141
13140
13140
13143
13139
13140
13148
13142
13145
13144
13142
13142
13140
13132
13137
13133
13124
13132
13130
13131
13129
13126
13130
13132
13130
13128
13128
13133
13130
13124
13121
13116
13122
13122
13124
13130
13129
13127
13134
13134
13133
13138
13139
13135
13139
13140
13139
13136
13131
13131
13134
13139
13142
13130
13140
13138
13136
13139
13135
13133
13139
13139
13142
13137
13122
13123
13120
13130
13127
13129
13132
13130
13140
13132
13134
13136
13135
13136
13128
13131
13133
13130
13135
13138
13141
13138
13138
13133
13130
13134
13133
13140
13136
13135
13142
13137
13131
13140
13138
13133
13132
13127
13135
13134
13136
13136
13137
13140
13128
13128
13128
13128
13131
13122
13121
13124
13118
13116
13119
13127
13135
13132
13127
13132
13127
13129
13129
13129
13132
13128
13126
13126
13124
13130
13133
13131
13123
13126
13130
13129
13132
13137
13137
13141
13146
13142
13139
13143
13144
13139
13134
13135
13144
13133
13134
13137
13142
13137
13126
13130
13127
13135
13127
13135
13119
13121
13121
13119
13130
13138
13134
13137
13133
13132
13134
13131
13128
13132
13124
13119
13124
13128
13129
13131
13137
13131
13138
13140
13143
13149
13147
13149
13153
13143
13140
13142
13147
13148
13144
13135
13127
13124
13124
13135
13128
13129
13133
13136
13139
13134
