13126
13129
13126
13132
13140
13140
13131
13145
13133
13134
13136
13127
13128
13133
13134
13128
13133
13127
13130
13126
13129
13125
13122
13130
13134
13136
13140
13135
13140
13133
13135
13134
13135
13128
13123
13125
13128
13133
13131
13137
13131
13138
13142
13136
13132
13131
13137
13136
13136
13137
13139
13130
13135
13138
13128
13127
13129
13129
13130
13132
13131
13125
13122
13126
13118
13121
13116
13118
13128
13126
13129
13133
13127
13125
13131
13136
13131
13137
13136
13137
13124
13129
13136
13134
13135
13140
13138
13140
13135
13133
13141
13132
13130
13133
13122
13119
13124
13123
13125
13122
13127
13122
13126
13130
13122
13125
13132
13132
13138
13133
13133
13132
13131
13134
13136
13138
13142
13140
13136
13135
13126
13130
13129
13129
13136
13138
13134
13139
13128
13129
13136
13131
13125
13132
13133
13138
13140
13139
13140
13143
13135
13124
13123
13128
13123
13126
13123
13123
13138
13131
13129
13132
13132
13132
13131
13139
13141
13140
13140
13146
13135
13137
13124
13122
13126
13125
13122
13126
13115
13120
13130
13123
13123
13128
13135
13134
13145
13139
13144
13149
13151
13141
13137
13139
13134
13145
13144
13141
13141
13135
13141
13135
13132
13129
13126
13124
13131
13129
13127
13128
13121
13124
13127
13128
13128
13126
13123
13127
13127
13124
13137
13127
13130
13135
13137
13137
13140
13133
13143
13137
13135
13139
13137
13145
13141
13139
13141
13142
13149
13148
13146
13142
13142
13144
13149
13144
13140
13136
13134
13134
13135
13134
13134
13129
13144
13141
13144
13143
13137
13136
13142
13140
13138
13138
13135
13138
13140
13138
13131
13138
13137
13132
13126
13135
13129
13129
13129
13131
13138
13138
13142
13139
13141
13147
13151
13139
13141
13138
13137
13134
13141
13136
13141
13135
13144
13143
13141
13138
13136
13132
13142
13137
13130
13138
13135
13135
13134
13126
13126
13125
13125
13127
13133
13132
13136
13126
13123
13133
13141
13131
13130
13132
13130
13137
13137
13138
13134
13139
13140
13142
13131
13132
13129
13135
13140
13136
13131
13138
13140
13139
13142
13138
13133
13135
13124
13124
13127
13125
13126
13125
13123
13117
13116
13127
13122
13121
13121
13128
13136
13135
13134
13130
13133
13137
13128
13126
13133
13135
13138
13149
13142
13136
13143
13137
13134
13136
13126
13129
13128
13126
13129
13126
13119
13124
13124
13127
13124
13119
13110
13118
13123
13122
13123
13129
13127
13132
13133
13134
13138
13136
13135
13138
13135
13132
13124
13120
13118
13126
13126
13126
13118
13123
13122
13126
13140
13138
13137
13141
13138
13128
13137
13134
13126
13139
13136
13136
13140
13141
13143
13143
13145
13140
13132
13123
13128
13125
13127
13134
13143
13136
13134
13130
13135
13137
13137
13137
13130
13134
13137
13138
13131
13141
13141
13141
13142
13145
13145
13150
13145
13137
13142
13135
13129
13135
13129
13132
13140
13144
13145
13142
13138
13135
13143
13150
13147
13144
13135
13129
13142
13129
13122
13134
13134
13142
13140
13146
13140
13143
13142
13149
13144
13149
13142
13140
13143
13142
13140
13145
13136
13136
13137
13133
13123
13130
13124
13120
13119
13119
13115
13129
13133
13129
13126
13143
13132
13119
12905
12603
12153
11818
11517
11339
11268
11246
11280
11332
11404
11473
11559
11637
11727
11807
11890
11964
12048
12112
12177
12238
12297
12348
12414
12459
12506
12543
12573
12610
12635
12665
12696
12719
12743
12757
12781
12811
12837
12846
12864
12884
12913
12918
12933
12955
12975
12979
12987
12986
13000
13010
13022
13035
13036
13045
13046
13049
13051
13055
13055
13063
13058
13056
13068
13068
13061
13083
13087
13090
13094
13095
13099
13099
13104
13107
13109
13114
13116
13115
13117
13107
13117
13107
13114
13119
13116
13124
13124
13123
13128
13125
13128
13131
13129
13130
13136
13136
13137
13141
13139
13141
13138
13134
13133
13123
13126
13133
13127
13131
13137
13132
13133
13131
13129
13124
13125
13131
13130
13132
13136
13139
13142
13129
13130
13128
13133
13137
13127
13128
13129
13126
13128
13136
13133
13137
13128
13120
13123
13124
13124
13129
13130
13127
13133
13123
13122
13126
13124
13128
13130
13131
13126
13136
13139
13130
13127
13134
13128
13130
13128
13121
13126
13115
13113
13115
13124
13125
13126
13138
13133
13131
13130
13138
13134
13137
13137
13126
13119
13130
13136
13147
13151
13147
13150
13154
13151
13154
13147
13143
13143
13140
13146
13147
13153
13145
13136
13141
13142
13140
13134
13134
13141
13138
13143
13140
13139
13139
13134
13133
13129
13119
13120
13115
13110
13118
13114
13108
13112
13124
13133
13137
13137
13134
13145
13139
13135
13133
13132
13123
13131
13138
13134
13138
13145
13139
13141
13144
13142
13136
13143
13136
13147
13136
13137
13140
13132
13135
13131
13131
13139
13140
13142
13142
13141
13143
13149
13142
13134
13134
13132
13137
13141
13138
13150
13141
13132
13139
13130
13124
13129
13123
13121
13122
13119
13113
13121
13126
13126
13128
13133
13138
13141
13136
13139
13138
13135
13124
13122
13130
13130
13128
13130
13136
13137
13143
13141
13140
13137
13136
13135
13139
13130
13131
13143
13138
13139
13135
13127
13131
13141
13140
13141
13145
13143
13146
13153
13154
13155
13154
13151
13147
13143
13132
13120
13121
13118
13124
13125
13125
13134
13130
13133
13140
13137
13140
13147
13143
13145
13137
13130
13133
13129
13128
13131
13117
13120
13126
13122
13134
13131
13138
13137
13130
13139
13129
13132
13141
13148
13148
13150
13142
13147
13141
13134
13139
13139
13136
13137
13138
13140
13137
13127
13132
13119
13121
13123
13129
13135
13127
13134
13132
13131
13128
13131
13126
13129
13137
13134
13134
13135
13138
13134
13134
13131
13128
13133
13128
13127
13131
13128
13124
13125
13119
13116
13121
13123
13125
13122
13124
13125
13126
13119
13133
13137
13136
13134
13136
13137
13142
13135
13142
13139
13134
13142
13146
13144
13146
13137
13139
13143
13145
13145
13141
13143
13137
13135
13139
13144
13134
13140
13141
13145
13137
13137
13142
13136
13138
13139
13139
13136
13135
13135
13143
13137
13143
13145
13140
13132
13137
13135
13136
13127
13129
13143
13135
13136
13140
13142
13139
13143
13137
13141
13136
13134
13137
13135
13138
13136
13145
13143
13135
13132
13122
13122
13125
13127
13131
13132
13132
13136
13133
13131
13134
13132
13133
13137
13130
13134
13131
13138
13139
13136
13128
13137
13133
13128
13126
13120
13117
13126
13130
13132
13136
13142
13141
13141
13150
13143
13143
13142
13141
13143
13137
