13122
13122
13120
13121
13125
13123
13125
13133
13123
13125
13134
13125
13130
13141
13133
13131
13132
13131
13132
13133
13137
13136
13137
13137
13137
13135
13136
13132
13133
13125
13123
13129
13130
13130
13126
13125
13126
13127
13128
13133
13126
13129
13135
13131
13137
13134
13132
13135
13133
13139
13146
13138
13132
13139
13142
13140
13146
13142
13138
13135
13134
13126
13127
13126
13131
13132
13132
13138
13150
13141
13136
13140
13139
13138
13135
13133
13135
13132
13134
13135
13131
13138
13137
13121
13122
13113
13112
13120
13120
13111
13126
13122
13122
13133
13125
13127
13127
13133
13133
13131
13125
13121
13126
13132
13128
13117
13126
13123
13135
13130
13131
13140
13137
13143
13140
13129
13127
13122
13123
13127
13119
13124
13128
13128
13128
13125
13123
13128
13124
13121
13130
13131
13125
13134
13126
13137
13139
13137
13132
13129
13130
13129
13134
13138
13139
13142
13142
13142
13145
13135
13136
13132
13128
13138
13137
13135
13135
13131
13128
13128
13119
13126
13127
13121
13127
13123
13121
13130
13132
13132
13141
13136
13138
13146
13138
13137
13135
13130
13127
13131
13127
13127
13125
13125
13120
13122
13116
13119
13127
13121
13126
13128
13133
13135
13140
13151
13150
13144
13139
13141
13142
13147
13146
13132
13130
13118
13119
13128
13122
13130
13131
13131
13128
13133
13128
13127
13132
13131
13137
13136
13135
13136
13132
13134
13127
13129
13127
13125
13131
13123
13120
13129
13130
13135
13140
13137
13131
13131
13129
13135
13135
13139
13148
13143
13140
13135
13134
13134
13136
13131
13138
13137
13131
13133
13132
13132
13129
13132
13138
13140
13135
13133
13132
13137
13140
13141
13139
13133
13138
13124
13126
13125
13128
13128
13134
13136
13137
13141
13149
13149
13148
13142
13142
13135
13137
13133
13131
13128
13126
13121
13130
13122
13126
13130
13128
13129
13126
13128
13132
13137
13140
13138
13136
13137
13140
13140
13138
13132
13136
13136
13132
13138
13133
13135
13129
13120
13120
13125
13127
13137
13141
13138
13145
13142
13139
13133
13133
13125
13124
13118
13138
13128
13125
13128
13131
13134
13138
13138
13136
13135
13139
13145
13138
13144
13137
13144
13138
13133
13138
13129
13132
13135
13135
13142
13136
13137
13133
13125
13126
13125
13119
13123
13124
13123
13129
13132
13131
13132
13132
13126
13129
13125
13127
13143
13151
13153
13156
13161
13157
13150
13150
13143
13145
13142
13140
13143
13136
13133
13130
13124
13112
13119
13116
13119
13122
13127
13127
13125
13132
13137
13134
13133
13144
13138
13144
13138
13138
13136
13142
13134
13145
13136
13137
13146
13139
13134
13135
13133
13142
13147
13142
13135
13130
13136
13142
13132
13132
13129
13137
13137
13135
13129
13124
13122
13117
13123
13116
13119
13121
13128
13126
13127
13126
13117
13125
13131
13134
13136
13124
13132
13142
13130
13126
13130
13127
13135
13141
13133
13129
13130
13133
13124
13125
13124
13126
13126
13119
13119
13134
13123
13113
13122
13120
13119
13126
13132
13137
13139
13146
13147
13142
13135
13128
13126
13126
13119
13118
13125
13119
13111
13121
13120
13126
13132
13126
13127
13127
13130
13130
13132
13132
13128
13126
13124
13122
13127
12924
12123
11425
10976
10736
10602
10590
10607
10681
10757
10873
10974
11101
11178
11237
11301
11396
11485
11585
11666
11756
11794
11849
11898
11961
12013
12076
12133
12196
12249
12306
12357
12418
12462
12500
12528
12578
12607
12646
12675
12706
12724
12758
12775
12794
12821
12841
12855
12870
12886
12900
12916
12933
12952
12962
12976
12983
12993
13004
13010
13017
13028
13035
13038
13045
13046
13050
13062
13059
13071
13072
13079
13078
13082
13088
13087
13087
13085
13089
13091
13089
13103
13103
13098
13097
13103
13113
13112
13114
13117
13121
13121
13126
13129
13130
13133
13127
13124
13121
13119
13120
13132
13129
13133
13145
13137
13130
13133
13126
13125
13121
13123
13123
13118
13132
13129
13126
13133
13129
13132
13122
13122
13123
13118
13129
13129
13132
13131
13131
13139
13139
13141
13134
13138
13129
13130
13130
13122
13123
13122
13126
13137
13127
13129
13140
13135
13136
13142
13135
13136
13141
13139
13145
13148
13150
13141
13141
13141
13142
13131
13124
13127
13135
13137
13134
13137
13135
13135
13136
13137
13134
13128
13123
13138
13133
13132
13130
13121
13128
13129
13130
13137
13127
13124
13139
13136
13136
13134
13129
13129
13125
13115
13119
13119
13124
13127
13124
13127
13127
13123
13123
13129
13130
13127
13127
13128
13132
13135
13130
13134
13133
13133
13137
13138
13137
13139
13134
13136
13139
13134
13135
13137
13126
13129
13129
13125
13127
13127
13123
13130
13135
13138
13141
13139
13136
13138
13143
13142
13140
13137
13141
13135
13141
13147
13153
13154
13141
13138
13136
13133
13133
13130
13129
13123
13122
13119
13123
13116
13114
13115
13122
13124
13121
13125
13128
13126
13125
13129
13126
13132
13136
13136
13145
13140
13146
13144
13144
13141
13144
13134
13143
13137
13144
13136
13141
13140
13138
13141
13142
13141
13144
13142
13136
13134
13126
13129
13126
13131
13136
13135
13141
13138
13135
13133
13144
13134
13136
13136
13134
13129
13127
13123
13126
13126
13127
13121
13126
13129
13122
13125
13126
13129
13141
13136
13134
13145
13151
13146
13138
13137
13137
13137
13133
13138
13131
13134
13141
13136
13135
13138
13145
13143
13141
13140
13145
13145
13141
13140
13132
13131
13131
13125
13129
13124
13126
13125
13117
13127
13125
13128
13126
13130
13137
13133
13122
13129
13122
13126
13127
13125
13128
13132
13126
13128
13130
13131
13131
13125
13126
13131
13131
13138
13135
13135
13137
13138
13138
13145
13145
13146
13148
13137
13141
13138
13139
13125
13129
13130
13132
13133
13136
13137
13148
13142
13141
13146
13141
13136
13140
13141
13141
13138
13138
13138
13136
13141
13143
13142
13139
13146
13148
13142
13141
13134
13140
13140
13141
13142
13134
13124
13126
13127
13121
13121
13122
13118
13128
13129
13130
13132
13134
13132
13138
13132
13135
13131
13135
13137
13135
13138
13144
13137
13145
13148
13137
13132
13132
13127
13138
13136
13144
13148
13147
13146
13157
13147
13148
13145
13145
13148
13144
13139
13135
13132
13135
13133
13137
13140
13138
13137
13131
13133
13129
13126
13128
13134
13140
13145
13143
13145
13140
13141
13138
13141
13140
13135
13136
13134
13134
13130
13130
13137
13134
13126
13141
13132
13136
13137
13141
13134
13128
13129
13135
13138
13143
13134
13139
13142
13141
13138
13140
13136
13143
13134
