13141
13142
13143
13138
13138
13129
13134
13138
13139
13139
13126
13132
13134
13125
13136
13138
13139
13140
13140
13143
13148
13139
13139
13138
13134
13135
13135
13137
13141
13137
13130
13138
13126
13127
13142
13131
13124
13136
13140
13138
13138
13130
13128
13128
13134
13132
13136
13136
13136
13138
13140
13134
13141
13137
13141
13145
13146
13145
13149
13146
13142
13142
13140
13142
13135
13133
13133
13132
13134
13135
13124
13130
13121
13125
13132
13126
13122
13127
13126
13129
13126
13131
13133
13140
13142
13141
13144
13143
13141
13144
13142
13137
13135
13135
13133
13137
13134
13134
13130
13134
13136
13137
13137
13137
13127
13130
13131
13135
13142
13144
13146
13140
13150
13150
13154
13146
13144
13147
13136
13140
13139
13130
13135
13138
13136
13130
13135
13130
13134
13132
13136
13138
13138
13132
13130
13136
13134
13134
13135
13136
13145
13142
13137
13133
13123
13129
13134
13130
13137
13131
13132
13137
13136
13138
13137
13125
13128
13137
13137
13135
13126
13127
13128
13123
13123
13126
13124
13128
13131
13132
13133
13131
13129
13121
13129
13134
13132
13138
13132
13138
13134
13129
13128
13120
13119
13122
13125
13130
13133
13132
13126
13136
13134
13131
13134
13123
13125
13131
13124
13127
13130
13138
13132
13133
13131
13132
13132
13135
13135
13135
13134
13134
13141
13132
13130
13134
13133
13134
13137
13132
13135
13134
13140
13146
13140
13143
13147
13140
13136
13136
13127
13131
13126
13122
13130
13126
13122
13130
13128
13135
13132
13133
13132
13128
13136
13122
13121
13128
13131
13130
13131
13131
13136
13128
13122
13118
13115
13122
13117
13121
13122
13127
13128
13131
13134
13126
13125
13124
13132
13132
13133
13134
13130
13137
13140
13132
13133
13140
13140
13135
13144
13144
13140
13145
13140
13142
13140
13140
13142
13139
13137
13139
13141
13134
13127
13135
13136
13138
13137
13137
13143
13141
13139
13142
13136
13141
13134
13130
13130
13123
13116
13120
13115
13124
13131
13131
13126
13135
13138
13133
13134
13137
13131
13129
13129
13128
13132
13139
13138
13139
13135
13128
13130
13125
13125
13121
13122
13117
13121
13129
13133
13134
13140
13142
13147
13150
13148
13150
13149
13146
13141
13143
13142
13142
13141
13141
13138
13143
13140
13138
13134
13141
13135
13132
13128
13123
13124
13135
13135
13133
13131
13136
13153
13152
13143
13148
13143
13141
13132
13132
13127
13131
13124
13132
13129
13134
13128
13132
13126
13130
13131
13129
13131
13137
13142
13143
13134
13131
13128
13133
13135
13134
13137
13138
13133
13132
13138
13131
13119
13121
13134
13126
13052
12940
12874
12841
12819
12813
12814
12811
12833
12849
12862
12879
12894
12911
12922
12934
12946
12962
12977
12987
12993
13000
12999
13013
13024
13029
13027
13029
13039
13047
13055
13059
13061
13062
13064
13068
13075
13077
13084
13082
13086
13085
13091
13095
13095
13101
13104
13114
13117
13115
13122
13128
13122
13119
13121
13119
13122
13126
13123
13134
13129
13123
13135
13136
13128
13127
13117
13119
13110
13117
13114
13110
13114
13118
13117
13124
13120
13123
13122
13125
13126
13121
13119
13125
13118
13132
13124
13130
13131
13125
13127
13130
13127
13129
12810
11949
11274
10779
10433
10084
9889
9800
9827
9881
10012
10129
10287
10429
10529
10610
10734
10845
10984
11096
11206
11184
11116
11099
11093
11020
11034
11063
11134
11209
11309
11398
11494
11584
11687
11767
11857
11931
12019
12089
12163
12216
12277
12325
12372
12419
12468
12494
12545
12580
12611
12655
12675
12701
12733
12755
12777
12799
12820
12841
12865
12878
12886
12899
12913
12929
12944
12949
12960
12977
12991
13010
13012
13025
13030
13039
13043
13048
13057
13058
13055
13061
13070
13076
13069
13078
13074
13074
13087
13081
13078
13081
13082
13092
13098
13100
13099
13107
13107
13106
13105
13115
13115
13114
13109
13111
13114
13111
13110
13107
13105
13105
13101
13104
13115
13118
13124
13134
13138
13141
13141
13138
13130
13134
13130
13132
13129
13134
13135
13133
13127
13131
13130
13135
13133
13129
13134
13133
13136
13134
13132
13132
13132
13138
13130
13127
13129
13122
13122
13130
13128
13132
13129
13138
13146
13148
13140
13145
13137
13142
13142
13143
13139
13138
13132
13138
13131
13124
13130
13123
13122
13134
13129
13132
13130
13139
13139
13129
13131
13134
13134
13137
13134
13133
13131
13131
13138
13133
13131
13131
13127
13131
13128
13131
13128
13133
13128
13128
13129
13125
13127
13123
13126
13131
13129
13127
13129
13124
13130
13125
13117
13122
13119
13117
13124
13124
13128
13130
13133
13132
13133
13133
13136
13132
13129
13123
13131
13125
13133
13136
13134
13135
13139
13140
13132
13126
13134
13135
13123
13121
13125
13126
13131
13132
13126
13129
13127
13128
13141
13138
13138
13141
13135
13141
13136
13135
13133
13130
13133
13131
13137
13138
13143
13143
13147
13143
13155
13147
13145
13155
13153
13150
13145
13143
13147
13144
13139
13141
13133
13137
13141
13138
13142
13137
13134
13136
13135
13124
13129
13122
13121
13126
13123
13122
13130
13123
13127
13127
13135
13138
13142
13138
13138
13138
13142
13135
13131
13132
13134
13137
13144
13145
13143
13138
13138
13132
13126
13130
13122
13129
13140
13131
13129
13126
13125
13129
13130
13126
13137
13136
13133
13126
13130
13136
13141
13138
13139
13142
13142
13149
13152
13148
13142
13137
13129
13129
13140
13139
13127
13129
13119
13129
13127
13129
13134
13137
13135
13149
13146
13147
13142
13138
13141
13137
13135
13134
13126
13127
13129
13132
13125
13129
13131
13130
13135
13135
13137
13135
13131
13132
13132
13138
13133
13137
13136
13133
13135
13136
13129
13140
13139
13139
13142
13141
13134
13138
13133
13137
13128
13127
13128
13130
13133
13130
13133
13138
13132
13133
13143
13136
13132
13138
13132
13137
13138
13144
13145
13142
13141
13142
13141
13139
13131
13128
13125
13123
13134
13131
13137
13141
13139
13137
13137
13137
13142
13140
13140
13136
13131
13137
13140
13138
13138
13140
13136
13134
13127
13128
13131
13129
13128
13130
13131
13133
13135
13141
13136
13138
13136
13134
13136
13142
13134
13135
13142
13138
13141
13135
13133
13137
13138
13139
13141
13135
13132
13133
13140
13142
13142
13145
13151
13137
13135
13138
13137
13143
13140
13138
13143
13140
13142
13141
13142
13142
13143
13139
13142
13143
13144
13143
13150
13150
13144
13143
13141
13136
13136
13131
13132
13132
13133
13135
13134
13133
13130
13133
13127
13124
13122
13120
13124
13116
13117
13120
