13120
13122
13121
13122
13122
13120
13131
13136
13132
13123
13136
13139
13138
13144
13142
13141
13144
13140
13146
13147
13142
13138
13144
13146
13148
13147
13139
13142
13153
13143
13137
13126
13129
13132
13129
13131
13130
13122
13114
13124
13120
13116
13119
13115
13130
13132
13134
13141
13136
13132
13145
13139
13127
13135
13128
13130
13138
13138
13140
13140
13141
13133
13134
13136
13136
13142
13139
13139
13150
13141
13137
13135
13138
13128
13132
13122
13118
13117
13114
13114
13116
13122
13124
13117
13122
13126
13127
13131
13131
13126
13141
13134
13134
13138
13139
13132
13136
13136
13139
13137
13137
13135
13137
13139
13135
13141
13143
13139
13147
13139
13140
13146
13146
13144
13144
13137
13131
13132
13128
13136
13128
13133
13129
13134
13139
13137
13142
13138
13138
13138
13143
13125
13129
13131
13132
13127
13135
13137
13139
13138
13133
13132
13126
13133
13126
13130
13130
13134
13143
13131
13134
13135
13129
13132
13128
13126
13125
13127
13127
13130
13131
13123
13130
13124
13129
13124
13132
13138
13135
13137
13143
13135
13129
13136
13136
13135
13133
13137
13135
13135
13137
13136
13132
13133
13132
13136
13137
13134
13138
13136
13135
13147
13150
13155
13147
13148
13152
13137
13132
13128
13129
13126
13125
13134
13130
13137
13134
13132
13124
13129
13134
13127
13131
13136
13134
13136
13140
13137
13136
13135
13140
13131
13133
13128
13125
13130
13137
13132
13141
13137
13128
13128
13111
13111
13113
13115
13120
13125
13123
13128
13135
13135
13132
13129
13130
13128
13129
13129
13129
13124
13131
13126
13127
13123
13127
13126
13129
13131
13129
13119
13129
13127
13127
13134
13138
13132
13130
13133
13136
13126
13123
13125
13128
13124
13127
13129
13123
13117
13123
13120
13118
13117
13118
13117
13129
13129
13134
13134
13131
13130
13139
13138
13135
13141
13145
13145
13145
13135
13136
13131
13129
13131
13124
13128
13128
13131
13129
13132
13140
13134
13134
13137
13141
13138
13133
13128
13131
13139
13136
13138
13136
13140
13150
13145
13143
13142
13145
13140
13133
13124
13126
13126
13123
13128
13131
13138
13132
13132
13133
13125
13130
13131
13128
13130
13126
13127
13127
13125
13126
13117
13116
13122
13119
13118
13119
13117
13126
13127
13124
13129
13127
13127
13129
13123
13121
13118
13128
13130
13132
13126
13129
13128
13127
13134
13130
13146
13141
13132
13128
13120
13124
13122
13127
13120
13124
13133
13135
13136
13139
13133
13128
13134
13132
13132
13125
13133
13139
13133
13138
13138
13133
13136
13132
13130
13122
13131
13127
13135
13135
13133
13135
13136
13128
13131
13124
13134
13128
13132
13129
13123
13128
13134
13135
13143
13142
13149
13144
13135
13142
13140
13140
13147
13141
13141
13131
13133
13135
13139
13142
13149
13149
13149
13152
13151
13148
13151
13149
13150
13140
13138
13146
13142
13145
13146
13145
13140
13136
13134
13132
13136
13133
13129
13129
13128
13128
13132
13134
13133
13138
13127
13133
13138
13140
13135
13135
13141
13143
13135
13127
13135
13126
13130
13133
13134
13131
13134
13130
13137
13133
13130
13145
13138
13139
13144
13136
13134
13137
13136
13132
13134
13128
13018
12591
11915
11312
10931
10734
10633
10640
10662
10744
10827
10945
11046
11169
11278
11395
11493
11601
11695
11800
11883
11969
12027
12097
12160
12233
12278
12335
12383
12431
12464
12510
12540
12577
12612
12649
12680
12715
12740
12777
12800
12815
12837
12856
12873
12883
12900
12924
12927
12930
12944
12961
12973
12987
13006
13019
13026
13030
13032
13042
13045
13052
13055
13059
13065
13065
13076
13076
13076
13086
13080
13081
13090
13094
13102
13106
13100
13105
13103
13098
13096
13095
13098
13100
13114
13118
13111
13121
13116
13116
13115
13106
13109
13106
13112
13111
13111
13116
13116
13110
13124
13123
13115
13109
13111
13113
13118
13118
13112
13126
13123
13128
13128
13112
13115
13123
13123
13126
13119
13119
13114
13123
13127
13124
13132
13135
13135
13137
13137
13131
13124
13121
13125
13129
13133
13137
13142
13146
13148
13154
13145
13155
13151
13151
13142
13140
13137
13135
13135
13143
13138
13136
13133
13132
13129
13131
13132
13132
13132
13134
13133
13137
13138
13142
13141
13141
13138
13142
13135
13138
13138
13144
13137
13136
13135
13141
13141
13140
13139
13132
13126
13134
13123
13121
13123
13122
13128
13121
13118
13129
13121
13125
13137
13138
13139
13138
13134
13134
13126
13126
13125
13129
13121
13124
13127
13129
13128
13138
13124
13131
13138
13149
13149
13151
13148
13149
13151
13138
13140
13140
13134
13140
13135
13147
13146
13144
13149
13143
13138
13140
13138
13134
13138
13129
13129
13136
13138
13138
13138
13141
13137
13145
13141
13140
13141
13141
13143
13153
13151
13142
13138
13137
13138
13132
13129
13124
13129
13131
13132
13138
13139
13143
13138
13140
13138
13132
13138
13132
13133
13135
13132
13133
13132
13133
13138
13134
13141
13136
13126
13126
13127
13125
13126
13134
13131
13127
13127
13142
13136
13135
13139
13132
13133
13134
13131
13137
13139
13131
13139
13136
13139
13141
13138
13133
13138
13135
13139
13133
13133
13136
13138
13130
13133
13126
13133
13138
13140
13131
13133
13135
13135
13129
13126
13124
13121
13114
13115
13117
13115
13108
13111
13110
13105
13113
13114
13110
13113
13116
13116
13118
13123
13127
13132
13134
13131
13136
13140
13129
13127
13137
13131
13141
13137
13130
13122
13127
13128
13125
13125
13129
13119
13119
13124
13126
13135
13135
13133
13137
13133
13136
13129
13125
13131
13126
13129
13132
13138
13144
13147
13146
13141
13148
13143
13141
13140
13141
13140
13132
13135
13139
13128
13129
13131
13124
13124
13127
13126
13128
13124
13125
13132
13140
13146
13142
13145
13140
13133
13141
13132
13133
13135
13142
13140
13143
13143
13145
13132
13137
13137
13133
13135
13141
13140
13146
13142
13139
13132
13128
13123
13136
13130
13131
13134
13136
13134
13142
13136
13137
13137
13134
13128
13136
13130
13131
13136
13134
13127
13132
13117
13118
13118
13130
13129
13127
13124
13118
13123
13125
13121
13120
13128
13136
13133
13137
13138
13134
13140
13136
13137
13139
13130
13133
13138
13139
13134
13143
13138
13143
13139
13130
13133
13136
13136
13140
13133
13128
13134
13141
13139
13144
13138
13142
13146
13137
13131
13137
13145
13140
13138
13132
13136
13143
13134
13141
13137
13139
13144
13142
13138
13152
13141
13143
13140
13138
13134
13137
13137
13141
13133
13137
13130
13132
13133
13135
13138
13140
13139
13141
13135
