13123
13134
13139
13139
13144
13148
13144
13146
13141
13136
13148
13141
13137
13138
13134
13129
13130
13126
13130
13125
13131
13129
13126
13124
13128
13129
13133
13130
13138
13126
13123
13126
13126
13127
13132
13135
13141
13137
13135
13128
13120
13122
13130
13121
13118
13121
13120
13123
13124
13120
13124
13130
13137
13134
13134
13135
13140
13137
13138
13130
13130
13125
13125
13130
13131
13134
13131
13127
13134
13132
13128
13131
13133
13128
13129
13129
13127
13128
13128
13132
13129
13135
13137
13139
13142
13149
13146
13154
13145
13139
13147
13136
13130
13125
13122
13131
13134
13134
13133
13136
13135
13139
13141
13137
13130
13136
13135
13134
13142
13135
13125
13126
13122
13121
13122
13127
13135
13135
13136
13138
13137
13142
13142
13140
13140
13142
13141
13144
13139
13138
13143
13135
13129
13125
13127
13132
13128
13137
13134
13144
13146
13141
13141
13140
13137
13138
13133
13138
13145
13148
13142
13140
13137
13128
13124
13121
13124
13122
13118
13134
13130
13139
13144
13136
13145
13141
13138
13139
13136
13134
13139
13137
13135
13133
13128
13127
13130
13132
13131
13132
13132
13134
13137
13044
12942
12884
12845
12812
12814
12806
12808
12827
12842
12854
12874
12882
12898
12912
12923
12934
12934
12947
12968
12978
12985
12993
13003
13017
13032
13035
13052
13063
13066
13073
13062
13069
13066
13074
13081
13086
13092
13086
13085
13088
13086
13095
13098
13101
13103
13107
13110
13114
13111
13113
13117
13117
13115
13115
13113
13113
13117
13125
13129
13121
13122
13120
13115
13123
13123
13117
13123
13116
13119
13123
13123
13119
13113
13120
13124
13122
13124
13121
13120
13132
13131
13129
13129
13123
13134
13124
13124
13132
13129
13125
13123
13133
13131
13135
13137
13146
13142
13141
13138
13136
13139
13139
13143
13141
13134
13128
13135
13134
13138
13143
13140
13143
13144
13145
13143
13137
13135
13129
13131
13132
13127
13135
13138
13135
13145
13138
13134
13136
13134
13136
13135
13131
13129
13130
13125
13123
13117
13118
13121
13120
13121
13124
13132
13138
13136
13132
13143
13133
13128
13130
13128
13126
13131
13133
13132
13136
13133
13129
13134
13137
13134
13134
13125
13126
13129
13126
13124
13133
13135
13143
13142
13139
13136
13140
13135
13141
13140
13146
13146
13152
13157
13147
13140
13143
13133
13128
13134
13127
13132
13134
13121
13131
13131
13133
13133
13132
13123
13138
13134
13144
13146
13142
13137
13137
13138
13135
13137
13140
13135
13141
13145
13146
13147
13143
13145
13152
13139
13142
13140
13139
13144
13135
13125
13130
13131
13131
13134
13127
13129
13135
13123
13130
13126
13132
13137
13144
13148
13150
13149
13148
13144
13136
13131
13132
13141
13134
13132
13133
13130
13133
13133
13134
13130
13132
13127
13130
13124
13124
13133
13129
13129
13130
13129
13132
13128
13125
13131
13126
13128
13128
13123
13133
13135
13133
13133
13134
13138
13136
13136
13139
13137
13133
13134
13129
13143
13134
13136
13133
13134
13138
13139
13133
13131
13132
13132
13138
13128
13128
13130
13125
13126
13129
13130
13132
13133
13128
13131
13128
13121
13128
13127
13121
13122
13122
13121
13114
13121
13120
13132
13117
12877
12146
11551
11200
11020
10915
10905
10909
10950
11006
11095
11177
11281
11354
11394
11442
11524
11596
11679
11754
11839
11910
11999
12068
12143
12201
12267
12312
12366
12414
12462
12494
12543
12575
12615
12647
12683
12713
12738
12762
12789
12808
12832
12858
12874
12881
12897
12910
12920
12931
12940
12956
12967
12981
12990
12999
13001
13015
13026
13033
13045
13054
13059
13071
13072
13078
13088
13085
13088
13098
13086
13082
13087
13093
13095
13093
13093
13092
13101
13106
13103
13108
13110
13113
13106
13110
13107
13115
13115
13123
13118
13121
13122
13126
13129
13141
13129
13140
13138
13139
13135
13135
13131
13137
13134
13135
13140
13138
13131
13143
13133
13137
13133
13133
13133
13135
13135
13132
13125
13122
13127
13128
13125
13122
13135
13133
13130
13136
13131
13134
13127
13130
13137
13132
13132
13132
13128
13132
13132
13128
13132
13127
13132
13126
13114
13110
13125
13114
13117
13122
13118
13129
13136
13132
13134
13132
13136
13130
13128
13136
13135
13132
13136
13136
13134
13130
13129
13126
13125
13129
13128
13127
13129
13134
13141
13142
13140
13140
13142
13135
13136
13134
13124
13134
13128
13131
13134
13130
13128
13129
13114
13115
13120
13119
13122
13125
13123
13123
13119
13124
13124
13134
13126
13133
13138
13135
13130
13133
13135
13139
13130
13132
13134
13127
13123
13128
13126
13131
13138
13137
13140
13132
13129
13138
13132
13128
13136
13135
13141
13138
13137
13140
13145
13142
13136
13129
13126
13128
13126
13132
13137
13141
13145
13144
13142
13136
13130
13131
13127
13136
13134
13132
13134
13138
13132
13136
13140
13142
13139
13133
13133
13132
13130
13134
13134
13126
13131
13129
13124
13123
13122
13122
13120
13125
13126
13123
13133
13133
13135
13137
13136
13137
13131
13135
13131
13131
13123
13128
13131
13132
13133
13136
13144
13146
13147
13147
13145
13145
13148
13142
13144
13126
13126
13132
13131
13128
13131
13125
13117
13122
13119
13116
13120
13122
13124
13130
13131
13129
13126
13127
13118
13121
13117
13111
13113
13111
13114
13123
13120
13129
13123
13122
13126
13129
13129
13134
13125
13130
13131
13125
13128
13134
13134
13137
13140
13142
13146
13135
13141
13138
13136
13136
13137
13137
13140
13139
13132
13133
13129
13129
13124
13130
13122
13116
13124
13126
13121
13124
13119
13123
13123
13127
13128
13126
13118
13123
13126
13128
13135
13129
13129
13127
13122
13126
13115
13119
13123
13123
13134
13138
13143
13145
13151
13145
13143
13147
13141
13138
13142
13138
13134
13135
13135
13134
13137
13133
13131
13131
13134
13130
13129
13134
13134
13133
13129
13137
13134
13136
13138
13139
13142
13141
13140
13138
13133
13128
13142
13136
13126
13127
13119
13126
13122
13117
13120
13122
13125
13121
13118
13121
13124
13124
13125
13131
13136
13135
13136
13138
13133
13136
13126
13132
13125
13120
13123
13124
13120
13121
13121
13125
13129
13130
13129
13136
13129
13126
13133
13127
13124
13128
13126
13135
13142
13142
13144
13141
13137
13138
13134
13137
13129
13132
13133
13143
13150
13138
13134
13136
13134
13135
13137
13137
13129
13126
13125
13118
13119
13130
13134
13131
13142
13142
13140
13137
13138
13132
13137
13135
13132
13138
13134
13138
13142
13138
13135
13138
13140
13137
13139
13136
13143
13143
13142
13136
13138
13133
