13134
13136
13135
13132
13136
13134
13131
13132
13137
13134
13136
13138
13132
13134
13130
13124
13125
13128
13126
13132
13139
13125
13129
13132
13129
13135
13133
13125
13127
13127
13127
13132
13129
13136
13145
13137
13142
13146
13140
13138
13136
13132
13136
13129
13125
13129
13130
13134
13133
13138
13135
13135
13138
13134
13134
13137
13140
13145
13143
13140
13140
13137
13146
13148
13148
13140
13138
13133
13141
13136
13133
13136
13129
13129
13128
13130
13131
13131
13132
13142
13135
13139
13145
13140
13136
13140
13138
13131
13134
13135
13138
13152
13147
13150
13144
13147
13141
13136
13134
13126
13133
13123
13123
13126
13124
13122
13122
13120
13130
13135
13136
13139
13143
13145
13142
13131
13055
12946
12893
12851
12829
12827
12830
12824
12832
12844
12861
12877
12893
12906
12927
12934
12955
12967
12975
12987
13002
13013
13018
13020
13039
13038
13049
13055
13054
13054
13055
13063
13065
13068
13075
13076
13078
13089
13097
13102
13104
13104
13101
13110
13105
13107
13115
13103
13106
13113
13109
13111
13112
13111
13115
13117
13117
13114
13114
13118
13118
13122
13122
13121
13127
13122
13117
13121
13122
13124
13121
13123
13130
13118
13122
13132
13132
13140
13137
13124
13123
13123
13121
13122
13120
13119
13131
13125
13126
13135
13136
13137
13134
13122
13127
13129
13131
13135
13134
13133
13134
13140
13138
13131
13133
13132
13131
13132
13137
13139
13146
13141
13141
13146
13140
13132
13134
13134
13133
13127
13131
13129
13131
13134
13128
13123
13134
13122
13126
13128
13126
13130
13129
13128
13134
13132
13132
13128
13126
13125
13131
13132
13137
13137
13141
13141
13143
13143
13147
13143
13142
13141
13142
13134
13133
13139
13138
13140
13140
13130
13129
13128
13130
13137
13133
13134
13141
13146
13143
13147
13150
13143
13141
13137
13136
13133
13130
13127
13134
13130
13128
13129
13121
13121
13136
13129
13127
13136
13141
13138
13138
13140
13134
13138
13139
13136
13137
13137
13136
13137
13141
13139
13134
13142
13141
13133
13142
13131
13125
13126
13121
13119
13126
13125
13126
13128
13127
13128
13135
13131
13135
13135
13138
13137
13141
13134
13129
13133
13128
13130
13131
13122
13123
13121
13119
13126
13134
13144
13139
13144
13142
13134
13145
13148
13149
13138
13144
13141
13141
13142
13134
13137
13143
13145
13150
13144
13142
13135
13133
13135
13134
13137
13141
13141
13150
13144
13146
13150
13151
13149
13152
13147
13151
13142
13135
13137
13138
13133
13136
13134
13143
13141
13145
13146
13142
13139
13141
13131
13126
13131
13134
13131
13120
13130
13128
13125
13128
13123
13120
13117
13106
13117
13113
13111
13122
13119
13124
13127
13128
13124
13125
13130
13134
13145
13138
13127
13121
13126
13136
13132
13129
13125
13124
13133
13127
13131
13131
13130
13133
13136
13128
13132
13134
13129
13131
13130
13131
13132
13122
13123
13128
13132
13128
13130
13128
13119
13121
13133
13131
13134
13123
13132
13138
13132
13131
13133
13136
13140
13146
13134
13132
13130
13134
13139
13132
13127
13130
13130
13126
13132
13128
13118
13129
13135
13136
13138
13138
13140
13136
13134
13133
13131
13126
13123
13135
13134
13074
12501
11974
11601
11395
11275
11243
11249
11300
11360
11436
11515
11582
11589
11643
11691
11766
11834
11906
11969
12035
12009
12017
12036
12081
12126
12179
12219
12266
12310
12358
12402
12458
12498
12540
12571
12612
12648
12683
12714
12736
12755
12778
12803
12824
12856
12875
12888
12899
12913
12923
12935
12948
12962
12973
12978
12984
12994
13004
13005
13019
13023
13026
13031
13039
13048
13061
13067
13074
13081
13081
13087
13092
13098
13083
13087
13083
13085
13092
13090
13092
13099
13099
13104
13109
13121
13121
13127
13126
13129
13126
13122
13128
13119
13119
13123
13125
13128
13123
13122
13129
13126
13126
13131
13125
13126
13117
13120
13115
13117
13119
13121
13121
13124
13112
13115
13114
13120
13120
13119
13116
13125
13122
13121
13126
13121
13127
13132
13134
13131
13132
13133
13132
13128
13130
13132
13129
13142
13136
13127
13132
13122
13111
13125
13125
13127
13135
13133
13142
13138
13140
13131
13129
13132
13139
13146
13146
13148
13148
13141
13142
13142
13151
13149
13148
13145
13144
13140
13142
13143
13133
13139
13137
13141
13145
13141
13138
13138
13129
13133
13142
13135
13133
13137
13135
13134
13135
13134
13137
13132
13134
13132
13141
13143
13150
13145
13142
13129
13142
13135
13128
13126
13126
13129
13131
13137
13136
13132
13136
13141
13129
13135
13136
13129
13135
13133
13138
13140
13129
13128
13133
13122
13121
13131
13122
13118
13109
13116
13118
13122
13129
13125
13129
13140
13140
13145
13142
13138
13143
13135
13133
13137
13138
13142
13140
13134
13134
13132
13126
13135
13126
13132
13138
13133
13136
13139
13132
13137
13137
13135
13146
13146
13141
13144
13148
13142
13149
13146
13142
13142
13140
13141
13145
13144
13146
13140
13132
13130
13134
13137
13134
13138
13133
13143
13139
13140
13146
13143
13139
13138
13132
13123
13129
13126
13128
13132
13127
13134
13133
13128
13128
13121
13126
13129
13132
13136
13136
13139
13134
13135
13137
13136
13138
13147
13143
13148
13139
13144
13137
13126
13126
13124
13126
13126
13121
13121
13119
13120
13123
13129
13124
13130
13130
13124
13136
13136
13142
13135
13134
13126
13131
13131
13137
13137
13136
13133
13129
13136
13128
13124
13126
13126
13124
13133
13140
13137
13133
13137
13141
13143
13133
13136
13131
13125
13130
13136
13133
13125
13124
13123
13122
13126
13123
13125
13131
13133
13133
13138
13124
13122
13128
13121
13113
13117
13114
13116
13118
13114
13118
13120
13118
13118
13121
13131
13131
13131
13127
13123
13128
13119
13113
13115
13120
13130
13127
13126
13126
13128
13130
13133
13125
13134
13134
13140
13146
13151
13157
13151
13139
13134
13142
13136
13132
13138
13131
13134
13138
13138
13138
13135
13129
13133
13135
13138
13141
13139
13139
13134
13137
13131
13130
13129
13130
13132
13125
13124
13126
13130
13127
13136
13128
13136
13145
13135
13126
13121
13121
13132
13132
13126
13131
13131
13139
13141
13142
13137
13142
13138
13140
13140
13140
13133
13138
13142
13141
13137
13135
13134
13141
13135
13126
13127
13131
13132
13130
13128
13131
13127
13130
13141
13133
13142
13150
13142
13142
13144
13138
13150
13139
13128
13133
13134
13140
13145
13142
13146
13147
13145
13142
13136
13123
13123
13129
13137
13129
13135
13131
13134
13138
13130
13133
13140
13146
13143
13134
13129
13128
13134
