13128
13136
13143
13147
13147
13141
13139
13142
13136
13137
13141
13140
13139
13136
13139
13136
13135
13137
13135
13134
13126
13130
13126
13131
13137
13140
13140
13140
13138
13132
13130
13139
13140
13131
13126
13132
13133
13142
13140
13133
13125
13132
13132
13130
13128
13131
13130
13137
13136
13133
13141
13134
13141
13143
13140
13139
13142
13146
13133
13138
13131
13132
13133
13136
13132
13137
13132
13136
13136
13131
13126
13131
13134
13131
13126
13121
13127
13125
13130
13136
13131
13132
13130
13119
13127
13135
13134
13135
13131
13133
13147
13141
13135
13140
13132
13135
13138
13133
13136
13134
13132
13130
13135
13138
13134
13124
13124
13123
13132
13121
13122
13127
13121
13130
13130
13128
13134
13132
13134
13136
13135
13129
13135
13137
13136
13131
13134
13139
13141
13144
13140
13138
13133
13135
13137
13139
13146
13144
13145
13141
13140
13138
13140
13149
13152
13155
13149
13142
13141
13126
13130
13137
13130
13131
13131
13131
13121
13123
13123
13123
13120
13131
13129
13131
13134
13136
13139
13144
13137
13133
13135
13132
13122
13130
13133
13130
13138
13142
13134
13130
13130
13127
13127
13124
13128
13132
13134
13131
13140
13135
13130
13132
13133
13138
13137
13136
13127
13130
13134
13141
13133
13134
13128
13129
13140
13143
13137
13138
13129
13129
13128
13126
13130
13137
13137
13139
13146
13144
13146
13142
13141
13141
13134
13143
13141
13140
13140
13133
13136
13131
13131
13137
13136
13140
13135
13133
13141
13136
13137
13132
13127
13131
13130
13133
13134
13130
13123
13127
13130
13127
13136
13126
13127
13130
13125
13124
13129
13129
13125
13130
13129
13124
13127
13140
13139
13128
13135
13135
13146
13139
13144
13146
13150
13145
13149
13146
13135
13133
13137
13140
13133
13138
13139
13141
13142
13147
13151
13158
13155
13148
13150
13131
13130
13124
13121
13122
13125
13135
13142
13137
13140
13131
13128
13128
13132
13132
13134
13136
13146
13140
13129
13128
13134
13137
13140
13138
13136
13140
13140
13147
13149
13143
13152
13138
13140
13132
13134
13133
13134
13130
13141
13132
13133
13137
13134
13139
13142
13140
13144
13136
13134
13127
13123
13133
13131
13122
13127
13132
13143
13133
13133
13136
13140
13145
13147
13138
13134
13134
13132
13138
13132
13131
13132
13128
13133
13134
13140
13144
13141
13136
13145
13137
13125
13122
13120
13120
13127
13126
13127
13131
13137
13134
13132
13131
13125
13129
13128
13137
13141
13136
13133
13129
13138
13133
13135
13135
13136
13136
13136
13135
13129
13133
13133
13128
13133
13133
13128
13133
13129
13123
13134
13128
13121
13132
13128
13133
13134
13131
13128
13123
13129
13127
13129
13130
13130
13126
13119
13124
13134
13128
13131
13134
13133
13133
13134
13140
13131
13133
13139
13138
13138
13138
13139
13139
13142
13137
13135
13131
13131
13125
13139
13136
13139
13135
13134
13129
13132
13132
13131
13132
13138
13138
13144
13145
13144
13149
13155
13141
13147
13137
13133
13133
13132
13131
13131
13132
13134
13144
13135
13137
13133
13132
13132
13136
13143
13140
13139
13147
13135
13134
13134
13128
13134
13139
13132
13131
13134
13129
13131
13128
13129
13129
13128
12798
11720
10792
10193
9842
9698
9646
9704
9789
9931
10066
10233
10364
10477
10562
10691
10809
10950
11068
11207
11320
11439
11538
11642
11739
11831
11910
11984
12044
12117
12175
12239
12288
12345
12393
12449
12490
12530
12566
12603
12642
12671
12697
12724
12742
12777
12793
12809
12825
12848
12870
12886
12910
12928
12933
12947
12963
12972
12985
12996
12993
13003
13012
13017
13024
13027
13036
13049
13056
13062
13069
13066
13071
13079
13084
13085
13086
13086
13089
13095
13093
13092
13099
13105
13107
13116
13109
13109
13114
13109
13111
13110
13112
13117
13128
13133
13134
13126
13131
13130
13133
13138
13134
13139
13135
13133
13132
13133
13120
13125
13133
13128
13135
13142
13139
13142
13139
13141
13146
13142
13145
13145
13145
13149
13139
13145
13134
13132
13134
13128
13129
13125
13124
13122
13128
13130
13127
13118
13121
13122
13117
13115
13118
13118
13129
13130
13126
13135
13131
13136
13139
13140
13143
13135
13136
13131
13128
13131
13125
13123
13122
13124
13133
13131
13129
13126
13125
13128
13133
13137
13144
13139
13143
13142
13135
13134
13133
13131
13132
13129
13127
13127
13136
13129
13127
13116
13116
13120
13116
13116
13121
13118
13131
13132
13134
13137
13138
13139
13135
13132
13137
13133
13130
13127
13126
13132
13133
13131
13136
13138
13136
13144
13139
13133
13130
13124
13129
13116
13127
13129
13110
13118
13129
13126
13138
13129
13133
13136
13132
13131
13136
13131
13133
13134
13137
13137
13143
13142
13128
13126
13126
13127
13136
13134
13128
13137
13130
13125
13125
13123
13129
13129
13129
13127
13128
13126
13129
13129
13135
13134
13133
13136
13126
13135
13141
13132
13131
13137
13139
13139
13144
13138
13137
13134
13135
13131
13125
13125
13132
13134
13144
13145
13147
13149
13145
13152
13147
13145
13139
13138
13147
13147
13145
13139
13139
13137
13145
13132
13133
13131
13129
13133
13134
13132
13135
13129
13132
13148
13146
13139
13144
13134
13134
13139
13138
13139
13135
13143
13138
13132
13128
13128
13130
13134
13123
13131
13127
13130
13127
13132
13133
13128
13128
13129
13131
13133
13139
13142
13140
13146
13139
13137
13129
13132
13138
13135
13130
13139
13125
13120
13127
13130
13130
13130
13125
13126
13121
13124
13117
13120
13129
13125
13125
13130
13134
13144
13133
13134
13133
13140
13145
13142
13137
13134
13131
13128
13135
13132
13128
13129
13131
13129
13126
13129
13139
13137
13129
13132
13125
13132
13131
13133
13134
13133
13136
13136
13133
13135
13135
13135
13128
13138
13134
13128
13126
13138
13131
13136
13134
13131
13133
13137
13139
13142
13137
13134
13138
13130
13137
13137
13129
13134
13136
13132
13137
13131
13132
13137
13127
13126
13130
13122
13126
13132
13129
13123
13116
13120
13115
13124
13126
13127
13131
13131
13134
13139
13129
13123
13126
13134
13130
13130
13137
13136
13132
13142
13142
13138
13147
13150
13145
13147
13149
13151
13151
13138
13134
13146
13138
13134
13134
13124
13129
13127
13133
13130
13135
13134
13130
13129
13129
13127
13137
13135
13132
13140
13131
13125
13132
13127
13134
13136
13133
13135
13135
13139
13138
13136
13135
13133
13126
13134
13128
13130
13131
13129
13127
13132
13128
13131
13135
13143
13139
13142
13138
13140
13145
13145
13137
13142
13138
13138
13137
13137
13132
13138
13134
