13122
13132
13131
13129
13125
13124
13125
13129
13126
13137
13132
13138
13134
13142
13139
13148
13146
13152
13156
13154
13152
13156
13148
13153
13145
13140
13133
13123
13122
13127
13126
13128
13127
13125
13126
13133
13138
13129
13126
13138
13123
13129
13131
13128
13137
13132
13129
13138
13135
13136
13134
13136
13134
13138
13135
13133
13134
13141
13142
13135
13134
13138
13136
13140
13133
13139
13148
13146
13142
13147
13137
13139
13135
13136
13135
13138
13137
13133
13128
13130
13134
13136
13138
13136
13143
13131
13133
13138
13130
13134
13133
13140
13136
13138
13128
13133
13126
13126
13129
13126
13125
13123
13121
13125
13127
13131
13142
13130
13131
13138
13133
13136
13141
13144
13140
13145
13148
13147
13144
13150
13144
13141
13145
13138
13145
13136
13139
13142
13138
13137
13142
13143
13147
13138
13134
13140
13130
13134
13135
13141
13141
13141
13145
13147
13143
13137
13136
13129
13133
13133
13129
13134
13130
13129
13134
13134
13137
13131
13138
13139
13135
13137
13130
13131
13139
13132
13125
13135
13137
13136
13134
13137
13136
13136
13130
13137
13134
13131
13140
13130
13134
13132
13132
13133
13133
13134
13138
13136
13135
13135
13142
13142
13151
13151
13152
13149
13137
13134
13132
13132
13125
13136
13134
13139
13136
13129
13128
13134
13134
13139
13130
13132
13139
13136
13134
13135
13134
13131
13132
13123
13126
13132
13133
13132
13129
13121
13129
13128
13125
13133
13129
13134
13133
13139
13139
13132
13134
13131
13135
13136
13132
13131
13132
13133
13139
13134
13126
13138
13133
13132
13128
13128
13126
13128
13135
13125
13115
13116
13122
13132
13133
13128
13130
13140
13140
13136
13139
13137
13140
13139
13136
13134
13129
13132
13136
13131
13131
13126
13130
13131
13131
13130
13133
13137
13157
13146
13145
13142
13137
13136
13135
13133
13131
13134
13136
13139
13131
13139
13135
13132
13134
13135
13138
13146
13140
13136
13138
13131
13129
13136
13131
13138
13134
13137
13144
13145
13141
13138
13142
13142
13143
13137
13137
13141
13149
13143
13146
13152
13159
13160
13158
13148
13145
13142
13134
13137
13127
13131
13128
13124
13131
13129
13121
13127
13119
13109
13124
13130
13126
13124
13123
13124
13126
13133
13133
13131
13131
13141
13141
13145
13134
13138
13134
13131
13142
13136
13133
13140
13137
13135
13126
13126
13131
13134
13139
13140
13132
13132
13139
13131
13125
13122
13119
13122
13123
13117
13124
13130
13132
13129
13122
13128
13127
13129
13138
13136
13138
13136
13139
13135
13134
13134
13125
13127
13132
13119
13122
13127
13134
13138
13137
13132
13127
13131
13132
13134
13132
13138
13142
13140
13142
13139
13133
13137
13129
13131
13132
13128
13118
13125
13130
13127
13120
13118
13117
13126
13123
13122
13129
13135
13138
13139
13140
13140
13144
13142
13135
13141
13143
13141
13142
13144
13146
13140
13144
13149
13138
13140
13143
13141
13137
13140
13135
13140
13130
13125
13134
13131
13132
13131
13127
13130
13124
13128
13137
13136
13142
13142
13143
13150
13149
13153
13149
13144
13146
13141
13145
13146
13149
13156
13142
13140
13136
13133
13130
13133
13125
13130
13129
13136
13135
13140
13144
13149
13147
13138
13136
12928
12480
12044
11786
11630
11569
11546
11566
11604
11664
11725
11808
11880
11954
12029
12096
12156
12227
12270
12336
12379
12431
12476
12522
12560
12601
12629
12665
12695
12714
12737
12757
12780
12805
12828
12858
12881
12902
12909
12922
12930
12942
12956
12969
12978
12990
12997
13011
13019
13024
13034
13031
13037
13044
13043
13054
13060
13072
13068
13070
13081
13078
13084
13076
13076
13077
13091
13092
13096
13098
13106
13111
13113
13126
13125
13119
13122
13123
13110
13117
13115
13109
13115
13113
13121
13117
13117
13113
13118
13119
13123
13125
13126
13126
13129
13121
13118
13125
13121
13122
13131
13130
13128
13120
13121
13122
13124
13118
13124
13126
13126
13129
13126
13128
13135
13135
13138
13137
13134
13134
13138
13142
13141
13138
13140
13139
13140
13140
13140
13137
13132
13141
13137
13137
13136
13132
13127
13129
13127
13123
13129
13120
13121
13130
13134
13129
13129
13136
13136
13134
13137
13136
13129
13132
13132
13131
13139
13133
13126
13137
13130
13128
13135
13130
13132
13128
13129
13131
13129
13126
13116
13118
13126
13129
13124
13125
13123
13135
13133
13141
13137
13135
13133
13144
13146
13153
13152
13158
13155
13148
13150
13148
13138
13139
13138
13130
13135
13127
13123
13128
13124
13125
13127
13130
13128
13129
13126
13126
13127
13129
13127
13136
13138
13140
13144
13146
13142
13155
13146
13142
13139
13136
13137
13143
13142
13135
13129
13133
13135
13128
13130
13131
13133
13138
13146
13149
13150
13140
13136
13145
13148
13144
13147
13139
13142
13141
13139
13137
13132
13134
13133
13135
13140
13140
13139
13141
13140
13150
13143
13139
13137
13135
13136
13136
13142
13144
13139
13141
13134
13130
13127
13127
13129
13137
13133
13137
13139
13133
13134
13138
13137
13137
13139
13134
13130
13124
13127
13125
13129
13132
13135
13137
13137
13140
13134
13130
13131
13143
13139
13129
13128
13129
13133
13134
13138
13130
13132
13136
13136
13137
13137
13135
13135
13140
13143
13136
13143
13138
13136
13142
13138
13122
13124
13121
13125
13124
13122
13123
13122
13119
13120
13126
13129
13131
13131
13124
13127
13137
13130
13131
13138
13136
13140
13141
13139
13137
13133
13127
13132
13129
13122
13124
13119
13118
13124
13127
13132
13132
13135
13145
13140
13141
13145
13135
13139
13137
13137
13133
13136
13139
13136
13137
13135
13139
13134
13134
13128
13143
13132
13133
13138
13136
13133
13138
13131
13131
13132
13129
13138
13136
13139
13139
13133
13126
13128
13125
13131
13126
13130
13137
13138
13138
13135
13134
13131
13128
13129
13130
13132
13133
13126
13132
13131
13134
13131
13123
13124
13133
13134
13132
13135
13126
13130
13123
13121
13130
13128
13126
13129
13122
13130
13126
13129
13130
13132
13131
13137
13134
13135
13141
13135
13132
13131
13128
13133
13133
13139
13138
13134
13136
13139
13131
13131
13131
13132
13130
13134
13141
13138
13140
13142
13141
13139
13135
13134
13127
13130
13130
13130
13129
13127
13133
13129
13139
13135
13131
13138
13137
13124
13132
13129
13120
13125
13118
13114
13119
13116
13117
13115
13114
13120
13118
13132
13125
13123
13123
13125
13133
13128
13123
13135
13140
13146
13146
13145
13149
13142
13145
13142
13135
13134
13135
13133
13138
13138
13138
13143
13137
13130
13138
13137
13131
13135
