13140
13138
13139
13144
13146
13147
13143
13141
13138
13138
13140
13141
13153
13144
13141
13140
13134
13134
13142
13142
13144
13148
13149
13144
13140
13140
13138
13138
13133
13128
13135
13137
13131
13132
13141
13133
13130
13137
13121
13123
13126
13129
13129
13128
13130
13133
13134
13136
13137
13134
13133
13123
13124
13123
13124
13125
13128
13131
13125
13118
13126
13131
13132
13128
13120
13121
13132
13126
13126
13129
13125
13134
13129
13134
13141
13129
13132
13139
13139
13139
13142
13137
13136
13139
13136
13133
13133
13127
13125
13116
13115
13120
13126
13128
13130
13138
13126
13132
13138
13135
13133
13135
13129
13125
13115
13122
13130
13131
13127
13129
13130
13137
13138
13134
13134
13133
13144
13150
13145
13141
13143
13139
13134
13137
13150
13140
13144
13144
13140
13139
13132
13132
13134
13131
13130
13139
13135
13137
13137
13141
13141
13144
13141
13144
13142
13149
13157
13149
13150
13143
13137
13148
13129
13127
13131
13127
13124
13133
13126
13127
13134
13139
13139
13142
13140
13132
13138
13144
13145
13147
13154
13151
13142
13138
13138
13138
13131
13133
13135
13137
13142
13139
13139
13136
13133
13136
13141
13137
13141
13139
13144
13148
13136
13131
13139
13128
13120
13126
13121
13125
13119
13118
13117
13122
13125
13132
13131
13132
13124
13125
13119
13123
13123
13129
13139
13137
13140
13141
13147
13144
13132
13128
13129
13134
13130
13135
13133
13139
13139
13145
13143
13149
13136
13129
13134
13134
13131
13134
13121
13069
12958
12891
12850
12833
12831
12830
12844
12852
12869
12891
12906
12917
12939
12932
12947
12960
12969
12984
12994
13004
13011
13016
13020
13028
13037
13048
13053
13058
13057
13061
13069
13077
13080
13079
13092
13084
13081
13093
13091
13100
13102
13104
13108
13114
13116
13118
13112
13115
13117
13120
13120
13115
13119
13116
13110
13114
13113
13109
13121
13119
13122
13122
13119
13125
13123
13136
13138
13134
13138
13139
13142
13149
13140
13131
13138
13132
13130
13133
13132
13141
13142
13134
13127
13126
13125
13121
13120
13127
13127
13130
13129
13121
13130
13128
13130
13138
13139
13139
13137
13142
13136
13133
13126
13126
13128
13127
13125
13123
13127
13134
13143
13146
13138
13132
13135
13132
13132
13137
13134
13133
13130
13133
13134
13133
13138
13138
13132
13126
13127
13128
13127
13125
13132
13120
13121
13126
13123
13121
13127
13125
13126
13125
13128
13134
13132
13138
13140
13129
13126
13128
13128
13132
13122
13114
13125
13126
13128
13131
13128
13132
13132
13130
13126
13122
13124
13130
13135
13134
13133
13131
13129
13132
13131
13132
13125
13123
13119
13131
13121
13130
13130
13133
13131
13138
13128
13128
13127
13132
13140
13131
13138
13146
13149
13148
13154
13144
13141
13142
13136
13144
13145
13146
13149
13147
13141
13141
13140
13138
13134
13140
13137
13141
13139
13140
13127
13124
13127
13132
13133
13137
13134
13135
13133
13140
13138
13139
13137
13131
13136
13148
13146
13151
13149
13143
13144
13134
13127
13132
13131
13130
13136
13134
13133
13136
13141
13132
13137
13139
13138
13139
13140
13135
13140
13137
13138
13137
13134
13137
13138
13131
13143
13147
13149
13149
13147
13132
12866
12560
12314
12094
11928
11734
11642
11612
11627
11657
11715
11730
11768
11811
11875
11932
11997
12060
12127
12182
12242
12286
12338
12388
12449
12494
12548
12567
12597
12636
12663
12697
12718
12739
12768
12790
12817
12841
12853
12876
12894
12904
12915
12925
12935
12953
12962
12971
12988
12991
13003
13015
13018
13029
13035
13037
13042
13043
13053
13052
13048
13064
13069
13068
13074
13079
13081
13081
13083
13093
13094
13094
13101
13103
13105
13111
13116
13116
13114
13115
13117
13114
13110
13106
13113
13122
13126
13126
13126
13123
13125
13133
13131
13128
13128
13126
13116
13123
13126
13131
13126
13134
13134
13134
13133
13130
13138
13129
13130
13133
13134
13136
13135
13143
13136
13134
13123
13126
13120
13127
13134
13129
13138
13128
13134
13138
13136
13137
13135
13136
13133
13134
13131
13131
13134
13136
13137
13138
13134
13130
13131
13136
13132
13137
13131
13121
13116
13117
13121
13134
13133
13136
13134
13137
13134
13135
13127
13123
13123
13137
13133
13136
13140
13137
13137
13137
13135
13132
13139
13140
13141
13141
13139
13138
13137
13140
13140
13129
13128
13131
13136
13141
13142
13145
13141
13139
13141
13131
13127
13126
13134
13134
13025
12789
12645
12562
12506
12473
12462
12474
12498
12514
12548
12575
12619
12657
12689
12707
12746
12763
12783
12810
12824
12842
12861
12874
12893
12910
12926
12932
12946
12959
12963
12975
12987
13005
13027
13020
13030
13044
13048
13056
13058
13058
13061
13070
13062
13068
13070
13073
13079
13072
13075
13078
13091
13099
13095
13102
13115
13106
13107
13111
13112
13114
13120
13115
13124
13120
13126
13122
13124
13118
13117
13115
13112
13113
13123
13109
13110
13120
13123
13120
13117
13115
13119
13125
13125
13124
13122
13130
13137
13125
13126
13119
13129
13135
13138
13134
13143
13137
13133
13132
13133
13130
13128
13132
13127
13124
13128
13125
13119
13117
13116
13119
13121
13128
13138
13129
13132
13136
13139
13141
13135
13134
13140
13139
13135
13138
13133
13133
13138
13133
13130
13132
13139
13141
13141
13136
13140
13130
13142
13140
13141
13143
13138
13138
13134
13138
13129
13123
13132
13135
13131
13131
13132
13129
13134
13131
13132
13130
13126
13120
13118
13115
13118
13114
13111
13114
13118
13119
13116
13121
13128
13123
13128
13131
13123
13130
13133
13136
13133
13142
13138
13133
13133
13133
13134
13134
13133
13128
13133
13142
13138
13137
13137
13142
13149
13139
13135
13140
13137
13139
13135
13139
13132
13138
13139
13138
13129
13129
13133
13122
13123
13124
13124
13130
13124
13128
13132
13127
13131
13138
13134
13131
13138
13131
13134
13132
13132
13124
13124
13122
13125
13125
13127
13123
13134
13131
13128
13130
13136
13144
13143
13142
13142
13146
13145
13145
13137
13134
13133
13122
13122
13127
13124
13123
13117
13115
13117
13120
13117
13125
13123
13127
13129
13131
13133
13127
13134
13139
13137
13140
13142
13139
13138
13138
13144
13142
13144
13139
13136
13130
13130
13131
13130
13129
13131
13137
13133
13131
13131
13131
13134
13134
13138
13137
13137
13131
13144
13140
13140
13141
13137
13135
13138
13141
13141
13134
13145
13144
13145
13146
13142
13138
13140
13138
13147
13131
13127
13133
13140
13138
13129
13128
13129
13128
13134
13128
13129
13132
13129
13132
13139
13134
