13133
13140
13134
13138
13152
13147
13141
13139
13133
13134
13131
13126
13129
13135
13128
13134
13127
13133
13135
13135
13136
13136
13127
13137
13142
13133
13140
13138
13136
13142
13136
13141
13143
13139
13136
13138
13138
13133
13140
13150
13149
13147
13141
13132
13129
13127
13129
13137
13138
13137
13140
13136
13138
13141
13150
13146
13141
13138
13130
13129
13129
13138
13133
13138
13141
13131
13136
13136
13138
13147
13149
13146
13142
13138
13142
13144
13142
13135
13126
13131
13135
13135
13132
13133
13131
13130
13139
13141
13132
13140
13137
13130
13130
13129
13121
13132
13122
13130
13126
13124
13125
13127
13125
13127
13128
13127
13137
13125
13124
13137
13132
13138
13133
13135
13130
13133
13134
13131
13126
13134
13132
13135
13132
13137
13137
13137
13132
13138
13132
13136
13129
13133
13134
13133
13133
13134
13128
13131
13125
13128
13127
13124
13125
13134
13129
13135
13136
13133
13128
13127
13130
13122
13128
13134
13140
13138
13142
13139
13135
13138
13140
13138
13130
13132
13138
13134
13133
13133
13131
13128
13125
13122
13121
13123
13121
13125
13128
13135
13140
13138
13139
13137
13133
13139
13134
13129
13137
13129
13125
13131
13124
13131
13132
13136
13137
13137
13138
13131
13138
13142
13145
13139
13135
13133
13138
13134
13132
13126
13129
13132
13134
13137
13132
13135
13129
13130
13129
13133
13132
13128
13136
13141
13136
13134
13135
13132
13137
13134
13136
13142
13144
13146
13144
13140
13131
13132
13136
13131
13136
13139
13139
13146
13145
13147
13148
13139
13134
13141
13134
13135
13139
13138
13142
13142
13142
13147
13138
13131
13125
13122
13125
13129
13126
13130
13126
13126
13135
13132
13129
13135
13127
13127
13128
13130
13129
13130
13133
13135
13133
13129
13131
13124
13128
13120
13126
13126
13126
13135
13144
13143
13148
13144
13144
13141
13141
13142
13132
13131
13136
13136
13133
13133
13131
13135
13130
13129
13133
13119
13124
13128
13130
13132
13125
13131
13128
13132
13134
13135
13138
13140
13136
13138
13133
13126
13136
13137
13141
13144
13141
13142
13136
13134
13128
13131
13129
13133
13125
13124
13126
13128
13133
13138
13143
13149
13142
13132
13141
13138
13129
13135
13136
13134
13135
13134
13129
13130
13130
13122
13122
13127
13121
13120
13122
13116
13122
13119
13123
13130
13127
13129
13132
13137
13138
13140
13141
13146
13139
13140
13145
13138
13133
13135
13126
13133
13133
13130
13135
13136
13127
13131
13124
13123
13127
13130
13133
13132
13132
13130
13132
13134
13125
13128
13124
13123
13142
13136
13138
13141
13137
13140
13140
13135
13135
13134
13136
13138
13132
13124
13135
13130
13132
13133
13128
13133
13137
13134
13140
13130
13133
13137
13134
13144
13147
13137
13142
13141
13139
13133
13133
13133
13133
13130
13129
13136
13140
13144
13136
13135
13140
13134
13131
13136
13137
13142
13145
13143
13130
13134
13134
13128
13126
13125
13118
13122
13115
13115
13123
13124
13124
13129
13125
13133
13135
13134
13139
13143
13134
13136
13135
13138
13146
13138
13143
13138
13140
13126
13122
13120
13114
13116
13118
13117
13118
13121
13126
13131
13135
13132
13142
13135
13132
13135
13136
13134
13127
13104
12582
11711
11082
10658
10436
10242
10114
10060
10067
10112
10227
10332
10480
10607
10752
10882
11030
11148
11272
11373
11499
11596
11697
11789
11885
11962
12050
12110
12168
12222
12278
12329
12380
12424
12469
12509
12549
12580
12626
12650
12686
12708
12733
12762
12778
12795
12819
12845
12854
12874
12895
12911
12928
12941
12953
12967
12975
12980
12996
12997
13006
13016
13022
13028
13033
13046
13049
13062
13060
13065
13063
13068
13072
13075
13082
13087
13086
13086
13085
13080
13091
13090
13096
13100
13097
13109
13111
13106
13101
13099
13094
13096
13098
13104
13109
13112
13112
13115
13123
13119
13122
13126
13130
13127
13125
13126
13130
13132
13126
13129
13121
13124
13129
13124
13125
13133
13128
13130
13123
13115
13125
13121
13120
13129
13135
13135
13134
13139
13129
13134
13138
13141
13135
13137
13130
13127
13125
13126
13126
13119
13120
13128
13131
13132
13128
13134
13140
13145
13149
13151
13144
13154
13154
13154
13153
13155
13151
13155
13146
13146
13146
13136
13134
13148
13150
13150
13139
13138
13136
13131
13133
13128
13131
13136
13135
13140
13138
13132
13140
13137
13133
13134
13137
13136
13132
13133
13131
13130
13132
13138
13130
13137
13132
13130
13130
13121
13120
13131
13126
13126
13124
13121
13127
13142
13142
13144
13141
13141
13143
13143
13139
13147
13143
13146
13140
13137
13131
13126
13124
13125
13122
13133
13131
13137
13140
13141
13147
13142
13147
13152
13146
13150
13145
13140
13134
13135
13129
13135
13130
13118
13124
13122
13125
13133
13139
13141
13135
13136
13139
13140
13140
13133
13141
13143
13134
13130
13131
13134
13140
13133
13133
13131
13124
13126
13115
13116
13115
13116
13113
13122
13126
13133
13140
13142
13139
13137
13132
13139
13134
13127
13134
13133
13126
13131
13121
13125
13122
13123
13127
13127
13124
13114
13120
13123
13126
13132
13137
13131
13139
13126
13121
13124
13123
13129
13131
13132
13134
13135
13136
13139
13136
13136
13137
13131
13132
13130
13139
13145
13146
13142
13147
13138
13129
13137
13126
13128
13121
13130
13135
13134
13129
13133
13138
13143
13142
13144
13143
13141
13146
13133
13127
13133
13125
13128
13128
13131
13134
13131
13135
13145
13136
13138
13134
13131
13134
13129
13128
13133
13125
13129
13139
13143
13142
13144
13140
13136
13137
13147
13141
13143
13143
13136
13139
13143
13131
13128
13133
13124
13127
13122
13121
13126
13129
13130
13128
13137
13136
13136
13138
13140
13130
13138
13138
13137
13133
13135
13134
13137
13137
13133
13136
13129
13131
13132
13128
13135
13139
13140
13146
13143
13146
13149
13144
13141
13141
13147
13142
13141
13153
13143
13142
13141
13136
13133
13131
13135
13134
13129
13133
13131
13127
13134
13126
13125
13121
13126
13131
13134
13131
13129
13130
13135
13132
13132
13121
13119
13121
13125
13130
13124
13126
13126
13123
13127
13137
13135
13134
13135
13140
13137
13135
13134
13127
13128
13128
13131
13134
13128
13126
13138
13131
13137
13141
13133
13135
13135
13136
13139
13140
13143
13155
13151
13156
13156
13157
13153
13161
13153
13157
13148
13145
13147
13146
13142
13142
13139
13134
13132
13138
13133
13138
13137
13137
13138
13135
13137
13131
13138
13138
13140
13134
13134
13134
13132
13137
13132
13132
13135
13129
13121
13125
13122
13125
13136
