13144
13146
13147
13140
13136
13141
13146
13146
13141
13141
13149
13142
13141
13136
13138
13136
13133
13135
13141
13139
13140
13141
13129
13130
13133
13136
13136
13135
13138
13135
13129
13135
13134
13135
13133
13132
13130
13125
13120
13118
13110
13115
13119
13125
13134
13132
13136
13147
13136
13134
13131
13118
13123
13127
13126
13130
13132
13127
13141
13140
13139
13142
13135
13135
13137
13137
13135
13133
13138
13134
13142
13143
13143
13140
13144
13145
13151
13142
13140
13153
13155
13154
13150
13142
13139
13141
13136
13136
13125
13128
13123
13120
13119
13125
13131
13137
13130
13128
13137
13130
13139
13142
13140
13139
13140
13134
13131
13130
13137
13138
13134
13138
13134
13143
13135
13128
13137
13134
13127
13137
13129
13130
13120
13122
13118
13117
13108
13107
13109
13116
13119
13122
13126
13132
13130
13137
13138
13131
13122
13118
13123
13129
13121
13120
13114
13124
13127
13129
13135
13137
13142
13147
13149
13148
13141
13134
13147
13138
13127
13128
13130
13125
13125
13132
13136
13141
13140
13147
13140
13142
13142
13137
13135
13137
13139
13137
13130
13130
13133
13131
13133
13134
13129
13127
13133
13138
13132
13126
13125
13131
13135
13137
13132
13137
13134
13136
13141
13135
13127
13133
13135
13141
13144
13139
13130
13130
13128
13136
13138
13130
13137
13134
13139
13142
13148
13151
13143
13137
13142
13134
13133
13135
13133
13138
13133
13138
13138
13138
13142
13137
13139
13141
13134
13142
13136
13138
13138
13136
13136
13141
13137
13140
13137
13135
13133
13129
13123
13130
13133
13140
13147
13140
13140
13146
13144
13151
13148
13142
13142
13132
13124
13126
13124
13123
13125
13135
13135
13140
13141
13140
13136
13135
13138
13137
13137
13138
13142
13128
13120
13123
13131
13132
13134
13140
13148
13145
13142
13142
13138
13135
13137
13136
13137
13138
13138
13140
13137
13129
13135
13126
13125
13119
13119
13126
13127
13127
13129
13132
13128
13122
13130
13133
13134
13126
13130
13132
13129
13125
13127
13129
13129
13129
13129
13130
13133
13134
13137
13150
13141
13146
13156
13151
13150
13150
13148
13145
13138
13132
13133
13133
13135
13142
13141
13134
13136
13135
13145
13142
13139
13136
13137
13142
13140
13132
13133
13132
13132
13129
13122
13122
13124
13123
13129
13123
13124
13122
13125
13130
13132
13135
13134
13132
13139
13136
13133
13135
13128
13118
13129
13126
13123
13137
13134
13133
13133
13127
13129
13128
13129
13130
13125
13121
13126
13127
13132
13128
13142
13136
13132
13135
13129
13123
13123
13126
13127
13128
13126
13136
13140
13140
13138
13128
13131
13134
13131
13142
13136
13135
13140
13128
13133
13128
13132
13131
13136
13130
13131
13134
13134
13134
13138
13141
13145
13142
13142
13133
13133
13124
13128
13127
13127
13135
13135
13138
13136
13138
13140
13142
13136
13138
13136
13138
13126
13121
13127
13134
13134
13134
13145
13145
13138
13136
13136
13139
13137
13139
13139
13142
13142
13140
13144
13141
13137
13138
13139
13138
13152
13136
13130
13131
13132
13133
13136
13129
13130
13134
13138
13138
13129
13125
13128
13127
13133
13129
13131
13134
13130
13121
13124
13113
13097
12710
12161
11680
11170
10846
10699
10621
10640
10676
10774
10862
10975
11088
11211
11315
11440
11522
11631
11717
11807
11881
11967
12033
12101
12169
12240
12291
12343
12395
12447
12478
12523
12562
12604
12641
12666
12689
12724
12752
12782
12805
12823
12844
12858
12876
12890
12902
12921
12924
12942
12963
12973
12980
12987
12993
13004
13011
13012
13029
13029
13028
13032
13030
13047
13058
13065
13067
13066
13082
13083
13093
13093
13100
13104
13110
13105
13105
13115
13107
13102
13113
13104
13100
13100
13105
13096
13100
13102
13107
13108
13106
13108
13109
13115
13112
13119
13114
13119
13124
13124
13132
13133
13132
13131
13141
13142
13147
13138
13139
13144
13145
13142
13141
13133
13139
13138
13131
13134
13130
13123
13129
13127
13130
13129
13128
13119
13115
13121
13113
13118
13125
13125
13131
13123
13122
13127
13126
13136
13138
13137
13138
13142
13140
13142
13140
13141
13145
13134
13136
13130
13125
13125
13138
13142
13142
13139
13132
13141
13138
13133
13136
13130
13129
13127
13132
13136
13137
13138
13139
13147
13142
13141
13140
13136
13130
13129
13127
13127
13139
13136
13142
13140
13142
13143
13146
13147
13144
13136
13137
13144
13138
13135
13142
13136
13147
13144
13144
13155
13150
13144
13145
13136
13135
13135
13134
13130
13137
13134
13130
13134
13131
13123
13121
13124
13124
13133
13129
13129
13135
13134
13136
13126
13128
13120
13122
13127
13128
13125
13128
13136
13129
13133
13131
13127
13136
13126
13122
13127
13130
13127
13136
13132
13132
13134
13129
13137
13134
13137
13126
13129
13131
13133
13128
13126
13124
13129
13123
13124
13130
13134
13132
13133
13132
13129
13132
13134
13130
13130
13126
13126
13125
13127
13132
13135
13145
13138
13129
13134
13132
13132
13138
13139
13141
13145
13141
13134
13134
13135
13129
13133
13132
13135
13141
13138
13131
13138
13137
13128
13129
13135
13132
13131
13125
13131
13128
13129
13130
13134
13135
13143
13139
13137
13132
13133
13133
13126
13120
13123
13116
13113
13120
13123
13133
13131
13130
13138
13132
13138
13132
13133
13138
13140
13136
13140
13143
13154
13141
13134
13136
13135
13136
13138
13135
13137
13137
13135
13140
13143
13148
13150
13141
13142
13139
13128
13132
13129
13129
13136
13132
13134
13133
13133
13129
13132
13128
13127
13128
13125
13126
13133
13137
13139
13136
13139
13138
13141
13132
13140
13139
13135
13143
13145
13146
13147
13145
13145
13141
13130
13127
13117
13108
13113
13106
13114
13119
13127
13132
13144
13145
13142
13141
13139
13134
13140
13138
13134
13125
13125
13117
13120
13117
13117
13121
13124
13127
13132
13129
13128
13134
13132
13139
13133
13131
13134
13127
13127
13136
13129
13128
13135
13130
13133
13135
13133
13136
13134
13135
13138
13130
13133
13133
13128
13130
13132
13133
13129
13129
13129
13122
13125
13127
13125
13129
13129
13132
13140
13129
13129
13130
13134
13134
13137
13136
13136
13138
13136
13137
13134
13132
13134
13140
13141
13138
13134
13133
13129
13122
13122
13118
13117
13131
13131
13137
13136
13128
13126
13133
13136
13134
13128
13131
13135
13136
13135
13138
13140
13140
13139
13140
13141
13141
13141
13142
13134
13128
13123
13128
13118
13132
13132
13127
13128
13128
13123
13132
13123
13121
13131
13126
13127
13129
13132
13129
13130
13130
13127
13124
13127
13129
