13128
13131
13129
13126
13126
13130
13133
13135
13126
13125
13133
13131
13127
13126
13130
13127
13138
13138
13136
13139
13142
13140
13139
13146
13144
13143
13142
13140
13141
13137
13133
13133
13134
13129
13132
13133
13137
13132
13131
13138
13131
13126
13130
13131
13133
13135
13128
13130
13121
13120
13121
13129
13124
13129
13127
13134
13138
13146
13143
13140
13136
13138
13139
13138
13129
13132
13136
13138
13138
13129
13130
13137
13134
13138
13141
13137
13140
13137
13130
13142
13131
13136
13138
13136
13139
13137
13133
13136
13128
13126
13133
13130
13121
13126
13113
13119
13124
13124
13126
13133
13139
13131
13132
13136
13131
13136
13144
13145
13149
13138
13132
13138
13132
13135
13132
13136
13134
13131
13126
13132
13131
13137
13139
13140
13142
13142
13140
13139
13142
13143
13151
13143
13135
13148
13149
13148
13142
13140
13141
13146
13144
13142
13148
13144
13141
13139
13138
13137
13137
13132
13130
13130
13128
13130
13129
13125
13132
13123
13129
13125
13127
13130
13137
13136
13142
13132
13126
13125
13114
13114
13127
13126
13131
13131
13136
13132
13140
13138
13138
13146
13152
13142
13143
13137
13139
13142
13145
13137
13138
13128
13129
13137
13137
13134
13128
13129
13131
13127
13125
13132
13131
13133
13136
13134
13133
13134
13135
13145
13142
13137
13143
13135
13137
13136
13130
13127
13128
13129
13131
13135
13136
13133
13131
13128
13125
13129
13134
13132
13132
13126
13121
13128
13134
13137
13136
13136
13139
13138
13128
13128
13125
13139
13141
13138
13138
13141
13136
13148
13143
13137
13141
13136
13129
13132
13131
13135
13123
13132
13137
13136
13140
13137
13133
13123
13121
13127
13124
13120
13134
13122
13120
13132
13134
13134
13137
13140
13141
13138
13142
13146
13145
13151
13141
13136
13130
13128
13132
13137
13132
13124
13142
13134
13129
13139
13130
13135
13137
13137
13140
13133
13134
13135
13129
13131
13131
13129
13130
13136
13140
13134
13136
13143
13147
13149
13140
13138
13144
13143
13141
13141
13137
13137
13137
13133
13135
13134
13137
13138
13138
13137
13134
13130
13132
13138
13131
13132
13130
13126
13123
13127
13125
13126
13133
13134
13136
13142
13143
13137
13149
13135
13136
13136
13142
13143
13128
13137
13133
13135
13136
13138
13133
13136
13135
13128
13128
13124
13126
13131
13130
13132
13138
13126
13129
13138
13136
13130
13128
13130
13128
13130
13138
13141
13145
13141
13137
13132
13134
13132
13141
13132
13134
13141
13141
13149
13151
13151
13151
13151
13146
13141
13131
13128
13129
13127
13129
13124
13124
13126
13128
13121
13127
13119
13130
13132
13136
13136
13135
13133
13132
13131
13129
13124
13126
13136
13142
13137
13137
13138
13143
13132
13122
13128
13131
13127
13125
13127
13133
13132
13137
13127
13119
13124
13128
13117
13120
13123
13126
13129
13125
13132
13135
13126
13126
13132
13126
13126
13132
13143
13142
13138
13130
13126
13131
13132
13132
13125
13122
13127
13140
13129
13131
13134
13136
13130
13130
13134
13131
13126
13128
13129
13128
13132
13135
13125
13124
13126
13130
13139
13134
13136
13147
13144
13141
13140
13131
13133
13132
13135
13137
13133
13128
13122
13127
13130
13129
13021
12509
11624
10975
10495
10195
10045
10022
10041
10143
10160
10205
10260
10370
10483
10629
10754
10907
11025
11155
11270
11394
11498
11598
11684
11788
11863
11956
12023
11992
11954
11959
11982
12023
12060
12112
12156
12214
12269
12320
12367
12416
12458
12510
12533
12571
12612
12650
12685
12717
12737
12762
12780
12810
12825
12844
12863
12883
12890
12909
12918
12929
12941
12950
12954
12976
12980
13004
13017
13014
13029
13033
13033
13036
13038
13040
13056
13060
13063
13068
13070
13073
13074
13084
13079
13092
13097
13099
13107
13102
13102
13100
13104
13108
13109
13100
13110
13115
13118
13126
13126
13131
13137
13135
13126
13137
13126
13126
13134
13129
13124
13120
13122
13120
13119
13121
13127
13124
13133
13136
13131
13133
13131
13133
13123
13121
13126
13121
13124
13128
13132
13135
13133
13128
13128
13120
13129
13129
13126
13128
13130
13128
13128
13127
13123
13130
13127
13134
13141
13129
13132
13141
13140
13143
13144
13141
13140
13136
13139
13142
13134
13135
13134
13148
13141
13131
13126
13122
13127
13123
13120
13125
13122
13127
13129
13128
13132
13131
13128
13141
13134
13128
13133
13126
13133
13136
13130
13132
13132
13128
13126
13135
13134
13136
13131
13135
13132
13140
13140
13141
13137
13142
13137
13152
13148
13145
13147
13152
13146
13145
13142
13139
13137
13141
13140
13134
13133
13140
13135
13136
13137
13132
13135
13132
13128
13135
13136
13137
13142
13139
13140
13137
13135
13133
13135
13135
13134
13126
13135
13139
13148
13145
13145
13146
13136
13136
13135
13133
13134
13123
13128
13123
13128
13124
13122
13125
13129
13124
13123
13117
13120
13125
13131
13118
13118
13123
13126
13121
13122
13126
13129
13135
13131
13126
13130
13125
13123
13125
13133
13133
13133
13134
13134
13131
13123
13109
13120
13119
13122
13122
13126
13130
13129
13130
13134
13123
13120
13117
13124
13119
13125
13121
13134
13128
13132
13138
13133
13128
13132
13126
13129
13128
13127
13126
13123
13131
13136
13132
13132
13132
13139
13133
13130
13136
13129
13130
13134
13137
13136
13138
13141
13149
13144
13147
13151
13143
13136
13137
13133
13135
13132
13133
13134
13129
13130
13137
13130
13127
13126
13126
13119
13114
13112
13122
13124
13133
13129
13134
13136
13130
13130
13134
13128
13130
13122
13130
13131
13126
13128
13134
13130
13134
13130
13124
13129
13121
13126
13131
13126
13127
13133
13131
13134
13126
13127
13134
13127
13123
13129
13123
13123
13133
13127
13126
13135
13138
13132
13136
13134
13131
13139
13142
13142
13140
13140
13131
13136
13138
13141
13145
13138
13135
13138
13141
13145
13142
13141
13138
13137
13136
13145
13138
13139
13142
13134
13135
13129
13123
13130
13126
13123
13129
13130
13129
13126
13128
13135
13134
13140
13129
13133
13127
13134
13141
13134
13128
13133
13139
13137
13140
13141
13137
13138
13142
13140
13101
12982
12899
12854
12836
12817
12820
12834
12846
12859
12872
12882
12897
12918
12936
12943
12952
12963
12978
12990
12998
12994
13007
13018
13023
13026
13032
13035
13042
13046
13050
13064
13061
13077
13079
13082
13079
13087
13088
13094
13086
13094
13096
13100
13108
13116
13113
13117
13122
13113
13116
13105
13105
13116
13120
13118
13118
13124
13118
13127
13131
13130
13129
13132
13122
13123
13127
13121
13123
13114
