13141
13143
13141
13134
13134
13128
13130
13128
13124
13126
13123
13126
13130
13134
13126
13125
13125
13125
13137
13137
13140
13145
13142
13142
13138
13138
13139
13139
13137
13137
13142
13151
13148
13151
13144
13142
13151
13147
13138
13137
13137
13143
13137
13135
13131
13133
13134
13143
13131
13138
13131
13135
13143
13143
13138
13145
13136
13131
13134
13125
13121
13122
13125
13130
13131
13136
13142
13149
13147
13144
13145
13145
13147
13149
13144
13139
13144
13138
13137
13136
13133
13136
13133
13139
13139
13136
13135
13138
13135
13142
13130
13132
13130
13134
13131
13136
13125
13117
13129
13130
13129
13133
13128
13128
13128
13128
13138
13138
13145
13145
13146
13144
13144
13146
13142
13141
13155
13154
13150
13160
13156
13149
13150
13151
13147
13142
13138
13149
13137
13138
13140
13137
13135
13131
13129
13130
13128
13120
13126
13120
13119
13123
13126
13127
13125
13128
13131
13139
13141
13135
13142
13147
13147
13145
13147
13145
13144
13144
13140
13142
13135
13137
13130
13137
13140
13137
13134
13138
13135
13138
13137
13139
13139
13140
13139
13137
13136
13135
13135
13134
13138
13142
13133
13132
13133
13129
13137
13138
13132
13132
13138
13136
13136
13136
13132
13134
13139
13136
13130
13126
13124
13133
13140
13147
13141
13147
13157
13165
13156
13154
13151
13141
13144
13134
13132
13139
13142
13134
13140
13136
13140
13149
13146
13144
13148
13139
13139
13143
13145
13145
13142
13139
13141
13144
13140
13139
13141
13130
13125
13132
13134
13135
13137
13128
13126
13135
13135
13135
13130
13133
13130
13124
13138
13138
13133
13137
13126
13122
13130
13128
13129
13133
13130
13134
13131
13124
13123
13130
13128
13117
13114
13121
13121
13120
13126
13128
13141
13131
13136
13130
13134
13137
13134
13134
13131
13138
13140
13134
13130
13129
13138
13137
13136
13132
13132
13136
13139
13139
13149
13140
13146
13145
13135
13140
13150
13142
13135
13135
13140
13137
13134
13134
13132
13122
13130
13132
13134
13131
13127
13131
13130
13137
13132
13135
13133
13133
13141
13144
13140
13148
13150
13136
13141
13143
13150
13152
13144
13139
13143
13132
13134
13135
13134
13134
13133
13138
13137
13135
13135
13138
13140
13139
13132
13129
13126
13125
13131
13120
13119
13126
13130
13131
13136
13136
13126
13131
13121
13127
13122
13131
13132
13131
13138
13142
13146
13144
13139
13140
13147
13138
13135
13135
13131
13136
13133
13137
13141
13134
13134
13136
13137
13142
13132
13129
13122
13126
13132
13126
13123
13134
13132
13133
13126
13132
13129
13128
13134
13129
13128
13131
13134
13132
13137
13132
13130
13135
13133
13133
13132
13131
13125
13135
13140
13146
13145
13144
13140
13138
13139
13126
13130
13137
13132
13138
13137
13137
13144
13129
13124
13128
13127
13134
13132
13132
13134
13131
13132
13130
13131
13130
13133
13131
13137
13138
13131
13136
13134
13135
13138
13136
13138
13143
13135
13130
13133
13138
13138
13139
13134
13130
13132
13134
13138
13137
13135
13135
13145
13137
13134
13138
13134
13129
13122
13122
13130
13123
13126
13124
13119
13124
13131
13134
13134
13134
13129
13129
13124
13126
13127
13120
13124
13124
13088
12761
12073
11186
10571
10174
9883
9739
9729
9769
9888
10004
10165
10306
10478
10615
10781
10909
11052
11168
11302
11414
11532
11627
11735
11824
11909
11983
12053
12112
12174
12233
12296
12356
12405
12438
12496
12527
12574
12618
12650
12676
12706
12723
12755
12770
12794
12807
12833
12854
12871
12887
12902
12920
12951
12953
12970
12981
12988
12994
13005
13007
13012
13018
13018
13021
13032
13044
13051
13056
13061
13060
13072
13083
13078
13077
13089
13092
13098
13104
13104
13109
13107
13112
13109
13108
13103
13104
13103
13101
13101
13107
13107
13111
13115
13115
13117
13120
13127
13123
13129
13130
13132
13130
13129
13132
13122
13123
13124
13120
13048
12950
12889
12851
12823
12811
12812
12815
12828
12842
12854
12873
12891
12900
12913
12918
12939
12944
12963
12972
12983
12990
13000
13004
13024
13022
13029
13035
13043
13047
13051
13050
13059
13058
13064
13069
13071
13094
13096
13098
13103
13104
13097
13102
13099
13103
13115
13109
13104
13108
13101
13103
13103
13106
13107
13104
13110
13106
13116
13120
13116
13120
13125
13128
13135
13138
13142
13142
13144
13143
13146
13141
13140
13138
13133
13036
12923
12867
12820
12800
12799
12806
12815
12829
12843
12858
12874
12883
12894
12921
12934
12954
12974
12986
13002
13013
13020
13024
13029
13037
13036
13040
13037
13039
13050
13057
13052
13054
13058
13063
13065
13071
13078
13086
13094
13098
13096
13103
13105
13102
13110
13106
13111
13121
13112
13109
13112
13105
13104
13112
13114
13116
13123
13125
13124
13121
13123
13126
13124
13124
13116
13121
13122
13118
13121
13115
13118
13118
13110
13115
13113
13115
13118
13124
13119
13128
13128
13131
13128
13125
13120
13122
13119
13116
13118
13129
13134
13123
12993
12911
12851
12822
12813
12808
12813
12826
12842
12846
12868
12889
12890
12904
12919
12929
12946
12952
12967
12973
12981
12988
12997
12999
13011
13016
13026
13026
13038
13044
13049
13050
13052
13062
13065
13072
13068
13067
13077
13068
13075
13089
13089
13090
13086
13094
13096
13102
13102
13109
13109
13112
13110
13114
13113
13105
13115
13112
13115
13115
13114
13128
13121
13121
13124
13124
13122
13125
13126
13121
13121
13121
13123
13128
13133
13137
13132
13131
13142
13136
13130
13137
13136
13133
13140
13135
13135
13132
13135
13133
13130
13135
13132
13127
13127
13124
13130
13121
13109
12995
12905
12858
12820
12793
12797
12796
12805
12825
12836
12850
12869
12885
12900
12910
12924
12936
12951
12962
12980
12979
12986
12999
13006
13013
13026
13034
13035
13046
13053
13051
13060
13064
13069
13083
13094
13094
13103
13090
13092
13099
13092
13096
13099
13097
13099
13106
13105
13112
13113
13116
13120
13114
13113
13118
13120
13122
13117
13113
13120
13122
13119
13130
13125
13129
13126
13121
13127
13124
13117
13124
13126
13132
13132
13125
13125
13128
13125
13119
13117
13117
13122
13121
13125
13125
13127
13131
13122
13135
13122
13118
13122
13127
13131
13130
13135
13138
13134
13130
13134
13125
13120
13125
13122
13127
13128
13131
13137
13125
13118
13121
13123
13129
13135
13143
13146
13143
13150
13138
13142
13146
13138
13138
13142
13148
13147
13147
13150
13145
13139
13141
13142
13139
13147
13149
13154
13154
13147
13137
13138
13135
13139
13140
13135
13139
13134
13135
13135
13133
13136
13132
