13134
13140
13135
13133
13130
13136
13140
13137
13127
13130
13124
13132
13139
13135
13135
13139
13135
13124
13138
13134
13138
13136
13137
13132
13134
13134
13130
13131
13132
13132
13126
13127
13123
13122
13130
13137
13144
13138
13132
13139
13137
13138
13136
13136
13136
13133
13131
13135
13128
13130
13124
13128
13133
13137
13125
13133
13133
13125
13139
13141
13133
13141
13135
13138
13136
13135
13144
13142
13139
13139
13137
13140
13139
13130
13129
13124
13124
13122
13120
13127
13130
13141
13148
13142
13139
13136
13132
13129
13130
13131
13139
13135
13147
13142
13145
13149
13146
13141
13144
13137
13138
13140
13134
13130
13133
13123
13122
13121
13125
13124
13130
13128
13130
13132
13136
13135
13137
13133
13127
13133
13137
13128
13124
13117
13123
13122
13125
13130
13123
13125
13128
13131
13131
13132
13122
13134
13128
13131
13139
13139
13144
13148
13142
13140
13149
13150
13152
13150
13153
13146
13151
13157
13152
13152
13154
13146
13147
13142
13139
13142
13136
13138
13129
13130
13134
13135
13133
13136
13132
13133
13140
13137
13139
13148
13153
13163
13147
13137
13134
13124
13125
13123
13116
13124
13125
13127
13126
13127
13126
13130
13128
13136
13137
13139
13139
13138
13150
13139
13136
13140
13133
13129
13127
13126
13124
13125
13129
13135
13134
13134
13139
13130
13127
13135
13141
13146
13143
13143
13146
13138
13132
13126
13118
13124
13128
13124
13125
13119
13128
13128
13125
13120
13123
13132
13137
13140
13143
13135
13130
13137
13138
13137
13139
13143
13142
13133
13128
13133
13128
13131
13136
13138
13146
13148
13148
13140
13136
13138
13149
13146
13143
13142
13143
13146
13143
13142
13144
13138
13132
13125
13126
13132
13130
13129
13132
13124
13130
13130
13133
13129
13124
13122
13119
13125
13124
13124
13126
13125
13123
13131
13126
13124
13131
13129
13131
13136
13128
13128
13129
13128
13126
13136
13140
13139
13139
13141
13145
13142
13144
13138
13136
13137
13135
13141
13147
13142
13147
13138
13135
13135
13133
13138
13132
13131
13131
13125
13129
13127
13126
13127
13122
13125
13126
13137
13135
13136
13131
13126
13132
13126
13120
13134
13134
13138
13136
13139
13145
13146
13149
13140
13134
13142
13133
13136
13140
13131
13131
13122
13124
13128
13123
13129
13126
13128
13131
13133
13127
13139
13128
13136
13146
13139
13146
13142
13137
13134
13134
13136
13135
13132
13133
13128
13132
13131
13134
13139
13144
13143
13142
13138
13136
13136
13134
13134
13130
13130
13136
13131
13133
13137
13138
13133
13134
13134
13134
13137
13132
13127
13132
13134
13132
13125
13123
13123
13121
13118
13119
13119
13127
13122
13127
13132
13135
13141
13140
13133
13132
13137
13133
13124
13115
13118
13118
13119
13121
13111
13123
13123
13119
13119
13117
13123
13129
13123
13126
13127
13133
13140
13138
13137
13139
13134
13132
13138
13135
13134
13136
13136
13144
13143
13143
13148
13144
13143
13144
13143
13142
13141
13142
13139
13143
13144
13140
13139
13134
13127
13135
13135
13129
13123
13120
13123
13125
13124
13127
13125
13127
13135
13136
13139
13137
13130
13130
13127
13126
13137
13128
13125
13145
13137
13136
13119
12946
12739
12621
12548
12515
12501
12512
12522
12543
12571
12609
12634
12665
12694
12731
12733
12632
12578
12558
12551
12555
12561
12584
12604
12635
12669
12689
12715
12738
12757
12795
12807
12832
12860
12869
12877
12895
12905
12921
12939
12950
12955
12977
12983
12994
13001
13006
13011
13021
13030
13037
13042
13053
13059
13078
13074
13070
13082
13074
13076
13069
13074
13077
13082
13084
13092
13093
13101
13105
13105
13106
13110
13112
13117
13110
13110
13120
13115
13118
13112
13110
13119
13124
13123
13121
13117
13125
13122
13124
13130
13120
13122
13111
13111
13117
13117
13119
13126
13129
13138
13140
13139
13141
13138
13130
13132
13127
13127
13126
13119
13121
13120
13119
13122
13123
13122
13130
13129
13131
13138
13129
13136
13131
13138
13137
13136
13139
13137
13130
13135
13136
13141
13140
13147
13144
13135
13135
13136
13135
13137
13133
13128
13131
13133
13135
13136
13130
13135
13132
13129
13130
13129
13130
13132
13126
13122
13134
13131
13123
13118
13119
13120
13129
13130
13142
13139
13141
13138
13141
13141
13139
13133
13132
13135
13150
13145
13139
13140
13141
13143
13150
13143
13143
13142
13148
13153
13145
13145
13143
13137
13133
13137
13134
13131
13131
13139
13148
13143
13142
13142
13132
13140
13138
13137
13133
13126
13126
13126
13127
13136
13144
13139
13153
13147
13155
13144
13139
13137
13123
13121
13118
13117
13120
13127
13131
13136
13127
13132
13136
13136
13138
13137
13139
13136
13133
13127
13129
13133
13144
13147
13144
13139
13139
13133
13126
13128
13130
13123
13125
13131
13127
13123
13124
13117
13125
13121
13120
13132
13123
13126
13122
13126
13132
13135
13128
13133
13129
13135
13146
13144
13133
13134
13131
13135
13134
13125
13135
13137
13142
13140
13134
13136
13139
13137
13135
13127
13125
13132
13133
13131
13131
13126
13125
13129
13135
13129
13126
13124
13127
13131
13130
13127
13134
13133
13131
13131
13124
13138
13142
13142
13142
13140
13145
13142
13140
13141
13146
13143
13153
13157
13154
13155
13152
13153
13152
13141
13142
13141
13138
13136
13093
12959
12886
12843
12829
12810
12814
12827
12841
12858
12871
12881
12894
12903
12917
12931
12939
12946
12959
12968
12979
12982
12998
13010
13022
13028
13040
13042
13053
13064
13062
13067
13071
13071
13072
13079
13085
13081
13086
13095
13098
13105
13112
13115
13118
13111
13115
13114
13113
13115
13118
13107
13112
13110
13108
13109
13106
13111
13116
13115
13118
13115
13121
13130
13117
13120
13118
13111
13103
13111
13114
13116
13112
13110
13112
13106
13114
13108
13113
13105
13113
13119
13124
13130
13141
13138
13147
13151
13156
13147
13148
13145
13143
13138
13125
13125
13120
13130
13126
13126
13130
13132
13127
13127
13123
13123
13122
13115
13120
13122
13125
13131
13135
13140
13140
13137
13135
13136
13134
13126
13135
13135
13130
13126
13123
13126
13125
13125
13128
13132
13134
13136
13131
13132
13133
13132
13124
13127
13129
13132
13130
13129
13135
13133
13126
13129
13133
13134
13134
13136
13136
13135
13138
13139
13143
13145
13144
13135
13140
13138
13134
13138
13134
13133
13133
13125
13120
13128
13126
13130
13122
13120
13128
13128
13126
13126
13127
13131
13140
13138
13139
13141
13146
13147
13141
13134
13146
13138
13141
13145
13146
13147
13144
13142
13138
13132
13119
13126
