13124
13134
13134
13137
13142
13141
13141
13140
13136
13133
13132
13129
13127
13123
13128
13132
13135
13135
13134
13128
13134
13134
13136
13137
13137
13139
13142
13138
13145
13138
13141
13138
13136
13138
13134
13129
13126
13130
13131
13139
13131
13133
13133
13125
13125
13131
13126
13132
13124
13115
13124
13118
13118
13125
13114
13110
13111
13106
13118
13125
13127
13122
13120
13115
13117
13118
13116
13115
13121
13121
13134
13137
13141
13135
13132
13133
13132
13126
13118
13127
13131
13128
13131
13132
13126
13129
13126
13127
13124
13128
13136
13140
13143
13139
13137
13142
13141
13134
13134
13134
13134
13137
13135
13137
13130
13132
13125
13127
13126
13126
13128
13132
13128
13128
13131
13132
13137
13141
13143
13146
13145
13146
13147
13143
13147
13148
13143
13145
13138
13134
13137
13130
13127
13132
13130
13134
13135
13137
13136
13141
13140
13138
13138
13137
13137
13139
13137
13129
13142
13143
13145
13145
13141
13141
13139
13140
13135
13138
13133
13129
13119
13123
13137
13138
13147
13147
13150
13145
13145
13141
13144
13137
13136
13140
13137
13143
13142
13136
13146
13141
13149
13142
13141
13138
13136
13143
13140
13138
13147
13143
13143
13146
13137
13144
13141
13142
13142
13142
13144
13138
13131
13138
13139
13138
13136
13135
13132
13136
13129
13134
13146
13139
13142
13147
13142
13141
13149
13142
13134
13132
13129
13121
13119
13126
13126
13129
13136
13128
13138
13126
13121
13119
13123
13115
13113
13117
13122
13122
13130
13130
13119
13129
13133
13131
13129
13128
13131
13138
13140
13133
13140
13137
13131
13134
13124
13127
13124
13128
13134
13136
13137
13134
13142
13139
13140
13142
13136
13134
13136
13125
13124
13124
13122
13135
13132
13134
13129
13137
13128
13127
13120
13123
13129
13132
13141
13137
13130
13130
13132
13122
13131
13118
13120
13123
13121
13118
13121
13127
13133
13134
13137
13134
13139
13140
13138
13129
13137
13145
13154
13148
13149
13145
13141
13146
13134
13126
13124
13121
13123
13124
13120
13130
13129
13132
13137
13136
13135
13138
13131
13137
13139
13140
13148
13150
13143
13139
13138
13139
13139
13134
13135
13132
13130
13131
13139
13136
13127
13133
13141
13134
13130
13140
13150
13151
13149
13149
13150
13151
13153
13147
13140
13148
13153
13156
13151
13143
13136
13139
13135
13132
13139
13130
13131
13137
13139
13141
13137
13138
13144
13140
13133
13140
13134
13138
13141
13132
13132
13136
13147
13139
13133
13140
13136
13082
12970
12897
12855
12833
12825
12826
12832
12843
12858
12868
12889
12900
12915
12936
12951
12954
12971
12971
12981
12993
13000
12999
13010
13015
13033
13043
13053
13058
13061
13072
13076
13077
13080
13082
13089
13082
13078
13089
13097
13101
13107
13102
13104
13106
13106
13109
13107
13113
13125
13119
13127
13128
13134
13130
13128
13124
13131
13129
13126
13122
13126
13126
13127
13128
13126
13124
13124
13118
13130
13133
13134
13136
13140
13138
13139
13131
13124
13130
13130
13139
13144
13143
13143
13147
13146
13142
13136
13139
13147
13138
13133
13122
13123
13119
13112
13114
13123
13121
13134
13147
13147
13141
13146
13148
13147
13144
13145
13142
13145
13151
13151
13148
13152
13144
13061
12790
12511
12355
12260
12219
12210
12218
12253
12266
12262
12276
12217
12132
12119
12120
12143
12172
12208
12253
12300
12341
12391
12421
12469
12512
12547
12587
12620
12652
12676
12700
12735
12754
12782
12802
12826
12854
12861
12871
12890
12900
12915
12933
12946
12962
12972
12981
12996
13009
13020
13033
13037
13039
13050
13048
13058
13061
13066
13074
13071
13072
13070
13077
13082
13087
13086
13088
13101
13108
13101
13106
13100
13104
13105
13106
13110
13108
13108
13109
13123
13117
13110
13110
13110
13109
13102
13110
13104
13112
13122
13122
13119
13121
13120
13119
13117
13126
13137
13138
13139
13130
13145
13145
13152
13149
13130
13137
13147
13142
13141
13139
13134
13129
13122
13122
13120
13128
13131
13129
13137
13135
13136
13138
13135
13136
13135
13133
13133
13130
13126
13124
13113
13118
13119
13122
13129
13132
13126
13128
13127
13127
13129
13129
13129
13129
13132
13137
13139
13136
13137
13138
13142
13136
13142
13140
13140
13138
13136
13138
13146
13145
13135
13136
13133
13134
13133
13136
13133
13130
13134
13140
13141
13137
13129
13130
13138
13139
13137
13144
13141
13146
13150
13144
13137
13138
13133
13135
13141
13138
13132
13130
13134
13134
13133
13136
13135
13135
13136
13133
13141
13130
13125
13128
13127
13126
13124
13125
13125
13130
13137
13136
13125
13127
13137
13131
13134
13133
13133
13136
13134
13132
13131
13127
13129
13131
13121
13122
13128
13123
13114
13124
13127
13124
13123
13131
13132
13137
13139
13138
13142
13134
13131
13129
13122
13127
13127
13139
13137
13138
13136
13133
13121
13125
13121
13122
13131
13131
13127
13133
13129
13128
13133
13127
13127
13138
13137
13135
13136
13135
13138
13138
13133
13127
13125
13132
13129
13135
13130
13126
13089
12967
12903
12868
12844
12828
12828
12830
12831
12844
12846
12867
12874
12894
12906
12918
12933
12946
12966
12974
12982
12993
13004
13007
13019
13035
13037
13042
13046
13056
13058
13058
13064
13072
13081
13090
13092
13092
13092
13094
13098
13090
13097
13098
13099
13101
13104
13104
13109
13115
13115
13120
13126
13135
13139
13135
13134
13137
13137
13141
13134
13132
13130
13124
13125
13127
13136
13132
13128
13131
13132
13135
13129
13134
13133
13144
13139
13149
13147
13147
13146
13135
13131
13128
13125
13132
13135
13139
13135
13134
13138
13137
13129
13130
13130
13132
13139
13137
13133
13137
13134
13131
13136
13124
13128
13138
13136
13139
13144
13142
13140
13139
13140
13138
13140
13139
13133
13137
13128
13128
13137
13132
13124
13130
13127
13129
13131
13136
13137
13139
13138
13140
13135
13138
13140
13140
13143
13148
13146
13147
13142
13138
13148
13142
13138
13140
13128
13128
13123
13130
13137
13135
13132
13126
13131
13133
13132
13129
13119
13121
13120
13124
13126
13138
13131
13125
13131
13138
13135
13139
13136
13147
13138
13139
13138
13137
13134
13126
13132
13136
13137
13131
13141
13138
13138
13140
13137
13140
13148
13150
13151
13141
13141
13136
13134
13138
13130
13130
13125
13128
13133
13128
13132
13135
13133
13147
13142
13140
13141
13147
13151
13156
13150
13148
13148
13138
13133
13136
13129
13135
13132
13128
13133
13130
13134
13138
13135
13138
13139
13142
13144
13147
13146
13141
13139
13132
13139
13142
13133
13129
13129
13134
