13136
13140
13139
13132
13133
13136
13133
13144
13132
13130
13135
13123
13124
13125
13119
13127
13124
13128
13128
13132
13135
13133
13132
13129
13129
13126
13123
13116
13127
13122
13123
13126
13127
13129
13137
13134
13143
13141
13136
13143
13147
13143
13147
13138
13133
13130
13134
13134
13137
13133
13134
13133
13132
13137
13129
13135
13137
13140
13142
13138
13136
13135
13137
13144
13146
13140
13139
13136
13143
13139
13133
13133
13128
13134
13140
13139
13135
13140
13136
13139
13133
13147
13150
13148
13149
13148
13149
13141
13132
13135
13142
13132
13133
13136
13132
13138
13137
13140
13141
13131
13135
13124
13134
13133
13128
13131
13129
13129
13142
13133
13130
13134
13133
13130
13132
13135
13131
13137
13139
13139
13142
13139
13143
13143
13147
13138
13131
13130
13127
13119
13128
13122
13121
13130
13132
13132
13127
13125
13125
13128
13128
13128
13127
13132
13129
13138
13139
13141
13145
13138
13136
13135
13132
13130
13135
13139
13139
13139
13138
13137
13135
13134
13129
13129
13134
13126
13124
13127
13120
13124
13133
13130
13127
13131
13131
13132
13141
13146
13145
13147
13149
13145
13141
13142
13138
13135
13132
13127
13133
13126
13127
13136
13138
13142
13135
13137
13138
13132
13124
13125
13125
13131
13131
13128
13134
13130
13135
13133
13128
13126
13126
13118
13120
13115
13116
13117
13121
13127
13128
13130
13138
13131
13127
13128
13133
13128
13127
13123
13128
13127
13127
13139
13137
13131
13131
13137
13132
13129
13130
13123
13118
13117
13116
13118
13118
13125
13127
13130
13126
13123
13131
13121
13126
13135
13128
13127
13127
13122
13115
13116
13121
13121
13125
13127
13126
13127
13133
13131
13140
13129
13138
13135
13122
13123
13118
13120
13120
13111
13115
13125
13123
13137
13137
13144
13147
13142
13140
13137
13130
13124
13128
13127
13125
13128
13123
13125
13132
13133
13129
13129
13130
13130
13136
13133
13130
13132
13125
13122
13133
13129
13129
13137
13134
13136
13136
13131
13128
13133
13144
13138
13137
13134
13131
13133
13129
13126
13126
13117
13122
13126
13127
13124
13125
13128
13129
13128
13133
13139
13131
13137
13137
13132
13140
13143
13138
13136
13133
13132
13142
13127
13123
13124
13129
13132
13129
13128
13134
13132
13137
13141
13139
13141
13143
13139
13144
13136
13133
13138
13133
13132
13134
13128
13126
13132
13142
13142
13146
13145
13144
13141
13150
13142
13134
13142
13138
13133
13134
13134
13145
13142
13142
13138
13136
13138
13133
13134
13129
13138
13132
13137
13130
13132
13131
13129
13135
13132
13137
13142
13140
13138
13143
13139
13138
13140
13136
13137
13136
13135
13138
13128
13132
13129
13134
13140
13138
13139
13140
13129
13134
13132
13127
13135
13137
13134
13125
13130
13129
13124
13124
13129
13122
13124
13134
13133
13134
13131
13131
13136
13131
13124
13130
13123
13133
13140
13138
13131
13137
13136
13132
13128
13134
13125
13136
13137
13137
13133
13135
13137
13142
13136
13130
13136
13134
13134
13130
13133
13139
13136
13140
13142
13135
13134
13130
13123
13124
13126
13127
13128
13126
13123
13131
13122
13122
13126
13124
13122
13124
13126
13132
13126
13133
13132
13129
13132
13013
12272
11612
10918
10288
9907
9748
9683
9724
9799
9936
10061
10230
10366
10537
10676
10830
10967
11110
11225
11355
11464
11578
11668
11773
11852
11943
12019
12091
12160
12217
12268
12328
12377
12436
12476
12522
12561
12597
12630
12662
12688
12711
12735
12764
12786
12808
12827
12844
12859
12873
12877
12905
12917
12931
12944
12955
12974
12990
12996
13011
13019
13022
13034
13040
13044
13053
13059
13067
13074
13076
13078
13074
13074
13072
13082
13082
13081
13085
13085
13080
13082
13084
13085
13093
13096
13099
13110
13110
13112
13115
13117
13118
13120
13118
13121
13112
13115
13116
13124
13132
13127
13127
13137
13129
13119
13122
13118
13120
13128
13123
13127
13132
13139
13135
13131
13128
13120
13129
13127
13125
13122
13115
13113
13119
13113
13114
13121
13129
13127
13134
13142
13135
13141
13139
13139
13136
13141
13141
13133
13145
13139
13143
13149
13136
13128
13137
13134
13124
13121
13117
13113
13111
13123
13128
13129
13140
13132
13141
13140
13137
13132
13140
13128
13135
13131
13130
13125
13136
13136
13137
13136
13135
13128
13130
13129
13131
13133
13137
13137
13142
13051
12943
12883
12837
12822
12813
12812
12824
12832
12845
12859
12871
12884
12903
12911
12932
12932
12951
12967
12975
12975
12997
13001
13014
13019
13032
13035
13046
13056
13060
13069
13075
13084
13083
13095
13088
13092
13097
13104
13103
13107
13110
13117
13118
13115
13121
13106
13112
13116
13113
13120
13118
13120
13117
13120
13119
13117
13116
13126
13132
13138
13131
13129
13131
13128
13126
13118
13115
13122
13117
13118
13134
13134
13133
13135
13133
13135
13131
13127
13129
13133
13128
13135
13122
13121
13132
13122
13125
13123
13122
13121
13131
13132
13132
13132
13135
13130
13141
13133
13134
13130
13133
13133
13132
13127
13128
13129
13127
13135
13132
13136
13140
13137
13143
13145
13140
13135
13132
13133
13135
13132
13133
13139
13137
13134
13149
13133
13131
13138
13134
13133
13131
13124
13131
13126
13132
13124
13127
13139
13134
13135
13132
13129
13136
13131
13127
13129
13132
13133
13127
13126
13126
13136
13132
13132
13127
13136
13140
13135
13137
13134
13137
13138
13127
13128
13138
13132
13129
13137
13134
13132
13134
13138
13135
13132
13133
13134
13141
13134
13131
13135
13128
13129
13134
13130
13131
13132
13133
13138
13133
13133
13130
13124
13134
13137
13128
13127
13126
13119
13115
13115
13107
13116
13119
13122
13130
13132
13125
13133
13132
13135
13142
13144
13135
13139
13134
13137
13137
13140
13136
13131
13131
13127
13131
13133
13133
13129
13129
13137
13138
13125
13131
13131
13126
13124
13119
13121
13125
13125
13136
13140
13130
13143
13141
13140
13146
13137
13140
13141
13142
13138
13141
13131
13139
13137
13146
13136
13141
13136
13139
13140
13139
13134
13137
13127
13126
13131
13132
13137
13134
13138
13143
13133
13135
13138
13133
13140
13138
13140
13133
13130
13124
13126
13127
13122
13132
13131
13134
13135
13134
13138
13143
13143
13145
13144
13149
13138
13133
13137
13130
13133
13134
13131
13131
13131
13134
13134
13133
13138
13144
13142
13144
13147
13136
13138
13132
13131
13139
13131
13137
13132
13134
13146
13144
13138
13146
13141
13144
13145
13147
13142
13143
13137
13141
13142
13145
13135
13130
13135
13139
13133
13122
13127
13135
13135
