13143
13140
13145
13135
13142
13144
13142
13140
13137
13140
13137
13131
13135
13134
13128
13131
13126
13125
13118
13113
13114
13119
13122
13127
13125
13126
13137
13127
13128
13140
13134
13134
13137
13137
13134
13132
13135
13129
13133
13136
13125
13135
13133
13134
13135
13132
13127
13132
13126
13128
13125
13122
13129
13133
13130
13134
13133
13140
13147
13147
13148
13140
13130
13133
13128
13124
13132
13124
13120
13124
13129
13129
13129
13135
13142
13145
13139
13136
13128
13129
13129
13123
13121
13126
13127
13122
13125
13125
13116
13119
13121
13119
13123
13123
13128
13132
13129
13141
13145
13150
13149
13143
13145
13140
13136
13136
13143
13132
13125
13133
13134
13130
13129
13126
13126
13130
13128
13124
13135
13146
13150
13149
13149
13146
13143
13140
13143
13141
13138
13130
13129
13132
13137
13136
13138
13143
13140
13141
13140
13134
13134
13137
13123
13131
13132
13128
13130
13130
13129
13134
13137
13138
13150
13141
13143
13139
13143
13136
13140
13136
13140
13135
13134
13137
13128
13132
13130
13136
13139
13138
13141
13141
13132
13135
13130
13137
13129
13138
13135
13133
13135
13138
13131
13137
13133
13129
13134
13129
13137
13134
13134
13133
13132
13129
13127
13134
13133
13137
13134
13133
13139
13145
13140
13136
13142
13138
13126
13134
13127
13124
13123
13125
13119
13120
13121
13134
13127
13135
13142
13144
13142
13142
13136
13145
13141
13137
13140
13133
13130
13132
13128
13125
13128
13123
13123
13120
13124
13129
13123
13125
13136
13133
13136
13133
13137
13128
13126
13127
13129
13134
13136
13135
13132
13128
13126
13125
13122
13127
13130
13128
13132
13133
13134
13139
13138
13139
13142
13137
13134
13138
13136
13136
13134
13133
13129
13130
13128
13129
13132
13132
13125
13127
13128
13127
13130
13126
13126
13134
13134
13135
13132
13129
13127
13124
13118
13123
13119
13122
13126
13123
13126
13121
13117
13130
13120
13120
13135
13129
13131
13143
13142
13144
13142
13143
13152
13152
13153
13147
13153
13144
13142
13136
13132
13123
13133
13128
13130
13130
13127
13126
13127
13131
13135
13137
13135
13139
13135
13137
13147
13147
13148
13139
13136
13143
13141
13136
13139
13130
13126
13131
13132
13127
13128
13130
13125
13126
13124
13127
13129
13139
13136
13138
13129
13124
13129
13124
13133
13135
13127
13132
13135
13144
13144
13142
13135
13136
13126
13130
13134
13131
13139
13131
13131
13131
13124
13118
13126
13130
13137
13134
13133
13132
13137
13134
13131
13135
13141
13139
13135
13145
13142
13141
13145
13139
13147
13138
13137
13140
13132
13128
13127
13129
13128
13133
13133
13145
13145
13148
13144
13138
13150
13145
13138
13140
13139
13130
13139
13137
13135
13132
13133
13137
13143
13138
13135
13137
13133
13124
13130
13136
13140
13142
13142
13141
13149
13146
13147
13149
13144
13147
13139
13137
13142
13134
13138
13140
13133
13139
13137
13135
13134
13134
13120
13129
13125
13128
13137
13129
13125
13125
13127
13127
13133
13137
13135
13132
13136
13124
13127
13134
13129
13139
13133
13136
13142
13133
13133
13131
13130
13133
13135
13140
13139
13137
13136
13138
13138
13133
13132
13133
13142
13147
13143
13138
13130
13132
13142
13130
12945
12244
11127
10292
9762
9467
9369
9349
9445
9509
9646
9779
9962
10117
10303
10452
10627
10757
10920
11052
11189
11302
11424
11493
11503
11531
11590
11650
11726
11788
11873
11933
12014
12077
12149
12211
12274
12320
12383
12423
12466
12507
12549
12575
12614
12640
12671
12696
12727
12747
12785
12809
12837
12855
12877
12894
12911
12914
12930
12937
12947
12960
12966
12976
12982
12991
12998
13006
13010
13014
13023
13036
13046
13048
13061
13077
13069
13074
13082
13083
13088
13090
13094
13095
13096
13099
13096
13097
13097
13106
13103
13102
13102
13105
13100
13101
13105
13112
13110
13110
13120
13127
13119
13124
13123
13116
13114
13116
13114
13115
13118
13116
13118
13117
13118
13126
13125
13126
13130
13127
13124
13130
13118
13121
13126
13132
13128
13124
13124
13122
13127
13131
13132
13131
13138
13134
13132
13132
13134
13134
13127
13131
13125
13136
13134
13137
13139
13145
13139
13138
13134
13130
13135
13132
13132
13145
13144
13138
13135
13133
13125
13132
13128
13133
13132
13137
13132
13141
13141
13140
13145
13147
13142
13143
13141
13136
13142
13134
13126
13131
13125
13121
13119
13117
13118
13125
13125
13128
13126
13130
13126
13128
13129
13132
13129
13138
13139
13137
13144
13141
13138
13145
13133
13135
13141
13139
13134
13130
13135
13127
13123
13132
13132
13128
13135
13130
13144
13142
13139
13144
13142
13138
13141
13133
13134
13141
13132
13132
13129
13128
13129
13127
13127
13126
13130
13130
13126
13125
13135
13133
13131
13131
13126
13126
13134
13138
13137
13140
13139
13131
13129
13124
13117
13118
13117
13125
13135
13130
13134
13130
13129
13131
13134
13130
13132
13135
13134
13133
13125
13131
13131
13129
13134
13137
13136
13140
13135
13128
13134
13132
13133
13133
13131
13123
13125
13126
13124
13123
13128
13134
13141
13137
13132
13133
13137
13135
13143
13140
13134
13138
13132
13133
13128
13126
13115
13122
13129
13138
13126
13130
13133
13126
13133
13135
13131
13133
13128
13130
13135
13128
13135
13135
13135
13136
13128
13131
13139
13142
13145
13137
13137
13140
13131
13129
13127
13128
13141
13137
13134
13134
13134
13134
13138
13136
13137
13134
13131
13131
13130
13133
13136
13131
13131
13129
13129
13132
13130
13125
13133
13136
13133
13140
13137
13136
13138
13139
13134
13133
13132
13130
13137
13140
13139
13135
13140
13138
13137
13131
13134
13132
13132
13130
13128
13128
13134
13141
13137
13140
13135
13137
13142
13139
13133
13135
13133
13140
13136
13135
13128
13137
13138
13136
13136
13139
13143
13143
13140
13142
13149
13137
13136
13138
13138
13132
13134
13130
13139
13129
13135
13134
13135
13141
13141
13139
13144
13146
13141
13146
13135
13142
13147
13147
13149
13149
13147
13153
13150
13140
13139
13132
13128
13132
13121
13120
13117
13127
13136
13139
13134
13130
13137
13138
13142
13143
13139
13133
13147
13136
13137
13137
13131
13137
13132
13138
13146
13148
13152
13147
13139
13138
13128
13124
13134
13131
13134
13135
13132
13133
13138
13130
13133
13132
13129
13129
13126
13137
13131
13131
13132
13129
13129
13129
13127
13124
13128
13124
13126
13124
13132
13131
13126
13128
13120
13129
13126
13124
13120
13126
13121
13132
13129
13121
13120
13115
13120
13123
13122
13123
13132
13127
13132
13133
