13132
13123
13121
13117
13117
13115
13114
13116
13116
13119
13121
13124
13125
13131
13133
13146
13147
13140
13148
13143
13146
13144
13137
13136
13134
13133
13124
13125
13122
13121
13129
13136
13138
13143
13141
13136
13141
13128
13134
13134
13125
13129
13133
13132
13135
13130
13134
13139
13132
13131
13126
13122
13134
13141
13138
13145
13146
13139
13148
13144
13132
13126
13128
13130
13138
13133
13140
13138
13135
13139
13132
13133
13132
13133
13139
13138
13141
13138
13138
13146
13157
13142
13140
13138
13133
13136
13132
13134
13127
13130
13139
13133
13132
13130
13130
13132
13131
13132
13133
13127
13123
13132
13126
13130
13130
13124
13124
13121
13127
13130
13127
13127
13137
13138
13136
13139
13144
13138
13138
13147
13152
13151
13143
13142
13146
13147
13145
13145
13141
13146
13137
13136
13134
13130
13129
13138
13129
13127
13136
13132
13134
13136
13135
13136
13137
13134
13138
13135
13134
13126
13128
13137
13134
13142
13143
13140
13151
13146
13141
13141
13134
13127
13132
13140
13141
13140
13139
13135
13135
13135
13137
13134
13138
13134
13136
13137
13134
13123
13128
13122
13126
13122
13120
13117
13124
13119
13122
13125
13128
13131
13133
13135
13132
13134
13131
13123
13127
13128
13131
13136
13136
13146
13146
13144
13140
13140
13135
13133
13143
13140
13140
13134
13132
13133
13134
13136
13129
13125
13142
13143
13140
13138
13139
13141
13146
13147
13149
13143
13151
13149
13151
13147
13145
13139
13134
13139
13152
13138
13128
13131
13130
13130
13130
13126
13133
13131
13137
13147
13142
13138
13138
13127
13130
13134
13124
13131
13125
13122
13132
13124
13122
13131
13131
13138
13145
13144
13145
13139
13140
13138
13142
13138
13135
13129
13131
13135
13138
13130
13129
13139
13140
13138
13139
13133
13142
13145
13143
13143
13143
13146
13151
13139
13149
13142
13143
13145
13144
13141
13141
13139
13141
13147
13145
13148
13152
13153
13151
13150
13151
13148
13143
13147
13144
13133
13134
13134
13130
13129
13126
13126
13130
13127
13124
13121
13125
13127
13129
13133
13129
13139
13150
13151
13146
13147
13144
13152
13145
13135
13136
13126
13132
13134
13122
13118
13122
13125
13126
13138
13138
13132
13138
13137
13135
13136
13134
13134
13145
13137
13140
13138
13136
13128
13128
13123
13135
13133
13141
13138
13136
13139
13140
13139
13135
13130
13131
13141
13135
13134
13139
13140
13137
13140
13128
13133
13132
13135
13139
13143
13144
13139
13144
13144
13144
13139
13138
13131
13131
13123
13118
13121
13112
13114
13122
13119
13126
13123
13126
13132
13127
13136
13139
13138
13137
13136
13137
13133
13130
13134
13148
13145
13146
13143
13140
13136
13140
13134
13134
13128
13124
13121
13127
13125
13126
13127
13131
13138
13150
13140
13138
13139
13140
13140
13141
13143
13143
13138
13141
13140
13132
13135
13132
13127
13125
13124
13122
13133
13131
13135
13147
13148
13151
13155
13144
13144
13153
13153
13147
13145
13144
13145
13141
13144
13134
13139
13132
13128
13133
13123
13125
13133
13142
13142
13144
13144
13142
13140
13137
13137
13137
13131
13142
13134
13136
13123
13130
13142
13133
13127
13129
13119
13111
13125
13125
13125
12945
12332
11682
11283
11069
10954
10936
10955
11023
11089
11189
11275
11385
11471
11576
11667
11767
11847
11875
11870
11908
11944
12003
12057
12119
12178
12233
12277
12329
12371
12418
12466
12513
12539
12582
12612
12651
12680
12707
12726
12759
12780
12802
12817
12841
12852
12875
12895
12910
12929
12944
12960
12982
12989
12998
13004
13010
13010
13010
13015
13021
13029
13035
13043
13045
13051
13063
13069
13069
13073
13067
13075
13076
13082
13088
13091
13099
13101
13101
13102
13102
13098
13095
13094
13089
13096
13096
13098
13095
13098
13102
13109
13108
13109
13121
13131
13130
13135
13129
13130
13127
13128
13125
13126
13124
13132
13134
13128
13127
13122
13128
13125
13126
13125
13130
13132
13133
13138
13130
13129
13123
13126
13126
13131
13129
13131
13137
13149
13142
13141
13151
13142
13149
13143
13147
13154
13145
13145
13140
13142
13141
13136
13126
13132
13126
13129
13119
13115
13118
13123
13116
13128
13127
13126
13131
13123
13119
13128
13125
13127
13129
13128
13126
13127
13134
13129
13126
13137
13131
13135
13140
13136
13137
13132
13136
13141
13141
13137
13141
13137
13142
13138
13134
13139
13137
13138
13141
13133
13135
13129
13122
13127
13129
13132
13140
13138
13135
13138
13136
13129
13130
13127
13121
13120
13126
13123
13129
13132
13127
13128
13122
13122
13129
13120
13124
13127
13124
13127
13128
13121
13119
13116
13118
13121
13115
13119
13126
13126
13130
13133
13136
13137
13133
13135
13141
13135
13133
13140
13144
13140
13138
13134
13137
13140
13134
13121
13122
13129
13125
13129
13127
13126
13135
13137
13130
13131
13127
13121
13123
13125
13128
13131
13133
13138
13139
13141
13150
13149
13151
13143
13145
13142
13138
13130
13136
13130
13128
13133
13136
13132
13133
13129
13133
13133
13134
13134
13136
13136
13144
13145
13137
13142
13147
13138
13137
13140
13145
13141
13139
13141
13147
13150
13154
13149
13146
13143
13139
13133
13135
13138
13133
13148
13141
13142
13149
13147
13146
13149
13146
13145
13152
13143
13146
13137
13138
13133
13133
13139
13134
13133
13133
13124
13127
13124
13131
13133
13135
13135
13129
13132
13134
13142
13140
13140
13134
13142
13145
13145
13149
13140
13144
13146
13142
13130
13139
13132
13128
13126
13133
13132
13136
13140
13143
13142
13141
13136
13136
13138
13133
13133
13126
13122
13131
13124
13135
13138
13130
13129
13134
13132
13133
13129
13121
13128
13128
13129
13135
13128
13132
13133
13128
13132
13134
13135
13141
13134
13138
13137
13133
13132
13133
13129
13125
13125
13130
13125
13131
13136
13137
13135
13143
13138
13147
13139
13138
13138
13136
13137
13142
13140
13140
13138
13144
13142
13136
13138
13136
13126
13126
13131
13128
13132
13128
13121
13130
13124
13126
13128
13132
13134
13140
13139
13142
13143
13147
13141
13140
13146
13147
13143
13145
13148
13151
13148
13139
13136
13127
13122
13122
13121
13123
13123
13119
13122
13122
13115
13124
13128
13135
13132
13139
13144
13137
13136
13147
13143
13139
13143
13138
13131
13131
13132
13134
13130
13128
13126
13125
13129
13131
13131
13124
13121
13137
13132
13130
13136
13125
13133
13126
13131
13122
13126
13129
13132
13133
13141
13151
13150
13150
13153
13157
13156
13148
13142
13152
13149
13138
13137
13132
13135
13134
13132
13135
13136
13134
13122
