13142
13145
13136
13139
13136
13140
13135
13133
13127
13138
13137
13139
13138
13133
13137
13144
13140
13136
13138
13133
13133
13138
13136
13132
13132
13134
13132
13131
13131
13129
13135
13143
13139
13135
13138
13140
13138
13133
13136
13140
13134
13147
13143
13143
13144
13135
13139
13141
13137
13138
13143
13147
13151
13147
13144
13146
13142
13135
13139
13138
13134
13135
13133
13136
13139
13137
13134
13125
13128
13126
13129
13126
13124
13130
13136
13136
13143
13130
13125
13129
13127
13126
13120
13124
13120
13118
13112
13118
13122
13127
13136
13136
13138
13139
13131
13127
13122
13119
13125
13128
13129
13132
13128
13130
13133
13133
13138
13140
13145
13145
13147
13137
13142
13142
13141
13140
13141
13140
13142
13147
13147
13142
13140
13136
13132
13135
13134
13132
13123
13129
13131
13126
13124
13129
13125
13134
13137
13128
13139
13132
13128
13125
13125
13130
13129
13124
13129
13128
13135
13127
13133
13134
13139
13141
13136
13137
13149
13139
13139
13139
13140
13139
13133
13137
13140
13144
13144
13140
13138
13135
13136
13131
13135
13138
13144
13141
13138
13133
13143
13140
13142
13153
13145
13148
13154
13152
13146
13147
13144
13143
13140
13139
13142
13140
13141
13138
13139
13135
13137
13138
13137
13134
13135
13134
13136
13139
13135
13140
13132
13138
13143
13137
13138
13140
13140
13140
13133
13134
13137
13131
13138
13147
13145
13143
13142
13146
13153
13155
13138
13006
12930
12872
12839
12828
12823
12819
12829
12841
12857
12874
12892
12903
12917
12929
12940
12950
12957
12964
12969
12985
12999
13005
13015
13017
13019
13033
13038
13039
13050
13059
13062
13074
13071
13077
13077
13078
13090
13093
13093
13095
13091
13099
13102
13104
13114
13106
13112
13103
13105
13109
13105
13108
13105
13107
13102
13104
13096
13099
13095
13106
13109
13115
13118
13125
13123
13138
13136
13135
13140
13133
13138
13143
13135
13138
13138
13135
13135
13138
13142
13139
13139
13134
13133
13135
13128
13123
13125
13122
13121
13117
13124
13126
13127
13125
13127
13125
13133
13134
13118
13129
13126
13116
13124
13124
13119
13123
13123
13120
13128
13128
13122
13125
13118
13121
13129
13129
13133
13136
13140
13136
13131
13135
13133
13137
13132
13134
13143
13136
13142
13142
13144
13132
13127
13125
13125
13125
13121
13132
13124
13129
13129
13131
13130
13130
13129
13132
13130
13126
13129
13125
13131
13138
13131
13133
13138
13136
13137
13138
13136
13138
13142
13143
13139
13137
13133
13128
13131
13119
13120
13129
13120
13128
13133
13131
13132
13128
13121
13122
13121
13130
13132
13126
13129
13142
13147
13146
13144
13141
13149
13147
13140
13145
13143
13142
13138
13137
13128
13129
13128
13129
13129
13130
13129
13130
13137
13135
13137
13133
13130
13134
13136
13136
13134
13135
13134
13133
13138
13140
13131
13133
13136
13138
13132
13130
13134
13143
13138
13140
13151
13145
13148
13148
13139
13137
13134
13137
13132
13136
13132
13124
13134
13135
13135
13143
13140
13137
13136
13136
13134
13143
13136
13133
13124
13129
13132
13134
13138
13143
13137
13137
13141
13139
13135
13132
13131
13138
13135
13131
13137
13136
13132
13142
13137
13134
13130
13138
13137
13141
12858
11830
10978
10233
9642
9144
8926
8827
8883
8972
9134
9286
9496
9676
9887
10067
10260
10428
10608
10762
10921
11056
11194
11250
11292
11345
11421
11493
11582
11655
11749
11816
11902
11919
11886
11893
11926
11967
12031
12082
12141
12186
12241
12293
12344
12387
12432
12465
12522
12552
12596
12627
12660
12689
12720
12744
12767
12791
12817
12838
12849
12865
12884
12896
12919
12932
12938
12962
12965
12972
12987
12988
12991
13006
13010
13023
13032
13042
13047
13064
13054
13058
13063
13069
13068
13072
13070
13081
13092
13091
13089
13095
13092
13098
13091
13097
13100
13101
13104
13112
13106
13112
13116
13115
13115
13117
13112
13116
13115
13114
13113
13110
13123
13129
13119
13123
13125
13128
13125
13130
13124
13125
13137
13135
13124
13125
13136
13132
13138
13138
13137
13139
13127
13132
13126
13132
13135
13137
13133
13140
13137
13138
13140
13132
13136
13137
13132
13132
13132
13130
13142
13130
13127
13129
13124
13120
13123
13125
13119
13129
13127
13134
13137
13137
13137
13141
13145
13147
13149
13138
13139
13147
13145
13150
13143
13137
13131
13138
13130
13133
13121
13134
13131
13138
13133
13139
13140
13145
13142
13137
13144
13139
13135
13139
13134
13132
13127
13127
13128
13128
13130
13124
13128
13124
13123
13131
13126
13122
13125
13124
13127
13126
13125
13125
13122
13124
13124
13123
13122
13122
13116
13125
13130
13129
13136
13133
13135
13139
13145
13139
13142
13134
13126
13124
13125
13123
13120
13120
13121
13118
13122
13124
13126
13136
13139
13133
13139
13133
13132
13133
13130
13132
13133
13131
13134
13135
13131
13138
13142
13138
13135
13135
13134
13128
13135
13135
13139
13142
13138
13134
13146
13134
13135
13135
13128
13132
13127
13124
13126
13127
13136
13127
13132
13138
13141
13144
13141
13140
13150
13141
13139
13140
13141
13139
13138
13147
13149
13150
13146
13148
13135
13133
13135
13134
13145
13143
13136
13132
13136
13137
13148
13134
13133
13136
13143
13145
13150
13153
13153
13148
13153
13151
13159
13160
13155
13145
13142
13133
13127
13123
13123
13125
13136
13142
13143
13144
13144
13147
13145
13143
13138
13135
13133
13132
13141
13139
13138
13140
13137
13142
13145
13146
13141
13143
13143
13144
13144
13142
13142
13143
13144
13141
13141
13141
13138
13138
13137
13131
13131
13126
13137
13131
13131
13136
13129
13133
13135
13128
13133
13135
13133
13133
13139
13137
13139
13142
13143
13152
13145
13140
13149
13133
13132
13141
13134
13134
13137
13135
13135
13141
13148
13141
13143
13141
13141
13144
13146
13140
13152
13147
13145
13144
13138
13138
13135
13136
13142
13137
13136
13141
13136
13139
13139
13135
13131
13135
13134
13137
13136
13132
13140
13134
13124
13130
13129
13135
13133
13136
13141
13143
13144
13144
13145
13151
13147
13139
13138
13135
13137
13133
13132
13136
13141
13135
13130
13131
13132
13134
13135
13132
13130
13132
13139
13137
13133
13134
13134
13137
13131
13128
13130
13123
13119
13127
13124
13125
13129
13129
13130
13135
13140
13137
13137
13145
13145
13145
13142
13138
13141
13123
13123
13120
13123
13122
13122
13128
13129
13134
13131
13135
13134
13130
13132
13134
13141
13145
13145
13142
13141
13140
13142
13138
13138
13138
13130
13127
13134
13135
13144
13143
13139
13139
