13139
13142
13141
13143
13145
13133
13128
13133
13131
13134
13128
13128
13134
13128
13123
13129
13128
13132
13135
13140
13144
13138
13135
13144
13131
13123
13136
13128
13128
13132
13127
13119
13125
13131
13131
13135
13139
13130
13143
13138
13134
13132
13129
13129
13132
13130
13129
13126
13120
13129
13121
13128
13123
13122
13115
13127
13123
13117
13122
13119
13118
13120
13121
13127
13133
13128
13132
13132
13135
13141
13146
13149
13155
13151
13151
13144
13139
13135
13135
13136
13133
13135
13140
13133
13132
13128
13120
13128
13130
13123
13120
13127
13127
13128
13127
13138
13138
13137
13132
13133
13133
13137
13132
13140
13137
13129
13134
13132
13128
13135
13136
13139
13137
13140
13143
13138
13137
13133
13133
13143
13137
13135
13133
13132
13138
13133
13132
13134
13136
13134
13128
13131
13124
13125
13139
13139
13137
13138
13141
13136
13131
13130
13129
13133
13132
13121
13126
13127
13123
13135
13129
13131
13132
13139
13128
13129
13131
13132
13132
13140
13133
13136
13136
13135
13139
13137
13132
13132
13130
13134
13124
13128
13131
13130
13126
13124
13121
13128
13129
13130
13131
13127
13130
13136
13133
13130
13139
13137
13137
13136
13129
13124
13132
13129
13132
13133
13137
13130
13138
13134
13136
13131
13129
13134
13136
13134
13134
13135
13140
13137
13138
13134
13141
13134
13133
13137
13134
13130
13127
13121
13125
13126
13130
13138
13138
13136
13143
13138
13143
13144
13138
13135
13130
13130
13129
13127
13132
13129
13128
13131
13134
13139
13136
13132
13135
13133
13138
13139
13130
13134
13127
13125
13120
13127
13136
13141
13140
13138
13135
13132
13132
13135
13129
13131
13133
13133
13139
13134
13131
13131
13129
13122
13126
13128
13127
13127
13126
13125
13128
13131
13130
13127
13124
13129
13130
13132
13129
13128
13131
13134
13134
13131
13127
13132
13129
13137
13124
13128
13132
13132
13142
13147
13149
13153
13143
13141
13147
13136
13137
13136
13139
13138
13142
13148
13142
13137
13132
13130
13124
13121
13126
13136
13136
13134
13144
13139
13141
13141
13144
13148
13142
13136
13134
13137
13140
13144
13135
13136
13151
13145
13145
13146
13149
13147
13142
13134
13140
13138
13129
13131
13126
13124
13124
13124
13126
13122
13128
13126
13127
13126
13127
13131
13127
13131
13131
13131
13126
13133
13128
13128
13121
13126
13123
13126
13128
13136
13126
13126
13128
13123
13131
13129
13121
13125
13118
13125
13125
13122
13119
13128
13125
13131
13126
13132
13132
13127
13135
13131
13125
13132
13133
13137
13140
13135
13150
13150
13153
13149
13142
13135
13134
13129
13131
13137
13136
13145
13141
13140
13137
13128
13129
13134
13131
13138
13134
13129
13124
13119
13118
13124
13123
13127
13129
13122
13126
13124
13120
13115
13113
13116
13116
13122
13119
13123
13127
13131
13131
13131
13127
13137
13132
13138
13138
13138
13139
13140
13133
13140
13139
13136
13137
13139
13141
13147
13144
13136
13133
13127
13129
13131
13130
13131
13131
13136
13137
13136
13135
13138
13139
13148
13148
13150
13155
13153
13158
13153
13148
13144
13141
13132
13128
13122
13129
13129
13131
13135
13122
13129
13133
13126
13126
13133
13129
13140
13140
13133
12935
12704
12334
11874
11543
11276
11083
10991
10985
11009
11084
11145
11247
11330
11443
11530
11631
11711
11814
11886
11976
12043
12120
12188
12252
12310
12360
12406
12451
12490
12526
12556
12592
12624
12657
12684
12722
12757
12785
12808
12834
12845
12856
12880
12891
12910
12923
12928
12941
12957
12969
12974
12991
13002
13009
13022
13025
13026
13038
13042
13042
13049
13049
13063
13063
13069
13071
13081
13082
13091
13083
13092
13095
13096
13103
13102
13103
13107
13104
13101
13107
13110
13110
13117
13112
13112
13114
13117
13116
13115
13117
13116
13112
13115
13120
13126
13124
13121
13125
13116
13111
13115
13114
13105
13113
13117
13121
13118
13117
13116
13109
13112
13115
13110
13110
13122
13120
13129
13134
13129
13142
13136
13129
13135
13136
13137
13140
13138
13140
13133
13131
13129
13132
13127
13122
13129
13126
13126
13134
13130
13126
13125
13126
13128
13124
13130
13134
13133
13144
13146
13146
13143
13143
13139
13143
13142
13139
13140
13126
13125
13132
13125
13128
13136
13139
13144
13146
13144
13142
13136
13135
13137
13142
13142
13140
13138
13136
13133
13136
13128
13130
13127
13126
13132
13129
13132
13134
13138
13134
13135
13137
13139
13147
13140
13140
13146
13140
13147
13144
13140
13142
13133
13134
13140
13139
13130
13127
13135
13133
13133
13131
13132
13134
13132
13137
13132
13130
13131
13137
13131
13132
13136
13136
13136
13126
13126
13129
13124
13125
13131
13126
13128
13132
13126
13122
13124
13125
13132
13126
13123
13133
13127
13126
13130
13125
13127
13135
13137
13134
13129
13130
13128
13123
13131
13129
13137
13134
13137
13145
13140
13134
13142
13143
13144
13141
13137
13135
13132
13130
13128
13127
13126
13131
13134
13132
13130
13126
13141
13135
13133
13144
13138
13135
13139
13146
13154
13146
13142
13148
13148
13147
13150
13158
13154
13149
13145
13139
13140
13142
13138
13133
13137
13134
13131
13128
13121
13127
13127
13135
13136
13131
13137
13139
13138
13140
13142
13143
13144
13142
13140
13146
13137
13135
13131
13129
13133
13131
13132
13138
13140
13141
13137
13132
13138
13134
13136
13132
13136
13134
13132
13131
13142
13140
13139
13139
13140
13140
13138
13137
13139
13132
13137
13142
13144
13145
13139
13138
13145
13138
13133
13146
13144
13150
13154
13151
13155
13153
13146
13137
13143
13143
13138
13139
13136
13135
13138
13133
13127
13132
13126
13131
13133
13128
13131
13130
13137
13137
13138
13141
13143
13138
13139
13143
13135
13135
13134
13138
13141
13142
13144
13156
13154
13145
13140
13144
13147
13147
13136
13136
13135
13136
13135
13138
13139
13145
13147
13138
13137
13139
13129
13132
13133
13128
13136
13137
13138
13143
13146
13143
13146
13139
13140
13140
13137
13134
13139
13132
13136
13133
13126
13137
13132
13130
13137
13140
13137
13137
13136
13139
13125
13130
13118
13127
13129
13132
13133
13130
13125
13130
13124
13124
13134
13128
13126
13129
13127
13132
13137
13131
13132
13130
13141
13145
13144
13144
13139
13139
13143
13140
13136
13147
13138
13144
13145
13141
13138
13138
13135
13136
13142
13138
13127
13132
13130
13134
13136
13128
13129
13141
13136
13133
13132
13124
13126
13134
13136
13136
13140
13141
13144
13146
13140
13144
13143
13142
13149
13147
13153
13147
13140
13142
13134
13124
13126
