13135
13130
13131
13131
13128
13134
13126
13132
13137
13143
13147
13141
13147
13138
13147
13141
13146
13149
13144
13141
13149
13143
13144
13144
13144
13144
13137
13141
13142
13141
13105
12973
12898
12853
12828
12819
12818
12821
12831
12848
12863
12868
12892
12902
12912
12927
12937
12948
12966
12967
12982
12993
13003
13019
13032
13044
13045
13046
13048
13056
13067
13065
13061
13075
13079
13090
13082
13085
13081
13083
13088
13094
13095
13098
13097
13096
13100
13107
13101
13103
13103
13100
13109
13108
13117
13130
13134
13135
13135
13132
13134
13130
13129
13130
13131
13135
13129
13129
13125
13117
13126
13120
13118
13116
13116
13119
13114
13118
13126
13120
13123
13127
13121
13120
13126
13123
13120
13124
13123
13132
13134
13125
13126
13122
13116
13124
13130
13131
13124
13125
13122
13123
13126
13119
13124
13128
13127
13133
13130
13131
13131
13125
13129
13133
13126
13123
13131
13126
13124
13129
13121
13122
13117
13121
13127
13130
13137
13133
13139
13143
13132
13128
13136
13133
13141
13148
13138
13138
13146
13151
13144
13146
13145
13136
13140
13140
13131
13128
13134
13134
13141
13137
13134
13127
13128
13126
13139
13140
13142
13138
13134
13138
13130
13133
13134
13128
13128
13130
13132
13131
13130
13129
13130
13132
13137
13136
13134
13137
13134
13136
13135
13138
13141
13139
13137
13142
13146
13141
13135
13141
13143
13142
13146
13146
13139
13133
13129
13134
13130
13131
13132
13133
13139
13140
13146
13148
13150
13154
13146
13143
13137
13131
13135
13124
13124
13127
13128
13130
13130
13136
13134
13138
13142
13134
13137
13136
13130
13134
13135
13136
13068
12948
12878
12830
12811
12804
12805
12812
12829
12843
12860
12881
12885
12906
12921
12933
12953
12960
12970
12987
12993
13003
13008
13015
13018
13033
13037
13038
13043
13047
13053
13063
13064
13063
13070
13077
13076
13085
13089
13089
13099
13098
13096
13101
13103
13103
13111
13116
13115
13114
13110
13115
13111
13115
13118
13120
13130
13126
13126
13120
13126
13132
13136
13130
13127
13135
13127
13132
13129
13128
13127
13127
13128
13120
13128
13132
13132
13133
13135
13137
13143
13139
13143
13147
13144
13139
13144
13148
13150
13139
13139
13139
13134
13143
13142
13144
13149
13145
13150
13149
13138
13144
13146
13138
13131
13131
13127
13122
13123
13126
13124
13130
13124
13124
13120
13127
13133
13139
13135
13136
13139
13133
13136
13140
13139
13137
13134
13136
13132
13130
13125
13131
13126
13129
13120
13121
13114
13121
13127
13133
13133
13135
13139
13138
13138
13141
13145
13136
13134
13142
13137
13136
13144
13139
13142
13142
13149
13140
13140
13138
13143
13140
13141
13138
13139
13136
13134
13134
13135
13135
13130
13138
13129
13129
13129
13135
13139
13142
13133
13141
13131
13125
13136
13121
13113
13119
13112
13121
13131
13126
13136
13138
13135
13132
13132
13130
13128
13130
13130
13127
13134
13132
13135
13140
13137
13140
13135
13136
13133
13139
13138
13138
13132
13139
13146
13143
13149
13148
13141
13139
13142
13135
13136
13128
13130
13137
13128
13134
13134
13131
13134
13132
13126
13122
13125
13124
13126
13126
13121
13122
13131
13131
13136
13136
13139
13142
13139
12817
12322
11859
11397
10980
10517
10227
10124
10082
10133
10210
10335
10454
10597
10720
10875
11002
11139
11203
11274
11338
11429
11517
11611
11689
11777
11848
11936
12001
12070
12132
12195
12247
12298
12353
12409
12446
12497
12539
12584
12625
12655
12681
12713
12737
12755
12781
12799
12816
12830
12854
12869
12892
12912
12929
12953
12958
12969
12979
12983
12988
12996
13008
13016
13036
13039
13040
13043
13045
13051
13057
13060
13066
13074
13071
13070
13087
13090
13088
13080
13084
13090
13091
13091
13099
13098
13106
13108
13109
13113
13114
13106
13109
13113
13110
13117
13109
13114
13127
13123
13122
13124
13131
13124
13126
13135
13138
13138
13142
13139
13132
13131
13123
13123
13117
13118
13125
13119
13125
13119
13118
13122
13131
13122
13129
13117
13125
13119
13118
13128
13130
13127
13135
13132
13132
13134
13134
13129
13137
13134
13139
13143
13142
13136
13137
13138
13136
13138
13143
13134
13137
13134
13131
13137
13132
13131
13133
13129
13127
13128
13133
13134
13135
13128
13135
13125
13134
13142
13137
13138
13136
13135
13137
13142
13130
13128
13129
13124
13124
13125
13129
13133
13132
13126
13130
13133
13134
13137
13147
13147
13152
13153
13150
13148
13146
13142
13155
13158
13157
13147
13143
13144
13142
13142
13152
13139
13143
13148
13146
13139
13145
13141
13141
13132
13130
13140
13132
13127
13134
13131
13132
13126
13126
13124
13125
13123
13117
13117
13118
13110
13117
13116
13111
13112
13108
13113
13119
13120
13131
13126
13133
13137
13135
13128
13128
13120
13127
13133
13128
13129
13136
13139
13146
13137
13137
13143
13146
13145
13146
13136
13137
13137
13132
13129
13137
13139
13138
13143
13140
13145
13141
13137
13137
13142
13138
13136
13131
13130
13128
13131
13128
13124
13123
13123
13128
13125
13137
13134
13128
13126
13124
13126
13137
13133
13139
13151
13147
13141
13139
13131
13130
13134
13128
13129
13131
13127
13130
13138
13141
13134
13134
13129
13132
13133
13137
13133
13144
13140
13141
13143
13144
13148
13146
13140
13143
13145
13154
13144
13141
13142
13147
13146
13149
13139
13137
13149
13142
13142
13142
13138
13133
13134
13125
13126
13131
13129
13141
13139
13138
13131
13139
13141
13140
13141
13135
13132
13136
13137
13147
13136
13145
13144
13138
13136
13137
13129
13132
13138
13140
13147
13147
13141
13143
13145
13137
13145
13147
13143
13140
13142
13145
13143
13147
13144
13141
13145
13141
13148
13147
13146
13146
13145
13139
13139
13135
13131
13136
13134
13141
13135
13137
13142
13138
13141
13142
13132
13137
13131
13130
13127
13129
13132
13131
13129
13128
13142
13135
13131
13139
13136
13139
13147
13145
13141
13149
13148
13148
13145
13144
13142
13141
13150
13141
13146
13142
13133
13135
13131
13136
13138
13142
13149
13138
13142
13141
13132
13132
13130
13127
13134
13134
13129
13131
13123
13126
13136
13130
13134
13129
13132
13137
13133
13139
13138
13135
13139
13138
13129
13135
13134
13135
13127
13125
13129
13126
13132
13133
13134
13128
13125
13136
13142
13138
13138
13141
13129
13128
13123
13125
13122
13123
13128
13127
13126
13126
13128
13122
13128
13122
13117
13119
13123
13133
13133
13134
13134
13127
13132
13133
13137
13136
13146
13140
13144
13135
13126
13129
13119
13119
13123
13124
13118
13123
