13136
13133
13133
13129
13132
13122
13121
13122
13130
13133
13138
13139
13142
13128
13130
13137
13138
13137
13134
13139
13136
13134
13133
13134
13128
13136
13134
13127
13133
13136
13135
13134
13136
13128
13138
13134
13137
13139
13147
13145
13142
13140
13142
13135
13132
13122
13127
13130
13124
13127
13125
13124
13129
13127
13131
13140
13133
13139
13138
13138
13134
13128
13129
13131
13132
13137
13136
13135
13129
13136
13138
13145
13139
13132
13139
13129
13130
13131
13135
13140
13152
13152
13150
13151
13145
13144
13145
13144
13144
13146
13136
13134
13138
13127
13129
13125
13122
13126
13132
13134
13128
13122
13121
13128
13119
13129
13134
13128
13135
13143
13142
13140
13134
13124
13136
13134
13139
13140
13142
13148
13151
13151
13146
13147
13149
13140
13143
13144
13144
13147
13151
13139
13143
13143
13144
13139
13137
13146
13150
13151
13148
13147
13148
13142
13134
13137
13134
13126
13121
13120
13114
13128
13126
13129
13141
13137
13141
13146
13138
13143
13152
13149
13143
13147
13154
13150
13147
13151
13143
13144
13135
13132
13132
13128
13130
13129
13126
13125
13127
13126
13127
13132
13130
13134
13128
13140
13147
13140
13148
13144
13139
13141
13133
13130
13138
13129
13125
13128
13130
13138
13137
13139
13144
13147
13146
13149
13145
13144
13136
13137
13134
13130
13131
13132
13129
13131
13130
13132
13130
13132
13136
13135
13131
13137
13135
13138
13141
13141
13147
13145
13145
13145
13136
13133
13138
13137
13134
13139
13132
13131
13122
13122
13117
13124
13127
13125
13131
13126
13127
13127
13128
13128
13132
13131
13131
13133
13124
13126
13125
13131
13132
13144
13141
13141
13134
13135
13133
13124
13126
13131
13129
13133
13132
13127
13137
13131
13133
13138
13134
13131
13129
13132
13130
13125
13136
13130
13129
13133
13132
13132
13129
13130
13132
13133
13131
13136
13134
13136
13137
13138
13133
13132
13134
13131
13122
13118
13120
13127
13132
13138
13133
13129
13132
13133
13135
13120
13126
13129
13122
13124
13126
13131
13129
13136
13132
13132
13132
13136
13133
13138
13140
13136
13144
13142
13140
13140
13140
13142
13142
13142
13138
13141
13140
13147
13142
13135
13132
13126
13131
13128
13129
13136
13132
13131
13139
13129
13133
13137
13137
13149
13145
13140
13138
13140
13141
13137
13131
13136
13137
13138
13141
13139
13135
13132
13129
13129
13130
13134
13141
13143
13145
13149
13149
13150
13140
13143
13148
13148
13148
13148
13141
13149
13146
13139
13142
13136
13134
13137
13128
13131
13133
13126
13130
13133
13135
13134
13133
13134
13134
13130
13129
13133
13151
13142
13139
13141
13138
13138
13134
13143
13138
13134
13133
13132
13124
13135
13137
13135
13134
13134
13132
13139
13140
13137
13144
13130
13128
13136
13138
13140
13139
13140
13139
13138
13129
13135
13133
13132
13133
13132
13137
13138
13143
13140
13134
13144
13140
13144
13134
13136
13135
13134
13135
13135
13131
13136
13134
13137
13127
13126
13132
13135
13132
13132
13139
13127
13137
13142
13138
13139
13147
13146
13144
13145
13148
13139
13132
13135
13132
13139
13137
13138
13145
13136
13141
13144
13141
13133
13131
13135
13135
13135
13139
13138
13130
13138
13137
13132
12950
12366
11977
11558
11225
11036
10973
10951
11004
11054
11145
11229
11335
11432
11541
11631
11737
11813
11903
11976
12062
12125
12195
12252
12319
12354
12400
12442
12485
12520
12558
12588
12629
12659
12689
12716
12737
12770
12798
12750
12669
12625
12601
12599
12610
12611
12636
12657
12684
12712
12734
12755
12780
12799
12823
12842
12867
12886
12900
12897
12809
12763
12737
12723
12733
12736
12759
12773
12800
12811
12824
12842
12864
12871
12892
12908
12922
12938
12955
12963
12981
12992
12993
12999
13001
13006
13027
13022
13033
13044
13045
13055
13066
13071
13076
13079
13080
13083
13087
13083
13080
13090
13090
13087
13096
13096
13094
13092
13098
13100
13107
13109
13119
13119
13118
13123
13116
13118
13119
13125
13128
13133
13133
13137
13126
13118
13122
13117
13123
13137
13137
13141
13146
13143
13147
13140
13139
13138
13131
13134
13132
13132
13134
13135
13141
13132
13125
13131
13125
13128
13127
13135
13137
13139
13143
13146
13140
13146
13144
13141
13146
13145
13146
13153
13149
13142
13143
13131
13127
13133
13132
13122
13132
13134
13143
13138
13139
13139
13145
13139
13141
13137
13137
13132
13147
13137
13137
13142
13148
13147
13149
13145
13145
13140
13133
13131
13122
13124
13126
13126
13132
13135
13132
13137
13142
13137
13145
13145
13138
13138
13137
13126
13123
13117
13128
13122
13125
13127
13129
13129
13122
13123
13123
13119
13129
13125
13127
13130
13133
13138
13137
13140
13141
13139
13142
13138
13129
13132
13127
13124
13131
13128
13126
13125
13126
13123
13133
13133
13134
13139
13127
13134
13141
13139
13136
13132
13135
13134
13141
13141
13129
13124
13126
13120
13125
13118
13110
13116
13124
13125
13126
13129
13131
13138
13138
13153
13141
13140
13143
13148
13148
13147
13142
13141
13133
13134
13139
13135
13138
13137
13132
13136
13148
13144
13151
13142
13136
13138
13133
13131
13128
13127
13123
13128
13138
13127
13126
13135
13141
13136
13145
13137
13136
13138
13136
13140
13133
13135
13135
13133
13140
13142
13141
13141
13141
13134
13138
13136
13129
13135
13141
13137
13139
13138
13136
13135
13139
13142
13146
13142
13145
13146
13144
13133
13127
13133
13136
13133
13133
13132
13141
13138
13147
13154
13150
13140
13132
13131
13132
13132
13134
13136
13139
13141
13145
13051
12954
12887
12843
12832
12821
12821
12829
12829
12842
12856
12867
12880
12894
12913
12934
12942
12959
12962
12980
12990
12995
13000
13003
13009
13011
13030
13041
13046
13055
13063
13056
13064
13070
13067
13077
13078
13083
13096
13098
13102
13110
13106
13106
13108
13100
13103
13105
13106
13098
13106
13108
13111
13115
13121
13118
13119
13125
13120
13131
13125
13122
13125
13126
13124
13134
13133
13142
13138
13136
13138
13135
13132
13134
13132
13135
13130
13122
13125
13119
13117
13119
13114
13122
13130
13134
13149
13151
13155
13151
13150
13145
13143
13141
13141
13142
13140
13140
13140
13142
13130
13132
13131
13127
13128
13132
13136
13144
13136
13135
13141
13139
13138
13141
13139
13141
13144
13135
13134
13126
13122
13135
13134
13135
13146
13141
13134
13137
13135
13134
13131
13123
13122
13121
13130
13133
13123
13114
13123
13120
13116
13119
13116
13118
13124
13124
13128
13125
13132
13132
13135
13133
13134
13135
13135
13135
13133
