13137
13136
13129
13130
13142
13139
13141
13133
13134
13134
13136
13134
13133
13131
13138
13138
13136
13133
13138
13136
13137
13140
13142
13138
13140
13135
13135
13132
13131
13129
13125
13032
12940
12884
12849
12830
12830
12820
12834
12841
12860
12867
12882
12898
12908
12920
12934
12941
12942
12955
12967
12974
12993
12999
13013
13030
13031
13034
13041
13039
13039
13049
13046
13055
13063
13074
13081
13093
13089
13096
13098
13099
13098
13099
13092
13092
13099
13095
13098
13103
13100
13100
13095
13097
13092
13104
13102
13102
13101
13108
13116
13108
13108
13115
13114
13119
13118
13115
13122
13115
13113
13115
13113
13111
13117
13115
13124
13122
13124
13129
13126
13122
13122
13120
13125
13117
13129
13126
13131
13134
13130
13125
13127
13129
13134
13138
13139
13140
13140
13141
13141
13139
13146
13140
13143
13150
13144
13129
13142
13137
13126
13127
13120
13124
13128
13134
13136
13134
13139
13137
13137
13136
13131
13134
13132
13133
13135
13127
13125
13131
13137
13139
13136
13135
13138
13139
13136
13137
13124
13130
13131
13131
13135
13135
13133
13138
13140
13137
13137
13132
13127
13137
13131
13136
13134
13130
13137
13137
13137
13125
13134
13136
13138
13139
13138
13134
13141
13136
13129
13129
13128
13128
13128
13129
13135
13139
13137
13046
12944
12881
12844
12820
12806
12809
12820
12829
12841
12855
12875
12882
12901
12922
12928
12941
12958
12969
12979
12987
12999
12998
13006
13022
13029
13035
13048
13059
13067
13069
13070
13082
13078
13092
13097
13096
13100
13096
13091
13107
13097
13113
13106
13105
13104
13107
13113
13110
13112
13114
13121
13114
13115
13115
13109
13121
13134
13131
13127
13123
13120
13119
13120
13120
13113
13123
13125
13128
13135
13126
13120
13122
13116
13124
13122
13126
13125
13129
13134
13144
13137
13138
13139
13135
13135
13133
13130
13131
13126
13124
13132
13129
13129
13134
13134
13133
13134
13138
13133
13128
13126
13127
13123
13127
13123
13128
13124
13126
13122
13121
13122
13126
13131
13132
13134
13140
13130
13131
13139
13138
13137
13135
13134
13127
13121
13128
13121
13124
13128
13115
13123
13124
13120
13122
13119
13121
13130
13129
13133
13134
13135
13137
13133
13132
13132
13133
13129
13126
13130
13127
13126
13131
13132
13138
13130
13134
13132
13123
13122
13130
13113
13125
13127
13127
13138
13138
13139
13141
13139
13133
13133
13122
13119
13129
13127
13127
13126
13130
13134
13128
13133
13132
13136
13139
13143
13144
13140
13138
13138
13127
13126
13125
13120
13134
13134
13144
13148
13154
13152
13153
13146
13147
13142
13139
13134
13131
13124
13127
13119
13118
13116
13107
13103
13122
13123
13128
13129
13136
13133
13133
13134
13135
13135
13137
13132
13124
13122
13123
13131
13137
13139
13137
13136
13138
13137
13132
13133
13135
13138
13145
13145
13144
13143
13140
13135
13137
13133
13135
13134
13128
13139
13128
13127
13133
13129
13130
13133
13133
13141
13138
13140
13136
13133
13133
13117
13122
13125
13121
13129
13124
13123
13129
13122
13122
13116
13118
13118
13125
13129
13126
13121
13132
13126
13132
13130
13129
13125
13130
13123
13122
13133
13131
13127
13132
13130
13129
12845
12067
11288
10758
10478
10318
10284
10294
10378
10463
10591
10706
10855
10967
11109
11221
11343
11443
11556
11646
11755
11844
11937
12012
12083
12139
12205
12259
12316
12364
12426
12471
12508
12540
12584
12614
12644
12685
12705
12728
12763
12781
12799
12812
12830
12844
12862
12876
12898
12913
12928
12939
12963
12976
12985
12989
13000
13004
13009
13009
13015
13022
13036
13042
13049
13057
13068
13068
13070
13067
13065
13080
13084
13093
13114
13105
13102
13111
13105
13104
13106
13104
13110
13110
13115
13115
13118
13113
13116
13122
13125
13121
13124
13119
13116
13115
13114
13112
13112
13118
13117
13120
13122
13124
13123
13136
13135
13134
13135
13134
13137
13138
13132
13131
13134
13133
13124
13130
13126
13132
13131
13136
13134
13135
13134
13129
13126
13129
13123
13137
13133
13131
13133
13127
13126
13130
13128
13130
13134
13132
13133
13134
13134
13138
13136
13135
13136
13133
13140
13139
13135
13146
13138
13137
13140
13142
13139
13141
13133
13129
13128
13132
13130
13127
13135
13129
13130
13135
13131
13135
13131
13125
13129
13130
13130
13128
13131
13133
13131
13131
13130
13126
13123
13133
13125
13130
13128
13122
13121
13119
13125
13134
13132
13128
13137
13135
13136
13138
13127
13132
13128
13132
13126
13132
13126
13124
13127
13130
13126
13121
13126
13126
13132
13132
13130
13132
13135
13135
13130
13124
13126
13128
13124
13130
13125
13122
13125
13127
13131
13132
13131
13138
13124
13124
13127
13130
13130
13132
13125
13131
13137
13141
13142
13139
13129
13133
13132
13130
13124
13125
13119
13117
13125
13121
13116
13126
13125
13127
13131
13128
13129
13137
13128
13138
13130
13139
13137
13131
13133
13135
13138
13140
13135
13133
13139
13130
13126
13133
13123
13126
13132
13126
13131
13127
13127
13122
13121
13132
13126
13129
13128
13133
13145
13142
13142
13147
13144
13147
13147
13141
13137
13134
13127
13135
13126
13133
13136
13133
13136
13136
13132
13132
13128
13125
13130
13128
13130
13136
13130
13130
13138
13130
13137
13132
13139
13137
13144
13146
13143
13138
13138
13134
13141
13138
13133
13134
13126
13127
13126
13129
13133
13137
13141
13139
13129
13128
13121
13122
13124
13126
13126
13126
13115
13125
13132
13132
13126
13136
13138
13138
13137
13137
13133
13138
13136
13136
13132
13131
13129
13129
13134
13126
13134
13134
13137
13137
13140
13138
13129
13126
13127
13130
13119
13120
13120
13129
13131
13133
13134
13135
13133
13139
13126
13125
13141
13138
13134
13127
13122
13126
13119
13122
13125
13127
13126
13129
13126
13129
13131
13135
13127
13126
13128
13125
13120
13130
13124
13130
13125
13129
13127
13126
13132
13139
13136
13138
13130
13136
13129
13130
13123
13133
13123
13126
13130
13129
13128
13137
13134
13139
13146
13141
13141
13138
13136
13138
13138
13145
13139
13143
13135
13134
13140
13137
13134
13132
13134
13136
13135
13136
13129
13130
13132
13138
13129
13135
13132
13130
13133
13141
13134
13137
13128
13126
13133
13124
13118
13121
13122
13131
13134
13134
13131
13135
13132
13126
13128
13132
13130
13130
13130
13134
13147
13136
13133
13132
13127
13124
13119
13117
13124
13122
13122
13122
13126
13126
13133
13133
13133
13132
13136
13139
13131
13136
13147
13136
13133
13134
13134
13140
13141
13138
13141
13140
13137
13135
