13129
13132
13125
13127
13133
13122
13127
13129
13126
13125
13131
13122
13129
13122
13128
13129
13124
13124
13128
13135
13131
13138
13147
13140
13138
13138
13135
13138
13134
13138
13133
13139
13139
13140
13144
13139
13141
13150
13145
13139
13143
13144
13145
13141
13151
13136
13131
13133
13132
13128
13121
13120
13124
13117
13123
13127
13128
13130
13130
13132
13135
13138
13137
13133
13127
13126
13129
13128
13134
13130
13133
13128
13131
13124
13124
13126
13120
13130
13131
13129
13137
13137
13131
13135
13140
13131
13134
13133
13130
13130
13131
13130
13133
13131
13136
13136
13127
13127
13129
13129
13128
13129
13130
13133
13129
13132
13138
13138
13142
13140
13135
13138
13134
13137
13144
13135
13142
13139
13145
13137
13139
13139
13144
13138
13140
13136
13135
13142
13135
13132
13132
13132
13133
13130
13133
13134
13131
13131
13124
13126
13134
13133
13133
13141
13132
13135
13140
13137
13132
13124
13129
13134
13131
13126
13137
13126
13130
13133
13126
13126
13128
13121
13118
13114
13119
13120
13120
13124
13127
13131
13131
13138
13149
13140
13142
13150
13142
13147
13141
13133
13122
13127
13128
13135
13131
13134
13137
13137
13129
13127
13122
13131
13131
13128
13139
13135
13139
13139
13136
13133
13128
13132
13132
13132
13130
13135
13134
13146
13142
13141
13135
13131
13144
13147
13144
13146
13139
13138
13139
13140
13144
13142
13136
13145
13145
13147
13148
13135
13140
13136
13129
13137
13133
13134
13147
13142
13141
13144
13136
13137
13133
13119
13128
13124
13133
13128
13118
13122
13117
13121
13119
13125
13134
13128
13135
13135
13135
13136
13142
13137
13139
13133
13130
13131
13127
13128
13128
13121
13123
13128
13132
13140
13138
13142
13149
13148
13143
13147
13137
13139
13139
13142
13139
13137
13135
13136
13139
13135
13133
13139
13140
13131
13135
13135
13143
13152
13138
13138
13134
13138
13142
13139
13135
13136
13128
13135
13138
13139
13144
13145
13142
13137
13133
13138
13134
13138
13138
13139
13129
13131
13137
13138
13138
13139
13138
13139
13140
13145
13136
13138
13134
13125
13131
13127
13131
13132
13131
13138
13138
13138
13134
13137
13138
13139
13136
13136
13141
13138
13137
13142
13128
13137
13135
13130
13135
13137
13139
13142
13142
13139
13137
13134
13125
13132
13133
13135
13136
13139
13146
13143
13148
13139
13138
13128
13123
13121
13121
13128
13128
13126
13126
13124
13123
13133
13126
13136
13141
13141
13136
13139
13138
13137
13133
13131
13135
13129
13128
13134
13128
13135
13131
13136
13137
13133
13127
13129
13125
13126
13120
13132
13133
13137
13144
13141
13139
13140
13134
13137
13131
13138
13141
13138
13142
13143
13135
13136
13140
13136
13126
13122
13129
13130
13126
13126
13129
13133
13139
13143
13140
13144
13140
13136
13140
13148
13144
13140
13147
13138
13142
13140
13139
13138
13146
13143
13145
13142
13127
13130
13126
13124
13125
13115
13111
13118
13113
13122
13128
13125
13128
13133
13135
13143
13137
13141
13146
13138
13138
13139
13131
13125
13127
13130
13134
13134
13130
13128
13133
13134
13135
13129
13124
13123
13129
13130
13125
13126
13125
13123
13125
13127
13131
13136
13136
13139
13131
12770
12157
11618
11264
11054
10958
10859
10851
10868
10950
11022
11120
11221
11282
11332
11411
11479
11561
11517
11524
11550
11608
11656
11734
11804
11876
11940
12007
11968
11967
11987
12019
12068
12118
12163
12222
12273
12329
12375
12418
12451
12493
12532
12573
12609
12642
12673
12701
12723
12756
12774
12799
12818
12838
12855
12877
12890
12907
12917
12922
12933
12946
12964
12981
12985
12990
12999
13015
13021
13027
13050
13039
13051
13049
13049
13058
13062
13064
13068
13063
13074
13080
13071
13079
13089
13083
13093
13088
13086
13099
13100
13102
13109
13108
13110
13114
13114
13110
13109
13117
13118
13114
13117
13113
13116
13114
13113
13123
13122
13114
13122
13118
13130
13132
13128
13134
13137
13136
13142
13143
13140
13145
13144
13142
13136
13131
13126
13118
13118
13125
13118
13115
13118
13115
13111
13113
13115
13114
13116
13112
13121
13116
13120
13121
13127
13127
13126
13126
13128
13130
13131
13133
13130
13129
13133
13128
13128
13122
13129
13126
13131
13134
13134
13142
13138
13136
13147
13136
13136
13133
13126
13125
13137
13130
13125
13133
13137
13134
13137
13129
13116
13117
13115
13112
13113
13117
13121
13127
13132
13129
13126
13128
13134
13127
13127
13134
13138
13129
13132
13123
13126
13133
13134
13135
13141
13144
13144
13137
13129
13129
13127
13125
13132
13125
13131
13130
13130
13128
13122
13130
13134
13139
13144
13150
13147
13145
13139
13150
13147
13143
13147
13142
13147
13139
13142
13140
13139
13140
13148
13140
13135
13131
13132
13136
13136
13141
13145
13140
13136
13140
13133
13131
13130
13133
13137
13140
13137
13138
13133
13137
13133
13131
13133
13129
13133
13130
13132
13138
13127
13128
13130
13129
13128
13115
13126
13127
13128
13128
13131
13134
13131
13127
13125
13127
13132
13136
13134
13133
13132
13139
13133
13135
13138
13132
13131
13133
13135
13145
13140
13139
13132
13136
13132
13132
13138
13140
13134
13144
13139
13139
13137
13126
13121
13117
13116
13129
13136
13142
13147
13151
13149
13148
13140
13143
13139
13134
13138
13121
13117
13127
13129
13130
13132
13126
13126
13137
13135
13134
13136
13135
13132
13138
13145
13137
13135
13129
13130
13136
13132
13134
13142
13139
13140
13140
13143
13145
13142
13137
13140
13131
13139
13139
13135
13135
13135
13135
13139
13136
13140
13142
13136
13132
13135
13132
13132
13133
13130
13134
13128
13133
13131
13124
13120
13121
13122
13127
13127
13130
13133
13128
13132
13130
13137
13134
13139
13132
13134
13131
13133
13127
13126
13128
13115
13116
13121
13130
13142
13135
13133
13139
13140
13136
13142
13130
13131
13135
13133
13133
13136
13134
13131
13132
13141
13143
13147
13147
13135
13139
13134
13129
13136
13140
13138
13136
13136
13138
13139
13138
13144
13138
13133
13134
13135
13134
13135
13134
13140
13133
13130
13137
13137
13126
13125
13129
13128
13131
13132
13127
13133
13135
13137
13145
13145
13143
13150
13149
13151
13150
13139
13130
13135
13135
13131
13123
13133
13137
13138
13132
13139
13136
13140
13138
13135
13129
13133
13131
13138
13134
13130
13137
13136
13134
13138
13132
13127
13132
13132
13121
13122
13129
13125
13127
13126
13121
13118
13119
13123
13124
13128
13122
13132
13131
13136
13134
13132
13129
13134
13134
13137
13133
13133
13138
13137
13139
13138
