13132
13136
13134
13137
13137
13135
13134
13136
13129
13131
13130
13125
13118
13116
13117
13109
13101
13095
13107
13108
13110
13114
13120
13109
13120
13129
13134
13128
13129
13129
13127
13136
13128
13137
13135
13140
13148
13138
13137
13144
13137
13134
13126
13127
13132
13128
13131
13129
13134
13136
13134
13131
13131
13125
13128
13131
13126
13123
13134
13129
13127
13133
13131
13135
13133
13131
13137
13127
13124
13128
13120
13124
13134
13132
13132
13135
13138
13121
13123
13118
13115
13116
13119
13124
13123
13130
13129
13132
13134
13139
13142
13133
13138
13141
13138
13139
13137
13137
13147
13142
13142
13138
13127
13130
13130
13124
13124
13121
13121
13126
13134
13131
13130
13130
13135
13142
13150
13138
13139
13138
13141
13140
13128
13131
13130
13136
13130
13130
13120
13123
13130
13129
13130
13130
13127
13136
13133
13130
13134
13131
13125
13132
13128
13131
13126
13121
13126
13128
13127
13123
13125
13133
13129
13131
13130
13136
13142
13141
13135
13134
13133
13134
13134
13139
13146
13140
13146
13142
13136
13136
13134
13133
13143
13137
13142
13135
13124
13115
13131
13123
13126
13131
13125
13128
13129
13127
13132
13136
13141
13137
13147
13144
13145
13137
13141
13138
13142
13125
13121
13134
13133
13132
13131
13130
13134
13131
13128
13137
13128
13135
13134
13137
13141
13140
13133
13138
13141
13142
13151
13148
13149
13147
13140
13139
13138
13138
13138
13141
13142
13137
13146
13140
13136
13132
13131
13130
13136
13125
13128
13137
13139
13140
13136
13138
13140
13136
13135
13129
13123
13128
13135
13137
13136
13128
13133
13132
13129
13130
13135
13125
13133
13148
13144
13146
13147
13139
13138
13129
13127
13118
13129
13138
13143
13139
13139
13142
13145
13139
13137
13133
13131
13128
13122
13127
13119
13121
13129
13133
13136
13138
13145
13148
13149
13149
13149
13150
13148
13144
13145
13138
13144
13145
13138
13138
13131
13129
13129
13117
13117
13116
13120
13126
13124
13122
13126
13130
13139
13132
13122
13124
13122
13120
13121
13114
13119
13122
13133
13133
13137
13143
13145
13138
13139
13134
13131
13137
13129
13125
13135
13126
13129
13133
13134
13137
13137
13134
13135
13135
13130
13125
13125
13130
13134
13135
13139
13136
13144
13135
13132
13138
13137
13137
13129
13124
13134
13129
13131
13134
13126
13132
13145
13132
13137
13133
13135
13137
13120
13118
13126
13118
13118
13127
13128
13127
13125
13125
13132
13130
13132
13134
13130
13127
13128
13128
13128
13128
13134
13131
13129
13130
13126
13125
13135
13131
13142
13140
13155
13152
13144
13141
13140
13136
13136
13133
13120
13121
13119
13116
13125
13120
13127
13138
13133
13140
13151
13154
13152
13149
13147
13138
13136
13136
13141
13133
13136
13138
13143
13138
13133
13131
13127
13130
13129
13120
13128
13131
13128
13132
13125
13125
13126
13132
13130
13132
13136
13129
13122
13117
13131
13124
13118
13124
13125
13128
13126
13125
13122
13122
13125
13116
13122
13126
13121
13122
13124
13132
13132
13128
13133
13133
13132
13133
13138
13142
13143
13141
13138
13138
13133
13126
13135
13135
13129
13122
13125
13119
13118
13117
13124
13129
13107
12713
11929
11425
11129
10946
10888
10871
10889
10917
10994
11022
11081
11155
11245
11297
11242
11195
11224
11264
11334
11408
11498
11581
11671
11753
11846
11920
12002
12063
12129
12182
12251
12302
12363
12415
12461
12497
12545
12581
12618
12656
12686
12709
12735
12755
12776
12793
12809
12821
12846
12858
12872
12896
12912
12925
12946
12953
12962
12973
12980
12989
12992
12997
13006
13014
13023
12999
12871
12809
12775
12749
12746
12747
12755
12771
12790
12801
12815
12826
12843
12865
12882
12899
12921
12932
12944
12953
12966
12971
12981
12993
12995
13010
13011
13022
13032
13034
13033
13047
13050
13064
13061
13071
13077
13084
13094
13091
13089
13094
13093
13093
13092
13099
13106
13117
13103
13101
13111
13107
13118
13117
13115
13115
13122
13122
13127
13121
13115
13119
13110
13115
13113
13120
13122
13116
13122
13123
13122
13129
13132
13127
13133
13134
13133
13134
13131
13134
13128
13133
13130
13128
13129
13122
13122
13131
13119
13115
13122
13118
13117
13117
13118
13125
13135
13131
13135
13131
13139
13125
13128
13130
13119
13115
13117
13115
13119
13113
13114
13119
13128
13134
13142
13140
13148
13143
13141
13143
13140
13140
13140
13142
13146
13142
13144
13141
13138
13132
13142
13134
13135
13133
13129
13138
13146
13140
13138
13138
13137
13136
13140
13140
13141
13133
13132
13127
13130
13129
13124
13129
13126
13122
13125
13120
13120
13121
13132
13134
13128
13129
13138
13131
13130
13137
13133
13132
13132
13128
13136
13130
13126
13124
13120
13124
13121
13116
13115
13118
13119
13116
13111
13120
13121
13122
13122
13119
13121
13116
13118
13122
13127
13130
13142
13143
13143
13146
13149
13146
13138
13143
13145
13143
13146
13138
13135
13145
13132
13137
13134
13136
13134
13139
13134
13136
13129
13132
13138
13135
13136
13134
13144
13142
13139
13139
13137
13142
13150
13149
13146
13142
13138
13132
13130
13128
13132
13132
13129
13136
13123
13121
13126
13135
13142
13136
13125
13128
13125
13122
13133
13126
13127
13126
13124
13130
13133
13135
13134
13133
13131
13125
13120
13122
13132
13133
13139
13134
13139
13138
13138
13133
13134
13137
13138
13139
13148
13148
13140
13143
13142
13137
13140
13124
13123
13125
13131
13134
13128
13125
13134
13124
13126
13131
13127
13124
13133
13122
13129
13132
13130
13133
13133
13135
13139
13142
13140
13134
13141
13133
13135
13137
13134
13137
13139
13137
13143
13148
13145
13140
13139
13140
13134
13129
13139
13143
13147
13139
13137
13133
13137
13125
13127
13128
13131
13135
13141
13138
13137
13144
13150
13148
13153
13155
13148
13139
13142
13145
13153
13147
13146
13148
13146
13154
13143
13140
13132
13131
13131
13138
13132
13133
13131
13137
13142
13137
13129
13130
13129
13116
13127
13125
13129
13128
13125
13123
13132
13131
13132
13137
13134
13138
13132
13139
13133
13134
13129
13124
13130
13126
13122
13120
13127
13127
13130
13129
13125
13128
13125
13131
13123
13125
13121
13128
13131
13141
13146
13147
13145
13149
13156
13153
13149
13146
13150
13154
13144
13137
13126
13122
13131
13132
13135
13137
13142
13139
13141
13137
13142
13133
13135
13134
13138
13129
13127
13131
13133
13140
13139
13134
13129
13139
13142
13144
13143
13139
13133
13132
13124
13114
13117
13113
13107
13115
13116
13113
13118
13115
13127
13134
13134
13128
