13141
13148
13149
13142
13145
13134
13130
13136
13138
13131
13141
13137
13139
13141
13134
13142
13143
13139
13139
13137
13134
13129
13131
13137
13132
13131
13138
13132
13144
13132
13128
13132
13135
13131
13135
13132
13135
13140
13147
13142
13134
13139
13147
13139
13138
13137
13134
13137
13140
13135
13142
13138
13126
13135
13125
13124
13127
13134
13136
13137
13133
13131
13133
13137
13131
13128
13132
13129
13135
13128
13127
13141
13141
13138
13137
13132
13133
13135
13126
13128
13124
13131
13143
13130
13139
13135
13138
13141
13137
13140
13150
13135
13141
13139
13133
13135
13131
13136
13139
13139
13131
13124
13131
13129
13124
13131
13127
13128
13141
13130
13135
13138
13135
13141
13139
13135
13136
13133
13132
13134
13136
13133
13141
13144
13148
13153
13153
13151
13145
13138
13143
13133
13137
13135
13130
13129
13139
13136
13143
13140
13140
13147
13144
13147
13142
13147
13150
13151
13154
13142
13138
13141
13144
13142
13142
13141
13149
13148
13140
13134
13136
13140
13137
13134
13134
13138
13142
13143
13141
13136
13142
13132
13134
13135
13133
13137
13133
13128
13126
13125
13128
13130
13128
13135
13134
13136
13135
13135
13139
13133
13127
13128
13133
13132
13135
13136
13143
13138
13134
13133
13135
13139
13145
13142
13146
13145
13140
13141
13140
13137
13145
13139
13136
13139
13137
13121
13127
13133
13135
13140
13143
13142
13139
13133
13129
13124
13122
13118
13121
13121
13126
13133
13132
13135
13140
13137
13145
13141
13148
13142
13136
13135
13134
13133
13138
13142
13135
13138
13131
13124
13128
13125
13134
13135
13130
13141
13145
13138
13141
13142
13142
13141
13140
13145
13147
13141
13134
13137
13139
13126
13131
13134
13128
13130
13132
13123
13126
13132
13129
13129
13123
13132
13136
13136
13132
13125
13120
13126
13122
13117
13125
13130
13131
13134
13129
13125
13133
13130
13130
13138
13147
13147
13149
13152
13147
13149
13141
13142
13143
13137
13132
13139
13142
13143
13143
13145
13143
13139
13136
13133
13129
13136
13135
13136
13134
13131
13124
13125
13117
13114
13115
13117
13126
13129
13129
13130
13130
13136
13134
13139
13134
13132
13124
13129
13133
13136
13139
13132
13135
13132
13137
13140
13137
13141
13142
13139
13144
13144
13143
13138
13130
13137
13142
13141
13147
13145
13146
13150
13141
13132
13132
13118
13115
13124
13125
13129
13134
13132
13136
13139
13143
13144
13147
13141
13137
13138
13140
13135
13147
13139
13134
13138
13138
13143
13146
13147
13145
13148
13144
13147
13146
13150
13142
13140
13141
13139
13137
13144
13138
13126
13132
13132
13140
13145
13138
13137
13134
13135
13133
13129
13121
13122
13127
13130
13129
13127
13125
13128
13133
13134
13134
13137
13134
13133
13128
13130
13136
13135
13136
13137
13137
13133
13137
13132
13134
13132
13126
13132
13123
13122
13127
13123
13125
13133
13125
13128
13131
13132
13133
13139
13143
13146
13147
13138
13139
13139
13134
13134
13146
13142
13137
13138
13137
13135
13134
13130
13123
13118
13122
13123
13127
13134
13137
13133
13130
13137
13141
13146
13148
13140
13152
13151
13142
13140
13138
13138
13134
13132
13133
13131
13138
13134
13140
13143
13140
13120
12755
12333
11978
11738
11620
11555
11549
11573
11634
11655
11680
11720
11775
11800
11800
11820
11860
11911
11980
12035
12102
12161
12231
12275
12344
12392
12439
12477
12513
12546
12584
12608
12639
12677
12706
12732
12764
12794
12821
12846
12856
12873
12891
12903
12913
12931
12938
12953
12960
12972
12986
12999
13012
13029
13025
13040
13037
13048
13049
13054
13052
13062
13062
13069
13079
13082
13079
13092
13091
13099
13093
13101
13105
13105
13109
13108
13110
13115
13116
13122
13108
13113
13123
13124
13126
13135
13129
13138
13126
13121
13112
13110
13114
13117
13121
13124
13125
13127
13127
13127
13134
13139
13129
13127
13136
13137
13140
13137
13130
13133
13132
13135
13132
13130
13129
13129
13138
13137
13135
13124
13123
13123
13137
13131
13134
13135
13139
13141
13141
13137
13130
13132
13132
13133
13125
13125
13130
13129
13135
13132
13142
13142
13132
13131
13137
13126
13121
13127
13129
13135
13135
13139
13143
13141
13139
13143
13137
13140
13135
13138
13134
13130
13138
13132
13128
13137
13137
13140
13140
13142
13146
13148
13147
13144
13142
13140
13144
13139
13141
13142
13137
13138
13128
13130
13140
13135
13133
13133
13142
13140
13147
13140
13141
13141
13141
13138
13141
13138
13140
13136
13133
13132
13140
13128
13132
13140
13134
13131
13130
13127
13122
13129
13126
13132
13132
13131
13135
13127
13129
13139
13141
13144
13143
13141
13148
13143
13139
13142
13141
13146
13148
13145
13137
13141
13147
13148
13150
13147
13146
13143
13134
13141
13148
13139
13138
13145
13146
13143
13146
13143
13140
13140
13142
13140
13127
13122
13127
13126
13130
13125
13130
13136
13139
13136
13140
13140
13134
13137
13138
13132
13132
13125
13134
13139
13150
13150
13149
13155
13146
13147
13142
13132
13140
13132
13129
13132
13142
13135
13127
13123
13133
13132
13138
13137
13130
13134
13140
13140
13136
13126
13125
13131
13134
13132
13139
13137
13133
13139
13135
13135
13146
13138
13132
13135
13134
13135
13137
13134
13135
13122
13125
13117
13123
13120
13127
13124
13133
13131
13134
13136
13138
13142
13144
13143
13135
13134
13137
13131
13134
13133
13137
13141
13142
13148
13153
13147
13141
13151
13142
13147
13152
13159
13162
13153
13146
13136
13133
13133
13128
13130
13123
13123
13129
13123
13126
13137
13127
13131
13127
13132
13127
13133
13130
13131
13123
13132
13134
13128
13128
13130
13132
13136
13133
13131
13141
13129
13131
13131
13129
13129
13131
13135
13134
13133
13138
13140
13142
13142
13142
13135
13142
13133
13135
13131
13122
13129
13131
13136
13142
13144
13141
13137
13135
13135
13129
13130
13126
13125
13122
13123
13126
13130
13128
13118
13119
13117
13117
13122
13124
13132
13136
13136
13133
13135
13133
13138
13138
13138
13140
13147
13144
13146
13152
13141
13147
13159
13153
13154
13148
13146
13142
13147
13141
13137
13129
13136
13142
13132
13131
13137
13148
13148
13135
13132
13142
13140
13142
13150
13148
13146
13151
13139
13138
13134
13133
13134
13137
13132
13136
13146
13155
13153
13159
13161
13168
13161
13154
13154
13146
13152
13148
13145
13141
13140
13132
13136
13142
13135
13135
13138
13138
13139
13140
13138
13146
13143
13143
13142
13139
13136
13138
13131
13136
13133
13137
13128
13121
13124
13120
13123
13127
13131
13126
13130
