13132
13130
13123
13131
13135
13131
13140
13134
13129
13124
13129
13128
13138
13132
13135
13131
13133
13136
13137
13133
13132
13134
13128
13134
13132
13133
13136
13126
13129
13124
13126
13127
13124
13122
13128
13126
13131
13138
13134
13133
13140
13139
13134
13134
13135
13127
13125
13129
13131
13133
13134
13130
13128
13124
13122
13132
13122
13123
13122
13133
13136
13141
13132
13133
13134
13134
13134
13126
13131
13128
13127
13128
13125
13121
13130
13125
13130
13133
13134
13132
13136
13128
13134
13133
13134
13133
13137
13143
13137
13137
13126
13128
13130
13122
13128
13136
13131
13131
13141
13137
13138
13141
13134
13135
13132
13137
13144
13138
13134
13142
13142
13143
13134
13124
13125
13125
13119
13130
13130
13128
13133
13136
13134
13136
13139
13139
13134
13133
13131
13135
13133
13136
13139
13134
13136
13131
13135
13136
13135
13132
13126
13120
13121
13127
13118
13130
13133
13132
13131
13135
13131
13135
13134
13135
13141
13137
13132
13134
13131
13132
13127
13129
13142
13143
13142
13133
13133
13142
13149
13146
13140
13130
13132
13132
13138
13135
13130
13122
13124
13118
13116
13113
13118
13131
13133
13139
13144
13144
13147
13142
13143
13145
13131
13125
13122
13120
13121
13117
13111
13111
13117
13117
13116
13116
13121
13119
13130
13132
13135
13137
13136
13137
13135
13130
13129
13129
13129
13142
13137
13137
13139
13137
13134
13138
13135
13130
13123
13127
13135
13143
13146
13146
13140
13133
13139
13126
13125
13130
13131
13136
13139
13137
13141
13136
13142
13133
13133
13132
13133
13137
13142
13141
13149
13140
13141
13141
13143
13143
13143
13141
13141
13141
13142
13143
13140
13145
13144
13129
13127
13123
13116
13124
13125
13127
13130
13125
13126
13137
13137
13137
13141
13136
13136
13130
13131
13126
13124
13127
13132
13134
13134
13132
13135
13133
13133
13134
13126
13133
13125
13127
13120
13119
13118
13122
13124
13132
13135
13138
13138
13140
13133
13126
13117
13116
13122
13125
13128
13131
13128
13138
13141
13140
13141
13139
13145
13140
13136
13138
13134
13134
13129
13123
13126
13126
13128
13130
13132
13137
13141
13137
13132
13134
13122
13131
13115
13117
13118
13121
13123
13130
13136
13137
13135
13125
13135
13130
13125
13124
13125
13127
13132
13142
13137
13129
13135
13130
13135
13136
13136
13133
13140
13140
13147
13134
13135
13133
13130
13131
13125
13122
13118
13125
13127
13134
13130
13125
13128
13133
13131
13125
13121
13133
13137
13133
13139
13132
13128
13132
13133
13132
13135
13131
13130
13131
13129
13135
13133
13138
13134
13135
13132
13130
13136
13128
13126
13124
13116
13127
13132
13129
13132
13130
13133
13136
13127
13131
13127
13127
13125
13120
13121
13130
13134
13130
13137
13134
13129
13132
13127
13130
13125
13128
13126
13131
13136
13131
13139
13138
13135
13133
13136
13135
13134
13125
13126
13130
13132
13127
13130
13128
13134
13135
13135
13134
13134
13134
13135
13131
13137
13138
13133
13139
13141
13136
13146
13137
13136
13136
13134
13131
13129
13125
13125
13127
13137
13137
13134
13139
13136
13132
13131
13118
13121
13118
13116
13130
13135
13130
13137
13126
13066
12580
11508
10477
9734
9296
9102
9000
9006
9059
9213
9353
9546
9717
9926
10087
10284
10448
10625
10768
10936
11063
11201
11309
11438
11539
11650
11745
11844
11922
12005
12070
12145
12197
12261
12316
12376
12413
12454
12494
12542
12574
12612
12643
12666
12692
12722
12744
12766
12788
12805
12829
12843
12864
12893
12904
12921
12941
12953
12972
12977
12982
12988
12990
12996
12999
13010
13017
13024
13030
13041
13056
13067
13063
13074
13079
13083
13085
13077
13086
13091
13091
13095
13101
13100
13109
13115
13113
13116
13114
13104
13105
13101
13098
13100
13104
13107
13110
13110
13112
13118
13123
13126
13127
13128
13134
13137
13136
13128
13126
13127
13122
13133
13116
13120
13124
13119
13124
13122
13121
13117
13118
13114
13118
13115
13117
13124
13125
13128
13121
13130
13124
13124
13115
13129
13119
13113
13129
13126
13122
13131
13128
13129
13126
13132
13116
13115
13116
13113
13122
13123
13123
13125
13123
13121
13123
13131
13133
13126
13133
13140
13139
13134
13143
13132
13137
13141
13139
13137
13137
13139
13150
13150
13143
13143
13142
13141
13143
13140
13142
13142
13138
13140
13139
13139
13134
13130
13134
13140
13130
13131
13130
13132
13127
13127
13129
13122
13123
13122
13123
13114
13111
13114
13113
13114
13128
13136
13133
13132
13137
13135
13143
13148
13142
13148
13139
13132
13134
13131
13129
13129
13130
13127
13124
13118
13117
13118
13129
13119
13123
13125
13122
13126
13125
13123
13131
13129
13130
13123
13122
13129
13135
13135
13132
13131
13138
13143
13135
13140
13139
13133
13141
13121
12998
12925
12870
12846
12834
12825
12823
12840
12851
12869
12885
12892
12898
12908
12925
12935
12946
12955
12968
12984
12987
12998
13011
13021
13022
13029
13039
13045
13049
13055
13062
13067
13084
13082
13088
13097
13099
13101
13107
13101
13088
13096
13094
13097
13104
13100
13108
13113
13117
13114
13110
13113
13112
13112
13121
13123
13113
13116
13117
13129
13130
13131
13136
13126
13133
13130
13131
13131
13122
13022
12915
12797
12641
12558
12508
12499
12500
12510
12539
12566
12582
12627
12639
12662
12685
12707
12734
12764
12786
12811
12824
12848
12855
12875
12896
12910
12921
12947
12954
12972
12979
12987
12991
12997
13006
13014
13021
13033
13039
13049
13061
13060
13058
13064
13072
13073
13076
13081
13090
13093
13095
13101
13098
13102
13102
13099
13099
13101
13100
13109
13106
13108
13105
13110
13115
13116
13120
13119
13116
13122
13122
13122
13131
13133
13134
13132
13129
13133
13134
13134
13138
13129
13124
13131
13124
13126
13117
13123
13128
13132
13134
13135
13126
13124
13128
13116
13120
13127
13129
13123
13132
13132
13136
13134
13135
13141
13137
13134
13128
13142
13137
13139
13143
13141
13134
13131
13131
13129
13126
13126
13128
13128
13134
13143
13140
13136
13138
13129
13129
13126
13118
13131
13120
13124
13130
13125
13133
13134
13133
13130
13133
13133
13138
13139
13137
13131
13133
13130
13128
13132
13124
13130
13132
13131
13136
13137
13135
13131
13134
13128
13127
13123
13123
13124
13124
13129
13132
13129
13134
13133
13137
13144
13141
13140
13147
13149
13138
13137
13138
13139
13136
13131
13131
13129
13134
13133
13134
13133
13137
13148
13142
13139
13140
13143
13141
13134
13134
13129
13130
13132
13131
13120
13126
13137
13130
13134
13134
