13128
13132
13124
13122
13122
13123
13128
13136
13127
13135
13135
13138
13134
13133
13129
13136
13129
13132
13135
13130
13120
13129
13130
13126
13133
13135
13130
13127
13131
13131
13131
13132
13125
13137
13131
13139
13148
13142
13143
13143
13142
13142
13145
13147
13151
13148
13151
13151
13150
13147
13144
13141
13149
13134
13133
13137
13135
13134
13137
13131
13141
13148
13147
13144
13147
13149
13154
13157
13151
13144
13142
13148
13140
13135
13124
13124
13132
13123
13120
13125
13136
13131
13133
13128
13118
13117
13122
13125
13121
13119
13126
13121
13122
13127
13126
13130
13127
13124
13132
13126
13125
13136
13134
13145
13148
13147
13144
13138
13136
13138
13135
13139
13139
13137
13137
13132
13135
13125
13125
13123
13121
13134
13135
13130
13132
13137
13130
13137
13126
13132
13132
13139
13144
13141
13146
13143
13137
13137
13139
13130
13126
13129
13135
13132
13134
13137
13141
13139
13143
13138
13136
13131
13129
13128
13126
13123
13131
13126
13116
13118
13120
13123
13122
13127
13127
13132
13137
13140
13128
13134
13140
13132
13130
13127
13128
13137
13137
13134
13139
13131
13127
13131
13131
13124
13124
13123
13121
13122
13121
13127
13129
13127
13134
13132
13134
13139
13141
13134
13131
13128
13130
13127
13127
13124
13128
13127
13124
13122
13115
13122
13129
13135
13136
13143
13142
13143
13139
13140
13140
13129
13136
13138
13137
13139
13136
13135
13132
13136
13134
13134
13138
13141
13143
13144
13131
13133
13145
13143
13137
13133
13126
13124
13120
13122
13122
13128
13126
13128
13118
13114
13113
13120
13121
13126
13131
13136
13134
13134
13137
13124
13119
13121
13121
13123
13123
13128
13128
13134
13145
13137
13135
13141
13142
13144
13144
13139
13147
13140
13134
13143
13145
13143
13145
13146
13145
13147
13138
13140
13134
13137
13139
13134
13133
13138
13136
13147
13138
13138
13149
13142
13137
13143
13137
13136
13129
13134
13126
13122
13123
13116
13118
13116
13113
13113
13114
13122
13133
13131
13133
13136
13136
13139
13138
13142
13143
13142
13149
13150
13141
13139
13142
13136
13139
13144
13147
13155
13149
13143
13151
13142
13145
13145
13148
13150
13147
13151
13147
13139
13137
13130
13134
13138
13122
13127
13120
13123
13128
13129
13134
13137
13139
13132
13134
13130
13130
13131
13133
13136
13137
13130
13130
13130
13133
13134
13128
13134
13131
13128
13135
13126
13126
13126
13137
13141
13143
13139
13138
13140
13142
13129
13128
13128
13123
13127
13126
13129
13140
13139
13146
13139
13146
13141
13143
13146
13149
13153
13149
13155
13146
13147
13149
13142
13139
13140
13131
13140
13132
13126
13129
13130
13137
13140
13136
13140
13139
13137
13135
13136
13131
13129
13126
13124
13126
13125
13132
13133
13141
13131
13134
13142
13142
13141
13141
13143
13140
13143
13143
13149
13141
13145
13141
13139
13140
13130
13133
13132
13128
13128
13136
13133
13124
13130
13137
13133
13134
13136
13129
13125
13141
13137
13135
13137
13132
13134
13133
13127
13129
13121
13118
13126
13128
13135
13130
13134
13138
13150
13154
13156
13150
13153
13147
13138
13134
13129
13131
13129
13125
13128
13131
13125
13121
13127
13118
13120
13124
13122
13119
12932
12235
11365
10682
10271
10071
9982
9967
9991
10088
10187
10336
10459
10615
10747
10902
11031
11163
11276
11400
11503
11607
11701
11806
11884
11971
12036
12106
12170
12226
12276
12321
12231
12198
12196
12210
12237
12277
12319
12354
12393
12441
12478
12511
12551
12592
12628
12666
12685
12724
12746
12778
12802
12822
12835
12864
12888
12905
12914
12918
12926
12934
12948
12963
12976
12986
13001
13013
13024
13030
13028
13042
13052
13050
13059
13065
13078
13084
13079
13080
13081
13081
13087
13093
13094
13089
13096
13099
13101
13108
13114
13117
13116
13114
13122
13124
13119
13127
13124
13119
13122
13121
13134
13125
13128
13126
13133
13135
13133
13123
13122
13130
13126
13123
13122
13126
13124
13128
13125
13122
13127
13126
13128
13125
13126
13122
13123
13123
13122
13126
13117
13105
13115
13114
13115
13111
13113
13117
13119
13120
13126
13120
13124
13120
13126
13125
13124
13121
13122
13121
13121
13131
13122
13124
13129
13120
13121
13125
13125
13129
13124
13127
13123
13121
13126
13126
13129
13126
13126
13133
13121
13123
13129
13129
13127
13126
13129
13132
13132
13134
13134
13131
13131
13132
13137
13134
13138
13139
13140
13133
13121
13131
13132
13137
13143
13139
13136
13140
13140
13145
13142
13137
13135
13139
13143
13139
13143
13134
13132
13141
13134
13138
13145
13137
13142
13143
13143
13141
13145
13141
13144
13140
13143
13141
13147
13145
13145
13143
13146
13147
13138
13146
13138
13129
13134
13134
13133
13133
13135
13134
13133
13136
13133
13134
13128
13133
13132
13137
13139
13145
13144
13147
13153
13156
13155
13147
13150
13144
13143
13133
13138
13131
13140
13140
13132
13125
13129
13129
13133
13129
13133
13150
13142
13142
13142
13133
13136
13141
13143
13138
13145
13144
13141
13142
13142
13139
13141
13132
13122
13124
13126
13122
13126
13128
13128
13128
13131
13128
13130
13119
13122
13118
13120
13123
13126
13132
13138
13142
13147
13147
13147
13151
13147
13142
13151
13148
13147
13140
13137
13136
13135
13132
13125
13121
13125
13124
13123
13118
13119
13129
13129
13130
13133
13137
13138
13137
13143
13146
13145
13142
13138
13141
13142
13142
13135
13139
13138
13130
13133
13127
13121
13126
13125
13125
13141
13136
13144
13139
13136
13134
13133
13131
13134
13137
13138
13143
13145
13142
13140
13140
13137
13136
13139
13134
13134
13131
13128
13127
13131
13127
13128
13124
13130
13132
13132
13129
13137
13140
13147
13144
13136
13138
13140
13139
13139
13134
13125
13119
13122
13125
13118
13112
13111
13115
13122
13128
13133
13135
13133
13144
13134
13132
13138
13138
13137
13137
13139
13144
13148
13144
13137
13142
13142
13138
13131
13135
13135
13141
13144
13133
13131
13136
13137
13137
13136
13135
13134
13139
13143
13144
13143
13148
13138
13140
13138
13131
13130
13130
13127
13127
13123
13126
13125
13126
13121
13118
13121
13119
13125
13132
13138
13141
13140
13140
13139
13137
13141
13137
13139
13131
13131
13128
13126
13121
13128
13122
13124
13124
13122
13126
13125
13129
13124
13124
13136
13132
13136
13136
13140
13137
13135
13131
13120
13115
13119
13123
13118
13117
13120
13121
13130
13125
13133
13130
13129
13133
13137
13139
13144
13143
13143
13148
13150
13154
13143
13134
13132
13132
13130
13125
13119
13119
13114
