13130
13127
13122
13115
13115
13118
13121
13122
13126
13122
13127
13131
13122
13127
13124
13123
13121
13128
13119
13118
13117
13114
13122
13124
13128
13126
13125
13128
13137
13134
13138
13135
13135
13138
13135
13141
13138
13140
13138
13138
13128
13130
13133
13132
13128
13132
13134
13133
13127
13122
13130
13120
13121
13132
13134
13135
13136
13136
13137
13138
13142
13136
13137
13140
13142
13138
13136
13133
13141
13138
13141
13148
13142
13135
13128
13127
13124
13131
13131
13139
13132
13135
13139
13137
13134
13133
13135
13143
13137
13138
13139
13136
13140
13141
13136
13136
13139
13142
13143
13139
13142
13134
13136
13141
13143
13142
13141
13134
13135
13128
13132
13141
13127
13132
13131
13137
13136
13135
13135
13138
13127
13133
13133
13133
13129
13130
13129
13136
13128
13124
13128
13133
13134
13133
13133
13140
13140
13141
13145
13137
13132
13132
13129
13129
13126
13131
13129
13137
13143
13139
13136
13141
13138
13137
13135
13139
13143
13144
13137
13140
13143
13144
13142
13140
13142
13140
13137
13152
13151
13152
13160
13150
13147
13145
13136
13128
13123
13129
13135
13139
13138
13138
13146
13154
13147
13139
13143
13142
13146
13143
13142
13144
13137
13138
13135
13133
13128
13134
13138
13139
13134
13143
13145
13136
13140
13149
13139
13137
13127
13123
13133
13133
13135
13137
13130
13132
13137
13139
13145
13141
13149
13151
13150
13154
13157
13148
13142
13138
13138
13126
13130
13135
13137
13136
13140
13133
13131
13133
13132
13140
13137
13143
13135
13139
13138
13143
13138
13140
13131
13136
13133
13136
13128
13139
13141
13137
13142
13143
13140
13138
13145
13136
13124
13124
13123
13121
13126
13133
13134
13135
13133
13135
13130
13130
13131
13136
13142
13145
13148
13149
13148
13143
13148
13143
13144
13141
13137
13140
13134
13138
13147
13138
13138
13139
13138
13135
13129
13125
13129
13132
13138
13133
13133
13129
13127
13132
13131
13133
13133
13134
13136
13143
13144
13138
13136
13136
13137
13134
13139
13138
13137
13135
13138
13133
13141
13134
13140
13137
13134
13135
13135
13131
13129
13137
13140
13129
13130
13131
13133
13134
13137
13138
13134
13142
13138
13141
13136
13135
13140
13135
13126
13128
13132
13135
13131
13138
13137
13142
13145
13141
13143
13143
13144
13139
13135
13142
13142
13138
13132
13127
13136
13124
13131
13138
13141
13142
13150
13144
13143
13140
13133
13134
13134
13135
13134
13136
13142
13144
13148
13139
13137
13137
13133
13133
13129
13122
13131
13121
13123
13131
13134
13138
13135
13138
13144
13142
13138
13148
13140
13137
13137
13136
13140
13140
13139
13137
13142
13143
13139
13141
13150
13143
13139
13137
13144
13142
13150
13145
13155
13147
13149
13156
13150
13144
13148
13148
13145
13141
13140
13135
13133
13137
13134
13136
13137
13138
13133
13129
13118
13113
13121
13120
13121
13127
13127
13124
13126
13131
13145
13138
13132
13128
13127
13137
13133
13129
13127
13130
13135
13132
13131
13132
13127
13126
13135
13128
13133
13129
13127
13135
13130
13138
13139
13139
13141
13139
13132
13139
13133
13126
13127
13125
13129
13130
13134
13137
13137
13141
13131
13133
13142
13141
13139
13144
13136
13139
13113
12828
12167
11458
10907
10572
10417
10346
10365
10380
10463
10546
10666
10786
10916
11034
11165
11277
11407
11507
11615
11704
11806
11884
11971
12038
12112
12173
12230
12286
12345
12387
12433
12472
12516
12545
12587
12620
12662
12694
12723
12740
12765
12782
12803
12821
12841
12852
12868
12889
12903
12918
12938
12947
12960
12977
12988
12991
13003
13012
13016
13029
13030
13033
13043
13042
13047
13065
13068
13074
13081
13090
13087
13090
13092
13092
13093
13109
13102
13108
13106
13102
13107
13103
13102
13097
13100
13106
13101
13104
13108
13112
13113
13123
13121
13131
13134
13132
13134
13131
13125
13135
13130
13129
13139
13137
13136
13137
13134
13140
13138
13136
13136
13137
13140
13139
13139
13138
13136
13138
13142
13141
13143
13139
13138
13137
13136
13106
12985
12906
12860
12833
12818
12825
12825
12830
12857
12867
12876
12888
12895
12910
12920
12924
12942
12960
12976
12992
13006
13012
13028
13032
13033
13035
13042
13045
13058
13066
13075
13082
13089
13090
13100
13096
13098
13102
13104
13099
13101
13099
13098
13099
13105
13103
13101
13115
13119
13108
13116
13118
13126
13130
13128
13118
13130
13129
13128
13132
13126
13131
13142
13135
13142
13138
13137
13137
13138
13135
13122
13122
13131
13132
13130
13131
13127
13127
13127
13128
13130
13131
13140
13136
13130
13130
13121
13128
13126
13129
13134
13136
13131
13135
13124
13120
13127
13128
13124
13129
13129
13129
13128
13131
13132
13132
13133
13136
13134
13135
13126
13125
13125
13123
13129
13122
13121
13127
13127
13128
13134
13139
13139
13146
13145
13143
13138
13135
13131
13124
13118
13124
13122
13131
13128
13128
13137
13136
13130
13133
13130
13130
13126
13127
13127
13126
13127
13130
13126
13131
13127
13128
13128
13131
13134
13134
13133
13139
13139
13135
13136
13136
13137
13138
13133
13134
13131
13133
13125
13125
13125
13128
13129
13141
13142
13136
13141
13135
13138
13138
13130
13132
13137
13138
13141
13138
13139
13135
13130
13139
13140
13147
13153
13148
13151
13143
13140
13140
13140
13128
13124
13126
13123
13127
13126
13132
13135
13138
13137
13138
13131
13130
13128
13128
13121
13127
13134
13132
13127
13136
13133
13135
13131
13138
13135
13137
13145
13141
13141
13139
13139
13138
13141
13144
13146
13138
13135
13137
13134
13139
13140
13140
13140
13136
13136
13139
13135
13142
13145
13146
13145
13149
13144
13142
13134
13134
13143
13140
13132
13135
13135
13137
13087
12973
12910
12865
12851
12847
12840
12848
12858
12869
12880
12887
12904
12911
12922
12941
12957
12967
12971
12984
12995
13004
13014
13024
13022
13036
13046
13056
13056
13064
13068
13081
13080
13080
13088
13090
13090
13096
13052
12934
12860
12821
12804
12798
12796
12805
12805
12828
12846
12853
12873
12885
12898
12912
12923
12933
12942
12955
12969
12973
12982
12997
13007
13025
13031
13043
13048
13052
13057
13073
13075
13086
13086
13085
13090
13092
13092
13091
13090
13096
13093
13097
13094
13091
13094
13108
13111
13116
13107
13114
13109
13119
13129
13121
13125
13136
13128
13121
13109
13113
13121
13122
13124
13130
13126
13130
13137
13135
13140
13135
13137
13141
13139
13134
13138
13126
13126
13130
13124
13129
13134
13128
13124
13122
13120
13116
13120
13122
13126
13130
13136
13137
13147
13143
