13014
13021
13023
13029
13036
13040
13051
13058
13054
13058
13061
13063
13060
13070
13069
13081
13083
13085
13091
13091
13093
13107
13105
13108
13108
13111
13119
13119
13123
13117
13115
13112
13110
13117
13115
13119
13123
13123
13132
13129
13122
13126
13129
13127
13124
13118
13124
13125
13122
13123
13119
13116
13119
13118
13114
13122
13119
13120
13123
13121
13119
13124
13121
13129
13132
13135
13141
13136
13139
13135
13136
13137
13135
13138
13138
13136
13150
13135
13139
13132
13131
13135
13130
13134
13130
13133
13140
13142
13144
13139
13147
13140
13142
13141
13137
13137
13133
13131
13134
13125
13124
13125
13124
13126
13131
13135
13137
13134
13132
13132
13143
13148
13144
13143
13138
13134
13139
13136
13142
13153
13155
13156
13155
13154
13149
13142
13139
13143
13133
13140
13142
13145
13147
13140
13139
13139
13131
13124
13129
13129
13135
13142
13136
13137
13137
13134
13135
13132
13134
13135
13136
13137
13136
13128
13125
13124
13138
13132
13137
13140
13153
13158
13156
13153
13152
13144
13144
13139
13130
13135
13135
13136
13136
13134
13132
13128
13129
13122
13131
13126
13136
13145
13142
13142
13143
13137
13145
13144
13157
13149
13151
13154
13149
13144
13141
13139
13142
13134
13136
13133
13123
13123
13124
13124
13128
13126
13127
13136
13134
13132
13132
13136
13137
13139
13140
13139
13130
13132
13137
13134
13130
13135
13133
13138
13137
13130
13129
13131
13126
13124
13130
13134
13136
13137
13141
13137
13137
13130
13134
13133
13130
13133
13138
13139
13140
13139
13136
13146
13141
13139
13136
13135
13134
13139
13138
13135
13130
13123
13128
13118
13111
13111
13113
13111
13122
13123
13127
13120
13128
13122
13122
13129
13127
13125
13126
13126
13134
13128
13128
13129
13131
13125
13127
13124
13130
13134
13131
13135
13123
13128
13129
13134
13133
13124
13121
13123
13125
13123
13120
13115
13115
13124
13128
13132
13134
13137
13143
13139
13136
13132
13127
13133
13134
13132
13132
13130
13129
13132
13138
13137
13139
13136
13140
13135
13136
13135
13131
13128
13130
13142
13140
13130
13128
13131
13127
13128
13134
13138
13139
13133
13131
13136
13134
13134
13133
13137
13141
13138
13137
13135
13133
13136
13135
13135
13133
13131
13139
13137
13136
13142
13132
13136
13134
13133
13133
13132
13126
13125
13124
13122
13126
13124
13132
13137
13138
13139
13140
13134
13132
13128
13126
13112
12978
12902
12854
12826
12813
12810
12819
12824
12843
12852
12868
12880
12896
12905
12926
12932
12952
12961
12977
12986
12991
13003
13014
13023
13027
13028
13021
13032
13040
13046
13055
13069
13069
13075
13069
13074
13076
13069
13073
13086
13087
13090
13092
13098
13102
13105
13109
13112
13118
13113
13115
13110
13110
13106
13115
13114
13112
13118
13122
13122
13126
13136
13140
13144
13140
13147
13132
13135
13136
13136
13134
13131
13122
13130
13124
13127
13128
13132
13136
13137
13133
13137
13143
13137
13143
13140
13144
13147
13146
13149
13149
13142
13143
13138
13141
13141
13132
13128
13129
13123
13126
13123
13127
13131
13132
13125
13119
13129
13128
13125
13133
13130
13127
13132
13132
13131
13123
13118
13115
13119
13124
13127
13128
13128
13063
12492
11684
11142
10838
10664
10613
10608
10668
10744
10864
10960
11082
11184
11304
11404
11516
11609
11713
11797
11889
11959
12036
12092
12168
12229
12297
12339
12393
12444
12494
12526
12575
12600
12641
12671
12698
12730
12756
12778
12805
12819
12840
12858
12875
12895
12908
12919
12927
12930
12948
12954
12968
12978
12989
13004
13014
13017
13028
13039
13041
13044
13036
13045
13051
13056
13064
13069
13073
13087
13081
13089
13091
13090
13090
13100
13104
13106
13109
13117
13113
13111
13110
13106
13106
13114
13118
13117
13117
13116
13117
13117
13117
13121
13118
13122
13121
13121
13129
13129
13134
13136
13130
13132
13130
13129
13129
13126
13121
13130
13128
13126
13132
13127
13128
13125
13124
13126
13129
13137
13140
13146
13142
13134
13132
13144
13142
13143
13140
13141
13140
13130
13135
13143
13133
13135
13133
13137
13135
13133
13126
13136
13126
13135
13133
13129
13131
13138
13130
13133
13129
13133
13135
13126
13123
13128
13130
13138
13141
13139
13142
13142
13145
13141
13139
13140
13133
13133
13126
13132
13134
13128
13127
13136
13129
13131
13135
13136
13138
13139
13137
13142
13128
13128
13123
13126
13126
13130
13128
13138
13139
13137
13148
13136
13132
13138
13142
13135
13135
13134
13131
13137
13144
13133
13135
13143
13144
13143
13142
13132
13127
13119
13115
13117
13110
13112
13118
13126
13134
13131
13135
13142
13140
13144
13149
13146
13149
13143
13142
13139
13135
13122
13133
13125
13118
13115
13118
13121
13125
13126
13124
13123
13129
13125
13128
13133
13130
13133
13130
13127
13139
13126
13126
13130
13134
13133
13128
13133
13133
13130
13139
13138
13138
13138
13134
13134
13143
13136
13135
13140
13134
13132
13133
13125
13128
13132
13135
13136
13147
13142
13138
13138
13142
13139
13140
13140
13132
13133
13122
13120
13129
13129
13129
13134
13133
13137
13133
13133
13134
13130
13129
13133
13126
13135
13136
13136
13145
13136
13135
13138
13133
13128
13135
13130
13129
13134
13132
13139
13138
13132
13132
13137
13134
13125
13129
13130
13130
13130
13132
13128
13132
13135
13135
13139
13132
13132
13134
13130
13133
13131
13129
13141
13137
13141
13141
13138
13140
13137
13136
13143
13142
13140
13149
13140
13142
13137
13131
13133
13135
13141
13134
13138
13139
13131
13130
13134
13133
13131
13120
13124
13125
13124
13123
13125
13127
13136
13139
13135
13134
13130
13129
13134
13128
13134
13133
13134
13134
13134
13125
13136
13130
13131
13141
13133
13130
13129
13138
13139
13139
13137
13146
13145
13150
13148
13144
13141
13137
13139
13132
13135
13140
13136
13133
13137
13137
13137
13134
13133
13137
13132
13133
13132
13126
13132
13129
13131
13134
13139
13141
13142
13134
13133
13134
13129
13133
13138
13129
13131
13130
13131
13131
13135
13136
13136
13138
13140
13148
13147
13148
13148
13157
13152
13150
13145
13141
13143
13143
13138
13135
13139
13134
13140
13128
13128
13121
13127
13127
13131
13135
13134
13132
13129
13135
13133
13137
13149
13142
13136
13135
13140
13138
13143
13151
13143
13140
13135
13134
13135
13141
13140
13143
13137
13136
13137
13128
13138
13131
13133
13137
13139
13133
13137
13132
13138
13142
13144
13149
13148
13144
13145
13135
13129
13136
13132
13135
13138
13136
13136
13126
13125
13124
13138
13134
13124
