13148
13142
13141
13146
13136
13142
13137
13141
13139
13132
13129
13131
13133
13128
13126
13125
13127
13130
13140
13143
13143
13147
13148
13148
13142
13142
13139
13138
13141
13141
13141
13138
13134
13137
13137
13126
13125
13136
13132
13137
13139
13141
13142
13144
13137
13137
13139
13142
13140
13139
13139
13144
13148
13145
13145
13146
13143
13140
13138
13129
13136
13143
13142
13154
13143
13142
13142
13145
13146
13141
13135
13151
13146
13147
13148
13139
13142
13139
13135
13140
13141
13135
13136
13140
13140
13138
13137
13136
13137
13140
13149
13145
13150
13142
13134
13134
13140
13134
13128
13133
13127
13130
13128
13133
13132
13139
13142
13147
13149
13145
13141
13138
13133
13127
13131
13131
13132
13133
13131
13129
13133
13132
13132
13132
13140
13139
13139
13138
13133
13126
13133
13135
13136
13133
13128
13132
13133
13127
13124
13126
13126
13122
13128
13125
13124
13127
13128
13119
13122
13115
13122
13127
13122
13121
13141
13136
13143
13153
13142
13145
13142
13143
13143
13141
13145
13141
13147
13137
13133
13133
13126
13131
13128
13121
13125
13126
13126
13128
13126
13126
13119
13133
13138
13139
13132
13139
13133
13130
13131
13128
13127
13136
13134
13128
13134
13132
13127
13141
13134
13143
13139
13140
13135
13127
13130
13126
13131
13125
13127
13133
13136
13135
13147
13142
13145
13148
13158
13154
13150
13143
13143
13143
13142
13143
13126
13131
13136
13132
13129
13126
13124
13130
13130
13137
13144
13142
13142
13145
13144
13135
13128
13125
13130
13121
13124
13124
13122
13136
13133
13130
13130
13131
13134
13130
13126
13125
13124
13129
13134
13137
13137
13139
13130
13134
13128
13132
13130
13127
13127
13133
13133
13137
13137
13138
13153
13146
13147
13151
13144
13140
13143
13135
13140
13138
13136
13132
13134
13131
13129
13126
13138
13134
13142
13136
13137
13132
13130
13127
13133
13129
13128
13135
13141
13139
13144
13145
13147
13139
13144
13147
13139
13140
13137
13137
13148
13142
13143
13141
13138
13141
13146
13144
13150
13147
13141
13142
13140
13141
13134
13138
13143
13147
13150
13147
13141
13147
13141
13146
13148
13148
13144
13142
13142
13143
13136
13137
13142
13137
13139
13133
13129
13138
13131
13130
13134
13134
13135
13144
13138
13140
13139
13143
13138
13142
13149
13146
13149
13148
13147
13135
13131
13134
13141
13132
13129
13132
13132
13141
13143
13138
13131
13133
13131
13125
13126
13124
13131
13126
13136
13132
13123
13132
13129
13129
13134
13129
13135
13150
13144
13144
13142
13139
13145
13141
13148
13143
13143
13137
13135
13132
13137
13131
13133
13129
13125
13135
13133
13134
13133
13138
13136
13138
13137
13133
13129
13131
13137
13134
13134
13136
13137
13143
13135
13146
13145
13145
13139
13150
13149
13145
13148
13146
13144
13145
13143
13133
13134
13145
13146
13149
13143
13149
13149
13140
13139
13132
13124
13127
13128
13132
13141
13137
13136
13134
13135
13133
13134
13131
13136
13136
13134
13141
13130
13123
13136
13128
13132
13141
13139
13139
13135
13141
13136
13127
13127
13122
13125
13128
13126
13125
13119
13122
13127
13122
13121
13123
13131
13136
13133
13139
13145
13131
13010
12582
11990
11378
10988
10626
10318
10049
9929
9895
9954
10024
10142
10225
10359
10481
10592
10644
10747
10849
10974
11084
11206
11305
11423
11521
11626
11712
11801
11886
11980
12043
12113
12182
12247
12302
12359
12400
12451
12492
12537
12570
12605
12631
12668
12688
12716
12738
12758
12783
12803
12822
12858
12870
12887
12903
12920
12929
12938
12952
12961
12969
12980
12994
12999
13016
13021
13029
13041
13046
13056
13054
13053
13059
13068
13077
13083
13080
13073
13078
13085
13100
13097
13101
13101
13100
13102
13106
13109
13112
13105
13110
13116
13112
13113
13121
13118
13122
13127
13127
13123
13118
13132
13135
13138
13133
13127
13131
13132
13124
13129
13125
13133
13143
13145
13141
13138
13136
13142
13135
13134
13132
13124
13123
13129
13133
13136
13141
13144
13146
13136
13138
13142
13140
13139
13149
13140
13140
13143
13138
13144
13144
13142
13140
13139
13138
13137
13139
13136
13138
13141
13136
13130
13128
13126
13127
13131
13130
13133
13129
13131
13133
13131
13137
13135
13139
13132
13128
13133
13138
13140
13133
13139
13129
13129
13132
13136
13135
13136
13132
13135
13131
13131
13131
13135
13140
13141
13139
13134
13128
13131
13129
13129
13129
13132
13134
13131
13136
13140
13139
13135
13138
13134
13133
13139
13139
13139
13135
13127
13131
13123
13124
13131
13122
13118
13129
13122
13124
13128
13128
13127
13132
13134
13132
13140
13136
13142
13133
13135
13136
13141
13139
13132
13133
13131
13132
13133
13130
13129
13133
13134
13134
13135
13136
13138
13135
13136
13138
13140
13139
13137
13134
13138
13130
13127
13138
13131
13136
13142
13142
13146
13141
13142
13133
13132
13134
13131
13126
13128
13136
13136
13130
13142
13146
13138
13133
13131
13125
13125
13130
13128
13125
13122
13126
13128
13122
13125
13130
13134
13145
13142
13142
13151
13141
13136
13145
13141
13137
13144
13137
13133
13143
13142
13140
13141
13134
13134
13134
13121
13125
13128
13115
13123
13128
13131
13133
13134
13137
13137
13139
13128
13131
13133
13137
13140
13138
13143
13145
13146
13147
13140
13141
13136
13135
13129
13133
13134
13134
13140
13138
13145
13150
13148
13147
13150
13148
13146
13139
13139
13140
13144
13146
13144
13141
13136
13135
13132
13130
13129
13133
13132
13139
13137
13140
13140
13138
13146
13150
13144
13148
13138
13135
13141
13129
13135
13138
13136
13139
13133
13136
13130
13122
13122
13126
13126
13133
13132
13131
13134
13137
13137
13134
13134
13132
13127
13125
13125
13124
13123
13118
13124
13130
13126
13130
13124
13123
13122
13125
13132
13138
13134
13132
13144
13139
13135
13138
13143
13133
13131
13129
13132
13128
13127
13125
13123
13120
13122
13121
13127
13125
13137
13131
13132
13134
13133
13136
13138
13134
13133
13129
13136
13141
13135
13127
13135
13132
13129
13127
13129
13137
13132
13124
13141
13133
13137
13136
13131
13132
13127
13127
13125
13124
13131
13124
13130
13133
13131
13132
13132
13127
13135
13133
13130
13134
13134
13131
13126
13132
13127
13129
13133
13128
13117
13126
13134
13126
13134
13144
13140
13143
13135
13132
13142
13135
13133
13133
13128
13132
13137
13141
13140
13142
13137
13140
13137
13131
13131
13128
13128
13126
13133
13127
13124
13127
13123
13123
13120
13130
13129
13130
13130
13130
13133
13132
13131
13138
13136
13135
