13134
13131
13141
13138
13145
13140
13145
13140
13136
13137
13134
13129
13139
13140
13143
13142
13136
13132
13135
13126
13126
13137
13135
13133
13128
13135
13131
13135
13130
13125
13134
13133
13135
13132
13136
13141
13152
13143
13140
13135
13136
13140
13141
13139
13138
13137
13134
13138
13136
13138
13141
13135
13137
13133
13132
13130
13127
13125
13138
13133
13134
13136
13131
13131
13130
13128
13122
13126
13128
13121
13123
13128
13134
13136
13134
13131
13138
13129
13125
13122
13118
13125
13129
13126
13132
13128
13129
13138
13125
13123
13124
13122
13125
13127
13125
13130
13123
13120
13129
13121
13116
13121
13120
13124
13129
13131
13132
13142
13139
13138
13141
13150
13149
13144
13140
13140
13147
13138
13142
13145
13144
13142
13138
13131
13130
13130
13133
13132
13130
13130
13126
13126
13131
13132
13129
13127
13126
13127
13130
13122
13119
13127
13130
13131
13142
13138
13136
13137
13140
13141
13138
13144
13135
13131
13132
13134
13133
13140
13141
13148
13145
13142
13135
13137
13138
13141
13139
13140
13139
13141
13143
13138
13137
13132
13130
13135
13133
13132
13140
13137
13134
13136
13138
13137
13129
13136
13138
13140
13134
13135
13132
13130
13128
13128
13133
13133
13141
13133
13125
13130
13120
13123
13123
13121
13121
13121
13123
13129
13132
13137
13142
13138
13145
13145
13140
13144
13143
13138
13151
13138
13139
13138
13134
13131
13135
13137
13131
13132
13131
13133
13138
13136
13132
13129
13131
13132
13133
13132
13130
13138
13134
13138
13132
13133
13130
13126
13135
13146
13143
13148
13150
13143
13141
13132
13134
13133
13125
13125
13121
13129
13125
13126
13129
13131
13136
13136
13139
13135
13140
13150
13152
13151
13141
13148
13145
13142
13134
13135
13130
13140
13145
13138
13134
13136
13135
13136
13134
13137
13130
13132
13134
13127
13126
13129
13130
13135
13141
13131
13138
13145
13138
13134
13122
13130
13132
13130
13134
13137
13145
13137
13135
13136
13132
13130
13129
13125
13130
13128
13129
13135
13135
13137
13139
13133
13140
13139
13139
13141
13136
13136
13141
13138
13138
13134
13131
13138
13128
13123
13129
13132
13131
13133
13133
13138
13136
13138
13136
13136
13140
13137
13142
13144
13139
13134
13135
13139
13141
13125
13119
13129
13127
13127
13121
13119
13113
13114
13107
13114
13117
13125
13127
13126
13128
13131
13133
13136
13126
13127
13132
13129
13124
13139
13132
13136
13135
13141
13143
13140
13144
13145
13132
13137
13127
13125
13130
13134
13147
13144
13137
13142
13140
13135
13133
13134
13134
13142
13137
13137
13131
13133
13134
13130
13130
13136
13134
13137
13125
13125
13134
13136
13129
13132
13139
13149
13140
13140
13142
13144
13143
13139
13138
13144
13136
13134
13135
13136
13135
13126
13126
13132
13123
13128
13131
13134
13131
13135
13135
13139
13136
13138
13141
13141
13146
13138
13133
13134
13126
13127
13134
13131
13130
13136
13139
13136
13139
13130
13133
13126
13136
13136
13139
13133
13129
13126
13125
13122
13129
13117
13124
13132
13139
13129
13131
13125
13133
13131
13132
13134
13127
13137
13135
13133
13133
13128
13130
13131
13126
13126
13134
13125
13128
13137
13128
12860
12078
11066
10342
9926
9727
9634
9671
9736
9870
9938
9923
9959
10069
10172
10330
10464
10620
10748
10890
11016
11147
11259
11391
11502
11609
11704
11801
11880
11957
12034
12109
12173
12233
12284
12339
12381
12431
12483
12525
12566
12604
12640
12670
12697
12718
12743
12761
12795
12811
12835
12854
12872
12898
12910
12927
12939
12946
12959
12974
12979
12984
12987
12994
13004
13012
13029
13033
13042
13054
13053
13049
13057
13060
13067
13071
13077
13083
13099
13088
13097
13095
13100
13099
13106
13108
13103
13113
13118
13120
13117
13108
13115
13120
13115
13114
13123
13126
13131
13125
13131
13132
13135
13132
13129
13125
13131
13132
13133
13129
13125
13129
13125
13119
13123
13124
13122
13116
13121
13118
13124
13134
13137
13138
13129
13129
13129
13129
13133
13132
13137
13136
13138
13141
13132
13122
13126
13123
13126
13126
13125
13130
13137
13147
13153
13149
13144
13137
13133
13135
13138
13137
13140
13132
13132
13134
13126
13121
13126
13122
13122
13128
13134
13125
13120
13121
13116
13115
13126
13125
13131
13136
13132
13145
13128
13131
13130
13129
13130
13124
13124
13125
13133
13129
13135
13117
13124
13129
13131
13127
13125
13119
13133
13117
13123
13123
13126
13123
13126
13123
13121
13122
13124
13123
13122
13126
13134
13144
13138
13145
13151
13151
13146
13154
13138
13133
13134
13138
13138
13137
13130
13126
13126
13126
13135
13129
13136
13136
13132
13138
13138
13140
13145
13131
13132
13145
13132
13135
13143
13133
13135
13138
13132
13133
13121
13126
13122
13128
13128
13129
13133
13144
13140
13147
13140
13137
13140
13145
13144
13150
13145
13142
13138
13134
13138
13136
13141
13142
13138
13140
13138
13129
13131
13129
13126
13143
13138
13147
13148
13141
13141
13137
13139
13142
13137
13135
13132
13135
13142
13144
13138
13136
13124
13128
13123
13119
13126
13129
13125
13122
13120
13117
13118
13118
13120
13126
13129
13132
13138
13134
13139
13141
13138
13133
13128
13130
13125
13133
13134
13128
13137
13139
13134
13143
13140
13136
13136
13135
13149
13141
13138
13138
13138
13140
13133
13127
13128
13127
13132
13134
13139
13139
13148
13145
13145
13141
13143
13141
13139
13139
13133
13131
13137
13135
13129
13138
13133
13131
13137
13133
13130
13135
13135
13140
13135
13132
13131
13134
13138
13138
13137
13134
13134
13145
13138
13136
13142
13138
13138
13136
13133
13144
13146
13142
13140
13137
13140
13141
13132
13127
13129
13133
13139
13135
13127
13132
13130
13133
13137
13132
13133
13142
13135
13141
13139
13131
13131
13136
13136
13135
13131
13129
13127
13136
13133
13126
13138
13145
13139
13135
13133
13129
13133
13133
13133
13130
13130
13136
13132
13137
13130
13135
13147
13140
13135
13137
13132
13131
13138
13133
13138
13141
13139
13134
13140
13134
13125
13129
13137
13139
13138
13136
13137
13140
13133
13128
13133
13135
13139
13140
13144
13140
13138
13135
13135
13133
13139
13139
13138
13139
13139
13141
13146
13134
13129
13142
13136
13136
13136
13141
13139
13137
13137
13148
13143
13138
13132
13132
13134
13134
13133
13127
13126
13130
13128
13126
13132
13131
13129
13126
13134
13141
13140
13143
13142
13143
13138
13140
13134
13144
13145
13146
13152
13145
13134
13135
13131
13137
13142
13136
13136
13135
13133
13128
13129
13128
13122
