13057
13066
13063
13070
13079
13083
13088
13094
13094
13099
13100
13105
13110
13114
13110
13114
13114
13115
13132
13126
13125
13125
13119
13120
13120
13120
13125
13119
13119
13121
13119
13116
13115
13115
13120
13124
13122
13119
13122
13125
13120
13125
13118
13122
13128
13125
13124
13127
13123
13120
13121
13119
13116
13116
13115
13116
13118
13120
13120
13121
13124
13132
13126
13134
13132
13130
13136
13134
13129
13133
13132
13129
13131
13132
13134
13134
13139
13130
13129
13129
13119
13123
13117
13117
13125
13125
13125
13134
13131
13134
13128
13126
13119
13121
13116
13123
13118
13128
13126
13124
13133
13137
13134
13138
13126
13120
13125
13117
13113
13122
13125
13128
13129
13129
13124
13128
13137
13139
13139
13137
13133
13134
13130
13127
13131
13124
13132
13133
13132
13138
13137
13136
13142
13138
13129
13133
13125
13128
13130
13135
13140
13145
13138
13139
13135
13127
13128
13128
13124
13124
13122
13122
13127
13129
13125
13131
13132
13133
13140
13136
13143
13144
13150
13145
13156
13147
13144
13139
13145
13141
13142
13142
13141
13145
13145
13145
13141
13140
13142
13138
13144
13140
13136
13137
13130
13123
13131
13119
13113
13127
13124
13130
13131
13132
13132
13137
13141
13132
13135
13130
13133
13129
13131
13134
13139
13130
13131
13132
13134
13133
13136
13130
13130
13136
13137
13141
13140
13138
13141
13137
13138
13144
13141
13141
13130
13130
13135
13125
13129
13138
13130
13128
13132
13131
13135
13132
13134
13133
13134
13134
13141
13132
13128
13129
13131
13129
13130
13133
13133
13130
13124
13130
13133
13140
13143
13150
13144
13147
13142
13141
13142
13131
13124
13134
13133
13129
13143
13139
13137
13138
13142
13136
13140
13137
13139
13135
13143
13138
13139
13140
13137
13134
13125
13122
13134
13130
13126
13130
13127
13130
13128
13125
13120
13121
13117
13127
13125
13129
13125
13117
13130
13125
13129
13134
13126
13132
13138
13133
13127
13131
13125
13134
13131
13132
13133
13137
13132
13123
13121
13125
13124
13120
13119
13121
13127
13115
13113
13115
13122
13129
13128
13129
13130
13130
13135
13131
13126
13136
13141
13140
13144
13141
13130
13137
13134
13136
13145
13140
13146
13146
13144
13144
13145
13140
13142
13140
13144
13133
13130
13128
13127
13138
13132
13131
13139
13134
13126
13130
13136
13133
13125
13127
13131
13136
13134
13134
13131
13132
13128
13129
13126
13123
13125
13133
13128
13124
13129
13125
13122
13134
13135
13136
13133
13134
13139
13137
13136
13134
13129
13139
13131
13132
13127
13119
13129
13122
13121
13123
13127
13132
13134
13132
13125
13129
13136
13143
13130
13134
13135
13131
13131
13132
13134
13132
13125
13125
13135
13127
13123
13130
13127
13120
13124
13120
13118
13120
13124
13131
13127
13132
13129
13136
13141
13139
13154
13152
13143
13146
13148
13140
13141
13148
13141
13134
13128
13133
13130
13134
13135
13137
13134
13132
13136
13139
13138
13136
13144
13131
13129
13135
13131
13137
13137
13137
13134
13137
13131
13119
13122
13127
13128
13134
13131
13121
13126
13118
13125
13133
13138
13134
13130
13139
13137
13129
13130
13129
13125
13133
13133
13134
13135
13132
13134
13146
13139
13005
12144
11110
10007
9279
8898
8703
8699
8752
8895
9042
9251
9388
9493
9478
9554
9653
9806
9943
10124
10279
10453
10595
10758
10897
11047
11163
11289
11396
11512
11600
11702
11783
11877
11959
12043
12107
12181
12233
12296
12345
12402
12433
12484
12527
12565
12604
12635
12664
12693
12713
12746
12758
12777
12797
12818
12844
12865
12883
12896
12918
12926
12939
12943
12950
12959
12971
12979
12987
12998
13013
13020
13034
13038
13048
13050
13051
13050
13059
13062
13066
13071
13068
13073
13075
13078
13084
13085
13085
13093
13092
13095
13097
13098
13102
13108
13114
13119
13117
13126
13117
13122
13132
13131
13126
13124
13129
13124
13126
13117
13125
13115
13121
13117
13120
13126
13129
13131
13136
13130
13128
13135
13128
13127
13132
13119
13128
13133
13133
13137
13138
13146
13139
13136
13136
13132
13138
13134
13136
13148
13134
13132
13133
13126
13131
13126
13129
13130
13125
13127
13136
13132
13135
13129
13136
13132
13134
13133
13135
13126
13126
13127
13122
13118
13130
13123
13126
13127
13133
13135
13144
13133
13131
13128
13130
13130
13134
13131
13133
13137
13132
13136
13136
13127
13122
13123
13125
13116
13115
13120
13121
13120
13126
13128
13131
13133
13138
13139
13143
13138
13133
13145
13139
13134
13133
13130
13136
13137
13138
13135
13136
13136
13138
13133
13133
13129
13129
13134
13132
13126
13128
13128
13121
13126
13127
13127
13136
13148
13148
13147
13150
13140
13144
13149
13151
13149
13146
13142
13153
13147
13147
13152
13142
13137
13148
13142
13145
13137
13134
13138
13136
13143
13135
13139
13141
13143
13140
13138
13133
13133
13126
13127
13138
13132
13130
13127
13129
13126
13126
13128
13131
13129
13138
13134
13135
13139
13138
13124
13127
13123
13129
13139
13033
12926
12875
12836
12820
12824
12829
12839
12852
12857
12871
12888
12902
12915
12928
12942
12955
12966
12978
12982
12990
13002
13011
13013
13022
13031
13030
13034
13039
13037
13048
13058
13064
13070
13084
13084
13090
13086
13086
13090
13089
13086
13095
13092
13097
13109
13115
13118
13118
13112
13118
13113
13118
13124
13132
13135
13127
13131
13122
13127
13129
13127
13138
13134
13130
13133
13139
13140
13143
13140
13137
13141
13134
13137
13135
13133
13137
13128
13122
13138
13135
13131
13129
13131
13134
13137
13138
13139
13129
13137
13134
13133
13135
13126
13130
13130
13129
13131
13129
13124
13125
13123
13123
13128
13130
13139
13136
13134
13142
13139
13128
13127
13129
13126
13132
13129
13137
13136
13134
13139
13138
13132
13139
13131
13138
13133
13136
13128
13128
13130
13127
13125
13140
13135
13135
13132
13137
13136
13135
13134
13136
13140
13146
13144
13147
13146
13143
13140
13142
13134
13132
13126
13125
13124
13121
13123
13124
13123
13126
13134
13135
13130
13140
13141
13149
13155
13148
13149
13146
13139
13137
13134
13139
13138
13138
13131
13127
13137
13128
13136
13134
13139
13142
13140
13141
13143
13138
13143
13145
13138
13138
13142
13139
13146
13147
13146
13147
13145
13128
13129
13125
13122
13126
13131
13136
13141
13139
13141
13139
13143
13141
13141
13150
13149
13141
13137
13128
13129
13128
13119
13132
13137
13138
13141
13145
13150
13150
13148
13148
13141
13138
13132
13135
13141
13141
13132
13141
13131
13132
13136
13126
13131
13136
