13131
13123
13124
13115
13125
13130
13131
13138
13139
13144
13136
13138
13134
13137
13141
13145
13141
13137
13134
13131
13136
13129
13131
13140
13138
13132
13132
13128
13127
13129
13133
13138
13127
13142
13146
13140
13150
13143
13139
13147
13136
13138
13141
13135
13134
13136
13142
13147
13144
13151
13156
13153
13155
13146
13149
13146
13144
13134
13139
13142
13146
13136
13134
13135
13134
13129
13125
13122
13120
13126
13135
13137
13135
13132
13136
13128
13128
13132
13120
13127
13131
13132
13130
13132
13133
13142
13145
13142
13141
13137
13144
13146
13149
13143
13142
13153
13152
13154
13150
13141
13146
13138
13129
13127
13123
13128
13123
13126
13121
13124
13126
13127
13121
13125
13125
13127
13124
13121
13125
13136
13131
13132
13128
13135
13136
13140
13138
13138
13140
13127
13126
13128
13127
13128
13127
13134
13131
13133
13128
13132
13140
13134
13132
13128
13126
13124
13122
13122
13126
13125
13128
13132
13135
13139
13145
13141
13145
13141
13142
13147
13146
13145
13141
13132
13133
13136
13132
13132
13137
13131
13142
13138
13139
13135
13126
13132
13136
13136
13127
13128
13126
13121
13120
13124
13132
13137
13137
13138
13134
13132
13131
13136
13131
13140
13145
13143
13136
13133
13138
13143
13143
13134
13134
13127
13115
13127
13118
13123
13127
13132
13141
13142
13142
13141
13144
13144
13148
13139
13137
13133
13141
13132
13134
13136
13134
13128
13125
13129
13132
13131
13129
13133
13138
13138
13142
13140
13142
13140
13142
13137
13135
13134
13140
13134
13141
13141
13137
13135
13139
13145
13137
13134
13133
13131
13134
13139
13139
13134
13139
13142
13143
13132
13129
13133
13130
13132
13133
13132
13133
13132
13126
13128
13129
13131
13136
13132
13132
13133
13130
13128
13124
13125
13138
13128
13126
13132
13133
13137
13137
13135
13142
13137
13142
13142
13142
13144
13143
13145
13150
13147
13149
13141
13130
13141
13140
13138
13142
13142
13134
13139
13140
13138
13135
13143
13141
13137
13144
13141
13146
13151
13142
13134
13134
13134
13139
13137
13138
13139
13139
13140
13137
13142
13143
13143
13148
13146
13142
13140
13144
13141
13145
13139
13134
13133
13133
13130
13130
13120
13124
13128
13129
13132
13128
13131
13141
13140
13148
13147
13142
13145
13147
13147
13153
13151
13141
13137
13132
13132
13135
13125
13126
13132
13136
13130
13129
13131
13136
13134
13129
13132
13141
13137
13136
13134
13128
13129
13126
13126
13127
13132
13134
13133
13129
13131
13130
13122
13123
13127
13125
13135
13131
13128
13126
13119
13118
13128
13125
13133
13134
13138
13142
13142
13139
13137
13141
13138
13136
13131
13132
13127
13133
13134
13126
13135
13132
13129
13134
13133
13133
13139
13135
13137
13139
13137
13139
13130
13133
13132
13135
13139
13135
13131
13136
13131
13131
13136
13136
13135
13139
13139
13146
13140
13134
13130
13129
13133
13136
13128
13132
13132
13137
13134
13134
13136
13137
13135
13139
13135
13135
13142
13140
13139
13131
13136
13133
13126
13130
13124
13122
13129
13128
13126
13137
13135
13142
13139
13145
13146
13146
13143
13148
13150
13158
13149
13145
13144
13142
13141
13138
13134
13144
13130
13129
13134
13133
13100
12978
12770
12439
12162
12008
11922
11887
11886
11913
11950
12013
12067
12123
12179
12238
12285
12346
12394
12443
12493
12529
12572
12610
12642
12681
12713
12738
12756
12781
12801
12820
12838
12857
12876
12892
12896
12909
12920
12934
12946
12954
12966
12970
12981
12995
13005
13006
13017
13028
13028
13045
13051
13062
13074
13075
13083
13090
13083
13088
13089
13090
13089
13088
13085
13086
13094
13100
13102
13109
13115
13114
13116
13119
13115
13119
13113
13111
13119
13120
13125
13134
13133
13135
13140
13135
13138
13133
13138
13129
13127
13121
13121
13115
13124
13120
13121
13129
13128
13125
13136
13130
13135
13139
13143
13140
13138
13140
13139
13136
13133
13128
13126
13124
13125
13134
13138
13134
13129
13123
13125
13126
13122
13127
13127
13132
13138
13131
13139
13134
13126
13122
13120
13126
13134
13133
13139
13144
13135
13132
13135
13137
13137
13138
13137
13135
13136
13136
13136
13139
13138
13145
13144
13147
13143
13151
13145
13147
13149
13150
13146
13140
13134
13128
13131
13126
13122
13119
13122
13130
13131
13138
13137
13136
13147
13143
13138
13143
13138
13139
13139
13141
13145
13140
13142
13149
13141
13136
13131
13132
13141
13134
13138
13133
13136
13143
13138
13134
13133
13127
13132
13133
13132
13134
13137
13137
13140
13136
13137
13139
13133
13136
13137
13135
13135
13129
13123
13138
13130
13134
13127
13134
13135
13140
13137
13138
13133
13144
13138
13135
13137
13135
13136
13140
13135
13140
13135
13141
13148
13144
13139
13139
13133
13129
13124
13126
13130
13128
13131
13131
13133
13137
13138
13138
13139
13142
13138
13141
13131
13119
13131
13126
13126
13126
13124
13118
13117
13121
13127
13126
13127
13128
13130
13128
13130
13134
13130
13133
13132
13129
13136
13133
13138
13133
13136
13140
13133
13137
13148
13152
13150
13147
13141
13145
13151
13152
13138
13144
13139
13134
13132
13129
13131
13132
13135
13133
13131
13132
13123
13129
13130
13128
13126
13133
13135
13140
13134
13134
13141
13143
13147
13134
13130
13135
13139
13148
13146
13147
13153
13153
13140
13142
13133
13141
13140
13135
13125
13133
13126
13117
13122
13122
13127
13131
13137
13142
13129
13129
13126
13137
13139
13138
13139
13142
13147
13152
13140
13140
13140
13138
13140
13134
13131
13133
13130
13131
13126
13132
13138
13148
13145
13146
13143
13145
13141
13135
13133
13143
13138
13134
13134
13128
13123
13128
13136
13133
13143
13145
13146
13146
13149
13149
13146
13139
13137
13133
13123
13121
13126
13131
13128
13120
13119
13122
13129
13125
13127
13130
13132
13136
13130
13135
13131
13127
13136
13135
13129
13139
13135
13131
13133
13123
13127
13127
13138
13135
13138
13139
13132
13136
13137
13135
13131
13142
13135
13133
13132
13134
13137
13133
13125
13122
13122
13124
13128
13131
13136
13128
13136
13146
13139
13142
13142
13142
13147
13136
13131
13130
13138
13139
13138
13139
13145
13151
13140
13142
13146
13149
13151
13149
13149
13146
13143
13138
13135
13139
13131
13137
13144
13151
13144
13149
13147
13144
13140
13140
13143
13139
13138
13136
13132
13129
13126
13122
13124
13127
13117
13126
13118
13129
13127
13126
13132
13124
13132
13131
13135
13131
13132
13134
13139
13143
13148
13144
13147
13143
13133
13127
13124
13128
13123
13128
13134
13134
13147
