13118
13122
13122
13125
13137
13130
13131
13126
13134
13128
13124
13122
13119
13121
13126
13132
13133
13130
13136
13127
13140
13138
13142
13146
13144
13128
13133
13132
13141
13143
13133
13134
13136
13139
13131
13131
13134
13135
13141
13146
13142
13144
13139
13137
13147
13138
13132
13139
13137
13136
13138
13130
13131
13130
13134
13137
13135
13136
13138
13135
13136
13131
13134
13138
13136
13132
13137
13128
13133
13135
13134
13139
13134
13140
13145
13147
13149
13144
13143
13142
13133
13130
13129
13134
13142
13142
13137
13138
13140
13140
13143
13150
13147
13142
13151
13146
13150
13141
13137
13138
13134
13134
13126
13130
13126
13123
13128
13123
13125
13124
13118
13120
13126
13127
13126
13122
13132
13133
13140
13145
13146
13142
13143
13135
13137
13122
13126
13134
13137
13141
13143
13142
13139
13138
13131
13139
13129
13133
13134
13128
13134
13133
13135
13139
13137
13138
13145
13140
13135
13138
13136
13135
13138
13137
13140
13140
13140
13142
13140
13140
13136
13135
13133
13131
13137
13128
13128
13124
13126
13126
13135
13138
13136
13138
13130
13129
13132
13131
13130
13123
13127
13125
13122
13130
13129
13123
13133
13129
13129
13134
13132
13133
13136
13133
13141
13138
13142
13142
13151
13142
13142
13141
13142
13145
13145
13138
13136
13135
13133
13134
13132
13137
13141
13139
13141
13139
13130
13127
13128
13128
13128
13132
13131
13138
13133
13131
13148
13145
13147
13153
13142
13148
13147
13146
13145
13140
13141
13140
13143
13144
13144
13138
13135
13126
13137
13126
13129
13130
13128
13129
13125
13125
13122
13123
13132
13128
13128
13137
13144
13142
13141
13148
13146
13144
13138
13133
13136
13130
13130
13130
13130
13134
13136
13138
13142
13143
13143
13138
13129
13129
13131
13138
13131
13133
13139
13133
13127
13138
13141
13134
13135
13133
13127
13122
13126
13124
13121
13120
13127
13126
13129
13130
13121
13131
13130
13131
13138
13138
13144
13147
13140
13137
13134
13126
13123
13123
13122
13116
13119
13119
13125
13122
13119
13118
13126
13122
13131
13136
13141
13146
13144
13147
13143
13136
13136
13134
13138
13138
13142
13138
13150
13149
13144
13145
13147
13137
13147
13140
13146
13140
13136
13138
13140
13138
13137
13137
13139
13135
13139
13136
13138
13141
13141
13141
13151
13135
13140
13134
13136
13134
13129
13139
13137
13139
13139
13136
13134
13127
13134
13128
13130
13132
13132
13138
13143
13142
13149
13147
13142
13145
13142
13142
13142
13136
13140
13145
13137
13134
13138
13137
13132
13136
13134
13127
13134
13125
13124
13132
13130
13129
13133
13129
13137
13136
13134
13135
13132
13140
13139
13135
13140
13144
13142
13142
13135
13140
13148
13138
13138
13139
13138
13134
13141
13137
13139
13132
13138
13130
13138
13134
13135
13129
13133
13132
13145
13142
13138
13140
13138
13143
13140
13140
13139
13136
13134
13134
13128
13124
13125
13120
13127
13123
13135
13141
13141
13138
13141
13131
13135
13143
13140
13137
13134
13128
13133
13133
13133
13134
13136
13140
13136
13135
13133
13130
13142
13133
13124
13122
13128
13135
13125
13131
13136
13138
13143
13135
13131
13131
13123
13117
13121
13116
13115
13123
13124
13127
13132
13007
12466
11368
10390
9796
9297
8942
8828
8803
8901
9016
9198
9374
9551
9676
9845
9993
10182
10332
10513
10647
10673
10728
10835
10925
11048
11154
11265
11368
11474
11561
11670
11751
11847
11925
12003
12074
12142
12193
12267
12314
12372
12422
12468
12497
12537
12571
12608
12636
12665
12694
12734
12761
12790
12809
12823
12843
12869
12875
12889
12893
12911
12929
12941
12959
12974
12981
12995
13010
13016
13022
13030
13033
13039
13046
13050
13066
13064
13066
13075
13080
13083
13086
13081
13078
13083
13084
13089
13080
13090
13090
13094
13102
13108
13116
13118
13122
13133
13131
13127
13124
13120
13115
13117
13116
13113
13121
13118
13132
13126
13129
13128
13130
13135
13140
13134
13144
13140
13138
13135
13135
13139
13133
13129
13127
13134
13142
13144
13138
13147
13143
13151
13142
13131
13138
13136
13130
13138
13123
13121
13118
13125
13138
13129
13130
13136
13135
13132
13135
13128
13130
13132
13131
13134
13133
13126
13133
13126
13124
13125
13119
13111
13119
13121
13119
13124
13126
13126
13129
13132
13126
13132
13128
13125
13122
13127
13132
13136
13127
13133
13135
13138
13138
13134
13136
13137
13140
13139
13137
13137
13142
13139
13138
13141
13136
13122
13130
13120
13117
13129
13123
13132
13133
13134
13134
13130
13128
13132
13144
13144
13139
13142
13143
13136
13134
13132
13132
13135
13126
13133
13137
13138
13138
13146
13144
13142
13139
13131
13141
13134
13144
13139
13138
13146
13142
13143
13147
13154
13148
13152
13141
13144
13144
13143
13148
13156
13144
13143
13146
13151
13140
13138
13137
13135
13137
13129
13122
13133
13129
13132
13138
13134
13136
13134
13129
13127
13131
13127
13130
13132
13139
13148
13151
13149
13147
13145
13148
13143
13139
13142
13142
13141
13141
13139
13136
13139
13136
13138
13134
13140
13126
13134
13133
13137
13133
13129
13123
13126
13125
13127
13132
13130
13128
13131
13136
13139
13135
13142
13140
13141
13150
13149
13146
13147
13147
13145
13146
13134
13128
13126
13128
13124
13127
13130
13136
13134
13134
13133
13137
13131
13135
13135
13146
13144
13141
13138
13128
13138
13132
13141
13138
13134
13130
13135
13140
13139
13140
13143
13148
13147
13141
13136
13125
13129
13135
13129
13130
13132
13132
13142
13139
13136
13147
13137
13141
13143
13138
13134
13130
13138
13137
13134
13141
13131
13136
13141
13124
13129
13126
13129
13136
13131
13135
13136
13142
13143
13136
13134
13139
13132
13135
13134
13134
13135
13138
13129
13135
13131
13126
13130
13123
13131
13134
13131
13141
13141
13139
13137
13141
13140
13139
13137
13144
13144
13148
13144
13135
13139
13134
13129
13139
13133
13142
13147
13151
13150
13151
13145
13144
13136
13126
13138
13133
13127
13127
13125
13129
13124
13124
13135
13133
13140
13142
13148
13144
13145
13142
13140
13137
13138
13122
13123
13124
13127
13141
13137
13134
13135
13120
13123
13129
13129
13125
13124
13123
13129
13131
13137
13143
13141
13143
13144
13140
13145
13146
13141
13138
13137
13132
13138
13129
13127
13133
13133
13131
13143
13135
13142
13131
13130
13122
13123
13123
13124
13130
13130
13125
13137
13126
13129
13126
13124
13124
13131
13127
13125
13130
13130
13133
13124
13131
13134
13132
13132
13137
13132
13132
13129
13122
13128
13126
13133
13140
