13121
13116
13113
13113
13115
13113
13118
13120
13122
13116
13115
13123
13130
13126
13132
13139
13134
13135
13130
13124
13133
13132
13129
13138
13132
13138
13137
13133
13134
13125
13130
13135
13137
13136
13146
13143
13145
13146
13142
13142
13149
13151
13150
13151
13150
13144
13141
13140
13132
13130
13134
13131
13134
13133
13138
13143
13145
13143
13140
13133
13135
13134
13131
13133
13139
13144
13143
13139
13140
13140
13141
13138
13129
13125
13137
13136
13137
13142
13139
13138
13136
13137
13139
13135
13136
13144
13138
13138
13137
13147
13146
13145
13147
13132
13134
13142
13136
13134
13130
13133
13134
13135
13134
13142
13135
13129
13132
13130
13137
13136
13138
13145
13143
13135
13143
13136
13143
13147
13133
13135
13134
13136
13138
13135
13129
13131
13125
13125
13126
13128
13126
13131
13136
13135
13126
13133
13125
13127
13125
13122
13121
13128
13128
13138
13134
13138
13140
13139
13140
13142
13133
13137
13123
13122
13122
13129
13124
13132
13130
13135
13137
13135
13139
13137
13133
13132
13134
13139
13133
13133
13133
13138
13141
13130
13124
13130
13135
13134
13132
13135
13132
13131
13137
13139
13139
13148
13145
13143
13149
13146
13144
13152
13155
13150
13153
13142
13132
13139
13132
13144
13140
13134
13131
13132
13135
13134
13137
13136
13126
13132
13129
13126
13124
13122
13128
13129
13127
13130
13129
13130
13133
13134
13132
13135
13121
13129
13137
13145
13146
13140
13142
13147
13148
13144
13141
13135
13135
13137
13139
13134
13138
13136
13138
13137
13132
13125
13124
13126
13126
13123
13126
13127
13134
13132
13130
13130
13131
13134
13130
13134
13135
13136
13136
13132
13128
13127
13133
13132
13129
13138
13134
13135
13126
13119
13132
13124
13126
13132
13133
13134
13137
13137
13128
13128
13132
13135
13139
13146
13150
13149
13150
13144
13142
13138
13133
13135
13136
13128
13120
13116
13129
13131
13134
13140
13131
13148
13150
13140
13142
13140
13136
13140
13134
13135
13140
13140
13140
13143
13136
13138
13138
13146
13146
13140
13139
13137
13130
13132
13131
13131
13129
13132
13135
13134
13134
13142
13145
13148
13145
13142
13141
13146
13143
13143
13140
13139
13145
13137
13139
13142
13137
13147
13141
13136
13142
13131
13133
13134
13123
13126
13128
13132
13134
13133
13133
13128
13130
13127
13125
13128
13129
13127
13135
13132
13128
13131
13128
13132
13131
13132
13136
13130
13134
13141
13139
13139
13148
13135
13142
13140
13144
13148
13144
13135
13142
13129
13125
13135
13133
13130
13130
13124
13126
13125
13123
13124
13131
13126
13123
13128
13129
13125
13134
13129
13131
13136
13136
13139
13136
13134
13137
13137
13134
13133
13127
13132
13138
13137
13139
13141
13142
13140
13143
13137
13136
13129
13127
13130
13130
13136
13142
13143
13146
13140
13144
13138
13131
13135
13137
13141
13143
13140
13140
13137
13139
13154
13149
13145
13142
13140
13149
13140
13132
13134
13120
13131
13132
13136
13139
13136
13127
13129
13132
13125
13122
13119
13117
13120
13114
13115
13108
13113
13113
13119
13120
13113
13115
13127
13130
13128
13131
13129
13129
13128
13134
13136
13131
13124
13129
13123
13129
13126
13128
13129
13129
13134
13007
12386
11439
10731
10308
9983
9799
9728
9773
9842
9974
10094
10254
10401
10570
10716
10874
11004
11143
11255
11363
11368
11337
11335
11380
11436
11518
11584
11668
11744
11823
11899
11975
12041
12111
12164
12234
12291
12351
12404
12453
12492
12530
12560
12591
12634
12670
12688
12730
12756
12784
12807
12828
12847
12868
12884
12895
12908
12914
12921
12936
12951
12962
12968
12976
12984
13005
13007
13015
13024
13030
13042
13042
13043
13055
13056
13051
13058
13055
13062
13074
13076
13086
13092
13097
13100
13102
13096
13100
13094
13100
13104
13099
13104
13106
13107
13110
13109
13108
13108
13110
13117
13117
13117
13115
13114
13124
13126
13117
13120
13120
13128
13129
13124
13127
13129
13114
13122
13117
13122
13125
13124
13128
13130
13130
13138
13131
13116
13123
13119
13124
13131
13132
13135
13135
13142
13142
13142
13140
13137
13136
13142
13136
13137
13130
13127
13129
13124
13123
13123
13126
13134
13131
13132
13133
13130
13132
13129
13123
13132
13134
13131
13135
13135
13134
13141
13132
13133
13138
13132
13132
13134
13139
13142
13144
13144
13144
13141
13142
13139
13138
13140
13139
13139
13141
13139
13140
13129
13127
13134
13135
13140
13134
13136
13136
13143
13133
13139
13139
13139
13139
13141
13143
13139
13134
13140
13137
13135
13139
13127
13128
13136
13136
13137
13134
13136
13133
13130
13128
13125
13129
13137
13128
13135
13125
13123
13131
13127
13119
13129
13120
13131
13121
13119
13117
13119
13119
13129
13126
13128
13128
13125
13130
13137
13131
13140
13143
13140
13153
13147
13142
13140
13129
13129
13134
13136
13131
13130
13124
13116
13125
13134
13126
13126
13130
13125
13144
13136
13136
13138
13134
13137
13131
13127
13120
13128
13131
13131
13130
13135
13143
13140
13144
13138
13131
13131
13126
13126
13135
13132
13131
13135
13135
13145
13141
13136
13138
13143
13136
13136
13143
13143
13141
13139
13140
13147
13147
13142
13139
13137
13139
13138
13132
13129
13134
13132
13126
13126
13121
13115
13119
13122
13132
13129
13131
13141
13135
13127
13134
13126
13127
13133
13127
13133
13130
13130
13125
13123
13128
13125
13124
13125
13128
13130
13133
13133
13143
13142
13135
13136
13133
13137
13133
13130
13134
13137
13132
13130
13120
13131
13130
13125
13129
13134
13128
13137
13132
13134
13146
13142
13142
13141
13134
13142
13143
13149
13153
13149
13152
13144
13140
13142
13141
13142
13138
13130
13136
13137
13138
13138
13140
13132
13130
13132
13136
13143
13137
13141
13136
13141
13146
13142
13146
13144
13144
13145
13142
13132
13139
13130
13133
13132
13128
13139
13141
13142
13144
13139
13145
13143
13142
13142
13141
13136
13136
13132
13136
13135
13128
13124
13119
13123
13124
13122
13120
13123
13125
13126
13120
13124
13127
13127
13135
13136
13132
13139
13126
13119
13123
13119
13122
13128
13129
13132
13149
13143
13145
13138
13145
13132
13128
13129
13126
13127
13126
13126
13135
13132
13135
13128
13127
13132
13133
13132
13133
13133
13134
13140
13138
13143
13143
13136
13135
13136
13134
13139
13137
13138
13139
13139
13134
13143
13137
13139
13144
13144
13137
13134
13132
13126
13125
13135
13130
13135
13138
13129
13134
13130
13129
13139
13135
13139
13143
13141
13145
13140
13137
13139
13131
13133
13132
13130
13134
13137
