13123
13131
13129
13124
13134
13138
13133
13138
13137
13137
13130
13133
13134
13141
13148
13143
13142
13135
13132
13128
13127
13120
13128
13138
13139
13141
13137
13138
13135
13137
13141
13131
13135
13131
13122
13122
13125
13128
13128
13140
13133
13130
13139
13139
13147
13149
13143
13147
13140
13140
13145
13144
13141
13142
13135
13133
13136
13136
13141
13137
13134
13137
13131
13135
13138
13137
13134
13127
13131
13125
13135
13134
13131
13131
13128
13129
13132
13123
13119
13131
13126
13127
13130
13123
13127
13131
13130
13136
13134
13125
13141
13136
13127
13133
13129
13134
13137
13140
13136
13134
13137
13140
13140
13147
13139
13143
13136
13140
13146
13135
13139
13141
13144
13145
13140
13136
13139
13137
13129
13128
13124
13131
13138
13137
13139
13141
13137
13144
13135
13128
13141
13133
13135
13138
13136
13141
13145
13136
13137
13137
13130
13129
13126
13124
13119
13131
13128
13127
13136
13138
13132
13133
13135
13140
13136
13135
13131
13132
13128
13133
13121
13129
13127
13125
13128
13132
13129
13134
13131
13129
13135
13136
13128
13130
13128
13130
13142
13141
13146
13137
13141
13135
13136
13142
13143
13139
13136
13134
13137
13135
13138
13143
13153
13141
13133
13143
13136
13140
13132
13137
13128
13131
13137
13132
13134
13142
13142
13145
13142
13138
13151
13147
13146
13143
13140
13139
13145
13141
13138
13144
13140
13134
13134
13133
13132
13135
13132
13128
13132
13124
13129
13127
13130
13135
13134
13135
13135
13128
13126
13124
13123
13123
13127
13126
13131
13134
13134
13142
13140
13129
13133
13131
13133
13129
13121
13126
13125
13127
13121
13125
13129
13127
13134
13132
13129
13132
13131
13129
13139
13137
13139
13133
13136
13135
13132
13127
13126
13124
13129
13141
13140
13147
13155
13143
13144
13140
13144
13142
13133
13137
13141
13135
13129
13137
13133
13136
13136
13132
13133
13136
13135
13128
13134
13130
13129
13134
13138
13130
13143
13138
13137
13133
13131
13132
13126
13128
13134
13136
13140
13149
13145
13142
13140
13129
13125
13129
13124
13132
13127
13130
13140
13134
13139
13143
13135
13129
13134
13126
13128
13128
13135
13135
13141
13139
13147
13143
13147
13143
13149
13142
13138
13135
13136
13134
13135
13130
13133
13132
13128
13137
13128
13130
13136
13128
13128
13136
13135
13143
13133
13135
13149
13142
13142
13138
13131
13135
13131
13136
13137
13138
13136
13133
13139
13134
13136
13138
13134
13125
13128
13126
13131
13138
13141
13142
13139
13136
13136
13127
13134
13133
13128
13134
13133
13128
13132
13134
13133
13136
13137
13139
13148
13140
13142
13150
13153
13145
13143
13131
13134
13135
13140
13133
13137
13142
13150
13150
13145
13140
13151
13137
13133
13145
13145
13142
13138
13139
13134
13131
13128
13131
13130
13133
13139
13134
13136
13138
13133
13138
13136
13134
13138
13139
13129
13136
13127
13130
13131
13125
13125
13122
13121
13121
13120
13128
13131
13137
13135
13133
13140
13127
13127
13120
13123
13124
13121
13118
13124
13126
13127
13135
13133
13139
13138
13127
13128
13130
13128
13135
13133
13125
13135
13121
13126
13132
13135
13134
13134
13127
13126
13128
13132
13131
13128
13113
12979
12783
12646
12560
12528
12509
12516
12529
12548
12569
12591
12619
12647
12670
12708
12728
12747
12765
12790
12808
12837
12859
12879
12902
12912
12925
12941
12948
12956
12969
12984
12994
13006
13013
13025
13039
13051
13046
13045
13054
13053
13052
13056
13058
13068
13079
13087
13096
13092
13099
13107
13115
13117
13117
13121
13121
13112
13114
13110
13103
13110
13108
13102
13106
13103
13096
13112
13115
13122
13129
13131
13130
13130
13135
13135
13130
13136
13129
13128
13130
13131
13130
13125
13118
13129
13125
13128
13125
13131
13129
13129
13130
13142
13140
13137
13139
13132
13137
13127
13124
13127
13130
13129
13135
13125
13123
13129
13119
13113
13117
13114
13122
13132
13130
13128
13132
13130
13129
13135
13136
13134
13141
13142
13139
13146
13138
13137
13130
13129
13133
13131
13127
13128
13134
13133
13136
13137
13140
13141
13142
13140
13137
13143
13143
13142
13134
13137
13130
13134
13130
13127
13128
13137
13136
13143
13138
13141
13132
13124
13126
13130
13134
13131
13131
13135
13128
13134
13146
13150
13147
13138
13140
13136
13132
13132
13139
13134
13127
13131
13129
13129
13136
13132
13139
13141
13135
13151
13138
13142
13141
13136
13138
13139
13148
13144
13143
13145
13143
13148
13145
13144
13140
13140
13138
13150
13140
13135
13139
13143
13134
13138
13140
13143
13137
13139
13139
13141
13140
13141
13141
13141
13138
13140
13144
13138
13136
13133
13129
13132
13127
13125
13128
13126
13038
12937
12876
12838
12813
12814
12817
12829
12830
12843
12853
12874
12882
12899
12917
12928
12941
12962
12968
12976
12982
12992
13003
13009
13022
13028
13026
13038
13045
13055
13058
13059
13060
13072
13074
13083
13083
13085
13088
13093
13092
13094
13098
13096
13102
13104
13112
13103
13108
13108
13106
13105
13105
13103
13112
13106
13114
13106
13107
13113
13122
13128
13132
13127
13133
13135
13132
13132
13135
13140
13137
13128
13130
13132
13116
13116
13118
13119
13126
13120
13123
13128
13129
13129
13126
13126
13128
13128
13122
13126
13126
13134
13134
13139
13144
13138
13139
13136
13136
13137
13135
13133
13143
13138
13147
13147
13142
13155
13147
13143
13147
13149
13139
13141
13138
13135
13139
13137
13134
13144
13152
13152
13142
13140
13138
13143
13145
13144
13144
13138
13137
13143
13138
13139
13139
13137
13139
13142
13144
13141
13140
13135
13146
13141
13144
13145
13130
13139
13139
13130
13141
13138
13132
13146
13136
13131
13131
13126
13128
13130
13132
13135
13133
13129
13129
13134
13140
13138
13143
13133
13130
13139
13131
13131
13131
13141
13137
13138
13132
13136
13135
13134
13137
13127
13123
13121
13126
13134
13134
13133
13144
13132
13131
13140
13138
13135
13138
13133
13140
13144
13142
13136
13140
13135
13127
13130
13128
13126
13128
13124
13121
13126
13114
13115
13131
13126
13134
13135
13141
13138
13140
13141
13141
13133
13142
13139
13137
13130
13138
13135
13138
13133
13125
13128
13126
13125
13131
13134
13138
13142
13138
13142
13144
13142
13141
13140
13141
13148
13142
13144
13151
13157
13140
13135
13138
13136
13138
13127
13123
13122
13125
13121
13122
13116
13118
13118
13125
13133
13137
13135
13145
13142
13132
13141
13133
13136
13137
13134
13132
13132
13124
13124
13122
13125
13121
13119
13127
13130
13129
13128
13130
13135
13141
