13140
13148
13148
13147
13147
13145
13142
13143
13139
13132
13132
13131
13132
13136
13128
13129
13123
13124
13140
13135
13126
13129
13131
13130
13129
13133
13131
13137
13128
13125
13130
13132
13125
13125
13125
13123
13124
13123
13122
13124
13130
13136
13145
13139
13137
13130
13123
13125
13115
13113
13117
13117
13130
13127
13119
13134
13129
13123
13131
13126
13129
13136
13136
13140
13137
13136
13138
13133
13131
13117
13112
13115
13119
13120
13112
13119
13133
13133
13130
13135
13145
13152
13147
13153
13147
13144
13145
13146
13140
13136
13131
13128
13135
13135
13136
13137
13129
13134
13137
13122
13119
13125
13129
13129
13127
13126
13126
13130
13135
13127
13132
13137
13135
13137
13133
13144
13144
13138
13133
13138
13134
13133
13132
13128
13129
13132
13128
13137
13125
13133
13131
13137
13138
13139
13134
13145
13135
13131
13135
13132
13126
13138
13132
13138
13136
13138
13137
13142
13145
13138
13134
13134
13133
13128
13129
13127
13136
13129
13127
13129
13135
13131
13125
13132
13133
13136
13134
13137
13130
13137
13137
13132
13135
13133
13127
13134
13130
13130
13130
13127
13126
13130
13128
13126
13136
13139
13142
13139
13137
13134
13124
13136
13136
13133
13135
13135
13141
13129
13134
13133
13132
13136
13138
13138
13135
13135
13127
13136
13131
13133
13141
13132
13133
13127
13129
13135
13135
13133
13128
13130
13137
13137
13139
13141
13150
13147
13143
13141
13139
13136
13136
13141
13130
13137
13127
13129
13136
13135
13138
13144
13140
13137
13140
13141
13146
13135
13135
13136
13133
13142
13149
13138
13140
13140
13138
13145
13142
13138
13145
13143
13133
13132
13129
13132
13133
13136
13137
13128
13135
13131
13139
13147
13146
13143
13135
13133
13131
13125
13122
13122
13117
13126
13123
13124
13130
13129
13127
13131
13121
13127
13130
13134
13130
13129
13127
13133
13133
13134
13141
13133
13135
13141
13140
13132
13129
13137
13133
13135
13143
13147
13140
13137
13136
13142
13134
13132
13130
13122
13124
13128
13123
13125
13129
13136
13135
13141
13137
13139
13135
13141
13135
13125
13128
13126
13128
13129
13125
13123
13130
13135
13130
13137
13128
13130
13133
13123
13119
13128
13128
13132
13130
13132
13129
13136
13133
13133
13138
13131
13129
13131
13136
13134
13134
13140
13137
13138
13138
13137
13126
13129
13128
13129
13129
13126
13123
13122
13114
13110
13124
13125
13126
13132
13132
13131
13142
13140
13144
13142
13147
13142
13143
13138
13140
13141
13149
13143
13144
13137
13136
13138
13132
13131
13136
13136
13141
13132
13127
13131
13130
13122
13122
13127
13133
13132
13134
13143
13143
13132
13140
13122
13123
13125
13122
13118
13124
13126
13126
13128
13137
13137
13140
13139
13147
13141
13141
13138
13138
13124
13128
13123
13129
13126
13131
13137
13130
13133
13131
13147
13149
13153
13147
13143
13142
13141
13140
13126
13120
13123
13124
13116
13114
13132
13128
13128
13132
13134
13132
13124
13126
13124
13132
13132
13125
13125
13129
13125
13129
13127
13130
13132
13128
13124
13124
13125
13122
13128
13129
13133
13131
13135
13134
13129
13127
13132
13129
13136
13135
13137
13150
13148
13139
13139
13139
13140
13140
13136
13134
13124
13081
12694
12308
12076
11944
11871
11853
11861
11903
11937
12005
12057
12123
12178
12235
12280
12330
12374
12419
12459
12490
12535
12583
12616
12660
12681
12706
12739
12755
12772
12802
12810
12833
12856
12878
12891
12911
12922
12943
12952
12970
12977
12995
13003
13005
13010
13014
13013
13021
13022
13034
13043
13045
13056
13061
13071
13081
13079
13079
13076
13066
13076
13081
13085
13091
13098
13087
13096
13092
13093
13098
13099
13097
13104
13109
13120
13124
13129
13123
13125
13129
13122
13113
13114
13112
13111
13110
13105
13110
13116
13106
13122
13122
13114
13116
13118
13116
13120
13122
13125
13117
13122
13129
13131
13130
13129
13134
13135
13128
13126
13129
13129
13124
13130
13124
13129
13133
13136
13138
13142
13142
13137
13131
13127
13126
13134
13140
13138
13138
13136
13139
13144
13135
13139
13127
13123
13123
13122
13122
13129
13124
13132
13131
13132
13131
13135
13132
13135
13133
13123
13130
13119
13126
13132
13125
13130
13128
13134
13136
13136
13139
13132
13129
13131
13132
13130
13125
13128
13125
13116
13126
13130
13127
13126
13124
13124
13124
13133
13125
13136
13132
13139
13139
13129
13127
13123
13120
13129
13128
13123
13127
13127
13136
13142
13134
13138
13135
13134
13140
13138
13140
13142
13149
13146
13147
13148
13149
13141
13149
13138
13127
13128
13128
13126
13128
13132
13129
13128
13128
13132
13130
13135
13134
13130
13132
13130
13125
13128
13120
13119
13130
13127
13131
13137
13132
13138
13137
13132
13131
13131
13131
13134
13131
13134
13132
13132
13126
13124
13133
13131
13125
13134
13135
13143
13140
13138
13133
13131
13127
13132
13124
13137
13135
13133
13125
13124
13121
13131
13135
13130
13141
13141
13136
13139
13126
13128
13124
13123
13130
13132
13141
13138
13139
13141
13142
13130
13133
13137
13138
13130
13135
13132
13130
13130
13127
13128
13134
13082
12963
12902
12852
12826
12821
12816
12822
12827
12842
12871
12874
12891
12909
12913
12919
12930
12948
12965
12975
12989
13003
13014
13018
13029
13038
13056
13054
13062
13056
13057
13062
13066
13072
13078
13080
13080
13071
13077
13082
13083
13087
13089
13086
13094
13100
13101
13100
13114
13112
13130
13127
13122
13128
13126
13121
13130
13126
13132
13131
13134
13131
13131
13130
13115
13126
13129
13114
13122
13122
13132
13145
13138
13141
13145
13146
13149
13141
13138
13131
13134
13135
13133
13122
13126
13125
13128
13130
13133
13134
13135
13134
13133
13134
13130
13124
13123
13125
13128
13129
13132
13140
13141
13139
13137
13133
13132
13126
13129
13130
13132
13136
13137
13134
13132
13128
13132
13123
13132
13130
13131
13130
13128
13126
13137
13142
13133
13135
13137
13135
13139
13137
13130
13140
13130
13130
13134
13129
13135
13130
13137
13139
13144
13147
13149
13145
13150
13142
13144
13136
13140
13150
13139
13139
13141
13136
13136
13139
13136
13134
13136
13138
13138
13134
13134
13134
13137
13138
13139
13134
13133
13125
13128
13120
13117
13113
13126
13127
13138
13137
13143
13132
13129
13135
13138
13136
13137
13130
13133
13134
13138
13141
13129
13126
13125
13128
13132
13128
13134
13133
13137
13134
13141
13134
13141
13144
13140
13143
13144
13136
13150
13141
13139
13138
13137
13141
13146
13142
13150
13143
13132
13122
13127
13124
13127
