13138
13137
13136
13131
13132
13133
13125
13133
13130
13128
13127
13133
13132
13130
13127
13128
13129
13138
13135
13124
13130
13122
13125
13131
13133
13126
13131
13135
13133
13138
13134
13133
13131
13138
13139
13137
13137
13138
13134
13134
13131
13126
13137
13133
13126
13129
13125
13129
13133
13135
13136
13138
13137
13139
13138
13139
13135
13127
13121
13122
13134
13135
13134
13138
13138
13138
13134
13134
13140
13132
13128
13138
13126
13127
13124
13128
13134
13138
13131
13136
13129
13127
13126
13111
13114
13115
13118
13126
13131
13129
13129
13133
13129
13135
13130
13131
13134
13131
13137
13134
13148
13141
13136
13138
13139
13138
13130
13137
13138
13141
13141
13140
13139
13145
13140
13134
13129
13128
13127
13132
13127
13127
13133
13122
13122
13125
13121
13127
13131
13123
13124
13127
13126
13127
13122
13131
13129
13134
13134
13133
13134
13127
13127
13133
13132
13133
13125
13132
13139
13143
13136
13133
13135
13137
13137
13133
13132
13133
13139
13146
13145
13135
13137
13134
13133
13138
13129
13127
13120
13123
13124
13122
13121
13122
13127
13122
13116
13116
13113
13122
13131
13132
13138
13140
13136
13138
13127
13134
13126
13129
13125
13133
13128
13135
13140
13135
13022
12936
12879
12859
12838
12837
12852
12855
12857
12878
12883
12890
12904
12919
12928
12934
12950
12958
12971
12983
12992
13006
13016
13023
13033
13037
13040
13053
13056
13064
13067
13070
13073
13084
13086
13095
13087
13099
13096
13096
13100
13100
13102
13107
13102
13106
13118
13111
13118
13121
13108
13116
13121
13120
13117
13117
13120
13113
13114
13115
13117
13113
13111
13113
13128
13122
13126
13124
13131
13135
13125
13135
13131
13133
13133
13136
13139
13139
13135
13123
13129
13132
13124
13136
13127
13127
13128
13128
13124
13125
13118
13122
13121
13126
13132
13136
13139
13135
13141
13142
13142
13142
13142
13140
13139
13124
13123
13132
13133
13137
13135
13139
13137
13136
13141
13138
13141
13140
13150
13148
13148
13148
13143
13148
13140
13134
13140
13138
13133
13140
13139
13136
13141
13138
13138
13136
13131
13138
13137
13146
13141
13138
13141
13135
13132
13125
13115
13118
13118
13126
13133
13136
13130
13135
13131
13136
13135
13134
13139
13138
13137
13138
13132
13141
13135
13136
13145
13137
13131
13130
13136
13138
13139
13137
13137
13142
13144
13143
13147
13143
13140
13134
13135
13139
13136
13133
13132
13132
13138
13138
13133
13128
13123
13125
13125
13135
13127
13133
13127
13123
13127
13126
13133
13139
13132
13130
13134
13132
13126
13130
13130
13131
13125
13129
13137
13136
13134
13131
13132
13130
13129
13132
13141
13139
13146
13143
13134
13142
13135
13140
13134
13137
13149
13154
13152
13156
13144
13150
13154
13147
13148
13143
13140
13141
13131
13122
13125
13130
13125
13131
13123
13128
13133
13131
13121
13121
13127
13130
13129
13132
13132
13132
13133
13133
13142
13139
13132
13132
13125
13123
13121
13123
13126
13130
13124
13130
13125
13133
13140
13134
13134
13137
13138
13135
13129
13124
13135
13127
13125
13132
13129
13132
13143
13136
13133
13128
13134
13139
13135
13137
13129
13132
13131
13137
13128
13126
13125
13127
13119
12902
12582
12383
12269
12209
12183
12178
12206
12240
12280
12318
12364
12410
12455
12501
12533
12558
12607
12635
12670
12705
12734
12758
12787
12810
12831
12843
12856
12863
12875
12896
12915
12925
12949
12959
12971
12974
12986
12997
13010
13019
13021
13024
13027
13039
13041
13053
13058
13065
13070
13071
13078
13079
13079
13086
13083
13090
13101
13103
13108
13105
13105
13109
13113
13108
13104
13109
13105
13106
13104
13106
13111
13114
13109
13109
13115
13109
13114
13117
13117
13126
13130
13123
13120
13120
13123
13122
13117
13122
13119
13124
13127
13121
13122
13128
13126
13130
13135
13137
13130
13147
13147
13139
13139
13134
13135
13134
13142
13132
13125
13124
13122
13122
13120
13126
13133
13130
13133
13134
13139
13137
13137
13130
13135
13133
13124
13124
13117
13119
13129
13127
13133
13124
13122
13130
13134
13131
13134
13129
13132
13135
13126
13122
13127
13128
13131
13127
13132
13126
13130
13137
13145
13139
13143
13141
13142
13137
13135
13138
13136
13136
13131
13135
13129
13128
13128
13135
13129
13138
13141
13135
13141
13136
13135
13143
13135
13126
13128
13119
13123
13137
13128
13136
13131
13124
13118
13129
13127
13123
13120
13126
13126
13134
13134
13133
13141
13133
13136
13143
13150
13154
13150
13144
13145
13149
13149
13148
13138
13141
13139
13138
13142
13134
13140
13144
13137
13139
13138
13132
13126
13138
13133
13134
13143
13139
13143
13139
13136
13130
13128
13131
13132
13134
13132
13129
13139
13132
13126
13129
13128
13137
13129
13120
13126
13136
13135
13134
13124
13132
13136
13132
13133
13138
13136
13142
13137
13130
13133
13122
13121
13136
13128
13138
13137
13144
13143
13137
13136
13136
13141
13141
13134
13139
13134
13139
13135
13133
13138
13141
13139
13139
13133
13134
13121
13121
13122
13127
13127
13132
13136
13136
13134
13129
13129
13137
13130
13128
13133
13127
13139
13142
13133
13134
13138
13136
13139
13141
13144
13141
13150
13146
13141
13137
13130
13129
13137
13133
13134
13140
13137
13143
13143
13136
13136
13135
13135
13143
13139
13138
13138
13139
13139
13134
13129
13077
12958
12883
12853
12821
12815
12814
12819
12823
12843
12858
12877
12890
12907
12914
12928
12942
12956
12968
12978
12994
13016
13016
13016
13021
13028
13032
13034
13042
13049
13058
13065
13070
13073
13081
13080
13077
13082
13083
13088
13093
13101
13101
13116
13108
13107
13117
13102
13108
13112
13115
13115
13114
13122
13117
13117
13126
13118
13121
13122
13119
13127
13121
13121
13117
13114
13121
13117
13120
13126
13127
13123
13130
13123
13123
13124
13121
13122
13111
13115
13120
13119
13122
13126
13125
13134
13140
13140
13136
13130
13129
13137
13131
13127
13129
13137
13144
13141
13133
13134
13132
13136
13131
13127
13124
13130
13132
13131
13135
13132
13132
13136
13139
13130
13136
13129
13121
13128
13121
13123
13123
13127
13130
13143
13139
13142
13148
13146
13144
13145
13135
13133
13122
13130
13130
13136
13141
13136
13141
13150
13142
13145
13138
13135
13135
13133
13129
13131
13135
13127
13133
13135
13137
13134
13139
13139
13138
13143
13137
13144
13141
13138
13138
13131
13131
13135
13135
13134
13136
13138
13141
13142
13140
13142
13135
13139
13141
13147
13141
13139
13136
13147
13138
13133
13133
13137
13138
13141
13139
13137
13133
