13135
13133
13130
13135
13134
13137
13126
13127
13132
13125
13134
13130
13126
13126
13125
13123
13126
13122
13113
13114
13124
13126
13128
13134
13137
13140
13140
13137
13136
13132
13133
13137
13139
13146
13142
13145
13145
13142
13140
13141
13140
13139
13139
13137
13135
13139
13143
13149
13150
13143
13148
13144
13145
13140
13139
13138
13134
13127
13126
13130
13131
13129
13136
13138
13142
13136
13139
13135
13148
13144
13141
13142
13135
13140
13141
13139
13139
13138
13137
13141
13135
13136
13136
13137
13134
13137
13134
13145
13146
13151
13155
13142
13143
13147
13140
13144
13134
13138
13132
13135
13131
13130
13125
13125
13128
13137
13136
13137
13138
13135
13136
13146
13138
13142
13144
13149
13149
13146
13144
13146
13144
13146
13148
13139
13140
13137
13139
13138
13133
13132
13143
13137
13133
13133
13128
13130
13130
13129
13127
13135
13141
13135
13139
13140
13135
13146
13140
13133
13142
13135
13134
13138
13135
13139
13134
13133
13131
13123
13120
13123
13122
13131
13138
13132
13132
13131
13132
13134
13131
13134
13141
13138
13142
13142
13143
13138
13134
13138
13129
13132
13132
13131
13126
13130
13131
13132
13133
13132
13134
13129
13132
13136
13142
13137
13134
13135
13135
13136
13145
13148
13147
13154
13155
13147
13142
13145
13140
13150
13138
13124
13125
13114
13119
13125
13123
13132
13134
13132
13133
13135
13134
13135
13127
13129
13127
13124
13124
13128
13137
13137
13125
13130
13131
13131
13126
13131
13132
13131
13137
13142
13128
13131
13138
13133
13134
13130
13130
13141
13133
13128
13132
13129
13118
13126
13118
13118
13114
13117
13109
13115
13120
13120
13122
13131
13138
13133
13131
13136
13137
13134
13132
13134
13137
13138
13135
13129
13131
13136
13137
13137
13130
13134
13136
13138
13144
13140
13140
13150
13150
13141
13148
13147
13140
13146
13139
13145
13145
13142
13137
13135
13138
13140
13144
13142
13134
13137
13138
13142
13143
13146
13140
13147
13145
13143
13136
13132
13126
13129
13129
13126
13119
13117
13127
13125
13124
13128
13123
13123
13125
13126
13135
13135
13141
13153
13147
13147
13146
13136
13131
13134
13132
13131
13129
13132
13134
13128
13126
13129
13135
13134
13126
13131
13130
13136
13129
13133
13133
13132
13132
13137
13134
13130
13135
13125
13131
13134
13140
13138
13132
13130
13123
13121
13119
13118
13116
13118
13119
13129
13133
13125
13125
13127
13126
13130
13133
13126
13132
13133
13138
13133
13135
13133
13137
13134
13125
13122
13123
13119
13121
13120
13115
13125
13123
13125
13131
13136
13138
13143
13136
13134
13144
13141
13142
13153
13138
13140
13146
13145
13138
13137
13128
13124
13128
13130
13133
13132
13134
13123
13132
13126
13126
13133
13134
13129
13128
13114
13125
13123
13124
13126
13117
13118
13120
13123
13128
13123
13129
13139
13142
13135
13134
13139
13130
13143
13137
13135
13126
13129
13123
13126
13126
13121
13122
13131
13129
13129
13125
13127
13137
13130
13129
13132
13139
13143
13134
13137
13132
13131
13138
13138
13140
13138
13129
13129
13123
13123
13123
13129
13124
13128
13132
13130
13134
13135
13136
13130
13126
13128
13120
13126
13127
13135
13132
13127
13111
12782
12320
11941
11641
11402
11294
11249
11270
11307
11377
11447
11532
11613
11708
11780
11865
11934
12018
12080
12148
12214
12270
12324
12378
12433
12484
12524
12564
12597
12628
12661
12687
12713
12743
12763
12787
12802
12824
12844
12862
12882
12897
12908
12933
12939
12950
12961
12970
12981
12986
12999
13007
13014
13031
13036
13038
13057
13062
13066
13068
13073
13072
13083
13081
13086
13095
13098
13100
13110
13107
13113
13117
13121
13124
13119
13128
13128
13119
13126
13120
13125
13114
13110
13109
13107
13111
13112
13113
13116
13116
13110
13109
13115
13110
13115
13114
13122
13120
13128
13128
13130
13128
13138
13130
13133
13135
13132
13130
13135
13137
13133
13133
13138
13133
13125
13126
13128
13127
13130
13134
13137
13137
13136
13135
13127
13128
13128
13130
13127
13123
13120
13121
13120
13121
13124
13132
13128
13130
13122
13124
13121
13124
13122
13124
13117
13122
13123
13121
13131
13129
13133
13138
13134
13133
13137
13143
13141
13138
13141
13138
13138
13133
13133
13134
13120
13117
13121
13131
13138
13140
13140
13147
13143
13141
13138
13132
13138
13141
13142
13135
13140
13135
13133
13133
13137
13149
13140
13134
13135
13136
13140
13134
13136
13133
13136
13139
13130
13129
13129
13129
13134
13126
13120
13124
13130
13130
13139
13140
13135
13135
13137
13133
13136
13144
13146
13135
13141
13140
13135
13138
13132
13136
13138
13132
13130
13137
13136
13134
13140
13138
13138
13143
13138
13137
13140
13142
13135
13125
13123
13118
13114
13106
13106
13111
13119
13119
13125
13124
13133
13137
13140
13148
13147
13153
13161
13157
13153
13151
13145
13147
13147
13139
13139
13138
13136
13136
13137
13139
13138
13136
13140
13136
13141
13149
13151
13146
13143
13150
13145
13145
13137
13135
13132
13133
13132
13129
13134
13133
13133
13134
13137
13136
13140
13141
13136
13131
13131
13136
13129
13131
13132
13124
13135
13133
13135
13142
13135
13134
13144
13145
13148
13144
13148
13151
13145
13146
13139
13141
13145
13139
13136
13141
13137
13148
13144
13147
13138
13137
13138
13138
13137
13142
13140
13145
13144
13137
13132
13136
13133
13136
13137
13135
13139
13131
13131
13138
13134
13127
13128
13120
13126
13129
13133
13132
13130
13131
13132
13129
13134
13133
13135
13136
13137
13144
13139
13136
13139
13136
13141
13144
13139
13137
13141
13137
13132
13123
13133
13134
13132
13137
13128
13140
13153
13147
13137
13138
13132
13123
13132
13132
13128
13134
13135
13141
13128
13131
13136
13134
13134
13127
13122
13126
13127
13129
13125
13126
13127
13130
13140
13136
13134
13142
13149
13147
13149
13143
13145
13149
13145
13142
13146
13135
13138
13141
13132
13142
13134
13131
13130
13129
13119
13129
13131
13134
13139
13143
13139
13140
13138
13138
13136
13132
13130
13137
13130
13133
13132
13144
13142
13143
13138
13142
13141
13146
13146
13145
13148
13147
13137
13138
13136
13137
13138
13133
13129
13130
13134
13135
13136
13128
13126
13131
13128
13128
13130
13135
13134
13138
13147
13148
13143
13141
13141
13147
13138
13138
13136
13131
13138
13138
13141
13139
13147
13145
13147
13141
13142
13140
13142
13145
13150
13155
13155
13149
13145
13148
13137
13140
13138
13135
13131
13135
13134
13134
13126
13136
13127
13128
13129
13128
13125
13134
13135
13142
13138
