13147
13140
13145
13139
13143
13137
13144
13144
13141
13135
13138
13130
13128
13120
13126
13133
13125
13119
13124
13118
13117
13124
13121
13132
13131
13126
13128
13130
13135
13136
13131
13128
13136
13135
13132
13133
13143
13140
13135
13138
13139
13139
13137
13137
13127
13133
13129
13131
13127
13124
13126
13126
13130
13132
13137
13143
13143
13140
13142
13134
13121
13130
13131
13137
13136
13140
13145
13150
13144
13144
13140
13131
13122
13125
13124
13132
13142
13134
13139
13138
13133
13134
13138
13140
13137
13134
13137
13134
13124
13129
13131
13130
13140
13142
13132
13131
13128
13131
13135
13123
13118
13131
13134
13140
13134
13136
13135
13134
13136
13129
13127
13132
13125
13130
13125
13121
13128
13127
13127
13128
13131
13131
13128
13131
13128
13138
13128
13134
13134
13141
13143
13140
13142
13142
13145
13150
13151
13152
13156
13146
13144
13139
13135
13130
13139
13135
13135
13135
13139
13136
13135
13138
13138
13137
13132
13128
13136
13124
13121
13129
13129
13125
13124
13131
13133
13135
13143
13143
13140
13140
13143
13146
13140
13139
13140
13142
13148
13138
13148
13136
13136
13135
13135
13138
13133
13132
13130
13130
13128
13128
13128
13129
13126
13122
13117
13115
13125
13123
13125
13120
13125
13134
13131
13137
13134
13135
13129
13135
13128
13127
13131
13129
13131
13130
13135
13134
13130
13128
13134
13125
13123
13130
13131
13128
13125
13126
13126
13122
13131
13131
13122
13132
13134
13132
13125
13125
13131
13124
13125
13126
13123
13121
13125
13126
13132
13126
13127
13132
13127
13128
13126
13122
13122
13120
13123
13122
13124
13124
13129
13120
13125
13129
13134
13132
13138
13140
13142
13141
13139
13133
13140
13136
13138
13141
13141
13137
13137
13135
13134
13139
13129
13128
13129
13129
13125
13127
13123
13123
13119
13125
13126
13124
13133
13140
13141
13148
13141
13145
13153
13143
13145
13150
13146
13149
13146
13138
13141
13139
13141
13135
13135
13144
13145
13140
13126
13126
13136
13128
13122
13127
13133
13137
13131
13130
13138
13133
13134
13138
13132
13137
13139
13130
13141
13142
13148
13153
13144
13139
13145
13136
13137
13140
13134
13138
13135
13129
13134
13132
13132
13136
13138
13140
13139
13142
13138
13138
13137
13127
13125
13131
13124
13126
13125
13127
13128
13133
13126
13129
13132
13132
13136
13135
13134
13139
13140
13136
13128
13127
13135
13127
13128
13134
13132
13131
13134
13129
13128
13129
13129
13126
13128
13129
13135
13129
13126
13121
13121
13123
13132
13138
13137
13140
13138
13136
13137
13131
13134
13137
13134
13137
13138
13128
13132
13132
13130
13126
13126
13120
13133
13128
13123
13130
13125
13130
13129
13130
13129
13131
13133
13129
13137
13138
13138
13132
13132
13136
13139
13132
13128
13130
13127
13129
13130
13129
13132
13134
13130
13135
13128
13128
13130
13130
13144
13133
13139
13138
13132
13125
13134
13126
13126
13128
13133
13128
13136
13137
13138
13131
13136
13132
13135
13138
13133
13135
13138
13129
13129
13123
13133
13140
13139
13130
13130
13135
13141
13135
13140
13137
13126
13132
13128
13120
13128
13131
13134
13136
13133
13123
13137
13134
13109
12927
12208
11170
10325
9778
9518
9391
9408
9465
9570
9668
9822
9964
10141
10301
10490
10629
10794
10933
11081
11200
11323
11425
11543
11638
11749
11803
11788
11751
11668
11636
11630
11633
11681
11724
11785
11836
11916
11976
12048
12113
12173
12223
12287
12329
12385
12424
12467
12503
12542
12583
12622
12653
12688
12718
12754
12775
12797
12802
12689
12623
12589
12583
12586
12602
12608
12622
12645
12669
12693
12721
12750
12770
12797
12819
12832
12848
12870
12879
12893
12908
12919
12939
12955
12963
12974
12978
12989
12998
13008
13013
13021
13029
13023
13029
13041
13042
13053
13065
13065
13077
13066
13070
13081
13091
13088
13098
13097
13106
13105
13106
13111
13106
13101
13109
13106
13105
13107
13104
13102
13108
13103
13104
13109
13112
13116
13121
13126
13132
13126
13130
13130
13134
13140
13138
13137
13135
13129
13134
13125
13124
13120
13122
13121
13127
13117
13121
13115
13119
13125
13115
13123
13120
13120
13124
13121
13117
13124
13114
13121
13130
13135
13137
13136
13137
13131
13128
13126
13123
13127
13132
13131
13132
13135
13136
13149
13140
13139
13148
13142
13143
13142
13142
13141
13136
13127
13131
13133
13137
13129
13132
13129
13131
13132
13133
13124
13122
13128
13134
13130
13137
13129
13133
13136
13138
13140
13133
13139
13135
13131
13137
13130
13128
13123
13122
13131
13131
13132
13132
13130
13130
13127
13133
13134
13139
13142
13142
13139
13138
13140
13136
13134
13142
13136
13140
13135
13132
13139
13134
13134
13136
13139
13140
13137
13136
13132
13129
13129
13123
13124
13122
13120
13123
13122
13130
13133
13131
13131
13136
13129
13132
13125
13126
13125
13127
13119
13127
13121
13129
13140
13136
13132
13138
13137
13136
13133
13129
13133
13132
13136
13138
13142
13140
13140
13147
13143
13140
13141
13136
13137
13138
13137
13139
13138
13135
13147
13141
13135
13132
13125
13125
13128
13123
13127
13123
13121
13125
13128
13129
13131
13132
13140
13134
13131
13135
13131
13128
13138
13136
13138
13134
13127
13135
13133
13130
13138
13136
13137
13129
13128
13132
13126
13122
13125
13124
13124
13121
13120
13125
13128
13129
13134
13133
13134
13134
13127
13131
13122
13130
13125
13123
13128
13129
13139
13137
13132
13131
13133
13137
13135
13136
13131
13136
13132
13130
13128
13128
13132
13134
13135
13138
13133
13141
13138
13139
13148
13142
13144
13149
13149
13143
13146
13146
13150
13147
13140
13137
13126
13133
13133
13129
13131
13134
13143
13141
13139
13140
13150
13139
13139
13146
13140
13136
13131
13133
13137
13136
13134
13130
13134
13133
13144
13144
13140
13138
13145
13142
13137
13131
13133
13144
13138
13141
13140
13140
13137
13138
13132
13131
13130
13125
13128
13129
13131
13136
13138
13136
13142
13135
13130
13136
13134
13138
13141
13135
13138
13136
13137
13140
13141
13138
13136
13130
13126
13123
13130
13126
13131
13137
13136
13138
13130
13130
13129
13130
13129
13131
13122
13129
13132
13132
13129
13133
13134
13143
13136
13121
13129
13125
13125
13125
13122
13128
13134
13130
13138
13133
13132
13136
13132
13140
13143
13139
13144
13138
13145
13140
13139
13144
13141
13138
13136
13139
13141
13137
13136
13131
13133
13132
13130
13129
13130
13134
13146
13153
13151
13146
13145
13137
13134
13137
13127
13132
13134
13138
13142
13139
13135
13129
