13136
13137
13142
13144
13148
13137
13136
13135
13131
13130
13128
13125
13128
13129
13129
13126
13135
13137
13143
13137
13141
13142
13143
13143
13135
13129
13128
13133
13131
13136
13127
13129
13130
13134
13137
13137
13129
13133
13140
13145
13145
13137
13139
13136
13156
13148
13148
13143
13147
13137
13139
13132
13134
13126
13132
13137
13134
13145
13152
13140
13143
13153
13151
13147
13135
13129
13137
13132
13131
13130
13126
13123
13127
13135
13140
13135
13139
13137
13139
13138
13138
13142
13141
13136
13141
13135
13133
13130
13130
13129
13128
13130
13131
13132
13125
13129
13130
13135
13141
13147
13149
13144
13145
13142
13141
13136
13143
13137
13135
13137
13133
13132
13138
13137
13130
13135
13141
13132
13134
13134
13134
13138
13139
13143
13154
13146
13142
13142
13138
13140
13135
13133
13133
13138
13130
13133
13135
13136
13139
13137
13145
13144
13140
13146
13139
13137
13147
13130
13127
13127
13132
13135
13144
13140
13138
13143
13142
13141
13143
13142
13143
13147
13144
13146
13156
13147
13141
13140
13141
13143
13146
13145
13142
13136
13130
13133
13126
13125
13129
13117
13132
13134
13128
13130
13127
13126
13130
13125
13128
13134
13140
13141
13140
13134
13134
13137
13143
13136
13144
13146
13144
13143
13140
13140
13140
13131
13127
13131
13135
13134
13135
13133
13140
13138
13141
13148
13140
13145
13144
13146
13151
13148
13140
13148
13141
13142
13147
13141
13135
13135
13130
13125
13126
13130
13123
13126
13135
13124
13131
13138
13146
13143
13137
13135
13139
13138
13143
13147
13147
13142
13135
13136
13126
13121
13125
13125
13125
13123
13126
13126
13129
13133
13125
13133
13133
13138
13145
13136
13140
13136
13146
13138
13143
13144
13146
13134
13128
13124
13121
13124
13110
13109
13103
13109
13127
13129
13126
13133
13134
13138
13137
13138
13137
13145
13142
13145
13142
13142
13138
13137
13136
13136
13137
13140
13141
13136
13137
13132
13130
13130
13128
13124
13123
13126
13128
13128
13127
13122
13128
13131
13133
13133
13133
13139
13144
13137
13126
13132
13128
13131
13130
13127
13137
13135
13134
13137
13135
13138
13136
13133
13135
13122
13125
13133
13126
13130
13132
13119
13128
13129
13134
13140
13141
13136
13135
13129
13137
13134
13134
13131
13131
13136
13142
13129
13134
13131
13137
13146
13148
13149
13146
13139
13139
13134
13134
13138
13130
13133
13139
13133
13127
13127
13131
13130
13134
13131
13130
13123
13126
13135
13137
13146
13143
13142
13143
13138
13144
13138
13140
13143
13140
13137
13131
13139
13143
13138
13139
13149
13142
13138
13142
13138
13132
13137
13142
13140
13140
13147
13152
13142
13143
13145
13147
13145
13141
13136
13136
13134
13126
13134
13135
13133
13137
13134
13130
13137
13134
13132
13136
13136
13137
13135
13138
13129
13130
13125
13142
13140
13134
13134
13136
13133
13128
13128
13122
13132
13125
13134
13136
13135
13136
13131
13130
13134
13134
13129
13136
13130
13132
13136
13137
13140
13141
13133
13135
13137
13135
13134
13140
13142
13138
13137
13132
13132
13140
13134
13133
13136
13133
13129
13131
13132
13128
13130
13126
13131
13132
13131
13131
13131
13135
13133
13138
13145
13141
12942
12555
11699
11026
10613
10264
9954
9830
9793
9841
9899
10019
10137
10299
10436
10600
10734
10886
11021
11160
11274
11397
11504
11609
11701
11810
11895
11977
12037
12111
12176
12236
12288
12341
12381
12431
12476
12520
12565
12606
12636
12675
12692
12722
12747
12766
12784
12806
12825
12852
12866
12891
12914
12933
12944
12954
12969
12980
12984
13003
13001
13006
13017
13014
13019
13023
13035
13038
13052
13050
13064
13066
13072
13074
13076
13078
13082
13085
13096
13093
13099
13109
13106
13105
13115
13115
13111
13116
13114
13119
13118
13114
13114
13116
13122
13119
13120
13123
13124
13135
13130
13126
13137
13132
13135
13133
13131
13127
13130
13131
13130
13126
13133
13133
13135
13134
13127
13136
13140
13131
13131
13137
13132
13132
13137
13143
13138
13140
13138
13137
13138
13144
13138
13137
13140
13145
13145
13138
13137
13143
13140
13139
13143
13135
13132
13140
13141
13130
13124
13127
13131
13132
13134
13131
13126
13135
13134
13133
13139
13135
13130
13140
13138
13135
13139
13141
13134
13139
13138
13141
13135
13142
13138
13140
13134
13127
13128
13131
13126
13131
13128
13128
13137
13136
13135
13141
13145
13144
13145
13144
13146
13137
13145
13140
13142
13143
13144
13142
13141
13133
13132
13139
13128
13128
13129
13124
13136
13130
13128
13129
13132
13140
13139
13135
13132
13132
13130
13130
13135
13138
13137
13140
13146
13144
13142
13143
13137
13134
13125
13124
13130
13129
13130
13126
13129
13131
13133
13134
13142
13131
13133
13137
13131
13135
13138
13135
13141
13143
13141
13143
13140
13143
13138
13138
13144
13136
13138
13140
13133
13145
13143
13144
13147
13139
13138
13135
13130
13120
13125
13131
13133
13132
13134
13134
13137
13136
13134
13134
13133
13128
13130
13145
13132
13128
13130
13123
13132
13132
13130
13132
13132
13135
13133
13133
13133
13130
13131
13137
13139
13140
13130
13118
13129
13130
13133
13133
13130
13134
13142
13149
13151
13146
13150
13146
13145
13142
13138
13135
13130
13125
13121
13127
13122
13127
13136
13142
13147
13141
13131
13128
13134
13135
13131
13131
13129
13125
13125
13131
13139
13142
13139
13142
13136
13139
13140
13138
13133
13134
13144
13142
13138
13132
13137
13138
13140
13133
13133
13138
13136
13133
13126
13136
13132
13133
13146
13144
13138
13137
13139
13137
13139
13137
13141
13141
13144
13142
13140
13134
13128
13133
13133
13125
13130
13129
13136
13145
13141
13146
13143
13151
13146
13145
13147
13148
13142
13148
13146
13141
13136
13135
13131
13137
13134
13131
13136
13133
13135
13135
13136
13142
13138
13141
13138
13130
13132
13140
13137
13138
13132
13134
13128
13134
13135
13134
13131
13123
13125
13120
13124
13121
13130
13134
13141
13143
13145
13153
13148
13151
13147
13145
13143
13134
13133
13132
13142
13137
13140
13146
13144
13137
13136
13129
13136
13134
13136
13141
13132
13135
13139
13143
13137
13134
13136
13141
13141
13141
13145
13149
13149
13157
13156
13144
13138
13143
13135
13132
13130
13135
13136
13137
13136
13144
13139
13143
13141
13142
13142
13139
13141
13134
13139
13139
13138
13138
13142
13144
13142
13143
13137
13139
13132
13129
13132
13133
13129
13129
13131
13137
13137
13138
13140
13128
13132
13133
13134
13141
13142
13141
13149
13141
13133
13143
13138
13135
13136
