13118
13127
13128
13129
13148
13135
13134
13139
13139
13140
13144
13145
13148
13133
13131
13130
13125
13128
13122
13120
13126
13134
13133
13129
13123
13135
13137
13132
13126
13130
13119
13124
13124
13129
13132
13128
13132
13137
13138
13141
13142
13144
13147
13143
13154
13149
13137
13144
13139
13135
13131
13133
13134
13133
13136
13139
13131
13133
13146
13150
13153
13151
13148
13147
13136
13132
13138
13133
13130
13137
13139
13148
13137
13139
13134
13124
13119
13123
13117
13127
13127
13132
13135
13132
13141
13139
13138
13146
13142
13150
13150
13145
13145
13142
13132
13143
13138
13138
13140
13138
13132
13140
13138
13135
13133
13132
13136
13130
13132
13133
13135
13140
13141
13139
13139
13140
13134
13134
13141
13137
13137
13136
13136
13135
13145
13133
13132
13133
13126
13123
13127
13131
13130
13127
13130
13134
13127
13127
13131
13129
13132
13136
13138
13135
13138
13132
13141
13135
13138
13138
13140
13148
13148
13145
13144
13130
13128
13136
13136
13132
13143
13138
13142
13135
13137
13137
13138
13143
13146
13151
13148
13140
13137
13133
13127
13126
13124
13123
13123
13122
13129
13133
13127
13134
13117
13121
13124
13131
13133
13135
13136
13138
13143
13136
13139
13138
13137
13137
13135
13138
13138
13140
13134
13135
13145
13137
13135
13137
13140
13140
13138
13141
13140
13134
13134
13136
13131
13131
13125
13123
13125
13124
13125
13126
13126
13124
13130
13121
13117
13119
13124
13136
13132
13135
13137
13137
13144
13137
13128
13133
13125
13136
13137
13141
13146
13135
13133
13138
13145
13140
13134
13131
13134
13136
13134
13140
13137
13138
13133
13136
13134
13126
13121
13126
13120
13116
13120
13121
13121
13129
13127
13132
13133
13133
13130
13136
13137
13132
13128
13128
13125
13125
13120
13127
13131
13132
13134
13141
13143
13147
13139
13136
13131
13132
13138
13133
13126
13125
13124
13124
13126
13132
13123
13129
13125
13124
13129
13130
13126
13129
13129
13130
13134
13131
13135
13136
13134
13135
13127
13144
13146
13142
13141
13139
13145
13135
13128
13134
13133
13136
13134
13133
13136
13138
13138
13133
13126
13132
13131
13128
13131
13133
13134
13142
13132
13133
13133
13129
13128
13125
13126
13122
13129
13129
13131
13126
13129
13130
13128
13133
13124
13119
13116
13118
13135
13127
13127
13135
13137
13139
13141
13138
13142
13138
13142
13147
13144
13153
13150
13149
13153
13149
13140
13144
13134
13133
13137
13124
13131
13134
13129
13129
13131
13132
13131
13129
13125
13119
13117
13122
13120
13120
13127
13124
13132
13125
13135
13139
13142
13140
13132
13134
13142
13141
13143
13139
13135
13135
13136
13131
13130
13127
13126
13136
13134
13131
13133
13130
13129
13130
13127
13134
13133
13137
13136
13137
13144
13138
13137
13137
13135
13135
13140
13135
13149
13138
13138
13138
13145
13148
13141
13142
13144
13142
13136
13131
13126
13132
13133
13126
13127
13118
13122
13130
13130
13127
13133
13125
13131
13131
13124
13124
13127
13122
13125
13128
13127
13129
13129
13130
13133
13135
13133
13136
13142
13138
13140
13140
13132
13140
13136
13136
13131
13135
13129
13129
13122
13129
13130
13129
13127
13134
13097
12780
12363
12118
11970
11766
11659
11602
11567
11571
11615
11667
11742
11800
11877
11942
12014
12076
12141
12190
12260
12304
12362
12400
12456
12508
12555
12603
12634
12666
12685
12713
12742
12763
12784
12801
12820
12844
12865
12876
12901
12915
12924
12926
12946
12958
12963
12969
12982
12989
13000
13014
13032
13033
13047
13052
13055
13061
13068
13075
13073
13074
13079
13070
13071
13079
13080
13085
13088
13094
13094
13101
13104
13106
13100
13109
13115
13115
13116
13123
13128
13136
13131
13119
13129
13124
13121
13123
13113
13115
13118
13124
13121
13123
13124
13133
13133
13135
13136
13130
13133
13132
13135
13127
13127
13137
13127
13129
13130
13123
13134
13132
13128
13129
13126
13129
13131
13122
13128
13127
13123
13129
13122
13122
13127
13121
13121
13123
13122
13127
13136
13137
13135
13134
13128
13137
13138
13134
13129
13131
13127
13124
13126
13122
13124
13136
13137
13140
13134
13130
13125
13126
13131
13127
13132
13132
13138
13138
13139
13137
13135
13147
13139
13137
13141
13132
13133
13147
13148
13144
13139
13137
13133
13135
13138
13133
13134
13136
13140
13139
13132
13130
13131
13125
13118
13125
13123
13127
13127
13131
13129
13130
13134
13132
13134
13137
13136
13135
13137
13135
13137
13140
13130
13132
13136
13135
13131
13138
13134
13137
13135
13135
13135
13132
13132
13131
13130
13132
13135
13131
13128
13128
13134
13129
13130
13131
13130
13133
13131
13132
13132
13136
13126
13125
13117
13119
13123
13132
13137
13141
13145
13149
13142
13135
13145
13138
13141
13139
13129
13133
13138
13134
13135
13127
13133
13128
13135
13139
13134
13132
13125
13132
13138
13133
13127
13129
13121
13121
13125
13123
13121
13121
13119
13122
13121
13123
13132
13127
13134
13141
13134
13132
13134
13131
13140
13137
13141
13136
13131
13127
13134
13129
13125
13124
13125
13125
13130
13133
13134
13136
13132
13136
13138
13136
13137
13140
13139
13139
13141
13133
13131
13129
13129
13133
13127
13129
13130
13133
13132
13131
13140
13138
13133
13132
13142
13135
13140
13148
13145
13147
13145
13143
13142
13144
13135
13136
13144
13138
13131
13135
13130
13131
13139
13136
13130
13136
13136
13129
13126
13122
13130
13127
13132
13131
13128
13132
13133
13131
13132
13132
13135
13140
13150
13149
13156
13147
13142
13139
13133
13124
13128
13130
13129
13132
13135
13133
13136
13138
13138
13132
13139
13140
13145
13137
13139
13137
13139
13141
13136
13130
13136
13136
13143
13145
13144
13146
13152
13144
13149
13147
13143
13144
13134
13131
13133
13133
13129
13134
13134
13135
13133
13131
13135
13143
13148
13145
13150
13148
13150
13146
13140
13131
13134
13134
13133
13140
13136
13133
13135
13137
13143
13142
13141
13138
13135
13134
13137
13140
13146
13143
13142
13140
13130
13120
13131
13120
13046
12941
12881
12846
12823
12806
12804
12809
12831
12842
12857
12874
12891
12899
12916
12918
12944
12945
12957
12956
12965
12978
12988
12993
13000
13012
13013
13028
13030
13044
13052
13054
13054
13058
13062
13072
13068
13072
13083
13082
13083
13092
13091
13086
13093
13100
13106
13107
13112
13112
13117
13123
13124
13120
13120
13120
13123
13119
13114
13119
13119
13125
13134
13134
13137
13142
13145
13149
13147
13143
13142
13138
13134
13135
13130
13133
13125
13122
13127
13123
13128
13137
