13134
13136
13140
13133
13134
13140
13137
13135
13137
13138
13137
13135
13137
13126
13132
13133
13134
13130
13134
13132
13139
13136
13138
13143
13142
13146
13142
13139
13143
13148
13145
13149
13137
13127
13134
13138
13139
13141
13142
13149
13141
13132
13144
13143
13139
13138
13138
13139
13146
13147
13144
13150
13148
13139
13137
13132
13126
13128
13132
13132
13142
13134
13136
13134
13128
13133
13127
13131
13134
13136
13136
13142
13139
13136
13133
13140
13141
13143
13136
13143
13142
13137
13142
13134
13134
13136
13135
13138
13130
13129
13126
13123
13130
13122
13133
13138
13150
13150
13148
13145
13148
13143
13143
13146
13140
13137
13137
13137
13140
13144
13145
13144
13140
13137
13140
13139
13137
13140
13145
13149
13149
13142
13149
13140
13132
13133
13124
13129
13132
13137
13148
13147
13146
13140
13145
13138
13138
13137
13140
13145
13153
13148
13140
13136
13132
13136
13132
13127
13139
13136
13142
13135
13135
13139
13142
13143
13146
13147
13147
13147
13139
13135
13133
13131
13130
13139
13141
13142
13133
13136
13139
13136
13140
13138
13138
13142
13141
13142
13142
13137
13141
13133
13132
13140
13134
13137
13139
13135
13137
13139
13136
13142
13128
13136
13142
13142
13141
13144
13139
13143
13140
13134
13136
13135
13137
13147
13141
13140
13141
13137
13141
13138
13137
13134
13131
13132
13131
13141
13126
13132
13137
13135
13141
13150
13139
13134
13133
13139
13135
13135
13134
13132
13131
13136
13136
13129
13134
13129
13133
13131
13128
13129
13145
13138
13138
13139
13127
13129
13129
13133
13137
13140
13136
13132
13128
13130
13135
13138
13139
13139
13145
13142
13143
13138
13131
13133
13131
13127
13134
13133
13129
13137
13136
13138
13144
13139
13138
13139
13147
13142
13141
13138
13142
13138
13148
13148
13140
13146
13143
13149
13149
13155
13150
13140
13145
13141
13141
13145
13142
13134
13137
13132
13126
13130
13130
13129
13132
13132
13134
13136
13137
13141
13139
13141
13139
13137
13141
13137
13131
13137
13132
13137
13141
13137
13127
13133
13134
13139
13141
13134
13129
13131
13131
13127
13130
13128
13119
13126
13124
13126
13126
13129
13134
13137
13134
13143
13138
13141
13142
13137
13142
13138
13132
13132
13133
13132
13135
13142
13142
13146
13141
13134
13137
13134
13132
13134
13133
13132
13143
13138
13134
13137
13139
13134
13136
13136
13137
13133
13134
13132
13139
13136
13128
13129
13126
13132
13133
13133
13132
13136
13137
13149
13143
13143
13146
13144
13152
13145
13147
13150
13141
13136
13146
13137
13142
13153
13154
13149
13147
13143
13151
13152
13154
13143
13137
13146
13143
13141
13144
13138
13146
13145
13144
13145
13151
13148
13145
13141
13143
13142
13143
13148
13142
13138
13145
13133
13133
13130
13127
13136
13144
13134
13143
13130
13124
13131
13125
13135
13138
13132
13140
13144
13146
13137
13136
13138
13132
13133
13129
13129
13130
13128
13127
13125
13124
13126
13124
13125
13135
13134
13133
13134
13130
13135
13134
13117
13000
12914
12862
12839
12818
12812
12826
12828
12838
12849
12857
12866
12885
12891
12913
12929
12949
12955
12977
12992
12998
13006
13015
13019
13038
13038
13034
12916
12549
11831
11336
10920
10695
10585
10568
10595
10674
10758
10878
10988
11109
11206
11328
11435
11542
11634
11744
11822
11909
11975
12054
12121
12190
12251
12311
12358
12410
12450
12501
12537
12570
12607
12645
12679
12715
12737
12765
12791
12803
12827
12847
12858
12876
12879
12895
12904
12917
12930
12953
12962
12974
12983
13000
13009
13013
13018
13038
13033
13030
13036
13044
13049
13056
13060
13056
13074
13080
13086
13092
13092
13099
13106
13103
13104
13104
13102
13113
13109
13107
13100
13102
13110
13112
13121
13121
13118
13112
13116
13119
13118
13120
13119
13121
13123
13128
13128
13129
13127
13121
13123
13123
13125
13129
13128
13132
13129
13134
13132
13129
13137
13132
13133
13142
13137
13142
13136
13131
13138
13135
13136
13126
13126
13129
13124
13125
13127
13123
13125
13131
13129
13136
13141
13146
13147
13142
13136
13134
13129
13125
13130
13129
13130
13145
13146
13147
13145
13148
13138
13146
13152
13148
13141
13134
13135
13139
13132
13133
13135
13142
13142
13147
13151
13156
13150
13148
13143
13139
13142
13143
13134
13140
13138
13135
13137
13132
13135
13132
13128
13126
13133
13132
13133
13129
13133
13134
13129
13131
13131
13131
13137
13145
13149
13155
13147
13147
13141
13134
13140
13137
13142
13143
13136
13139
13135
13134
13141
13134
13134
13142
13141
13146
13146
13144
13149
13147
13141
13150
13139
13129
13133
13123
13131
13136
13134
13138
13139
13142
13137
13136
13139
13145
13146
13144
13138
13133
13132
13130
13127
13128
13127
13124
13128
13129
13132
13131
13135
13131
13131
13133
13134
13131
13133
13130
13134
13126
13121
13125
13126
13125
13136
13129
13136
13139
13129
13131
13126
13119
13120
13133
13127
13140
13131
13132
13127
13137
13132
13136
13138
13135
13131
13134
13135
13139
13141
13146
13140
13137
13139
13141
13137
13136
13130
13126
13127
13128
13125
13132
13136
13136
13136
13134
13136
13134
13135
13140
13138
13138
13134
13140
13140
13143
13144
13144
13142
13143
13136
13142
13141
13139
13141
13136
13139
13140
13136
13136
13137
13131
13136
13140
13130
13132
13130
13129
13137
13132
13131
13141
13138
13145
13161
13153
13153
13158
13150
13146
13141
13131
13134
13127
13132
13130
13128
13127
13125
13132
13135
13135
13138
13135
13138
13142
13148
13149
13143
13142
13144
13136
13143
13140
13131
13129
13127
13128
13135
13135
13130
13134
13129
13128
13138
13118
13127
13135
13132
13132
13137
13132
13136
13139
13143
13147
13142
13139
13148
13153
13145
13146
13142
13140
13145
13145
13151
13147
13149
13151
13146
13137
13140
13139
13132
13142
13142
13142
13137
13130
13128
13138
13131
13128
13130
13126
13128
13130
13132
13131
13137
13146
13139
13141
13142
13138
13137
13142
13142
13144
13135
13135
13139
13144
13140
13136
13141
13137
13139
13142
13142
13139
13148
13142
13142
13142
13138
13134
13133
13136
13138
13147
13133
13131
13135
13133
13135
13140
13137
13140
13136
13135
13138
13133
13141
13135
13142
13141
13137
13139
13138
13137
13138
13138
13138
13132
13139
13138
13130
13130
13134
13129
13126
13129
13132
13131
13131
13134
13146
13143
13148
13145
13141
13140
13140
13137
13132
13130
13130
13137
13136
13143
13133
13134
13139
13137
13136
13135
13134
13141
13132
13132
13138
13135
13140
13134
13129
13125
13127
