13135
13132
13128
13132
13130
13125
13129
13133
13134
13147
13137
13137
13135
13132
13129
13133
13130
13129
13126
13131
13122
13126
13126
13132
13127
13130
13132
13130
13132
13136
13139
13145
13142
13134
13139
13133
13134
13140
13139
13132
13133
13130
13130
13126
13129
13130
13137
13141
13140
13144
13144
13140
13152
13137
13136
13136
13138
13136
13141
13142
13147
13151
13143
13143
13135
13139
13138
13137
13136
13138
13138
13140
13135
13132
13138
13136
13135
13141
13137
13136
13134
13136
13140
13137
13141
13134
13129
13128
13126
13125
13126
13120
13136
13137
13135
13140
13146
13145
13140
13143
13141
13147
13149
13157
13147
13146
13150
13144
13148
13148
13151
13146
13137
13137
13142
13141
13144
13145
13140
13140
13142
13137
13134
13130
13130
13132
13128
13133
13128
13127
13130
13129
13137
13136
13135
13146
13131
13132
13131
13137
13132
13132
13131
13132
13132
13138
13138
13135
13135
13134
13131
13140
13140
13133
13139
13134
13139
13140
13135
13132
13135
13136
13137
13140
13134
13133
13132
13137
13134
13138
13138
13139
13145
13136
13137
13132
13130
13132
13129
13130
13129
13129
13129
13132
13127
13134
13136
13137
13134
13133
13127
13128
13126
13126
13129
13125
13130
13140
13134
13137
13137
13139
13147
13138
13141
13135
13136
13144
13138
13129
13127
13133
13135
13134
13136
13139
13135
13142
13146
13143
13142
13143
13148
13150
13141
13136
13139
13140
13142
13142
13143
13140
13135
13135
13137
13137
13140
13146
13142
13143
13132
13128
13128
13124
13124
13117
13118
13123
13122
13124
13120
13131
13138
13138
13136
13140
13138
13138
13141
13139
13140
13146
13144
13157
13148
13156
13151
13139
13139
13134
13132
13135
13128
13124
13129
13123
13126
13123
13130
13131
13129
13139
13143
13147
13147
13139
13142
13139
13140
13140
13132
13123
13128
13126
13121
13126
13116
13121
13120
13128
13135
13134
13137
13136
13135
13133
13134
13126
13122
13122
13127
13135
13125
13123
13129
13131
13134
13132
13128
13126
13133
13138
13137
13133
13129
13131
13136
13142
13142
13135
13135
13137
13139
13138
13142
13146
13150
13151
13150
13145
13142
13146
13138
13141
13125
13132
13135
13136
13140
13150
13142
13150
13142
13132
13135
13133
13131
13141
13137
13133
13136
13140
13138
13138
13150
13150
13150
13146
13137
13138
13128
13133
13146
13138
13135
13139
13142
13146
13150
13142
13143
13144
13142
13143
13129
13133
13132
13126
13127
13128
13130
13135
13131
13131
13134
13126
13119
13123
13120
13125
13126
13126
13131
13133
13136
13136
13138
13133
13131
13122
13120
13121
13125
13124
13122
13132
13127
13124
13119
13123
13126
13133
13128
13126
13126
13130
13126
13128
13129
13133
13140
13139
13137
13134
13143
13137
13130
13138
13131
13132
13133
13134
13130
13133
13136
13138
13145
13141
13134
13132
13134
13129
13137
13128
13125
13127
13129
13126
13127
13126
13123
13124
13120
13130
13134
13138
13138
13137
13140
13138
13141
13140
13131
13135
13141
13144
13145
13148
13144
13135
13136
13133
13132
13137
13129
13124
13126
13132
13129
13125
13124
13126
13134
13120
13117
13122
13120
13123
13124
13122
13111
12690
11819
11086
10656
10407
10303
10276
10332
10405
10523
10630
10766
10885
11033
11151
11274
11385
11495
11596
11697
11782
11873
11951
12033
12098
12175
12237
12301
12351
12398
12428
12479
12514
12555
12589
12619
12648
12676
12707
12741
12767
12790
12822
12831
12853
12867
12883
12898
12917
12932
12942
12958
12962
12977
12979
12989
13000
13002
13015
13024
13030
13028
13030
13042
13043
13047
13059
13055
13068
13070
13076
13084
13085
13078
13080
13085
13097
13100
13106
13112
13118
13115
13120
13111
13114
13117
13120
13124
13123
13114
13120
13117
13117
13121
13116
13113
13122
13126
13125
13123
13126
13117
13120
13126
13123
13128
13130
13131
13131
13120
13125
13125
13117
13118
13124
13126
13131
13129
13130
13134
13134
13138
13133
13126
13128
13130
13134
13133
13132
13140
13143
13146
13138
13143
13136
13133
13135
13133
13141
13138
13134
13129
13132
13135
13130
13132
13135
13139
13139
13147
13143
13151
13144
13142
13144
13135
13133
13126
13129
13134
13133
13131
13136
13127
13140
13141
13134
13131
13133
13135
13148
13144
13137
13143
13141
13142
13140
13136
13138
13137
13136
13138
13128
13131
13130
13138
13146
13145
13143
13134
13128
13139
13127
13132
13134
13129
13137
13140
13146
13147
13146
13143
13143
13137
13137
13134
13137
13145
13140
13146
13146
13145
13142
13145
13139
13130
13137
13130
13139
13144
13135
13128
13130
13132
13126
13129
13130
13131
13129
13133
13125
13127
13125
13131
13132
13134
13133
13133
13135
13134
13136
13142
13142
13139
13139
13137
13128
13134
13126
13128
13125
13116
13118
13132
13126
13130
13131
13137
13132
13132
13131
13132
13128
13129
13127
13125
13121
13118
13117
13113
13114
13117
13108
13111
13116
13113
13116
13125
13138
13144
13138
13139
13144
13142
13140
13143
13140
13143
13151
13147
13147
13146
13144
13151
13140
13144
13146
13143
13147
13144
13148
13148
13154
13151
13145
13144
13143
13145
13143
13137
13130
13138
13132
13124
13128
13126
13131
13131
13135
13126
13127
13134
13134
13121
13129
13130
13126
13139
13138
13136
13147
13140
13133
13142
13138
13137
13144
13135
13133
13131
13136
13134
13134
13138
13138
13133
13134
13132
13132
13126
13123
13130
13131
13123
13132
13132
13136
13128
13131
13131
13135
13134
13135
13129
13133
13132
13131
13132
13138
13137
13147
13139
13141
13145
13140
13143
13155
13146
13147
13145
13148
13144
13137
13134
13133
13131
13132
13134
13140
13130
13135
13144
13143
13146
13148
13149
13150
13148
13151
13145
13142
13135
13139
13135
13140
13141
13137
13145
13149
13146
13149
13145
13140
13146
13147
13151
13149
13146
13145
13148
13152
13143
13142
13137
13133
13134
13137
13145
13147
13143
13142
13143
13141
13133
13136
13133
13133
13130
13131
13122
13136
13136
13138
13144
13147
13146
13142
13144
13140
13133
13130
13127
13130
13140
13133
13134
13139
13144
13141
13146
13139
13138
13138
13138
13139
13139
13140
13135
13134
13060
12948
12880
12842
12824
12819
12827
12831
12841
12851
12862
12882
12901
12917
12926
12926
12945
12958
12972
12986
12999
13007
13017
13029
13041
13040
13045
13053
13046
13054
13069
13077
13080
13081
13084
13088
13094
13095
13099
13100
13099
13097
13110
13098
13104
13108
13109
13109
13102
13107
13112
13114
13128
13129
13129
13133
13130
13123
13123
13124
