13145
13147
13149
13143
13147
13147
13149
13146
13136
13137
13136
13133
13136
13135
13130
13136
13138
13142
13149
13139
13140
13145
13139
13146
13145
13139
13141
13144
13147
13140
13145
13140
13135
13138
13133
13130
13127
13124
13124
13127
13126
13135
13130
13136
13134
13137
13141
13137
13137
13139
13140
13142
13137
13138
13134
13144
13130
13134
13135
13124
13130
13140
13131
13129
13127
13127
13124
13124
13121
13126
13124
13127
13130
13133
13130
13126
13126
13119
13121
13125
13126
13133
13142
13146
13147
13142
13139
13137
13137
13130
13124
13124
13135
13139
13140
13140
13135
13137
13150
13137
13135
13135
13139
13138
13138
13132
13129
13131
13138
13133
13131
13132
13133
13132
13136
13135
13141
13137
13133
13135
13136
13139
13145
13142
13136
13140
13138
13143
13135
13138
13135
13134
13134
13132
13128
13138
13130
13122
13135
13134
13134
13137
13136
13137
13142
13136
13132
13133
13135
13131
13135
13132
13135
13138
13135
13133
13142
13132
13134
13136
13131
13125
13116
13121
13123
13130
13129
13136
13132
13135
13137
13129
13140
13136
13132
13140
13137
13132
13138
13132
13123
13123
13116
13119
13129
13125
13127
13131
13132
13130
13130
13137
13136
13140
13138
13135
13146
13141
13139
13139
13137
13134
13132
13132
13129
13128
13121
13124
13122
13126
13128
13134
13142
13142
13134
13140
13127
13122
13133
13126
13127
13132
13130
13129
13134
13139
13138
13133
13134
13131
13132
13140
13138
13137
13135
13131
13137
13129
13133
13128
13131
13132
13121
13127
13132
13132
13126
13127
13124
13126
13125
13126
13126
13131
13133
13132
13127
13128
13133
13130
13130
13138
13138
13138
13139
13145
13149
13143
13138
13136
13134
13126
13121
13121
13119
13117
13123
13118
13123
13130
13131
13132
13124
13122
13123
13128
13136
13136
13125
13132
13131
13121
13135
13137
13139
13146
13142
13133
13142
13136
13130
13144
13138
13139
13140
13144
13143
13139
13136
13136
13128
13127
13128
13129
13122
13123
13129
13126
13131
13137
13132
13132
13134
13134
13142
13138
13135
13138
13130
13134
13137
13127
13126
13134
13132
13134
13128
13125
13142
13140
13142
13146
13139
13142
13143
13146
13146
13141
13150
13149
13148
13149
13144
13142
13147
13143
13144
13138
13133
13138
13133
13139
13136
13137
13141
13148
13140
13141
13131
13137
13138
13137
13137
13141
13144
13142
13134
13133
13144
13140
13143
13141
13139
13143
13147
13145
13145
13143
13137
13082
12961
12893
12850
12814
12808
12803
12814
12816
12833
12842
12849
12861
12880
12893
12916
12920
12932
12948
12957
12974
12985
12994
13003
13018
13025
13039
13042
13050
13061
13061
13060
13068
13065
13067
13081
13083
13081
13083
13095
13096
13101
13104
13113
13114
13115
13105
13117
13108
13110
13114
13100
13105
13109
13119
13123
13121
13128
13134
13123
13129
13127
13123
13127
13132
13128
13129
13121
13116
13126
13119
13120
13122
13119
13122
13128
13130
13122
13118
13114
13116
13124
13127
13126
13124
13129
13126
13134
13128
13124
13116
13121
13120
13126
13123
13118
13118
13125
13131
13123
13125
13118
13114
13112
13118
13124
13130
13129
13132
13140
13133
13136
13132
13126
13127
13125
13123
13122
13088
12520
11400
10541
9922
9569
9388
9376
9399
9525
9642
9814
9970
10151
10316
10487
10633
10797
10938
11081
11211
11346
11453
11562
11653
11752
11838
11914
11994
12065
12127
12205
12255
12305
12352
12401
12443
12495
12534
12577
12617
12650
12673
12713
12736
12758
12777
12800
12811
12841
12854
12872
12894
12911
12926
12937
12940
12959
12967
12975
12987
12992
13003
13017
13018
13028
13027
13038
13042
13054
13052
13068
13062
13066
13074
13077
13080
13083
13085
13099
13103
13107
13113
13115
13122
13115
13117
13115
13116
13120
13115
13113
13112
13121
13122
13119
13121
13122
13119
13120
13124
13118
13131
13128
13129
13128
13127
13128
13131
13124
13118
13126
13125
13131
13132
13115
13111
13117
13115
13124
13129
13135
13138
13140
13148
13150
13151
13148
13138
13136
13131
13132
13132
13130
13138
13133
13135
13133
13132
13133
13138
13127
13135
13137
13134
13132
13132
13127
13134
13134
13134
13137
13139
13139
13140
13134
13131
13129
13129
13127
13131
13139
13137
13139
13139
13132
13129
13135
13138
13137
13137
13135
13134
13135
13139
13142
13140
13138
13139
13131
13138
13136
13136
13136
13132
13126
13132
13131
13144
13134
13128
13138
13133
13128
13135
13136
13134
13135
13138
13138
13140
13134
13137
13037
12933
12869
12832
12809
12799
12811
12812
12827
12843
12861
12882
12895
12914
12931
12948
12958
12972
12972
12983
12994
13003
13010
13016
13024
13035
13038
13037
13043
13047
13055
13065
13064
13062
13078
13088
13089
13088
13091
13097
13104
13109
13103
13103
13100
13101
13105
13102
13101
13105
13101
13108
13104
13106
13110
13122
13121
13128
13123
13133
13129
13130
13129
13127
13129
13129
13128
13121
13127
13119
13116
13116
13120
13131
13125
13129
13129
13126
13129
13127
13132
13131
13125
13133
13124
13124
13119
13114
13120
13128
13129
13132
13129
13130
13134
13137
13135
13139
13129
13129
13126
13131
13127
13130
13124
13136
13135
13133
13131
13128
13128
13132
13126
13132
13129
13134
13134
13135
13138
13136
13134
13139
13137
13140
13139
13139
13144
13136
13143
13147
13144
13138
13133
13129
13137
13132
13131
13133
13121
13126
13124
13128
13129
13132
13133
13137
13134
13132
13147
13142
13141
13144
13139
13126
13133
13130
13130
13132
13126
13125
13129
13137
13140
13143
13143
13147
13146
13129
13130
13132
13129
13137
13126
13119
13124
13125
13122
13129
13128
13133
13129
13126
13132
13136
13134
13139
13141
13133
13143
13141
13139
13138
13140
13144
13144
13145
13144
13140
13134
13139
13144
13140
13139
13141
13147
13134
13135
13132
13136
13135
13133
13134
13139
13142
13139
13145
13142
13143
13135
13136
13132
13133
13128
13124
13128
13142
13141
13127
13133
13131
13132
13135
13136
13138
13143
13139
13145
13137
13128
13129
13133
13132
13126
13136
13133
13133
13133
13133
13137
13136
13138
13140
13138
13133
13143
13136
13129
13132
13125
13132
13144
13139
13138
13141
13141
13145
13138
13140
13133
13125
13129
13134
13127
13130
13129
13127
13125
13128
13129
13132
13130
13133
13133
13139
13142
13142
13138
13132
13123
13131
13128
13121
13111
13120
13129
13132
13135
13139
13126
13134
13138
13138
13132
13129
13125
13134
13133
13129
13144
13136
13142
13144
13130
13133
13136
13141
13139
13139
13135
13130
