13136
13139
13139
13134
13141
13136
13139
13134
13125
13126
13132
13134
13139
13135
13130
13137
13135
13130
13131
13129
13134
13135
13129
13137
13138
13137
13135
13139
13140
13138
13134
13137
13136
13137
13135
13133
13142
13137
13137
13133
13131
13131
13127
13136
13141
13134
13140
13142
13136
13133
13128
13123
13124
13126
13129
13141
13132
13131
13141
13137
13131
13129
13121
13126
13121
13123
13127
13126
13130
13124
13121
13132
13131
13135
13134
13137
13139
13137
13138
13137
13134
13141
13141
13138
13138
13139
13139
13145
13138
13133
13126
13117
13118
13115
13110
13123
13127
13127
13131
13129
13126
13124
13125
13129
13132
13138
13137
13139
13149
13149
13154
13155
13149
13143
13138
13135
13135
13132
13128
13123
13125
13122
13127
13130
13143
13146
13152
13154
13146
13148
13142
13140
13141
13141
13141
13145
13143
13142
13141
13140
13135
13139
13134
13134
13131
13131
13133
13134
13127
13129
13133
13140
13142
13150
13144
13146
13152
13147
13153
13154
13152
13150
13148
13134
13128
13127
13121
13127
13133
13136
13134
13123
13125
13120
13120
13131
13129
13132
13139
13141
13135
13140
13140
13140
13142
13138
13129
13128
13124
13123
13122
13117
13118
13116
13117
13118
13133
13132
13130
13142
13140
13141
13138
13130
13135
13138
13139
13136
13122
13125
13124
13125
13126
13126
13127
13136
13137
13133
13139
13139
13141
13149
13147
13154
13157
13154
13149
13151
13150
13141
13132
13134
13137
13139
13138
13133
13133
13137
13126
13123
13128
13136
13130
13129
13131
13136
13139
13142
13132
13134
13133
13131
13134
13134
13132
13138
13136
13134
13149
13147
13141
13148
13142
13144
13144
13141
13138
13134
13135
13126
13125
13129
13128
13127
13126
13130
13144
13131
13130
13128
13122
13125
13136
13133
13132
13129
13127
13132
13130
13133
13135
13136
13135
13132
13128
13132
13127
13129
13134
13130
13135
13133
13133
13130
13137
13135
13140
13136
13134
13134
13137
13130
13130
13133
13134
13131
13140
13135
13136
13137
13133
13132
13140
13138
13133
13142
13143
13144
13141
13138
13140
13135
13141
13139
13136
13139
13134
13131
13140
13134
13131
13129
13127
13134
13137
13138
13131
13132
13132
13134
13131
13132
13125
13126
13128
13133
13145
13142
13141
13143
13144
13141
13144
13138
13145
13147
13144
13143
13135
13134
13140
13139
13141
13138
13137
13150
13139
13132
13137
13124
13121
13122
13119
13128
13130
13124
13126
13126
13125
13132
13128
13134
13130
13134
13144
13137
13136
13126
13131
13138
13145
13140
13131
13133
13137
13138
13138
13140
13141
13147
13152
13147
13142
13148
13148
13149
13147
13140
13142
13132
13124
13124
13118
13119
13120
13119
13120
13129
13129
13121
13121
13122
13125
13134
13137
13135
13145
13142
13143
13147
13152
13147
13148
13150
13147
13143
13137
13137
13142
13146
13155
13144
13138
13137
13134
13136
13126
13125
13129
13120
13118
13123
13123
13129
13127
13129
13131
13129
13131
13124
13124
13127
13128
13133
13140
13137
13141
13139
13143
13148
13142
13132
13126
13130
13128
13135
13134
13138
13139
13144
13143
13140
13138
13138
13140
13144
13142
13131
13134
13124
13129
13135
13136
13074
12597
12074
11658
11423
11194
10899
10769
10717
10750
10798
10886
10969
11089
11187
11302
11344
11403
11468
11547
11609
11567
11541
11572
11619
11686
11757
11824
11890
11970
12032
12110
12170
12221
12266
12321
12365
12419
12460
12501
12530
12565
12603
12645
12675
12710
12734
12774
12802
12814
12836
12863
12879
12904
12909
12918
12931
12943
12960
12967
12971
12981
12980
12991
13006
13012
13020
13031
13038
13055
13064
13066
13069
13069
13069
13075
13078
13082
13086
13085
13089
13090
13086
13090
13092
13090
13091
13091
13099
13096
13108
13104
13108
13117
13115
13109
13115
13112
13116
13109
13115
13123
13119
13116
13121
13118
13117
13121
13119
13124
13128
13137
13135
13142
13135
13139
13134
13136
13140
13128
13132
13133
13129
13137
13141
13140
13145
13141
13149
13142
13140
13139
13139
13148
13140
13143
13140
13139
13134
13124
13130
13123
13132
13118
13117
13111
13117
13118
13117
13119
13126
13128
13130
13125
13121
13127
13126
13127
13130
13129
13124
13126
13129
13123
13128
13130
13132
13136
13133
13123
13124
13123
13120
13129
13126
13127
13127
13126
13122
13124
13116
13112
13115
13118
13126
13123
13131
13137
13138
13140
13139
13141
13146
13142
13134
13141
13134
13134
13138
13132
13135
13131
13139
13150
13150
13149
13147
13146
13146
13139
13136
13124
13124
13121
13121
13122
13136
13133
13135
13127
13129
13127
13131
13135
13138
13135
13143
13137
13133
13131
13131
13133
13133
13130
13132
13142
13137
13129
13126
13125
13129
13129
13137
13140
13135
13140
13133
13133
13130
13131
13130
13134
13136
13148
13139
13139
13142
13135
13136
13138
13137
13146
13140
13134
13142
13140
13148
13149
13142
13144
13140
13137
13140
13134
13132
13146
13139
13137
13140
13143
13142
13139
13140
13141
13135
13143
13135
13133
13141
13135
13137
13137
13146
13150
13136
13133
13138
13126
13124
13119
13122
13129
13132
13133
13133
13131
13135
13141
13139
13139
13142
13146
13151
13140
13145
13145
13141
13142
13144
13139
13138
13138
13138
13132
13133
13138
13140
13144
13144
13137
13129
13131
13127
13125
13125
13126
13132
13138
13145
13132
13133
13134
13141
13134
13139
13134
13138
13139
13135
13136
13128
13126
13126
13128
13125
13126
13119
13121
13122
13121
13120
13122
13126
13119
13129
13130
13134
13128
13136
13130
13137
13138
13138
13145
13138
13130
13146
13144
13141
13132
13135
13135
13142
13141
13147
13137
13140
13140
13134
13141
13141
13135
13142
13148
13137
13137
13138
13137
13145
13150
13148
13153
13146
13147
13146
13142
13135
13134
13138
13138
13135
13133
13133
13127
13120
13124
13132
13133
13142
13138
13143
13142
13140
13132
13143
13137
13144
13144
13138
13139
13135
13135
13136
13129
13119
13126
13127
13124
13125
13129
13136
13135
13144
13136
13133
13133
13128
13134
13142
13143
13142
13143
13140
13141
13131
13127
13127
13130
13129
13132
13123
13130
13134
13133
13138
13133
13135
13139
13134
13132
13132
13129
13136
13129
13122
13135
13131
13132
13139
13135
13132
13135
13134
13134
13130
13128
13126
13124
13126
13127
13127
13130
13126
13131
13128
13127
13128
13134
13130
13135
13136
13142
13141
13139
13140
13129
13126
13129
13125
13129
13128
13126
13126
13128
13133
13134
13124
13123
13125
13121
13122
13115
13117
13124
13130
13131
13128
