13128
13131
13131
13133
13134
13142
13135
13139
13126
13127
13132
13124
13126
13132
13134
13141
13147
13145
13142
13136
13136
13137
13136
13138
13138
13139
13138
13138
13149
13137
13134
13144
13144
13145
13138
13139
13142
13138
13137
13137
13122
13132
13131
13135
13134
13133
13134
13139
13140
13139
13152
13141
13136
13135
13135
13139
13143
13145
13138
13141
13139
13138
13138
13140
13135
13144
13135
13138
13142
13140
13138
13139
13140
13140
13140
13138
13140
13137
13137
13136
13129
13125
13121
13124
13126
13125
13124
13122
13124
13128
13134
13134
13130
13141
13129
13135
13137
13132
13132
13134
13133
13136
13132
13134
13130
13135
13137
13132
13136
13138
13143
13146
13145
13142
13137
13138
13142
13143
13142
13149
13139
13142
13137
13138
13142
13142
13146
13154
13147
13147
13153
13142
13137
13142
13139
13137
13135
13134
13138
13139
13139
13139
13141
13139
13139
13142
13142
13138
13144
13138
13135
13137
13127
13128
13119
13116
13121
13122
13128
13135
13129
13130
13134
13137
13136
13138
13135
13140
13134
13133
13143
13134
13129
13130
13121
13120
13121
13124
13124
13125
13125
13132
13133
13128
13127
13130
13133
13132
13135
13137
13142
13145
13146
13140
13141
13136
13139
13135
13136
13138
13135
13135
13135
13133
13138
13134
13125
13132
13125
13126
13138
13138
13135
13138
13141
13139
13146
13142
13147
13139
13144
13138
13140
13139
13133
13137
13136
13134
13145
13131
13130
13124
13131
13132
13134
13138
13137
13145
13141
13141
13140
13140
13142
13137
13131
13131
13132
13126
13125
13124
13126
13115
13115
13126
13119
13127
13132
13134
13128
13129
13127
13125
13127
13128
13123
13127
13131
13133
13136
13132
13126
13122
13122
13126
13123
13127
13132
13130
13129
13135
13132
13136
13135
13138
13143
13138
13136
13140
13141
13138
13139
13136
13137
13141
13143
13137
13132
13137
13134
13128
13138
13127
13119
13118
13124
13124
13123
13122
13132
13122
13131
13131
13129
13129
13119
13116
13126
13127
13123
13134
13134
13142
13146
13148
13151
13146
13136
13147
13138
13129
13136
13137
13136
13134
13128
13130
13120
13120
13125
13120
13118
13114
13127
13134
13138
13141
13142
13141
13143
13142
13142
13145
13149
13155
13149
13147
13150
13148
13151
13157
13151
13151
13147
13144
13141
13138
13133
13135
13126
13121
13130
13137
13131
13132
13127
13129
13135
13136
13140
13137
13135
13136
13134
13140
13140
13128
13128
13136
13145
13141
13136
13139
13135
13137
13142
13135
13135
13135
13135
13135
13127
13129
13126
13130
13129
13127
13136
13133
13126
13128
13138
13128
13124
13132
13127
13126
13129
13133
13138
13138
13139
13138
13138
13140
13140
13138
13133
13133
13135
13127
13131
13131
13132
13129
13127
13137
13137
13133
13133
13138
13135
13142
13141
13134
13132
13137
13140
13144
13141
13143
13155
13147
13140
13138
13142
13141
13141
13139
13140
13143
13134
13135
13127
13130
13123
13127
13126
13127
13127
13121
13114
13112
13110
13106
13109
13107
13116
13113
13119
13132
13123
13133
13130
13125
13132
13133
13131
13137
13135
13137
13138
13131
13129
13127
13121
13122
13125
13131
13122
13124
13122
13126
13135
13134
13136
12849
12062
11276
10649
10250
10063
9981
10010
10063
10176
10288
10433
10566
10715
10859
10998
11127
11258
11356
11389
11428
11499
11567
11649
11718
11812
11867
11818
11762
11682
11647
11660
11673
11727
11779
11847
11912
11989
12058
12127
12181
12249
12293
12348
12391
12441
12482
12522
12562
12604
12631
12671
12702
12730
12761
12790
12811
12830
12842
12865
12886
12898
12911
12920
12929
12941
12955
12966
12972
12986
12996
13017
13020
13027
13023
13030
13032
13039
13042
13051
13052
13061
13062
13072
13074
13081
13096
13092
13097
13091
13095
13096
13102
13101
13108
13102
13106
13112
13112
13118
13123
13125
13124
13114
13113
13117
13117
13110
13112
13107
13109
13115
13122
13121
13122
13123
13126
13130
13132
13118
13123
13123
13125
13131
13132
13126
13140
13137
13127
13125
13132
13139
13135
13142
13149
13143
13137
13136
13131
13130
13141
13136
13146
13141
13136
13146
13138
13134
13135
13128
13133
13135
13132
13131
13132
13139
13138
13141
13136
13136
13140
13142
13137
13139
13135
13134
13139
13137
13139
13137
13139
13134
13134
13132
13129
13121
13125
13114
13120
13127
13130
13134
13130
13125
13122
13129
13125
13124
13126
13130
13130
13134
13129
13126
13126
13122
13125
13123
13122
13133
13137
13145
13142
13146
13136
13131
13131
13127
13131
13126
13130
13124
13120
13128
13125
13120
13123
13125
13124
13116
13114
13115
13121
13122
13124
13127
13124
13125
13129
13124
13119
13123
13132
13131
13129
13125
13130
13133
13140
13138
13135
13134
13127
13127
13124
13126
13123
13130
13128
13131
13136
13137
13135
13137
13139
13137
13133
13133
13134
13137
13141
13137
13131
13130
13133
13142
13137
13134
13130
13124
13122
13124
13118
13119
13116
13129
13122
13135
13135
13134
13138
13139
13138
13146
13135
13133
13133
13128
13127
13123
13127
13135
13137
13139
13135
13128
13137
13132
13128
13130
13128
13126
13136
13127
13130
13131
13127
13125
13136
13135
13133
13126
13128
13125
13123
13125
13117
13124
13121
13125
13126
13114
13123
13127
13124
13133
13138
13136
13136
13137
13137
13139
13142
13146
13140
13130
13137
13138
13138
13136
13135
13139
13136
13129
13126
13136
13133
13133
13137
13132
13132
13133
13136
13139
13133
13135
13139
13152
13149
13144
13146
13142
13143
13154
13147
13148
13143
13143
13144
13144
13135
13129
13126
13124
13129
13123
13130
13137
13136
13133
13131
13126
13135
13131
13128
13131
13129
13131
13125
13122
13124
13127
13132
13131
13138
13136
13131
13139
13141
13138
13145
13142
13138
13144
13133
13135
13138
13138
13132
13129
13126
13127
13132
13136
13137
13134
13144
13145
13138
13135
13138
13140
13137
13135
13123
13126
13128
13134
13138
13146
13140
13045
12939
12878
12841
12827
12813
12824
12837
12843
12864
12878
12884
12908
12912
12924
12939
12938
12948
12960
12974
12990
12996
13009
13012
13017
13026
13038
13040
13051
13049
13053
13058
13058
13056
13064
13068
13077
13085
13075
13088
13091
13099
13102
13099
13105
13106
13109
13120
13116
13116
13112
13112
13114
13110
13105
13116
13120
13129
13119
13121
13117
13116
13123
13127
13121
13123
13124
13124
13128
13129
13128
13131
13123
13121
13121
13119
13123
13122
13120
13124
13126
13132
13136
13142
13137
13134
13141
13141
13141
13141
13140
13132
13140
13134
