13124
13126
13124
13125
13124
13119
13131
13130
13132
13138
13141
13145
13140
13135
13139
13138
13134
13131
13126
13124
13129
13136
13132
13133
13133
13141
13140
13133
13133
13134
13139
13140
13135
13124
13129
13124
13125
13125
13120
13121
13125
13122
13132
13131
13134
13134
13140
13136
13140
13141
13136
13131
13136
13129
13126
13132
13132
13133
13130
13133
13132
13130
13128
13124
13124
13123
13123
13125
13129
13138
13143
13147
13135
13134
13132
13129
13129
13132
13128
13123
13126
13130
13131
13126
13132
13128
13126
13141
13133
13139
13144
13144
13138
13137
13136
13132
13127
13124
13132
13135
13136
13137
13138
13140
13150
13153
13152
13143
13138
13143
13153
13150
13143
13141
13150
13148
13153
13158
13153
13147
13149
13150
13149
13140
13141
13137
13128
13124
13121
13124
13120
13125
13133
13128
13128
13126
13123
13129
13128
13135
13131
13130
13125
13126
13128
13129
13133
13130
13128
13129
13131
13134
13117
13124
13133
13130
13129
13137
13124
13133
13135
13129
13125
13119
13127
13128
13129
13137
13139
13137
13131
13132
13140
13133
13129
13135
13136
13139
13137
13138
13135
13137
13140
13147
13144
13143
13151
13151
13154
13156
13155
13158
13147
13139
13140
13141
13137
13138
13133
13136
13138
13139
13142
13141
13139
13134
13134
13138
13136
13141
13138
13141
13143
13128
13125
13122
13126
13135
13132
13133
13134
13129
13129
13139
13131
13137
13137
13139
13141
13137
13137
13139
13137
13135
13144
13137
13136
13137
13135
13138
13136
13128
13137
13135
13129
13133
13132
13130
13125
13123
13122
13132
13134
13131
13123
13130
13126
13132
13127
13127
13124
13126
13122
13124
13126
13127
13135
13132
13131
13128
13133
13142
13138
13140
13144
13140
13139
13142
13134
13127
13122
13121
13126
13127
13122
13124
13127
13126
13130
13126
13126
13127
13125
13129
13120
13129
13133
13131
13127
13131
13130
13130
13130
13137
13131
13137
13131
13128
13132
13131
13135
13141
13136
13129
13141
13136
13132
13137
13141
13139
13141
13135
13141
13136
13136
13130
13134
13139
13138
13126
13124
13131
13131
13122
13122
13124
13122
13125
13130
13128
13125
13133
13145
13146
13135
13138
13133
13124
13121
13120
13116
13120
13125
13122
13134
13132
13137
13140
13142
13140
13132
13131
13138
13135
13139
13137
13133
13140
13132
13133
13134
13135
13137
13133
13138
13136
13138
13137
13129
13133
13128
13130
13131
13128
13121
13121
13133
13135
13134
13132
13134
13141
13135
13138
13143
13135
13135
13134
13127
13130
13134
13128
13126
13128
13128
13134
13131
13134
13131
13127
13123
13121
13131
13118
13119
13126
13129
13133
13132
13131
13132
13134
13134
13135
13130
13131
13126
13124
13119
13117
13126
13136
13133
13131
13143
13137
13138
13147
13135
13135
13136
13138
13144
13140
13136
13126
13131
13137
13133
13133
13136
13133
13141
13132
13130
13133
13134
13133
13133
13130
13134
13138
13143
13138
13131
13133
13136
13136
13133
13134
13134
13138
13130
13123
13132
13125
13124
13123
13115
13120
13128
13127
13128
13129
13126
13123
13126
13116
13124
13133
13139
13135
13133
13130
13141
13139
13140
13135
13141
13141
13144
13140
13145
13139
13136
13146
13143
13109
12650
11938
11430
11128
10977
10896
10909
10907
10970
11034
11128
11216
11322
11424
11536
11623
11717
11790
11875
11952
12030
12095
12166
12223
12298
12336
12384
12430
12479
12515
12552
12590
12625
12652
12683
12712
12740
12763
12802
12816
12834
12855
12872
12894
12906
12914
12927
12937
12946
12961
12970
12981
12995
13002
13016
13019
13027
13029
13041
13037
13036
13040
13051
13055
13063
13068
13073
13083
13089
13088
13091
13097
13099
13104
13100
13096
13094
13103
13107
13105
13108
13112
13118
13128
13117
13109
13121
13114
13121
13127
13119
13115
13122
13118
13121
13124
13126
13124
13120
13126
13128
13125
13136
13131
13136
13126
13125
13131
13128
13126
13130
13133
13134
13135
13128
13134
13127
13135
13140
13131
13135
13137
13137
13139
13136
13123
13138
13124
13122
13130
13122
13129
13127
13121
13120
13118
13120
13117
13121
13126
13127
13129
13129
13128
13133
13129
13127
13129
13125
13131
13126
13133
13135
13134
13138
13133
13137
13136
13131
13130
13129
13131
13127
13138
13135
13132
13137
13133
13130
13137
13138
13129
13133
13123
13126
13132
13133
13130
13130
13132
13130
13128
13132
13131
13136
13126
13129
13133
13132
13133
13133
13130
13129
13128
13129
13129
13119
13122
13129
13122
13137
13139
13146
13147
13147
13134
13142
13135
13129
13141
13137
13133
13142
13138
13137
13139
13135
13130
13125
13126
13123
13118
13119
13126
13134
13125
13130
13132
13128
13130
13125
13130
13134
13134
13131
13126
13123
13129
13132
13133
13130
13136
13139
13144
13142
13134
13136
13134
13137
13148
13139
13140
13141
13138
13145
13144
13138
13128
13131
13130
13127
13126
13124
13118
13123
13120
13115
13123
13121
13130
13132
13138
13137
13141
13135
13138
13126
13129
13128
13121
13125
13127
13136
13135
13133
13134
13135
13135
13136
13139
13145
13141
13145
13140
13138
13140
13134
13130
13137
13137
13136
13131
13130
13130
13137
13127
13126
13128
13132
13135
13131
13130
13123
13121
13122
13118
13116
13115
13118
13123
13127
13128
13131
13126
13121
13124
13134
13130
13130
13140
13149
13151
13148
13143
13140
13137
13135
13129
13135
13143
13133
13125
13129
13135
13139
13135
13130
13136
13135
13134
13131
13130
13126
13126
13127
13126
13125
13130
13138
13130
13130
13133
13130
13135
13131
13122
13134
13128
13126
13135
13126
13131
13137
13136
13143
13136
13127
13123
13125
13129
13126
13125
13127
13131
13136
13129
13127
13136
13140
13136
13132
13137
13136
13134
13134
13132
13123
13125
13133
13128
13135
13137
13135
13137
13129
13128
13127
13123
13126
13132
13126
13133
13140
13145
13146
13144
13142
13141
13136
13141
13142
13140
13140
13137
13140
13131
13126
13129
13126
13125
13128
13128
13132
13126
13129
13138
13134
13137
13134
13136
13139
13140
13130
13123
13120
13124
13138
13134
13137
13138
13134
13136
13138
13141
13137
13136
13141
13139
13142
13148
13142
13139
13135
13134
13141
13133
13133
13130
13126
13136
13142
13139
13143
13142
13148
13149
13138
13139
13142
13139
13143
13140
13142
13149
13139
13138
13146
13142
13139
13139
13134
13132
13135
13130
13141
13135
13131
13125
13130
13132
13133
13130
13124
13122
13125
13121
13118
13123
13122
13130
13129
13130
13130
13127
13133
13133
13129
13131
13134
13121
13125
13122
