13128
13135
13141
13139
13137
13142
13138
13136
13129
13130
13136
13121
13122
13121
13116
13121
13120
13125
13125
13128
13136
13135
13134
13137
13135
13142
13145
13140
13147
13145
13149
13141
13138
13136
13135
13136
13130
13132
13131
13128
13126
13132
13132
13133
13139
13141
13139
13140
13131
13139
13147
13145
13141
13147
13138
13140
13146
13142
13142
13136
13132
13132
13129
13126
13124
13129
13129
13128
13141
13139
13135
13145
13141
13142
13136
13136
13131
13132
13135
13138
13130
13137
13138
13134
13137
13134
13131
13134
13139
13136
13140
13136
13134
13138
13129
13132
13131
13132
13139
13138
13131
13132
13133
13138
13132
13133
13131
13136
13141
13128
13120
13119
13116
13116
13117
13129
13133
13135
13131
13133
13124
13125
13121
13125
13127
13132
13140
13143
13141
13136
13137
13132
13124
13130
13123
13126
13124
13126
13131
13127
13129
13134
13136
13135
13134
13139
13149
13153
13148
13142
13137
13138
13134
13140
13139
13143
13142
13148
13149
13150
13143
13140
13141
13138
13138
13134
13136
13132
13127
13130
13132
13126
13126
13132
13131
13133
13128
13127
13121
13117
13125
13130
13126
13133
13132
13137
13138
13136
13140
13135
13133
13132
13134
13141
13142
13141
13142
13138
13130
13133
13125
13132
13127
13132
13133
13131
13128
13127
13127
13128
13136
13135
13123
13130
13131
13128
13132
13127
13129
13134
13135
13135
13139
13140
13139
13140
13137
13137
13143
13140
13138
13145
13134
13136
13127
13132
13132
13133
13134
13135
13127
13126
13122
13127
13129
13129
13126
13135
13127
13127
13134
13124
13117
13130
13125
13129
13129
13135
13136
13139
13141
13139
13140
13138
13130
13133
13132
13131
13137
13132
13126
13132
13127
13122
13124
13127
13134
13136
13142
13139
13136
13138
13145
13138
13137
13132
13133
13140
13133
13122
13122
13110
12991
12919
12868
12839
12823
12820
12831
12834
12852
12866
12883
12900
12908
12919
12926
12942
12963
12974
12978
12991
13002
13011
13015
13021
13025
13035
13037
13048
13042
13058
13065
13067
13070
13073
13070
13081
13081
13085
13087
13087
13088
13096
13099
13103
13103
13107
13114
13112
13105
13104
13106
13111
13119
13124
13126
13123
13131
13123
13123
13126
13119
13123
13118
13116
13124
13123
13124
13123
13125
13128
13125
13111
13110
13120
13119
13132
13130
13134
13138
13138
13137
13140
13135
13134
13131
13132
13132
13130
13132
13131
13131
13135
13135
13130
13129
13126
13132
13138
13134
13143
13138
13143
13139
13127
13125
13121
13121
13126
13121
13131
13132
13127
13121
13127
13124
13137
13127
13133
13135
13138
13140
13144
13136
13137
13134
13132
13140
13137
13126
13125
13125
13137
13138
13139
13133
13141
13147
13136
13135
13138
13132
13140
13136
13130
13126
13126
13122
13131
13121
13127
13129
13136
13144
13145
13137
13137
13132
13123
13132
13134
13136
13143
13142
13143
13148
13148
13145
13147
13149
13147
13146
13146
13138
13139
13130
13133
13139
13138
13137
13138
13140
13134
13136
13139
13138
13138
13136
13132
13130
13130
13130
13128
13134
13133
13133
13143
13137
13133
13129
13119
13123
13128
13121
13125
13120
13125
13134
13136
13131
13135
13137
13142
13139
13141
13137
12976
12487
11802
11367
11110
10993
10924
10933
10973
11046
11092
11069
11078
11140
11204
11302
11380
11481
11567
11666
11744
11832
11903
11993
12061
12135
12191
12247
12297
12357
12410
12456
12498
12540
12582
12616
12654
12682
12715
12746
12758
12788
12806
12817
12846
12869
12890
12902
12909
12924
12936
12955
12970
12974
12985
12995
12993
12995
13002
13012
13019
13026
13031
13040
13038
13043
13057
13059
13067
13080
13090
13097
13099
13097
13099
13107
13068
12947
12866
12817
12779
12771
12759
12766
12781
12798
12818
12838
12850
12878
12899
12915
12932
12940
12965
12978
12982
12997
13005
13014
13029
13030
13027
13044
13049
13051
13053
13049
13064
13073
13079
13074
13077
13073
13079
13088
13097
13095
13099
13094
13091
13096
13093
13092
13106
13104
13113
13112
13110
13104
13102
13103
13109
13102
13115
13116
13115
13121
13126
13125
13129
13125
13125
13133
13128
13122
13128
13123
13132
13130
13131
13123
13121
13117
13119
13115
13119
13117
13122
13121
13128
13137
13129
13125
13132
13139
13136
13134
13138
13135
13132
13134
13131
13132
13137
13136
13138
13136
13137
13136
13138
13143
13141
13140
13134
13131
13133
13135
13139
13135
13132
13131
13132
13133
13129
13132
13139
13138
13138
13134
13120
13126
13118
13114
13125
13125
13124
13125
13122
13126
13127
13134
13139
13135
13133
13135
13138
13141
13141
13136
13143
13137
13136
13139
13126
13122
13126
13127
13123
13121
13119
13115
13121
13117
13120
13121
13122
13123
13126
13120
13128
13135
13129
13132
13130
13125
13124
13119
13019
12917
12859
12826
12812
12815
12813
12831
12837
12859
12872
12882
12901
12930
12931
12947
12953
12954
12969
12985
12996
13011
13015
13022
13030
13034
13036
13040
13049
13055
13059
13062
13068
13072
13074
13075
13089
13103
13104
13101
13101
13108
13108
13111
13113
13106
13107
13108
13112
13111
13110
13111
13116
13115
13112
13056
12931
12867
12833
12811
12801
12804
12708
12621
12570
12556
12551
12563
12586
12607
12629
12658
12674
12712
12731
12759
12795
12810
12825
12833
12851
12862
12875
12889
12909
12920
12941
12956
12966
12979
12996
13006
13020
13022
13027
13038
13042
13039
13047
13051
13063
13064
13069
13070
13076
13083
13083
13080
13089
13095
13101
13093
13095
13101
13095
13099
13100
13094
13101
13098
13109
13114
13112
13110
13124
13116
13121
13116
13120
13121
13126
13124
13142
13141
13140
13142
13141
13135
13142
13141
13144
13140
13137
13140
13133
13132
13127
13123
13131
13131
13126
13121
13123
13135
13135
13133
13137
13139
13134
13133
13135
13128
13123
13120
13127
13122
13122
13122
13126
13127
13126
13128
13137
13128
13128
13137
13130
13128
13128
13121
13126
13120
13129
13127
13137
13137
13129
13129
13137
13139
13138
13138
13131
13137
13135
13134
13138
13126
13128
13127
13121
13126
13124
13129
13135
13137
13139
13145
13142
13141
13139
13133
13141
13140
13139
13142
13136
13130
13133
13124
13132
13125
13126
13134
13134
13136
13133
13141
13142
13139
13143
13140
13130
13138
13129
13122
13132
13131
13142
13142
13148
13145
13143
13143
13149
13139
13138
13138
13134
13132
13135
13137
13135
13129
13133
13142
13145
13142
13133
13128
13127
13124
13126
13130
13129
13138
13134
13136
13140
13140
13141
13143
13137
13143
13143
