13141
13138
13130
13137
13145
13138
13130
13137
13134
13145
13141
13141
13148
13142
13139
13141
13135
13134
13135
13139
13141
13133
13132
13131
13128
13138
13137
13129
13128
13132
13137
13147
13138
13134
13134
13127
13129
13138
13137
13134
13138
13143
13133
13133
13136
13129
13131
13131
13127
13132
13135
13129
13135
13123
13126
13130
13134
13138
13134
13143
13142
13138
13134
13141
13134
13132
13134
13131
13135
13126
13128
13138
13139
13136
13140
13138
13132
13141
13141
13147
13149
13148
13146
13144
13141
13133
13133
13137
13130
13134
13132
13132
13142
13141
13141
13146
13143
13147
13135
13146
13142
13139
13139
13138
13133
13133
13138
13138
13145
13144
13136
13137
13131
13131
13135
13129
13127
13127
13123
13128
13132
13130
13128
13132
13127
13127
13122
13133
13131
13139
13138
13136
13138
13132
13132
13132
13130
13127
13129
13131
13129
13131
13134
13137
13138
13141
13133
13125
13127
13130
13130
13133
13128
13124
13134
13128
13130
13133
13128
13133
13137
13146
13139
13138
13137
13134
13129
13132
13126
13121
13128
13131
13130
13128
13124
13124
13125
13133
13129
13137
13131
13134
13127
13130
13121
13132
13129
13132
13132
13134
13135
13142
13144
13139
13141
13139
13137
13137
13131
13128
13127
13136
13128
13130
13130
13132
13133
13136
13130
13133
13130
13133
13144
13138
13126
13130
13127
13123
13121
13125
13126
13125
13129
13139
13142
13145
13141
13136
13138
13138
13141
13141
13141
13129
13140
13129
13129
13132
13132
13135
13145
13138
13144
13139
13135
13135
13129
13135
13132
13132
13132
13132
13138
13131
13130
13135
13137
13143
13133
13135
13138
13134
13129
13135
13129
13132
13129
13131
13130
13140
13144
13152
13143
13145
13151
13139
13141
13148
13140
13142
13142
13140
13145
13142
13147
13148
13148
13148
13149
13147
13141
13145
13141
13141
13140
13140
13129
13133
13128
13136
13129
13125
13118
13123
13116
13119
13121
13123
13124
13129
13130
13136
13136
13128
13137
13132
13129
13136
13138
13136
13136
13138
13136
13137
13131
13127
13131
13141
13132
13132
13130
13131
13140
13127
13130
13129
13133
13131
13133
13134
13135
13133
13134
13140
13132
13138
13136
13133
13132
13140
13129
13138
13131
13119
13130
13131
13129
13126
13120
13115
13123
13128
13132
13132
13136
13137
13149
13153
13148
13141
13146
13138
13148
13148
13144
13149
13148
13144
13144
13146
13139
13142
13140
13142
13139
13140
13142
13145
13146
13137
13127
13130
13120
13127
13129
13132
13130
13127
13128
13130
13128
13133
13139
13131
13136
13133
13143
13147
13139
13134
13129
13134
13141
13134
13128
13126
13125
13128
13124
13123
13127
13126
13131
13136
13130
13136
13144
13152
13151
13147
13139
13142
13137
13133
13138
13130
13127
13138
13136
13139
13138
13140
13131
13137
13134
13136
13137
13146
13142
13137
13133
13137
13144
13137
13130
13127
13133
13137
13127
13128
13130
13138
13142
13131
13118
13123
13130
13136
13130
13136
13129
13140
13136
13135
13135
13128
13122
13134
13135
13137
13134
13134
13131
13131
13126
13128
13124
13127
13131
13130
13128
13121
13123
13115
13121
13124
13130
13133
13132
13135
13135
13139
13138
13140
13046
12674
12113
11690
11454
11314
11265
11240
11254
11287
11359
11425
11502
11587
11676
11755
11831
11831
11858
11900
11957
12013
12075
12134
12186
12243
12298
12341
12392
12420
12468
12510
12553
12589
12620
12652
12694
12724
12751
12765
12780
12801
12825
12844
12862
12880
12901
12920
12941
12950
12965
12977
12987
13002
13011
13013
13022
13035
13038
13045
13038
13036
13043
13066
13073
13083
13085
13088
13094
13098
13093
13096
13095
13096
13100
13097
13099
13101
13105
13114
13105
13114
13115
13119
13120
13117
13110
13120
13116
13110
13123
13118
13119
13121
13117
13117
13116
13122
13126
13123
13132
13130
13129
13131
13138
13132
13134
13142
13145
13146
13143
13140
13134
13131
13133
13132
13136
13134
13140
13135
13137
13146
13146
13135
13141
13141
13136
13136
13128
13124
13131
13135
13136
13134
13133
13133
13134
13138
13130
13126
13135
13134
13136
13142
13146
13141
13146
13141
13150
13143
13145
13145
13144
13142
13137
13139
13130
13132
13136
13143
13136
13137
13137
13135
13135
13138
13125
13129
13131
13133
13144
13132
13133
13146
13145
13143
13143
13137
13136
13138
13138
13139
13142
13138
13137
13140
13141
13140
13145
13138
13137
13136
13134
13139
13133
13134
13133
13137
13130
13137
13127
13135
13139
13132
13137
13133
13127
13132
13129
13126
13129
13122
13120
13125
13121
13122
13122
13125
13134
13138
13140
13136
13143
13145
13145
13146
13144
13138
13144
13135
13139
13138
13135
13134
13140
13135
13134
13135
13138
13133
13131
13138
13134
13133
13135
13133
13136
13141
13131
13125
13134
13132
13130
13134
13128
13130
13131
13132
13135
13135
13139
13131
13134
13138
13138
13138
13133
13121
13116
13115
13118
13124
13122
13134
13130
13129
13133
13130
13135
13138
13138
13138
13139
13140
13138
13133
13136
13140
13135
13137
13139
13131
13130
13132
13131
13133
13131
13130
13129
13135
13133
13130
13139
13142
13141
13138
13136
13133
13140
13138
13135
13139
13134
13139
13144
13145
13137
13132
13128
13140
13130
13129
13141
13134
13136
13131
13131
13134
13124
13126
13140
13134
13138
13135
13134
13134
13135
13140
13137
13139
13138
13141
13135
13139
13135
13133
13126
13129
13132
13131
13130
13124
13134
13122
13126
13130
13128
13131
13131
13134
13128
13129
13133
13126
13127
13128
13133
13142
13143
13138
13144
13135
13134
13139
13137
13125
13133
13134
13129
13123
13125
13122
13127
13124
13123
13126
13127
13132
13135
13129
13129
13137
13140
13139
13135
13137
13135
13139
13139
13137
13134
13137
13139
13141
13142
13137
13135
13137
13142
13134
13144
13134
13133
13139
13135
13137
13138
13140
13143
13146
13142
13135
13133
13144
13142
13142
13138
13134
13137
13122
13125
13122
13125
13124
13126
13131
13129
13132
13145
13146
13138
13146
13148
13142
13138
13135
13134
13141
13134
13128
13132
13122
13120
13129
13126
13129
13129
13127
13136
13140
13143
13141
13147
13147
13139
13137
13135
13133
13141
13140
13134
13143
13135
13138
13137
13141
13142
13134
13140
13140
13126
13128
13124
13126
13129
13132
13134
13135
13127
13130
13137
13132
13130
13139
13140
13138
13143
13145
13149
13142
13137
13146
13137
13137
13135
13131
13132
13131
13139
13134
13136
13144
13138
13135
13131
13126
13129
13132
13139
13147
13142
13143
13145
13143
13139
13141
