13142
13134
13140
13136
13128
13132
13134
13129
13122
13122
13119
13122
13125
13129
13134
13133
13130
13132
13131
13136
13145
13140
13127
13135
13137
13138
13134
13133
13130
13127
13132
13135
13131
13132
13136
13135
13134
13132
13128
13134
13131
13137
13133
13126
13122
13134
13134
13136
13139
13135
13137
13139
13133
13127
13125
13126
13120
13128
13129
13133
13134
13131
13130
13133
13141
13145
13143
13139
13135
13138
13136
13129
13120
13125
13126
13125
13134
13131
13137
13137
13132
13134
13133
13125
13124
13131
13127
13135
13136
13137
13141
13146
13145
13141
13141
13138
13138
13130
13139
13133
13137
13125
13124
13132
13127
13130
13125
13132
13132
13132
13132
13137
13129
13126
13133
13133
13135
13130
13127
13134
13126
13128
13135
13129
13131
13142
13140
13142
13147
13149
13146
13140
13144
13138
13146
13148
13139
13144
13145
13140
13138
13137
13133
13133
13133
13134
13125
13132
13131
13138
13143
13151
13144
13145
13145
13139
13143
13142
13141
13142
13141
13138
13149
13141
13140
13143
13137
13135
13131
13127
13127
13133
13130
13137
13136
13147
13141
13140
13126
13124
13131
13127
13130
13137
13137
13140
13142
13142
13137
13137
13137
13139
13128
13138
13132
13125
13129
13125
13127
13126
13120
13113
13129
13129
13130
13136
13131
13134
13136
13138
13144
13144
13146
13143
13148
13145
13144
13137
13132
13133
13128
13118
13113
13121
13122
13129
13130
13141
13135
13137
13142
13141
13142
13144
13139
13132
13131
13131
13131
13138
13134
13140
13149
13145
13141
13145
13142
13143
13138
13134
13127
13123
13126
13122
13123
13120
13120
13118
13126
13130
13136
13129
13129
13138
13140
13139
13134
13126
13129
13136
13135
13140
13137
13138
13143
13135
13138
13137
13134
13130
13120
13122
13130
13132
13130
13140
13137
13127
13123
13128
13130
13136
13145
13140
13142
13142
13145
13147
13143
13139
13143
13136
13139
13142
13138
13133
13133
13132
13126
13122
13118
13117
13118
13129
13134
13132
13132
13132
13133
13138
13137
13133
13138
13127
13132
13133
13127
13128
13137
13131
13133
13137
13139
13142
13142
13143
13148
13151
13150
13141
13147
13144
13136
13140
13139
13138
13141
13140
13134
13131
13134
13137
13132
13139
13146
13144
13144
13145
13138
13144
13134
13135
13142
13138
13138
13138
13125
13121
13127
13130
13131
13133
13138
13132
13130
13136
13138
13134
13127
13129
13135
13126
13134
13136
13131
13127
13132
13129
13137
13137
13138
13142
13145
13146
13144
13136
13134
13136
13142
13145
13134
13132
13142
13140
13141
13155
13146
13142
13146
13141
13139
13139
13141
13134
13132
13133
13137
13133
13129
13134
13144
13134
13138
13131
13128
13126
13131
13132
13132
13133
13134
13134
13126
13132
13131
13134
13132
13130
13124
13123
13132
13130
13133
13129
13137
13138
13134
13134
13136
13140
13140
13140
13138
13140
13138
13142
13141
13140
13140
13130
13135
13128
13135
13137
13140
13143
13135
13134
13139
13138
13135
13129
13131
13133
13138
13139
13142
13138
13138
13137
13133
13133
13146
13146
13149
13152
13145
13148
13145
13138
13131
13126
13125
13121
13129
13129
13123
13128
13123
13120
13132
13131
13133
12990
12585
12204
11883
11682
11586
11542
11553
11590
11646
11712
11789
11856
11939
12001
12068
12124
12187
12223
12158
12119
12121
12137
12173
12208
12258
12290
12340
12381
12430
12473
12518
12559
12596
12627
12657
12683
12721
12731
12760
12786
12811
12829
12847
12865
12877
12885
12899
12911
12918
12933
12956
12966
12980
12986
12997
13018
13034
13036
13047
13043
13056
13064
13070
13075
13075
13079
13082
13092
13097
13090
13098
13105
13104
13114
13116
13111
13120
13116
13115
13117
13118
13117
13119
13122
13117
13119
13123
13130
13126
13128
13126
13129
13126
13136
13136
13133
13123
13121
13130
13122
13123
13122
13118
13122
13121
13122
13121
13122
13121
13124
13135
13143
13141
13140
13138
13138
13143
13137
13131
13128
13131
13135
13139
13137
13140
13137
13138
13140
13126
13128
13128
13117
13119
13127
13124
13138
13138
13140
13146
13136
13131
13130
13138
13135
13136
13137
13138
13136
13133
13130
13128
13135
13134
13127
13131
13123
13125
13121
13126
13133
13135
13135
13134
13130
13124
13119
13122
13121
13124
13131
13132
13127
13131
13128
13125
13129
13130
13123
13127
13122
13118
13132
13130
13126
13128
13135
13138
13136
13136
13138
13142
13135
13137
13138
13131
13135
13142
13142
13143
13142
13152
13151
13149
13148
13150
13150
13145
13142
13144
13141
13139
13134
13136
13140
13134
13130
13122
13121
13131
13130
13135
13136
13135
13139
13143
13139
13139
13138
13139
13132
13131
13116
12985
12900
12857
12827
12817
12811
12817
12821
12834
12849
12862
12878
12899
12921
12936
12948
12953
12955
12974
12977
12990
12997
13009
13016
13022
13025
13033
13043
13043
13051
13053
13060
13068
13070
13084
13084
13084
13082
13087
13091
13096
13095
13098
13105
13107
13109
13112
13115
13116
13113
13113
13111
13119
13121
13122
13127
13127
13132
13127
13125
13126
13122
13126
13126
13117
13116
13124
13117
13127
13135
13136
13137
13140
13136
13138
13133
13140
13138
13140
13141
13142
13140
13141
13141
13141
13141
13134
13132
13128
13123
13127
13131
13130
13128
13126
13127
13128
13132
13136
13132
13134
13137
13136
13137
13130
13133
13135
13134
13129
13136
13135
13140
13138
13144
13138
13133
13138
13134
13130
13134
13127
13137
13141
13142
13146
13143
13149
13155
13151
13143
13141
13142
13140
13138
13138
13139
13132
13140
13134
13132
13137
13137
13139
13137
13127
13116
13126
13123
13126
13131
13131
13131
13134
13129
13127
13123
13126
13115
13115
13117
13121
13128
13129
13128
13132
13131
13128
13133
13131
13137
13135
13130
13127
13124
13130
13130
13130
13134
13135
13130
13133
13138
13140
13140
13142
13142
13141
13134
13142
13145
13140
13143
13139
13135
13133
13138
13147
13148
13146
13149
13143
13144
13145
13152
13163
13147
13149
13142
13136
13138
13145
13140
13145
13137
13135
13129
13126
13133
13128
13123
13131
13129
13134
13136
13137
13123
13130
13124
13128
13133
13125
13123
13132
13134
13136
13143
13145
13144
13150
13150
13147
13139
13131
13132
13139
13129
13125
13124
13127
13132
13134
13133
13131
13129
13126
13130
13127
13127
13124
13125
13139
13134
13140
13141
13134
13132
13143
13139
13134
13139
13133
13135
13142
13146
13143
13141
13144
13138
13145
13144
13141
13138
13135
13137
13142
13137
13141
13141
13131
13132
13131
13133
13136
13133
