13061
13064
13077
13079
13076
13083
13079
13081
13089
13091
13092
13093
13096
13096
13093
13099
13093
13093
13097
13104
13116
13115
13120
13124
13119
13124
13122
13113
13112
13109
13108
13106
13105
13111
13113
13111
13112
13120
13121
13126
13119
13118
13128
13130
13125
13120
13116
13116
13120
13118
13118
13113
13118
13123
13129
13119
13120
13126
13122
13123
13126
13126
13117
13135
13129
13131
13127
13126
13127
13129
13127
13124
13120
13128
13124
13131
13138
13140
13136
13136
13137
13138
13141
13125
13122
13134
13125
13126
13132
13137
13144
13138
13141
13138
13133
13137
13141
13138
13138
13140
13148
13147
13144
13146
13144
13136
13133
13127
13125
13130
13130
13129
13133
13130
13131
13128
13130
13140
13145
13151
13145
13134
13132
13132
13127
13130
13123
13131
13133
13139
13137
13137
13130
13124
13125
13123
13122
13123
13124
13129
13138
13128
13126
13128
13122
13126
13132
13137
13134
13139
13137
13141
13141
13139
13135
13062
12951
12888
12850
12839
12828
12818
12829
12837
12853
12867
12871
12891
12905
12916
12928
12942
12954
12966
12980
12991
12997
13006
13016
13026
13040
13041
13046
13053
13055
13055
13059
13059
13065
13068
13078
13079
13082
13082
13087
13088
13098
13098
13110
13116
13111
13116
13121
13122
13119
13120
13113
13115
13113
13111
13116
13108
13111
13114
13113
13111
13113
13114
13116
13112
13121
13111
13113
13121
13122
13129
13126
13118
13123
13132
13133
13134
13131
13137
13141
13138
13143
13142
13140
13142
13130
13128
13133
13132
13130
13136
13124
13127
13124
13129
13127
13131
13136
13123
13132
13128
13125
13129
13129
13123
13127
13123
13136
13137
13139
13132
13124
13126
13134
13138
13137
13139
13136
13140
13138
13129
13124
13129
13137
13139
13136
13135
13147
13139
13140
13150
13143
13135
13141
13143
13139
13133
13134
13137
13140
13149
13146
13143
13141
13137
13148
13146
13150
13144
13140
13142
13141
13143
13144
13142
13135
13136
13132
13132
13133
13130
13131
13128
13128
13127
13123
13117
13126
13117
13114
13124
13116
13121
13123
13122
13128
13128
13136
13130
13128
13123
13133
13130
13128
13126
13129
13131
13129
13137
13129
13130
13123
13127
13138
13141
13139
13139
13135
13136
13133
13130
13131
13134
13127
13134
13130
13125
13127
13120
13125
13121
13120
13117
13122
13120
13128
13129
13131
13123
13132
13133
13125
13121
13117
13120
13125
13120
13124
13125
13129
13127
13126
13124
13123
13124
13131
13130
13125
13128
13129
13136
13144
13146
13147
13147
13140
13135
13141
13125
13123
13121
13114
13119
13126
13124
13125
13124
13125
13128
13133
13134
13130
13125
13131
13134
13145
13137
13129
13129
13132
13123
13120
13118
13118
13122
13122
13131
13124
13124
13124
13133
13136
13136
13139
13145
13147
13137
13138
13137
13131
13134
13128
13124
13120
13118
13122
13118
13117
13121
13123
13128
13135
13135
13131
13126
13132
13122
13128
13136
13137
13142
13145
13138
13144
13139
13142
13145
13135
13131
13134
13135
13138
13132
13134
13146
13145
13147
13152
13149
13155
13154
13147
13139
13136
13129
13129
13132
13127
13127
13133
13132
13140
13138
13133
13127
13132
13122
13118
13121
13124
13128
13122
13046
12677
12170
11854
11660
11571
11525
11544
11575
11630
11694
11773
11842
11915
11990
12073
12125
12198
12246
12304
12351
12411
12450
12491
12539
12583
12610
12647
12671
12691
12719
12751
12773
12802
12812
12840
12861
12882
12906
12917
12918
12928
12948
12956
12966
12977
12987
13004
13017
13024
13029
13040
13054
13052
13056
13054
13059
13062
13071
13070
13071
13072
13074
13075
13083
13086
13092
13091
13097
13099
13099
13087
13091
13095
13102
13102
13111
13113
13129
13130
13126
13125
13129
13125
13129
13128
13124
13125
13117
13115
13113
13115
13121
13116
13119
13128
13117
13121
13133
13132
13135
13136
13139
13135
13137
13135
13133
13132
13138
13132
13128
13121
13125
13126
13119
13124
13128
13134
13137
13141
13140
13133
13133
13136
13128
13130
13128
13132
13135
13140
13140
13127
13134
13137
13134
13138
13130
13120
13129
13123
13124
13127
13128
13127
13123
13128
13124
13134
13134
13136
13139
13139
13136
13141
13139
13138
13143
13150
13150
13146
13142
13147
13139
13136
13134
13134
13140
13141
13136
13139
13134
13137
13139
13131
13126
13127
13131
13125
13126
13120
13122
13118
13121
13130
13131
13133
13128
13126
13129
13126
13131
13128
13133
13144
13143
13140
13143
13134
13124
13125
13124
13124
13125
13126
13134
13135
13143
13134
13127
13139
13134
13140
13144
13142
13141
13147
13138
13139
13142
13143
13137
13138
13135
13137
13132
13136
13131
13130
13133
13125
13130
13132
13133
13140
13132
13130
13131
13132
13123
13119
13117
13118
13118
13118
13120
13120
13122
13131
13129
13136
13134
13125
13131
13114
13110
13119
13117
13116
13124
13117
13123
13137
13140
13147
13144
13140
13142
13140
13149
13149
13140
13131
13131
13134
13126
13128
13135
13142
13144
13144
13139
13141
13140
13133
13138
13134
13140
13138
13136
13138
13134
13134
13131
13129
13124
13124
13125
13123
13133
13129
13136
13139
13141
13144
13146
13142
13136
13139
13147
13149
13140
13137
13135
13141
13123
13125
13128
13127
13131
13131
13136
13139
13136
13128
13122
13122
13124
13137
13138
13140
13134
13130
13137
13126
13119
13130
13121
13117
13115
13108
13113
13119
13119
13126
13129
13129
13126
13126
13133
13132
13130
13134
13137
13144
13132
13131
13140
13136
13131
13134
13136
13124
13124
13124
13133
13131
13138
13138
13138
13136
13137
13138
13143
13133
13128
13134
13132
13125
13126
13129
13126
13138
13134
13134
13132
13132
13135
13138
13135
13126
13123
13127
13124
13136
13128
13126
13135
13137
13143
13146
13145
13141
13145
13141
13135
13131
13131
13131
13124
13128
13121
13114
13120
13119
13121
13135
13133
13123
13123
13119
13123
13119
13123
13127
13130
13135
13134
13135
13132
13137
13133
13138
13132
13139
13137
13138
13138
13135
13140
13134
13138
13133
13131
13130
13135
13132
13132
13131
13128
13137
13137
13137
13137
13131
13132
13142
13135
13132
13134
13131
13131
13133
13130
13132
13136
13140
13144
13145
13144
13145
13139
13133
13135
13141
13134
13133
13129
13129
13135
13128
13128
13134
13135
13130
13132
13133
13124
13125
13123
13128
13134
13136
13130
13120
13124
13136
13136
13134
13136
13132
13132
13136
13132
13142
13137
13140
13137
13136
13131
13129
13130
13125
13119
13122
13116
13108
13116
13111
13122
13121
13123
13121
13130
