13141
13141
13139
13137
13148
13152
13155
13154
13144
13143
13144
13140
13135
13138
13143
13138
13135
13134
13137
13128
13142
13134
13133
13137
13141
13141
13143
13140
13137
13136
13134
13135
13134
13135
13139
13137
13141
13138
13134
13128
13125
13135
13129
13127
13128
13137
13139
13137
13127
13125
13137
13127
13137
13130
13127
13131
13132
13127
13135
13128
13131
13134
13129
13137
13134
13126
13130
13138
13137
13132
13129
13135
13141
13136
13134
13132
13140
13132
13126
13126
13131
13131
13133
13128
13126
13136
13126
13133
13129
13136
13138
13132
13131
13135
13132
13138
13128
13129
13136
13130
13126
13133
13122
13123
13125
13121
13116
13115
13117
13114
13122
13128
13130
13126
13127
13134
13140
13123
13123
13130
13124
13128
13130
13133
13142
13140
13136
13135
13133
13134
13129
13132
13138
13141
13146
13153
13138
13126
13138
13125
13125
13131
13128
13131
13131
13128
13125
13123
13127
13128
13132
13133
13136
13135
13136
13132
13138
13137
13137
13137
13135
13132
13134
13136
13136
13136
13138
13143
13142
13147
13142
13147
13144
13137
13142
13147
13144
13141
13144
13138
13138
13137
13133
13134
13128
13138
13134
13136
13137
13137
13136
13141
13145
13142
13139
13140
13153
13140
13137
13140
13134
13137
13135
13135
13132
13134
13134
13132
13138
13138
13139
13140
13133
13127
13134
13132
13122
13122
13128
13122
13119
13127
13124
13122
13129
13130
13139
13135
13134
13138
13141
13143
13144
13145
13149
13149
13159
13156
13151
13150
13149
13148
13148
13148
13145
13149
13146
13144
13137
13137
13129
13130
13126
13128
13127
13134
13131
13135
13140
13127
13137
13143
13128
13128
13136
13125
13124
13122
13121
13117
13119
13121
13130
13123
13127
13125
13130
13133
13138
13142
13141
13136
13125
13137
13138
13137
13137
13143
13141
13138
13134
13129
13128
13132
13134
13138
13125
13121
13131
13133
13141
13139
13144
13145
13140
13140
13142
13137
13134
13131
13125
13131
13126
13134
13136
13129
13139
13135
13135
13137
13133
13140
13139
13138
13131
13123
13119
13126
13121
13119
13119
13125
13128
13130
13135
13144
13141
13140
13141
13146
13146
13146
13141
13138
13138
13135
13134
13135
13133
13129
13133
13135
13131
13131
13136
13133
13141
13138
13139
13137
13135
13135
13135
13133
13136
13137
13143
13141
13131
13132
13131
13130
13135
13137
13137
13140
13135
13129
13142
13128
13128
13135
13127
13122
13122
13124
13127
13137
13144
13133
13129
13130
13127
13130
13124
13123
13135
13138
13142
13142
13130
13128
13133
13133
13135
13140
13144
13146
13144
13145
13145
13140
13138
13131
13129
13135
13134
13131
13142
13134
13140
13140
13141
13132
13136
13138
13136
13137
13130
13126
13127
13128
13129
13127
13129
13131
13148
13142
13140
13139
13139
13131
13131
13137
13129
13130
13126
13130
13126
13132
13137
13137
13135
13135
13136
13142
13146
13138
13141
13138
13134
13136
13140
13138
13148
13140
13136
13136
13144
13135
13138
13142
13152
13152
13145
13146
13152
13139
13141
13136
13138
13132
13128
13124
13130
13135
13132
13138
13135
13133
13134
13137
13134
13135
13134
13134
13127
13126
13134
13133
13137
13061
12631
12031
11574
11228
11056
10961
10959
10987
11062
11138
11236
11322
11365
11405
11480
11542
11620
11699
11793
11866
11944
12014
12087
12154
12229
12292
12335
12384
12435
12477
12520
12556
12594
12634
12657
12680
12720
12739
12768
12795
12812
12831
12853
12872
12894
12906
12918
12933
12945
12953
12964
12970
12978
12989
13013
13008
13017
13020
13030
13033
13037
13042
13042
13047
13056
13069
13065
13072
13087
13086
13087
13097
13098
13100
13101
13097
13110
13097
13100
13099
13101
13109
13112
13110
13111
13112
13117
13110
13113
13112
13120
13117
13122
13124
13130
13124
13125
13129
13135
13137
13140
13140
13144
13140
13133
13142
13137
13139
13137
13138
13132
13131
13131
13138
13135
13119
13130
13124
13121
13126
13127
13128
13135
13133
13139
13137
13148
13135
13136
13133
13125
13126
13125
13126
13137
13132
13141
13145
13146
13142
13141
13136
13140
13144
13145
13146
13136
13137
13139
13132
13128
13130
13126
13127
13129
13121
13123
13117
13124
13133
13133
13135
13139
13142
13141
13138
13143
13134
13127
13128
13129
13119
13123
13126
13133
13130
13129
13129
13131
13133
13133
13130
13122
13128
13134
13136
13131
13133
13140
13140
13143
13142
13146
13148
13139
13133
13150
13136
13131
13135
13132
13133
13138
13134
13140
13138
13137
13138
13139
13148
13152
13149
13158
13150
13152
13139
13139
13142
13141
13141
13135
13140
13140
13141
13147
13144
13131
13139
13137
13137
13139
13133
13129
13136
13134
13135
13142
13142
13142
13146
13138
13137
13135
13136
13132
13128
13132
13130
13131
13134
13127
13129
13128
13128
13139
13134
13128
13133
13137
13129
13126
13125
13125
13128
13124
13134
13126
13139
13143
13139
13144
13141
13146
13142
13138
13135
13141
13130
13124
13130
13131
13131
13134
13137
13143
13138
13139
13135
13134
13138
13129
13132
13124
13123
13128
13129
13124
13129
13122
13120
13126
13124
13127
13128
13134
13135
13130
13132
13139
13135
13140
13138
13135
13129
13126
13127
13129
13129
13120
13121
13122
13124
13131
13129
13129
13129
13127
13129
13129
13138
13137
13134
13132
13128
13131
13122
13115
13122
13129
13129
13129
13131
13138
13137
13139
13139
13135
13142
13151
13146
13148
13142
13143
13147
13147
13144
13150
13140
13134
13136
13134
13134
13126
13131
13132
13130
13134
13130
13128
13132
13131
13137
13137
13132
13138
13136
13128
13137
13135
13133
13128
13127
13130
13131
13123
13123
13118
13124
13120
13124
13128
13129
13135
13139
13131
13129
13138
13137
13128
13131
13132
13126
13129
13132
13131
13131
13134
13128
13129
13123
13131
13131
13132
13131
13135
13136
13127
13131
13120
13115
13119
13123
13126
13118
13118
13122
13124
13132
13137
13137
13136
13140
13142
13150
13144
13140
13147
13134
13131
13134
13131
13137
13141
13140
13145
13141
13149
13140
13143
13146
13145
13144
13145
13143
13148
13139
13134
13129
13126
13126
13123
13120
13126
13119
13129
13133
13133
13138
13132
13131
13125
13124
13125
13132
13121
13123
13132
13130
13135
13134
13126
13131
13132
13132
13138
13139
13136
13139
13146
13140
13142
13140
13132
13135
13137
13136
13124
13125
13122
13127
13124
13128
13130
13126
13134
13138
13127
13135
13138
13145
13144
13148
13140
13144
13139
13130
13141
13130
13137
13142
13134
13136
13130
13125
13131
13127
13131
13124
