13129
13131
13133
13129
13131
13129
13129
13132
13126
13127
13136
13138
13133
13136
13134
13135
13132
13134
13135
13139
13145
13139
13147
13148
13137
13143
13144
13136
13145
13137
13135
13140
13138
13139
13142
13141
13142
13142
13140
13139
13135
13138
13136
13140
13149
13149
13150
13159
13152
13140
13138
13135
13136
13139
13136
13132
13129
13125
13123
13132
13130
13128
13130
13134
13130
13133
13130
13125
13128
13125
13130
13132
13131
13131
13125
13124
13126
13123
13124
13135
13127
13138
13133
13133
13136
13134
13135
13137
13135
13133
13142
13135
13133
13138
13140
13134
13139
13134
13131
13132
13124
13133
13129
13133
13127
13127
13121
13116
13118
13114
13123
13130
13127
13132
13134
13128
13131
13138
13134
13133
13132
13138
13134
13133
13134
13132
13125
13131
13131
13131
13138
13136
13133
13139
13133
13129
13127
13137
13133
13132
13130
13131
13141
13139
13140
13139
13146
13141
13145
13136
13137
13138
13136
13140
13137
13134
13137
13130
13133
13138
13126
13130
13133
13133
13141
13136
13142
13144
13141
13142
13150
13146
13143
13146
13140
13134
13131
13122
13123
13127
13129
13127
13123
13126
13128
13131
13135
13132
13146
13136
13140
13148
13141
13142
13130
13127
13118
13114
13108
13109
13112
13116
13118
13122
13125
13126
13129
13131
13125
13121
13128
13131
13131
13137
13133
13137
13136
13135
13130
13133
13137
13135
13136
13139
13133
13138
13135
13136
13140
13129
13129
13131
13135
13140
13133
13128
13124
13134
13139
13137
13134
13137
13136
13133
13131
13131
13126
13129
13125
13122
13130
13128
13130
13137
13132
13132
13141
13137
13137
13139
13134
13129
13126
13124
13127
13129
13124
13126
13124
13117
13122
13119
13120
13127
13132
13127
13130
13137
13138
13148
13138
13149
13144
13138
13139
13134
13131
13133
13126
13129
13134
13124
13124
13134
13134
13136
13142
13140
13137
13138
13136
13132
13136
13142
13143
13143
13145
13136
13140
13137
13136
13146
13141
13137
13125
13125
13127
13135
13127
13132
13131
13132
13129
13129
13130
13133
13130
13135
13130
13126
13133
13133
13132
13138
13137
13139
13141
13141
13143
13148
13142
13139
13131
13133
13130
13133
13131
13132
13141
13139
13134
13134
13130
13134
13135
13131
13133
13127
13126
13126
13116
13116
13119
13123
13120
13128
13132
13143
13148
13140
13147
13141
13139
13140
13134
13135
13129
13123
13119
13123
13122
13121
13129
13137
13136
13135
13132
13130
13132
13129
13133
13129
13131
13135
13131
13129
13131
13128
13130
13130
13132
13131
13139
13139
13138
13133
13124
13132
13121
13117
13133
13134
13139
13147
13136
13134
13137
13139
13136
13135
13133
13132
13134
13130
13133
13132
13129
13135
13137
13133
13127
13135
13132
13132
13133
13130
13131
13128
13130
13135
13125
13129
13122
13119
13126
13130
13134
13142
13147
13136
13141
13139
13138
13140
13101
12978
12894
12846
12825
12814
12812
12809
12821
12842
12858
12868
12877
12891
12917
12919
12934
12950
12963
12971
12979
12991
12998
13001
13014
13027
13026
13039
13046
13052
13061
13057
13057
13063
13064
13069
13079
13077
13069
13080
13086
13097
13107
13110
13121
13116
13123
12894
12213
11386
10478
9865
9547
9336
9201
9162
9235
9340
9500
9599
9745
9890
10071
10222
10399
10551
10679
10787
10912
11020
11144
11255
11376
11480
11580
11670
11763
11831
11918
11995
12066
12132
12201
12260
12320
12369
12420
12461
12511
12545
12579
12610
12644
12671
12703
12728
12747
12780
12801
12822
12840
12866
12886
12899
12920
12935
12933
12953
12959
12966
12975
12983
13000
13016
13027
13032
13036
13043
13043
13053
13054
13062
13059
13068
13075
13077
13073
13078
13086
13096
13099
13097
13093
13097
13105
13100
13097
13101
13106
13110
13117
13122
13120
13117
13118
13118
13113
13133
13131
13136
13142
13140
13128
13130
13124
13117
13124
13123
13117
13128
13125
13129
13134
13135
13134
13136
13141
13134
13134
13136
13138
13133
13128
13132
13138
13129
13128
13127
13127
13126
13123
13120
13115
13124
13126
13128
13119
13118
13118
13119
13118
13121
13125
13128
13127
13126
13131
13129
13130
13140
13136
13142
13138
13141
13137
13135
13135
13133
13135
13136
13133
13132
13132
13131
13139
13132
13129
13138
13139
13140
13138
13132
13133
13134
13131
13138
13128
13139
13139
13138
13141
13138
13134
13137
13133
13131
13134
13136
13133
13144
13142
13142
13144
13143
13144
13143
13142
13138
13134
13139
13134
13134
13136
13134
13140
13137
13137
13145
13142
13149
13147
13146
13147
13154
13150
13154
13146
13141
13143
13138
13142
13141
13139
13141
13135
13134
13141
13132
13127
13131
13124
13124
13126
13126
13124
13126
13131
13132
13134
13141
13139
13138
13136
13134
13140
13133
13128
13130
13133
13139
13142
13145
13140
13132
13128
13124
13108
13113
13118
13121
13126
13128
13126
13136
13134
13123
13136
13127
13121
13127
13129
13128
13138
13138
13149
13153
13151
13138
13139
13136
13136
13135
13145
13144
13142
13131
13134
13139
13139
13139
13139
13137
13138
13136
13134
13134
13137
13138
13139
13133
13132
13122
13125
13138
13134
13132
13144
13137
13138
13140
13136
13129
13135
13137
13135
13130
13128
13124
13120
13122
13120
13126
13130
13130
13139
13137
13142
13146
13146
13142
13140
13142
13146
13139
13142
13148
13142
13147
13133
13127
13120
13119
13121
13116
13120
13118
13135
13136
13136
13138
13140
13147
13137
13137
13137
13137
13134
13130
13133
13133
13131
13126
13123
13120
13129
13125
13123
13126
13130
13138
13134
13136
13138
13140
13134
13136
13130
13132
13128
13124
13132
13138
13146
13140
13141
13138
13138
13129
13129
13129
13137
13141
13137
13130
13136
13136
13138
13137
13134
13142
13136
13139
13135
13133
13137
13125
13130
13131
13132
13132
13129
13131
13143
13140
13139
13140
13134
13133
13135
13130
13130
13128
13129
13133
13127
13124
13132
13124
13127
13131
13132
13136
13139
13140
13138
13133
13136
13126
13128
13139
13137
13143
13138
13135
13143
13137
13134
13131
13130
13136
13132
13136
13130
13135
13134
13141
13129
13126
13127
13128
13134
13134
13137
13142
13135
13124
13134
13125
13124
13130
13128
13129
13124
13119
13120
13125
13125
13125
13128
13134
13134
13134
13136
13137
13142
13135
13136
13132
13128
13125
13131
13131
13132
13134
13130
13139
13133
13140
13148
13153
13151
13151
13146
13144
13143
13141
13148
13138
13137
13138
13142
13139
13142
13144
13140
13140
13142
13140
13142
13142
13148
13143
13141
13140
13136
13133
