13146
13142
13135
13136
13136
13132
13134
13133
13136
13144
13143
13136
13141
13138
13142
13145
13142
13131
13142
13133
13131
13137
13132
13132
13127
13130
13126
13130
13125
13122
13130
13127
13126
13122
13126
13129
13142
13131
13123
13129
13134
13135
13132
13137
13136
13135
13138
13137
13129
13130
13135
13132
13142
13137
13136
13141
13132
13125
13134
13125
13124
13129
13121
13126
13128
13124
13122
13117
13125
13121
13123
13126
13129
13134
13134
13128
13133
13120
13124
13132
13133
13135
13133
13136
13137
13132
13119
13128
13120
13123
13127
13133
13130
13132
13131
13138
13149
13145
13147
13138
13133
13137
13134
13132
13137
13135
13139
13133
13135
13125
13128
13130
13130
13133
13135
13131
13133
13133
13137
13132
13131
13126
13121
13125
13126
13125
13127
13131
13132
13143
13144
13145
13146
13145
13149
13149
13151
13146
13147
13132
13140
13141
13142
13133
13139
13137
13142
13143
13147
13141
13142
13136
13137
13132
13131
13138
13147
13130
13128
13136
13128
13131
13125
13128
13121
13127
13128
13133
13137
13140
13145
13144
13146
13147
13153
13153
13142
13137
13136
13134
13128
13132
13125
13123
13127
13126
13127
13131
13130
13126
13129
13122
13118
13118
13118
13123
13136
13137
13143
13140
13141
13143
13139
13148
13144
13140
13142
13148
13146
13153
13151
13148
13153
13142
13136
13136
13129
13121
13125
13129
13132
13133
13132
13132
13130
13128
13124
13122
13122
13120
13124
13124
13118
13124
13127
13129
13141
13135
13137
13138
13147
13144
13140
13144
13144
13139
13137
13138
13133
13132
13133
13129
13134
13131
13123
13133
13130
13126
13134
13132
13134
13137
13130
13128
13134
13137
13136
13136
13134
13135
13140
13145
13135
13132
13133
13130
13137
13133
13130
13138
13139
13139
13139
13136
13138
13130
13135
13127
13121
13124
13121
13129
13132
13131
13132
13138
13134
13134
13136
13134
13136
13135
13134
13138
13139
13136
13127
13128
13124
13122
13123
13125
13127
13137
13145
13156
13156
13151
13150
13145
13145
13139
13133
13137
13141
13134
13131
13131
13126
13130
13127
13125
13121
13123
13125
13124
13125
13118
13127
13119
13121
13137
13140
13138
13135
13135
13131
13132
13133
13137
13139
13136
13133
13133
13126
13126
13127
13132
13125
13131
13127
13127
13127
13129
13136
13135
13138
13134
13125
13134
13135
13136
13137
13134
13135
13140
13132
13123
13132
13135
13137
13138
13129
13134
13131
13127
13126
13122
13122
13126
13127
13135
13135
13139
13147
13139
13147
13143
13142
13142
13137
13139
13130
13130
13128
13126
13126
13132
13133
13137
13133
13132
13134
13135
13133
13142
13133
13135
13141
13132
13134
13135
13131
13138
13141
13136
13132
13134
13138
13134
13128
13132
13130
13130
13133
13130
13140
13134
13130
13130
13126
13122
13127
13127
13129
13135
13140
13140
13139
13141
13145
13145
13144
13141
13141
13141
13134
13124
13142
13135
13138
13138
13135
13136
13139
13139
13134
13135
13140
13130
13131
13132
13130
13131
13134
13132
13147
13133
13139
13140
13146
13144
13141
13143
13149
13143
13139
13147
13137
13138
13139
13138
13133
13141
13141
13153
13153
13145
13144
13138
13146
13149
13143
13149
13134
12893
12441
11993
11615
11396
11297
11255
11243
11253
11301
11363
11439
11516
11603
11685
11782
11856
11946
12012
12085
12151
12215
12277
12328
12375
12435
12480
12520
12556
12592
12634
12662
12676
12710
12725
12749
12779
12799
12827
12850
12867
12882
12907
12919
12933
12950
12959
12973
12982
12982
12993
13009
13010
13013
13025
13026
13038
13036
13050
13057
13062
13070
13071
13062
13077
13075
13083
13077
13087
13091
13103
13105
13103
13106
13106
13103
13113
13105
13110
13107
13105
13108
13111
13114
13110
13106
13112
13107
13115
13121
13113
13114
13112
13112
13117
13116
13118
13121
13122
13123
13128
13125
13133
13132
13129
13127
13127
13127
13130
13130
13134
13132
13120
13128
13129
13124
13106
12973
12885
12838
12817
12808
12806
12812
12820
12842
12857
12881
12898
12916
12919
12944
12945
12956
12963
12966
12976
12979
12990
13001
13016
13025
13034
13039
13046
13051
13058
13064
13073
13074
13086
13082
13078
13087
13086
13089
13097
13091
13096
13098
13095
13090
13094
13103
13099
13103
13110
13104
13113
13109
13108
13118
13113
13116
13119
13122
13126
13124
13129
13130
13130
13131
13132
13131
13127
13132
13127
13127
13125
13123
13130
13124
13126
13131
13117
13109
13119
13123
13130
13126
13123
13125
13127
13126
13122
13117
13128
13127
13130
13134
13132
13137
13134
13136
13139
13136
13133
13135
13138
13135
13138
13136
13144
13134
13139
13146
13145
13140
13141
13134
13144
13140
13136
13134
13124
13125
13134
13130
13133
13133
13136
13130
13127
13120
13118
13118
13129
13124
13132
13134
13142
13149
13149
13150
13145
13143
13143
13138
13134
13131
13128
13130
13133
13125
13128
13124
13124
13125
13127
13135
13140
13137
13137
13137
13135
13130
13134
13132
13130
13132
13137
13136
13139
13141
13135
13138
13137
13137
13138
13138
13140
13143
13142
13138
13137
13139
13141
13133
13134
13138
13137
13134
13145
13145
13139
13136
13132
13132
13132
13130
13136
13135
13124
13137
13133
13131
13140
13139
13148
13159
13166
13163
13150
13151
13145
13144
13146
13136
13135
13135
13136
13147
13143
13141
13142
13132
13141
13134
13131
13134
13129
13127
13132
13126
13137
13138
13136
13146
13139
13139
13141
13139
13133
13141
13136
13133
13138
13136
13137
13135
13134
13132
13134
13133
13137
13131
13142
13133
13138
13129
13133
13136
13138
13137
13135
13132
13134
13135
13139
13142
13149
13148
13149
13140
13136
13140
13138
13132
13133
13132
13135
13130
13125
13129
13130
13133
13133
13134
13138
13141
13146
13147
13139
13140
13134
13131
13131
13123
13124
13125
13137
13138
13133
13140
13135
13134
13130
13130
13126
13124
13125
13127
13137
13135
13139
13142
13140
13141
13137
13137
13139
13142
13140
13153
13150
13146
13140
13139
13142
13142
13133
13135
13137
13141
13145
13145
13145
13143
13141
13137
13138
13143
13128
13130
13135
13141
13129
13125
13129
13129
13127
13134
13134
13126
13130
13128
13132
13134
13133
13134
13139
13134
13129
13136
13135
13138
13138
13132
13133
13136
13137
13141
13135
13134
13131
13133
13135
13135
13134
13127
13126
13129
13124
13126
13132
13131
13130
13135
13140
13138
13141
13143
13142
13143
13138
13135
13132
13134
13135
13140
13137
13140
13138
13145
13138
13134
13136
13133
13137
13144
13133
13136
13135
13140
13144
