13138
13134
13131
13138
13132
13132
13129
13129
13134
13136
13135
13131
13140
13138
13131
13138
13137
13137
13144
13143
13149
13147
13150
13152
13147
13147
13146
13140
13135
13137
13134
13138
13141
13133
13141
13138
13142
13144
13139
13136
13134
13137
13144
13139
13140
13133
13142
13147
13146
13143
13139
13139
13141
13139
13141
13139
13138
13132
13138
13133
13137
13137
13139
13136
13135
13134
13133
13123
13126
13125
13125
13125
13122
13118
13134
13134
13137
13137
13135
13142
13146
13145
13145
13135
13131
13129
13130
13132
13131
13122
13126
13117
13127
13124
13129
13132
13137
13143
13144
13138
13140
13134
13136
13141
13137
13133
13132
13132
13134
13133
13135
13140
13136
13135
13144
13143
13146
13136
13134
13131
13134
13132
13133
13132
13139
13138
13136
13132
13129
13132
13139
13143
13136
13132
13134
13127
13135
13128
13125
13119
13120
13131
13126
13132
13125
13125
13138
13135
13133
13130
13126
13131
13125
13119
13124
13119
13121
13130
13130
13136
13128
13131
13130
13132
13134
13127
13121
13128
13124
13131
13126
13128
13133
13129
13131
13129
13130
13131
13131
13127
13133
13137
13134
13140
13138
13146
13138
13137
13137
13139
13126
13129
13124
13125
13126
13126
13123
13132
13124
13128
13132
13133
13130
13132
13134
13132
13136
13135
13128
13122
13128
13126
13134
13134
13133
13138
13143
13141
13135
13137
13134
13141
13143
13141
13135
13133
13129
13129
13133
13133
13131
13135
13136
13126
13131
13121
13120
13126
13118
13122
13127
13131
13131
13135
13138
13133
13141
13141
13144
13157
13153
13146
13145
13145
13144
13139
13143
13142
13143
13144
13144
13144
13132
13136
13131
13136
13139
13138
13142
13148
13148
13151
13149
13141
13145
13146
13145
13149
13146
13143
13138
13146
13139
13138
13133
13134
13141
13141
13135
13136
13127
13126
13136
13129
13125
13124
13122
13126
13126
13130
13128
13122
13128
13130
13123
13129
13135
13138
13140
13147
13146
13143
13134
13135
13134
13133
13132
13141
13138
13137
13140
13135
13138
13128
13122
13129
13127
13127
13129
13135
13136
13137
13141
13133
13135
13134
13136
13139
13137
13138
13141
13139
13131
13137
13134
13136
13142
13138
13136
13133
13130
13132
13128
13116
13128
13122
13114
13123
13116
13124
13129
13136
13138
13137
13143
13141
13134
13134
13134
13132
13128
13123
13128
13115
13119
13121
13125
13131
13129
13124
13133
13134
13128
13127
13118
13129
13136
13132
13133
13137
13139
13152
13142
13135
13139
13131
13137
13137
13137
13141
13136
13132
13134
13132
13133
13127
13137
13135
13131
13132
13136
13137
13139
13131
13137
13149
13145
13147
13138
13138
13141
13143
13141
13137
13134
13139
13144
13139
13143
13142
13144
13157
13151
13146
13144
13133
13126
13139
13127
13126
13124
13125
13127
13130
13129
13127
13127
13135
13126
13128
13122
13125
13132
13135
13127
13136
13142
13138
13132
13134
13139
13132
13129
13131
13122
13125
13123
13122
13127
13125
13128
13137
13136
13140
13141
13147
13145
13147
13148
13152
13152
13152
13142
13147
13144
13133
13139
13137
13138
13136
13134
13124
13124
13118
13126
13130
13132
13130
13129
13133
13143
13140
13142
13144
13134
13064
12214
11220
10361
9773
9363
9141
9082
9033
9105
9201
9368
9524
9727
9902
10093
10229
10347
10452
10597
10721
10867
10987
11125
11232
11358
11459
11573
11655
11753
11842
11936
12004
12078
12140
12206
12209
12143
12130
12132
12159
12203
12234
12280
12324
12363
12406
12447
12482
12528
12558
12588
12625
12652
12684
12716
12737
12762
12788
12809
12820
12849
12862
12878
12894
12906
12913
12942
12949
12964
12979
12988
12994
13000
13007
13023
13028
13038
13046
13055
13067
13064
13065
13072
13072
13067
13078
13077
13072
13085
13088
13092
13099
13104
13109
13108
13103
13107
13102
13109
13108
13114
13123
13124
13120
13120
13115
13121
13115
13116
13115
13114
13125
13119
13124
13122
13117
13111
13119
13120
13126
13128
13134
13135
13130
13128
13123
13124
13120
13124
13126
13126
13136
13137
13134
13127
13130
13125
13131
13105
12970
12888
12845
12816
12803
12796
12809
12822
12834
12850
12861
12868
12884
12900
12914
12931
12940
12958
12973
12977
12984
12995
13007
13013
13021
13025
13042
13040
13034
13050
13046
13059
13070
13073
13083
13091
13094
13106
13107
13105
13101
13105
13108
13102
13100
13099
13096
13108
13103
13106
13105
13108
13112
13103
13104
13110
13104
13110
13112
13121
13123
13121
13121
13133
13132
13058
12946
12880
12838
12827
12815
12809
12811
12820
12838
12847
12859
12879
12894
12909
12916
12933
12944
12966
12978
12993
13003
13021
13014
13018
13026
13025
13039
13042
13044
13049
13056
13068
13072
13069
13079
13082
13080
13085
13097
13089
13096
13085
13090
13096
13105
13100
13110
13117
13119
13115
13117
13116
13116
13116
13113
13114
13117
13115
13114
13121
13116
13128
13122
13124
13131
13124
13128
13125
13122
13119
13113
13123
13123
13119
13125
13133
13126
13125
13122
13116
13123
13126
13116
13118
13122
13114
13112
13113
13117
13124
13129
13130
13136
13133
13137
13141
13141
13138
13135
13143
13140
13148
13133
13130
13125
13125
13119
13123
13127
13133
13137
13133
13140
13129
13128
13131
13125
13123
13122
13115
13121
13124
13116
13123
13119
13117
13122
13126
13133
13136
13145
13147
13147
13146
13143
13145
13140
13137
13133
13137
13137
13142
13132
13135
13133
13135
13138
13144
13145
13137
13139
13135
13146
13140
13133
13134
13133
13134
13133
13133
13135
13132
13131
13139
13131
13135
13142
13136
13133
13130
13134
13132
13132
13131
13138
13139
13137
13134
13133
13125
13127
13126
13122
13119
13127
13131
13141
13142
13135
13134
13131
13129
13125
13124
13128
13123
13134
13134
13133
13133
13144
13141
13139
13142
13138
13128
13130
13129
13136
13132
13138
13136
13137
13143
13141
13142
13150
13145
13145
13141
13146
13144
13138
13134
13128
13126
13126
13129
13127
13131
13133
13137
13138
13133
13137
13134
13127
13130
13130
13126
13126
13117
13119
13127
13131
13132
13138
13137
13134
13135
13141
13136
13137
13135
13131
13128
13132
13130
13136
13133
13132
13129
13132
13127
13130
13137
13136
13138
13137
13142
13141
13148
13151
13135
13134
13134
13135
13141
13134
13133
13138
13141
13140
13147
13146
13147
13142
13133
13136
13131
13132
13130
13133
13136
13136
13133
13138
13134
13133
13138
13138
13148
13148
13143
13148
13153
13149
13150
13144
13143
13149
13140
13143
13133
13138
13138
13137
13137
13136
