13141
13144
13143
13135
13138
13135
13128
13129
13128
13121
13133
13132
13131
13139
13137
13136
13137
13138
13134
13133
13138
13127
13125
13124
13129
13130
13131
13133
13138
13135
13138
13137
13138
13134
13126
13131
13124
13122
13124
13133
13127
13122
13132
13138
13140
13148
13139
13145
13137
13136
13142
13130
13130
13134
13136
13137
13137
13133
13129
13133
13138
13132
13138
13141
13136
13137
13120
13118
13125
13117
13124
13132
13129
13133
13136
13140
13134
13129
13136
13134
13128
13128
13126
13129
13131
13137
13136
13139
13129
13130
13142
13142
13137
13143
13138
13143
13145
13147
13148
13147
13147
13147
13150
13148
13040
12932
12878
12838
12822
12803
12806
12813
12826
12838
12846
12863
12888
12904
12919
12942
12952
12958
12974
12986
12996
12995
12996
13007
13019
13026
13031
13032
13044
13058
13065
13077
13081
13088
13078
13080
13077
13077
13077
13089
13088
13090
13092
13093
13110
13095
13095
13100
13101
13099
13103
13105
13113
13122
13123
13124
13121
13117
13124
13119
13129
13125
13118
13119
13111
13110
13114
13107
13109
13123
13126
13128
13134
13136
13132
13135
13126
13115
13121
13127
13126
13130
13132
13128
13140
13133
13137
13138
13134
13141
13144
13139
13145
13145
13141
13133
13130
13135
13140
13132
13136
13134
13134
13134
13126
13127
13132
13129
13126
13137
13132
13130
13138
13140
13145
13148
13147
13135
13132
13134
13131
13135
13126
13132
13142
13140
13141
13143
13143
13143
13136
13137
13143
13138
13140
13138
13126
13133
13137
13138
13137
13134
13131
13137
13133
13132
13134
13127
13124
13125
13116
13119
13113
13114
13120
13121
13118
13115
13121
13134
13131
13133
13127
13130
13135
13130
13134
13136
13138
13137
13141
13147
13150
13147
13154
13147
13138
13138
13138
13130
13135
13132
13135
13145
13137
13134
13139
13136
13126
13129
13129
13133
13129
13125
13122
13124
13124
13122
13129
13127
13135
13137
13136
13133
13131
13132
13130
13135
13128
13137
13122
13131
13134
13133
13131
13134
13129
13131
13129
13130
13127
13129
13134
13138
13136
13143
13149
13144
13138
13139
13132
13138
13136
13133
13131
13136
13139
13132
13136
13137
13139
13137
13130
13122
13125
13113
13116
13118
13125
13132
13129
13134
13130
13132
13125
13132
13127
13135
13136
13136
13140
13144
13144
13142
13138
13136
13142
13136
13135
13134
13130
13128
13139
13135
13134
13141
13139
13134
13135
13134
13139
13142
13148
13145
13148
13141
13139
13142
13135
13138
13138
13148
13149
13145
13146
13139
13134
13142
13137
13132
13134
13138
13129
13132
13126
13120
13128
13129
13118
13121
13119
13121
13127
13132
13133
13138
13145
13150
13146
13151
13154
13149
13148
13149
13144
13145
13147
13141
13137
13138
13143
13143
13138
13135
13138
13140
13143
13148
13157
13149
13148
13150
13144
13142
13133
13128
13130
13123
13118
13127
13126
13130
13133
13136
13137
13138
13139
13134
13134
13140
13134
13136
13135
13134
13134
13133
13131
13133
13132
13135
13133
13132
13129
13128
13128
13132
13128
13134
13135
13140
13135
13140
13134
13140
13138
13134
13136
13137
13128
13127
13121
13129
13129
13136
13139
13135
13138
12912
11949
11020
10467
10088
9828
9709
9717
9757
9880
10003
10156
10304
10465
10605
10767
10894
11040
11163
11289
11402
11518
11616
11722
11807
11900
11982
12058
12126
12197
12247
12304
12345
12400
12451
12502
12541
12575
12620
12655
12680
12716
12734
12760
12785
12794
12812
12834
12858
12870
12891
12895
12913
12932
12951
12967
12970
12971
12988
12984
12993
13003
13003
13014
13027
13034
13045
13049
13053
13066
13069
13069
13078
13071
13084
13088
13088
13098
13103
13104
13103
13113
13106
13105
13103
13105
13108
13107
13101
13098
13105
13106
13103
13111
13115
13118
13114
13111
13128
13124
13131
13137
13134
13139
13140
13134
13141
13139
13137
13139
13133
13116
13116
13106
13119
13123
13129
13119
13120
13126
13124
13120
13130
13123
13130
13133
13135
13136
13132
13129
13133
13124
13128
13125
13126
13122
13130
13127
13134
13135
13132
13138
13139
13129
13128
13122
13127
13116
13124
13138
13133
13135
13140
13137
13141
13146
13143
13134
13138
13138
13134
13134
13134
13134
13128
13132
13124
13125
13122
13120
13129
13133
13134
13135
13137
13135
13127
13129
13134
13128
13135
13132
13135
13136
13133
13133
13131
13123
13129
13144
13138
13139
13143
13144
13140
13137
13132
13120
13001
12917
12857
12826
12814
12803
12804
12816
12822
12845
12854
12869
12889
12900
12917
12928
12941
12951
12961
12976
12987
12994
13009
13025
13032
13047
13047
13046
13061
13067
13069
13081
13082
13084
13090
13084
13081
13082
13089
13092
13094
13094
13099
13096
13106
13105
13106
13111
13113
13118
13115
13121
13132
13130
13126
13128
13125
13124
13119
13118
13123
13115
13125
13124
13131
13127
13121
13113
13125
13125
13131
13135
13125
13124
13129
13117
13112
13116
13119
13117
13116
13114
13121
13121
13120
13124
13131
13127
13133
13137
13129
13137
13143
13140
13131
13128
13134
13130
13120
13125
13131
13125
13130
13132
13126
13125
13130
13129
13130
13120
13117
13124
13129
13132
13132
13122
13131
13137
13135
13140
13130
13130
13125
13129
13130
13133
13140
13142
13138
13151
13140
13136
13141
13144
13151
13152
13148
13146
13145
13151
13157
13152
13157
13155
13146
13143
13141
13139
13143
13135
13130
13133
13122
13120
13127
13124
13131
13125
13136
13136
13139
13144
13139
13142
13140
13136
13137
13141
13136
13144
13135
13136
13139
13133
13136
13135
13134
13133
13133
13124
13124
13127
13138
13133
13134
13134
13136
13137
13141
13133
13130
13132
13127
13126
13133
13127
13125
13133
13133
13138
13135
13133
13126
13120
13132
13125
13127
13134
13131
13136
13134
13131
13132
13133
13139
13138
13140
13138
13140
13140
13147
13133
13139
13137
13132
13134
13139
13135
13140
13137
13137
13148
13147
13139
13146
13141
13132
13129
13132
13130
13134
13137
13131
13136
13133
13138
13136
13138
13137
13135
13127
13129
13134
13131
13131
13123
13125
13136
13135
13133
13145
13144
13140
13136
13131
13131
13129
13128
13128
13125
13129
13134
13133
13134
13137
13135
13129
13136
13128
13122
13128
13122
13119
13113
13117
13114
13119
13124
13125
13134
13132
13133
13142
13142
13142
13146
13140
13143
13136
13133
13132
13126
13125
13128
13121
13126
13126
13134
13145
13147
13138
13151
13138
13140
13138
13132
13134
13137
13138
13143
13137
13138
13133
13126
13133
13125
13132
13133
13139
13141
13138
