13146
13138
13142
13132
13132
13137
13135
13136
13141
13139
13141
13141
13141
13130
13127
13127
13123
13121
13126
13134
13147
13137
13139
13138
13137
13138
13134
13130
13125
13127
13127
13132
13134
13136
13141
13136
13137
13135
13130
13138
13134
13133
13131
13130
13127
13144
13133
13138
13132
13137
13140
13145
13148
13137
13140
13136
13130
13124
13126
13122
13130
13126
13124
13124
13124
13131
13125
13121
13125
13127
13127
13130
13114
13115
13118
13125
13127
13123
13128
13128
13130
13121
13129
13123
13122
13127
13124
13126
13136
13137
13133
13140
13139
13141
13138
13140
13131
13128
13127
13126
13133
13131
13127
13132
13133
13141
13138
13143
13141
13147
13141
13144
13138
13141
13142
13141
13150
13143
13142
13142
13137
13132
13133
13134
13136
13134
13129
13122
13129
13132
13135
13133
13132
13131
13128
13131
13128
13129
13131
13134
13141
13139
13135
13146
13138
13137
13127
13118
13124
13122
13119
13126
13126
13132
13133
13137
13138
13147
13143
13142
13139
13133
13139
13134
13125
13129
13126
13125
13129
13135
13128
13129
13132
13125
13123
13127
13127
13132
13135
13127
13133
13126
13126
13124
13126
13125
13126
13123
13129
13133
13133
13135
13116
13124
13125
13128
13130
13124
13122
13124
13127
13124
13128
13132
13139
13140
13136
13137
13134
13131
13129
13125
13133
13137
13127
13132
13128
13132
13133
13131
13136
13130
13127
13129
13118
13121
13125
13123
13125
13128
13126
13129
13128
13132
13139
13137
13140
13138
13138
13143
13137
13138
13141
13138
13139
13137
13130
13123
13130
13130
13130
13135
13134
13127
13121
13128
13130
13127
13126
13134
13145
13138
13142
13146
13143
13142
13139
13136
13137
13135
13129
13134
13128
13137
13141
13138
13142
13148
13147
13148
13141
13142
13141
13137
13138
13149
13148
13132
13128
13126
13119
13123
13129
13121
13126
13126
13130
13125
13122
13119
13119
13114
13111
13119
13125
13131
13130
13134
13132
13140
13139
13143
13138
13140
13147
13150
13146
13142
13138
13138
13125
13127
13133
13128
13123
13128
13125
13124
13134
13136
13134
13133
13138
13136
13143
13145
13140
13140
13135
13129
13137
13128
13133
13139
13141
13138
13143
13138
13137
13126
13127
13115
13122
13126
13136
13136
13139
13140
13144
13148
13136
13134
13140
13142
13140
13147
13141
13140
13140
13143
13141
13134
13135
13132
13132
13132
13140
13138
13142
13139
13145
13138
13133
13136
13134
13137
13142
13132
13135
13122
13124
13133
13129
13125
13133
13134
13137
13140
13139
13153
13151
13145
13151
13138
13134
13131
13125
13129
13134
13139
13140
13136
13139
13132
13131
13132
13129
13130
13127
13126
13135
13127
13126
13123
13126
13123
13127
13123
13128
13127
13129
13131
13125
13119
13122
13127
13127
13124
13125
13131
13131
13126
13129
13121
13128
13127
13123
13120
13124
13125
13129
13133
13132
13129
13130
13133
13142
13141
13137
13142
13145
13139
13136
13155
13146
13145
13143
13141
13139
13134
13134
13132
13130
13132
13138
13137
13139
13133
13128
13133
13131
13130
13135
13135
13136
13147
13144
13145
13147
13144
13155
13146
13145
13143
13143
13145
13145
13141
13135
13137
13141
12994
12426
11991
11729
11583
11526
11508
11534
11574
11644
11709
11754
11750
11677
11627
11645
11674
11721
11779
11850
11908
11987
12049
12114
12176
12243
12298
12354
12401
12440
12477
12520
12561
12605
12635
12663
12686
12715
12735
12776
12793
12818
12846
12859
12875
12899
12913
12921
12933
12945
12958
12967
12984
12997
13007
13022
13023
13023
13033
13032
13030
13042
13041
13042
13044
13054
13058
13071
13083
13091
13095
13098
13102
13104
13111
13107
13117
13122
13121
13126
13126
13128
13124
13116
13122
13123
13125
13128
13127
13127
13131
13125
13121
13121
13123
13128
13128
13126
13127
13128
13126
13125
13123
13120
13125
13124
13119
13118
13117
13121
13124
13120
13120
13121
13122
13123
13130
13133
13131
13135
13137
13136
13135
13133
13139
13134
13137
13135
13136
13137
13137
13129
13127
13119
13115
13123
13116
13111
13122
13126
13120
13133
13126
13126
13134
13133
13136
13133
13138
13135
13124
13127
13126
13134
13139
13128
13135
13134
13135
13144
13140
13140
13138
13144
13142
13137
13137
13131
13130
13129
13131
13127
13130
13128
13131
13126
13131
13127
13134
13134
13138
13143
13146
13146
13142
13133
13133
13126
13123
13130
13135
13141
13138
13132
13130
13132
13129
13131
13128
13141
13138
13131
13138
13134
13129
13124
13125
13128
13132
13126
13133
13121
13132
13130
13127
13120
13121
13119
13120
13118
13118
13127
13133
13131
13132
13131
13134
13134
13136
13134
13133
13141
13141
13141
13134
13128
13127
13128
13126
13128
13125
13128
13138
13141
13140
13139
13142
13148
13150
13152
13149
13149
13145
13136
13132
13137
13138
13137
13140
13133
13127
13132
13126
13126
13128
13116
13122
13121
13120
13127
13128
13132
13134
13132
13128
13127
13130
13132
13126
13139
13140
13140
13145
13143
13141
13141
13135
13132
13131
13135
13137
13128
13131
13136
13138
13139
13136
13138
13131
13130
13130
13138
13128
13125
13133
13134
13138
13143
13138
13139
13143
13147
13130
13133
13132
13137
13139
13139
13139
13137
13134
13138
13145
13136
13134
13134
13135
13134
13131
13133
13132
13127
13132
13131
13133
13135
13138
13142
13143
13143
13136
13138
13133
13140
13134
13128
13122
13127
13138
13135
13141
13143
13144
13135
13140
13139
13142
13145
13140
13140
13137
13140
13139
13138
13139
13139
13136
13143
13139
13132
13134
13127
13132
13134
13122
13132
13136
13146
13154
13148
13147
13151
13147
13146
13147
13145
13141
13149
13141
13142
13139
13136
13132
13133
13132
13131
13133
13130
13134
13142
13134
13134
13133
13128
13127
13138
13129
13139
13138
13147
13142
13134
13136
13133
13136
13140
13137
13131
13140
13136
13133
13143
13133
13134
13137
13130
13135
13132
13131
13129
13129
13133
13123
13123
13122
13126
13131
13135
13136
13135
13131
13133
13133
13142
13146
13146
13147
13147
13141
13131
13134
13133
13139
13136
13131
13130
13134
13130
13134
13127
13126
13134
13137
13137
13134
13129
13130
13134
13138
13142
13139
13140
13144
13141
13141
13149
13142
13142
13139
13141
13137
13143
13138
13141
13137
13136
13137
13139
13132
13131
13138
13133
13142
13141
13139
13132
13012
12922
12862
12824
12808
12808
12805
12808
12824
12834
12861
12874
12887
12909
12918
12940
12950
12965
12974
12983
12994
13003
13003
13017
13019
13019
13026
13033
13031
13045
13049
13057
13065
