13137
13125
13126
13126
13133
13133
13136
13138
13131
13129
13129
13126
13136
13134
13133
13130
13123
13120
13122
13122
13123
13121
13130
13129
13124
13131
13126
13122
13124
13129
13130
13134
13127
13127
13129
13124
13129
13134
13126
13134
13137
13137
13139
13139
13139
13131
13129
13136
13138
13140
13149
13141
13145
13133
13129
13127
13123
13129
13131
13136
13131
13128
13133
13133
13134
13140
13134
13128
13123
13121
13126
13133
13129
13136
13143
13136
13141
13139
13130
13131
13126
13124
13124
13131
13134
13138
13139
13145
13143
13142
13138
13133
13132
13120
13116
13118
13121
13123
13125
13124
13131
13133
13138
13138
13132
13130
13128
13126
13132
13129
13129
13130
13128
13124
13136
13133
13137
13142
13141
13146
13138
13137
13143
13141
13142
13134
13134
13134
13133
13132
13127
13125
13135
13126
13124
13124
13133
13133
13134
13136
13135
13135
13136
13139
13136
13137
13132
13135
13143
13139
13139
13141
13135
13131
13144
13136
13132
13140
13141
13139
13142
13136
13136
13137
13141
13143
13150
13146
13148
13142
13141
13128
13132
13118
13114
13119
13120
13115
13114
13115
13121
13125
13123
13122
13115
13118
13116
13114
13123
13129
13130
13136
13135
13134
13140
13141
13140
13143
13138
13135
13139
13139
13142
13138
13136
13134
13138
13141
13147
13139
13147
13147
13148
13143
13136
13144
13138
13135
13136
13136
13135
13127
13120
13130
13126
13134
13135
13133
13133
13136
13142
13140
13129
13129
13133
13130
13132
13137
13144
13142
13143
13139
13141
13133
13133
13137
13133
13136
13135
13136
13138
13125
13134
13131
13136
13139
13141
13143
13142
13137
13138
13134
13136
13137
13131
13139
13141
13133
13132
13138
13138
13139
13133
13126
13134
13125
13125
13129
13129
13130
13132
13138
13138
13137
13143
13137
13135
13132
13127
13125
13132
13137
13141
13137
13141
13139
13138
13139
13141
13139
13137
13136
13129
13127
13126
13124
13128
13124
13121
13123
13126
13126
13127
13127
13143
13137
13139
13145
13143
13140
13149
13139
13139
13138
13138
13137
13143
13144
13143
13139
13140
13139
13141
13133
13131
13133
13140
13144
13142
13138
13142
13142
13140
13136
13123
13124
13127
13126
13125
13128
13131
13137
13135
13136
13142
13138
13133
13137
13133
13135
13141
13140
13140
13138
13139
13137
13143
13136
13143
13144
13148
13139
13145
13126
13127
13128
13125
13118
13120
13119
13124
13122
13124
13122
13124
13123
13126
13123
13125
13124
13125
13126
13125
13130
13122
13116
13114
13125
13120
13120
13119
13122
13118
13127
13127
13125
13121
13122
13126
13127
13134
13129
13134
13122
13120
13131
13122
13116
13117
13121
13120
13119
13123
13121
13123
13126
13132
13127
13126
13131
13124
13126
13122
13121
13122
13122
13121
13131
13126
13127
13125
13129
13129
13132
13129
13120
13125
13128
13125
13131
13126
13126
13131
13126
13131
13132
13133
13131
13136
13144
13140
13145
13145
13146
13143
13148
13149
13135
13145
13143
13138
13140
13139
13138
13142
13133
13135
13132
13129
13133
13133
13122
13122
13120
13116
13113
13114
13118
13119
13119
13118
13122
13134
13128
13137
13140
13138
13130
13127
13126
13129
13132
13133
13139
13130
13128
12870
12240
11686
11294
11091
10973
10952
10961
11024
11096
11201
11294
11410
11499
11602
11688
11731
11731
11690
11569
11502
11483
11511
11543
11583
11629
11704
11754
11831
11896
11966
12021
12095
12146
12213
12262
12315
12367
12419
12467
12514
12542
12584
12619
12660
12691
12716
12736
12760
12784
12808
12832
12849
12859
12886
12895
12908
12914
12933
12945
12960
12966
12971
12983
12997
13004
13020
13023
13033
13042
13047
13052
13050
13053
13061
13064
13066
13081
13079
13080
13082
13081
13087
13087
13080
13095
13095
13098
13106
13101
13103
13107
13105
13109
13111
13108
13108
13115
13122
13124
13128
13130
13124
13133
13123
13082
12958
12879
12839
12816
12799
12794
12799
12804
12815
12833
12853
12866
12875
12895
12901
12914
12933
12945
12958
12977
12985
12983
12997
12999
13007
13025
13027
13035
13039
13042
13051
13055
13052
13056
13061
13069
13074
13082
13084
13087
13093
13089
13080
13089
13085
13088
13094
13096
13107
13109
13114
13119
13113
13118
13120
13115
13122
13124
13122
13128
13115
13106
13118
13117
13118
13134
13130
13132
13139
13142
13150
13146
13145
13140
13138
13141
13144
13143
13142
13138
13142
13138
13140
13145
13142
13138
13138
13135
13131
13140
13131
13135
13135
13138
13136
13133
13128
13130
13130
13127
13119
13116
13127
13125
13121
13126
13126
13132
13137
13133
13130
13127
13120
13113
13117
13128
13118
13121
13122
13117
13123
13117
13113
13113
13118
13122
13118
13126
13120
13127
13132
13134
13126
13129
13133
13134
13133
13133
13135
13135
13133
13135
13133
13137
13134
13141
13131
13126
13124
13121
13121
13120
13128
13130
13135
13134
13136
13135
13132
13133
13129
13121
13123
13129
13132
13134
13130
13133
13126
13131
13134
13128
13131
13131
13129
13138
13139
13131
13129
13131
13131
13132
13133
13127
13116
13122
13123
13135
13137
13141
13137
13135
13135
13129
13133
13133
13127
13128
13129
13128
13125
13131
13125
13128
13130
13136
13139
13133
13135
13130
13127
13130
13123
13132
13129
13125
13133
13127
13130
13137
13133
13137
13140
13139
13139
13141
13131
13134
13140
13139
13141
13139
13139
13143
13142
13141
13144
13144
13142
13145
13144
13132
13132
13137
13139
13140
13141
13136
13137
13141
13144
13147
13146
13143
13140
13132
13134
13131
13133
13147
13142
13136
13143
13133
13135
13137
13132
13132
13130
13128
13131
13122
13115
13116
13119
13122
13118
13121
13126
13127
13135
13134
13137
13147
13141
13146
13147
13138
13141
13136
13126
13129
13118
13117
13124
13127
13131
13129
13130
13140
13131
13132
13129
13128
13137
13133
13133
13129
13126
13132
13137
13134
13135
13129
13135
13139
13141
13138
13134
13138
13151
13144
13140
13137
13127
13130
13125
13122
13119
13119
13121
13134
13133
13136
13134
13137
13134
13138
13128
13135
13132
13131
13131
13128
13128
13127
13130
13130
13126
13130
13124
13125
13123
13122
13125
13129
13132
13130
13125
13126
13130
13127
13130
13128
13132
13131
13124
13127
13124
13122
13126
13117
13112
13116
13134
13130
13129
13134
13138
13135
13129
13123
13130
13128
13125
13134
13141
13133
13131
13138
13142
13138
13141
13133
13137
13141
13136
13134
13130
13136
13138
13132
13130
13138
13139
13139
13141
13133
13133
13134
13129
13129
13125
13122
13128
13130
13133
13139
