13132
13131
13133
13129
13139
13129
13132
13139
13146
13145
13138
13132
13134
13132
13137
13134
13134
13139
13139
13137
13140
13140
13131
13138
13131
13129
13136
13132
13132
13138
13137
13140
13140
13140
13140
13131
13127
13129
13119
13130
13129
13128
13123
13125
13129
13130
13126
13133
13132
13137
13134
13137
13134
13142
13132
13141
13130
13132
13134
13134
13135
13140
13142
13150
13143
13130
13137
13132
13133
13138
13135
13139
13138
13140
13140
13140
13137
13135
13131
13132
13129
13134
13129
13122
13131
13129
13138
13138
13129
13127
13123
13128
13128
13123
13125
13131
13130
13140
13135
13131
13137
13137
13140
13137
13134
13119
13133
13131
13136
13138
13131
13133
13136
13135
13138
13137
13136
13128
13134
13140
13136
13135
13134
13134
13142
13136
13139
13138
13134
13137
13139
13133
13129
13128
13124
13127
13128
13124
13121
13115
13121
13126
13123
13121
13110
13121
13133
13135
13136
13140
13135
13135
13141
13137
13139
13139
13144
13139
13144
13144
13136
13134
13132
13129
13134
13125
13134
13139
13139
13134
13131
13138
13136
13136
13132
13138
13136
13139
13144
13140
13141
13142
13137
13139
13137
13138
13139
13132
13132
13137
13135
13139
13140
13134
13136
13132
13137
13134
13130
13127
13128
13128
13129
13133
13144
13135
13140
13151
13145
13139
13144
13138
13132
13132
13132
13138
13139
13144
13153
13146
13144
13141
13147
13148
13144
13133
13141
13137
13130
13126
13133
13125
13124
13120
13124
13119
13125
13121
13128
13132
13127
13124
13129
13123
13080
12952
12883
12842
12816
12814
12822
12832
12840
12840
12854
12875
12883
12905
12918
12925
12939
12947
12955
12970
12983
12988
13012
13014
13019
13023
13024
13042
13059
13058
13069
13069
13070
13077
13081
13077
13075
13081
13086
13081
13093
13090
13095
13100
13103
13096
13094
13097
13095
13096
13092
13093
13088
13096
13108
13105
13102
13102
13101
13113
13115
13114
13127
13123
13127
13129
13125
13122
13130
13130
13134
13136
13140
13139
13135
13134
13134
13132
13126
13127
13135
13133
13130
13133
13137
13143
13139
13139
13141
13136
13137
13137
13132
13129
13135
13132
13143
13138
13142
13141
13141
13138
13141
13132
13137
13143
13136
13139
13145
13146
13147
13141
13143
13135
13134
13129
13126
13131
13126
13120
13125
13124
13121
13117
13114
13116
13117
13114
13123
13123
13130
13127
13125
13122
13128
13117
13123
13127
13126
13135
13142
13143
13157
13155
13156
13157
13158
13156
13157
13162
13145
13142
13146
13141
13144
13140
13140
13132
13131
13121
13125
13113
13104
13108
13106
13109
13109
13109
13114
13117
13125
13133
13135
13147
13146
13145
13149
13144
13139
13136
13129
13128
13134
13122
13132
13133
13129
13134
13135
13136
13135
13128
13131
13128
13139
13134
13135
13137
13147
13142
13148
13145
13145
13140
13145
13144
13137
13133
13132
13126
13117
13124
13118
13126
13134
13133
13135
13131
13130
13135
13137
13135
13144
13139
13140
13142
13140
13138
13144
13138
13129
13125
13132
13121
13124
13119
13121
13123
13119
13115
13123
13120
13126
13139
13148
13143
13141
13144
13148
13144
13142
13148
13135
13132
13139
13136
12986
12534
12070
11572
11239
11052
10984
10962
11004
11059
11145
11226
11339
11425
11536
11629
11726
11804
11898
11972
12039
12104
12171
12224
12284
12336
12386
12432
12493
12530
12551
12456
12419
12401
12402
12412
12439
12462
12499
12522
12558
12589
12624
12657
12683
12707
12737
12758
12775
12795
12810
12828
12849
12865
12887
12900
12919
12935
12954
12968
12976
12988
12998
13003
13019
13018
13020
13035
13029
13032
13034
13040
13047
13051
13057
13065
13064
13063
13081
13079
13085
13090
13089
13094
13094
13093
13096
13100
13102
13099
13093
13098
13098
13100
13107
13113
13119
13124
13123
13132
13129
13137
13130
13127
13136
13123
13124
13123
13122
13123
13128
13125
13117
13118
13119
13123
13110
13117
13117
13109
13115
13115
13117
13123
13121
13129
13134
13135
13130
13127
13123
13121
13128
13132
13127
13122
13122
13118
13124
13126
13122
13123
13123
13128
13139
13127
13128
13131
13140
13139
13139
13140
13145
13144
13148
13149
13137
13142
13139
13139
13141
13140
13141
13152
13150
13140
13146
13140
13137
13144
13140
13138
13137
13132
13133
13143
13139
13131
13135
13132
13135
13128
13125
13122
13134
13121
13130
13134
13134
13134
13135
13134
13134
13138
13139
13133
13133
13137
13140
13138
13136
13134
13138
13140
13135
13130
13131
13123
13122
13130
13126
13126
13125
13125
13126
13127
13127
13131
13132
13140
13138
13140
13139
13129
13130
13123
13126
13126
13128
13122
13121
13130
13128
13129
13135
13138
13132
13124
13128
13124
13123
13124
13129
13135
13127
13129
13135
13132
13131
13137
13138
13138
13145
13142
13137
13139
13133
13126
13121
13129
13126
13127
13134
13130
13134
13128
13126
13131
13134
13136
13146
13136
13141
13138
13144
13147
13143
13142
13136
13132
13134
13135
13137
13138
13131
13122
13123
13119
13119
13125
13117
13122
13127
13126
13129
13133
13131
13126
13128
13129
13128
13129
13120
13124
13127
13123
13126
13127
13136
13136
13140
13133
13131
13136
13135
13139
13136
13147
13144
13137
13147
13141
13138
13138
13140
13138
13150
13144
13147
13147
13140
13144
13147
13135
13137
13142
13138
13128
13125
13130
13126
13132
13131
13125
13135
13130
13132
13134
13138
13134
13135
13132
13122
13125
13122
13130
13122
13129
13130
13129
13138
13128
13130
13138
13140
13135
13144
13125
13137
13139
13140
13140
13142
13141
13148
13142
13139
13136
13143
13142
13139
13140
13139
13138
13141
13136
13142
13147
13145
13139
13142
13138
13141
13138
13129
13132
13131
13132
13133
13130
13140
13141
13140
13143
13142
13130
13140
13134
13138
13140
13134
13138
13138
13138
13144
13140
13144
13139
13143
13143
13138
13133
13137
13135
13139
13133
13130
13135
13134
13134
13134
13122
13124
13123
13126
13128
13117
13121
13130
13130
13139
13138
13134
13142
13136
13135
13134
13126
13121
13125
13125
13128
13139
13142
13144
13144
13137
13138
13135
13133
13132
13121
13118
13119
13127
13126
13127
13129
13132
13134
13133
13136
13148
13141
13144
13145
13135
13135
13145
13138
13143
13138
13135
13141
13143
13140
13143
13143
13139
13139
13130
13138
13137
13136
13134
13136
13131
13135
13131
13129
13132
13124
13137
13139
13151
13145
13146
13151
13150
13148
13144
13136
13136
13139
13138
13136
13132
13136
13141
13136
13137
13141
13133
13134
13135
13130
13137
13133
13138
13145
