13143
13140
13137
13137
13137
13136
13135
13136
13132
13137
13136
13127
13135
13135
13135
13141
13132
13121
13125
13117
13119
13118
13119
13124
13123
13129
13128
13124
13121
13124
13127
13133
13132
13136
13138
13137
13138
13128
13123
13124
13122
13122
13125
13127
13129
13135
13133
13139
13137
13145
13149
13148
13138
13133
13134
13135
13128
13133
13139
13138
13127
13138
13133
13136
13136
13139
13146
13136
13133
13135
13138
13144
13151
13152
13145
13147
13153
13143
13142
13145
13141
13136
13136
13138
13139
13139
13141
13147
13138
13139
13130
13120
13120
13120
13127
13136
13132
13134
13135
13136
13141
13141
13141
13145
13149
13148
13141
13137
13137
13130
13133
13134
13125
13125
13129
13130
13141
13135
13128
13124
13126
13130
13131
13130
13128
13128
13123
13130
13130
13133
13136
13136
13133
13135
13133
13144
13132
13129
13134
13125
13121
13125
13122
13124
13131
13131
13134
13134
13138
13131
13137
13145
13137
13139
13134
13137
13143
13140
13142
13145
13142
13144
13139
13143
13138
13129
13125
13128
13122
13119
13124
13127
13128
13135
13140
13144
13131
13132
13141
13137
13135
13144
13135
13141
13138
13139
13137
13138
13134
13129
13122
13123
13116
13122
13126
13127
13127
13128
13130
13132
13132
13132
13138
13136
13134
13141
13142
13138
13126
13124
13125
13118
13117
13115
13122
13120
13118
13119
13126
13130
13130
13136
13126
13123
13128
13129
13125
13129
13137
13144
13141
13139
13133
13131
13134
13139
13146
13139
13139
13133
13137
13129
13131
13138
13131
13137
13138
13141
13128
13134
13140
13147
13147
13152
13151
13150
13142
13133
13146
13138
13144
13151
13137
13144
13142
13141
13137
13128
13132
13127
13128
13125
13133
13131
13122
13116
13131
13133
13127
13130
13132
13132
13134
13141
13133
13135
13134
13138
13134
13139
13138
13133
13135
13138
13146
13138
13129
13133
13140
13131
13126
13121
13117
13121
13130
13133
13131
13129
13136
13135
13139
13142
13144
13143
13142
13141
13141
13136
13132
13140
13142
13138
13143
13142
13136
13128
13120
13119
13118
13125
13129
13132
13131
13134
13130
13138
13138
13137
13142
13136
13137
13141
13139
13139
13138
13134
13133
13127
13135
13126
13130
13125
13127
13127
13127
13128
13135
13126
13125
13126
13124
13125
13132
13131
13124
13122
13126
13130
13122
13132
13136
13133
13133
13139
13139
13141
13138
13130
13134
13132
13137
13136
13137
13137
13136
13134
13134
13134
13134
13128
13128
13128
13135
13139
13128
13133
13137
13131
13131
13135
13130
13138
13132
13133
13131
13136
13137
13141
13137
13137
13136
13129
13126
13124
13127
13142
13137
13136
13143
13141
13135
13141
13131
13136
13134
13130
13138
13137
13139
13140
13135
13139
13134
13133
13131
13130
13134
13128
13133
13132
13136
13137
13137
13138
13141
13139
13133
13135
13126
13131
13131
13128
13132
13134
13134
13143
13141
13136
13137
13137
13143
13148
13148
13148
13153
13157
13160
13159
13159
13139
13135
13138
13141
13147
13153
13145
13150
13137
13134
13130
13129
13129
13129
13134
13131
13135
13132
13136
13133
13134
13138
13135
13130
13132
13128
13126
13128
13133
13141
13134
13134
13091
12788
12196
11734
11458
11312
11243
11238
11259
11326
11393
11474
11542
11629
11714
11811
11879
11967
12027
12108
12169
12236
12289
12344
12391
12449
12491
12524
12564
12602
12637
12670
12698
12728
12748
12761
12780
12805
12823
12850
12866
12879
12895
12912
12920
12934
12943
12947
12962
12973
12987
13005
13009
13016
13020
13037
13038
13038
13044
13056
13063
13066
13068
13070
13072
13080
13081
13078
13078
13085
13091
13091
13094
13094
13103
13102
13101
13112
13109
13115
13118
13105
13106
13102
13109
13106
13105
13109
13109
13117
13125
13125
13129
13129
13124
13121
13118
13123
13122
13128
13133
13133
13132
13128
13130
13135
13122
13125
13132
13131
13129
13126
13121
13123
13129
13122
13122
13132
13136
13129
13131
13133
13127
13131
13132
13134
13127
13133
13132
13133
13141
13140
13139
13136
13137
13136
13127
13130
13128
13129
13131
13134
13137
13142
13139
13130
13136
13128
13139
13141
13141
13142
13139
13138
13141
13130
13125
13135
13138
13135
13148
13144
13141
13133
13050
12947
12887
12851
12824
12820
12828
12834
12844
12854
12868
12893
12909
12919
12932
12945
12952
12966
12973
12981
13000
13012
13014
13012
13027
13029
13032
13038
13050
13043
13048
13045
13049
13063
13073
13071
13083
13080
13086
13089
13089
13086
13094
13093
13103
13100
13115
13108
13113
13109
13115
13117
13109
13117
13123
13127
13131
13128
13134
13122
13129
13124
13125
13117
13126
13134
13134
13132
13132
13133
13135
13134
13126
13126
13122
13117
13117
13118
13122
13125
13124
13125
13133
13132
13129
13125
13134
13123
13123
13116
13125
13133
13125
13126
13134
13135
13137
13135
13138
13135
13130
13129
13136
13134
13140
13135
13137
13140
13135
13135
13141
13133
13126
13129
13118
13121
13121
13116
13113
13118
13120
13125
13129
13127
13128
13129
13130
13133
13139
13137
13133
13136
13126
13119
13124
13123
13123
13132
13135
13129
13130
13130
13127
13133
13133
13132
13138
13150
13145
13147
13149
13143
13138
13146
13149
13139
13144
13143
13147
13137
13138
13137
13134
13142
13134
13131
13141
13135
13136
13135
13131
13134
13132
13131
13132
13127
13137
13129
13139
13137
13138
13134
13139
13133
13138
13133
13137
13130
13135
13132
13129
13126
13124
13137
13130
13129
13129
13126
13132
13137
13146
13145
13149
13149
13139
13143
13146
13141
13144
13141
13141
13145
13134
13132
13133
13136
13137
13131
13133
13134
13130
13132
13138
13137
13137
13137
13125
13134
13131
13129
13133
13134
13137
13146
13141
13141
13140
13127
13135
13134
13141
13134
13130
13128
13124
13126
13129
13126
13134
13133
13129
13138
13132
13124
13128
13123
13127
13125
13123
13120
13121
13126
13132
13129
13136
13142
13140
13134
13140
13136
13135
13135
13141
13147
13141
13131
13140
13134
13136
13121
13127
13127
13134
13133
13132
13128
13130
13121
13119
13118
13120
13118
13123
13124
13130
13133
13133
13132
13134
13139
13144
13142
13146
13138
13140
13142
13143
13142
13143
13145
13153
13144
13139
13142
13145
13139
13140
13136
13134
13137
13136
13141
13129
13130
13122
13125
13134
13128
13135
13132
13129
13129
13128
13126
13132
13131
13127
13125
13126
13123
13116
13117
13121
13121
13125
13131
13124
13132
13132
13134
13146
13141
13136
13142
13138
13139
13141
13132
13134
13127
13127
13127
13122
13131
13137
