13137
13133
13141
13136
13134
13137
13142
13145
13141
13138
13143
13137
13140
13128
13122
13130
13140
13138
13139
13138
13134
13130
13131
13130
13122
13129
13139
13131
13137
13141
13138
13144
13144
13138
13144
13137
13133
13138
13143
13144
13141
13137
13135
13135
13142
13138
13134
13127
13124
13124
13123
13123
13126
13129
13138
13139
13138
13138
13140
13136
13136
13138
13136
13139
13133
13142
13148
13144
13142
13143
13142
13139
13143
13139
13143
13138
13138
13136
13139
13138
13136
13136
13134
13137
13143
13136
13134
13133
13143
13141
13141
13135
13145
13133
13141
13138
13129
13124
13123
13131
13126
13129
13128
13125
13126
13127
13129
13131
13143
13140
13146
13143
13144
13144
13147
13143
13141
13151
13147
13143
13143
13140
13142
13131
13131
13117
13128
13122
13122
13124
13125
13122
13133
13138
13138
13135
13134
13135
13131
13128
13128
13132
13128
13133
13127
13127
13130
13133
13133
13131
13139
13136
13137
13139
13143
13131
13132
13133
13125
13124
13132
13131
13130
13135
13131
13120
13125
13116
13115
13116
13120
13122
13132
13125
13127
13137
13133
13137
13134
13124
13120
13119
13126
13131
13126
13134
13134
13128
13130
13133
13128
13128
13124
13125
13137
13135
13134
13135
13131
13131
13127
13122
13119
13121
13120
13121
13129
13136
13135
13137
13136
13134
13136
13127
13121
13134
13129
13131
13128
13134
13140
13136
13137
13138
13132
13138
13141
13134
13140
13142
13133
13146
13145
13140
13142
13133
13132
13134
13133
13127
13131
13135
13131
13128
13130
13125
13128
13133
13133
13131
13126
13128
13136
13128
13126
13125
13126
13129
13126
13125
13126
13132
13130
13137
13133
13132
13133
13133
13133
13132
13130
13128
13132
13126
13136
13124
13129
13136
13134
13129
13126
13125
13129
13129
13134
13126
13127
13132
13134
13134
13132
13137
13140
13137
13145
13138
13142
13140
13145
13144
13150
13145
13143
13146
13133
13131
13134
13123
13127
13131
13126
13133
13130
13126
13130
13123
13118
13133
13127
13125
13121
13129
13126
13126
13133
13132
13137
13138
13143
13146
13142
13139
13140
13137
13137
13138
13137
13144
13146
13141
13142
13138
13134
13137
13125
13127
13131
13125
13130
13123
13125
13135
13127
13119
13124
13131
13128
13136
13126
13128
13130
13134
13137
13134
13132
13128
13137
13142
13133
13134
13128
13127
13135
13135
13135
13137
13135
13139
13141
13137
13128
13123
13121
13126
13120
13129
13128
13128
13129
13137
13132
13137
13128
13129
13138
13138
13131
13139
13132
13135
13139
13142
13135
13127
13131
13138
13134
13134
13130
13130
13131
13140
13144
13139
13126
13138
13131
13132
13131
13121
13127
13133
13137
13138
13133
13134
13133
13135
13132
13137
13129
13134
13140
13141
13142
13135
13130
13133
13133
13128
13125
13127
13131
13133
13135
13130
13127
13132
13123
13126
13125
13121
13126
13122
13128
13130
13130
13132
13133
13136
13125
13126
13125
13125
13128
13127
13130
13123
13132
13126
13130
13131
13119
13119
13128
13126
13122
13130
13134
13132
13125
13007
12920
12870
12840
12827
12837
12845
12848
12864
12875
12880
12899
12903
12913
12926
12935
12951
12960
12968
12985
12993
12998
12558
11769
11178
10819
10520
10223
10059
10027
10041
10136
10230
10372
10491
10647
10742
10829
10915
11033
11137
11254
11363
11475
11564
11665
11751
11834
11786
11774
11786
11835
11877
11940
11993
12043
12102
12164
12215
12280
12331
12387
12438
12483
12523
12564
12598
12635
12659
12686
12709
12739
12764
12804
12816
12836
12862
12869
12889
12900
12916
12922
12931
12950
12962
12975
12993
12999
13007
13015
13018
13028
13032
13036
13035
13042
13045
13051
13052
13060
13062
13065
13073
13070
13077
13081
13087
13097
13102
13100
13108
13100
13107
13107
13107
13100
13112
13108
13106
13105
13108
13110
13116
13120
13118
13120
13119
13132
13130
13121
13124
13129
13130
13129
13132
13129
13136
13133
13137
13137
13138
13136
13135
13125
13126
13125
13130
13122
13130
13130
13140
13135
13132
13146
13141
13136
13138
13138
13136
13133
13133
13140
13135
13143
13137
13142
13138
13140
13137
13133
13126
13127
13125
13121
13121
13128
13133
13131
13143
13147
13149
13151
13154
13139
13139
13138
13131
13133
13129
13105
12970
12778
12640
12570
12520
12503
12505
12516
12536
12561
12589
12617
12646
12683
12707
12731
12760
12787
12799
12821
12833
12854
12868
12889
12902
12918
12931
12943
12964
12981
12994
13002
13007
13014
13022
13030
13025
13031
13037
13039
13052
13056
13057
13071
13070
13068
13083
13080
13087
13085
13092
13092
13099
13099
13097
13102
13102
13107
13111
13118
13118
13122
13117
13118
13122
13118
13116
13117
13123
13122
13121
13117
13120
13126
13133
13130
13125
13120
13125
13122
13124
13113
13112
13119
13113
13116
13120
13122
13125
13130
13126
13129
13134
13139
13132
13131
13135
13135
13136
13127
13125
13125
13130
13126
13130
13128
13130
13125
13123
13120
13118
13116
13132
13127
13137
13138
13141
13141
13136
13130
13135
13128
13130
13134
13130
13134
13138
13139
13138
13139
13135
13133
13136
13137
13126
13129
13129
13128
13131
13133
13131
13133
13126
13136
13137
13132
13125
13126
13129
13132
13135
13137
13140
13136
13136
13140
13136
13139
13138
13140
13146
13145
13139
13146
13141
13138
13139
13136
13131
13136
13128
13124
13122
13119
13117
13114
13109
13119
13116
13117
13119
13127
13132
13139
13134
13124
13123
13127
13127
13134
13132
13135
13137
13133
13134
13135
13129
13127
13120
13123
13125
13121
13120
13125
13120
13122
13127
13129
13140
13139
13142
13141
13132
13132
13129
13125
13134
13127
13127
13121
13121
13134
13126
13126
13137
13142
13133
13135
13140
13137
13131
13132
13128
13120
13132
13135
13132
13139
13139
13144
13146
13142
13136
13137
13134
13137
13140
13131
13129
13133
13137
13138
13136
13134
13136
13142
13137
13143
13145
13142
13138
13146
13141
13143
13134
13133
13136
13133
13137
13139
13135
13134
13132
13128
13132
13135
13130
13130
13137
13137
13141
13137
13129
13134
13134
13135
13139
13130
13137
13142
13146
13150
13141
13140
13141
13142
13140
13140
13138
13125
13123
13127
13123
13119
13118
13124
13122
13125
13125
13136
13135
13145
13141
13138
13141
13143
13137
13143
13131
13126
13133
13132
13133
13145
13128
13128
13127
13125
13118
13120
13124
13119
13125
13135
13132
13147
13142
13139
13134
13137
13138
13141
13130
13128
13124
13125
13129
13124
13122
13131
13129
13124
13122
13121
13129
13133
13130
13130
13132
