13119
13116
13119
13117
13106
13114
13122
13126
13135
13138
13141
13140
13145
13136
13134
13143
13130
13132
13134
13126
13126
13131
13128
13126
13129
13128
13129
13132
13133
13124
13119
13125
13124
13137
13144
13139
13153
13145
13145
13148
13143
13140
13142
13142
13148
13143
13133
13142
13136
13137
13135
13130
13131
13134
13133
13141
13139
13135
13138
13132
13131
13133
13129
13135
13138
13137
13140
13138
13142
13134
13127
13136
13133
13131
13133
13133
13139
13139
13134
13140
13138
13139
13143
13134
13135
13134
13136
13136
13130
13134
13128
13132
13141
13138
13138
13138
13137
13138
13145
13143
13140
13143
13137
13148
13137
13133
13136
13142
13140
13133
13131
13141
13141
13146
13143
13135
13143
13136
13135
13139
13130
13137
13133
13138
13134
13123
13122
13124
13123
13131
13130
13124
13126
13130
13129
13132
13128
13128
13136
13128
13125
13134
13125
13125
13128
13133
13131
13135
13133
13127
13129
13135
13132
13133
13129
13134
13135
13137
13129
13124
13121
13119
13119
13124
13128
13130
13142
13142
13142
13150
13150
13147
13145
13145
13144
13143
13144
13135
13141
13134
13128
13129
13118
13120
13121
13121
13114
13122
13126
13122
13128
13133
13126
13126
13135
13136
13141
13133
13123
13131
13139
13137
13135
13135
13127
13134
13135
13138
13133
13139
13142
13144
13151
13149
13145
13148
13138
13132
13138
13125
13123
13132
13137
13140
13143
13148
13140
13136
13143
13137
13136
13137
13137
13134
13143
13135
13140
13135
13132
13136
13136
13133
13134
13130
13132
13126
13128
13137
13134
13140
13150
13142
13142
13142
13147
13153
13141
13142
13144
13138
13142
13144
13140
13139
13137
13126
13126
13121
13128
13124
13123
13128
13132
13135
13140
13144
13155
13147
13149
13151
13148
13140
13141
13138
13142
13138
13132
13137
13134
13141
13141
13143
13142
13142
13143
13145
13139
13130
13129
13122
13115
13126
13126
13133
13141
13144
13147
13144
13143
13134
13140
13135
13140
13136
13135
13135
13142
13129
13124
13127
13125
13132
13125
13123
13129
13120
13122
13122
13120
13132
13133
13121
13128
13130
13129
13141
13138
13136
13143
13139
13141
13142
13133
13135
13132
13134
13124
13122
13119
13119
13125
13129
13129
13134
13136
13136
13139
13138
13136
13137
13132
13134
13133
13134
13138
13132
13137
13138
13134
13142
13148
13145
13140
13144
13144
13146
13145
13133
13143
13140
13142
13139
13122
13123
13119
13119
13118
13119
13121
13130
13135
13138
13140
13138
13139
13138
13141
13133
13134
13133
13134
13134
13137
13135
13138
13136
13132
13050
12941
12882
12854
12842
12849
12847
12849
12866
12880
12889
12902
12911
12917
12931
12936
12949
12969
12978
12985
12998
13005
13007
13019
13024
13033
13040
13042
13046
13053
13060
13054
13069
13069
13075
13078
13091
13096
13101
13103
13108
13097
13102
13103
13104
13108
13100
13112
13118
13112
13109
13119
13113
13112
13117
13112
13117
13114
13115
13119
13129
13124
13127
13127
13128
13125
13131
13132
13129
13134
13134
13131
13132
13132
13137
13129
13126
13129
13126
13130
13133
13127
13129
13134
13130
13133
13133
13132
13129
13134
13128
13138
13131
13136
13138
13132
13129
13086
12762
12382
12124
11977
11892
11870
11865
11896
11912
11925
11952
12001
12044
12103
12162
12219
12271
12332
12379
12429
12472
12518
12557
12589
12628
12656
12676
12701
12731
12752
12784
12796
12817
12841
12859
12878
12901
12900
12915
12926
12938
12955
12966
12976
12985
12993
13001
13009
13023
13024
13030
13050
13048
13054
13060
13062
13072
13073
13078
13085
13085
13086
13092
13086
13094
13091
13092
13099
13105
13108
13109
13098
13095
13108
13106
13105
13111
13120
13122
13128
13130
13127
13129
13129
13123
13120
13120
13115
13121
13123
13126
13130
13121
13119
13124
13129
13128
13128
13132
13133
13136
13130
13138
13136
13140
13142
13143
13143
13145
13139
13140
13139
13132
13143
13139
13126
13130
13114
13114
13107
13106
13104
13106
13110
13114
13113
13122
13121
13119
13128
13125
13129
13125
13128
13130
13129
13133
13133
13134
13135
13132
13128
13132
13132
13134
13138
13140
13143
13142
13140
13143
13136
13130
13136
13134
13126
13135
13129
13135
13131
13131
13128
13128
13128
13128
13126
13130
13128
13133
13133
13133
13135
13121
13121
13122
13122
13127
13128
13137
13144
13138
13142
13144
13142
13143
13150
13141
13149
13144
13139
13143
13141
13140
13140
13136
13130
13125
13123
13126
13128
13132
13133
13133
13132
13131
13130
13135
13142
13147
13149
13151
13158
13158
13147
13152
13144
13140
13134
13133
13136
13130
13130
13131
13133
13139
13138
13133
13135
13135
13133
13133
13140
13136
13140
13135
13132
13136
13130
13135
13135
13136
13138
13138
13143
13138
13134
13136
13132
13131
13132
13133
13136
13133
13127
13133
13132
13135
13135
13133
13140
13133
13132
13135
13127
13134
13137
13131
13129
13132
13130
13138
13135
13130
13140
13138
13141
13143
13146
13145
13147
13147
13144
13141
13140
13132
13128
13134
13132
13137
13139
13139
13142
13139
13134
13138
13134
13132
13132
13132
13129
13139
13144
13142
13134
13131
13134
13131
13131
13128
13132
13136
13136
13128
13133
13137
13131
13137
13136
13136
13134
13133
13121
13120
13128
13132
13142
13149
13151
13145
13149
13145
13141
13143
13140
13139
13136
13135
13134
13132
13136
13132
13136
13138
13135
13137
13137
13133
13138
13129
13123
13135
13131
13128
13136
13130
13130
13131
13128
13136
13140
13141
13138
13141
13146
13147
13145
13140
13140
13133
13129
13125
13126
13127
13121
13122
13121
13131
13135
13138
13146
13143
13156
13151
13150
13147
13147
13135
13141
13140
13137
13143
13142
13138
13140
13130
13126
13136
13130
13126
13131
13133
13129
13128
13125
13127
13128
13137
13136
13133
13135
13130
13150
13136
13137
13137
13133
13131
13131
13134
13134
13139
13134
13140
13134
13138
13138
13135
13134
13129
13126
13136
13130
13113
13122
13122
13126
13132
13126
13132
13136
13143
13144
13136
13133
13135
13133
13137
13133
13136
13133
13133
13135
13130
13126
13122
13126
13128
13131
13131
13131
13134
13138
13138
13125
13127
13128
13129
13135
13138
13133
13139
13137
13138
13145
13144
13148
13147
13143
13148
13150
13142
13146
13143
13142
13135
13137
13137
13131
13137
13135
13129
13139
13134
13131
13136
13132
13135
13124
13121
13127
13130
13128
13136
13135
13139
13144
13134
13134
13136
13146
13150
13153
13152
13154
13150
13150
13150
13142
13138
13142
13138
13145
13137
13133
13134
