13138
13144
13144
13144
13139
13141
13149
13147
13146
13150
13154
13150
13147
13150
13138
13148
13139
13136
13136
13134
13129
13137
13129
13123
13126
13126
13131
13129
13123
13118
13129
13140
13142
13147
13145
13140
13145
13133
13126
13132
13130
13130
13130
13127
13130
13120
13125
13122
13122
13123
13140
13141
13147
13143
13140
13148
13142
13137
13137
13133
13128
13136
13140
13137
13132
13134
13125
13128
13126
13129
13123
13126
13125
13133
13136
13135
13142
13137
13129
13131
13133
13126
13122
13124
13127
13141
13131
13135
13130
13125
13135
13139
13150
13142
13138
13137
13134
13129
13137
13130
13130
13128
13131
13126
13125
13122
13122
13124
13132
13132
13132
13131
13131
13127
13124
13121
13127
13127
13135
13134
13134
13133
13129
13137
13130
13133
13134
13135
13127
13128
13126
13127
13130
13131
13135
13147
13145
13146
13153
13145
13137
13146
13144
13140
13138
13142
13137
13143
13140
13135
13133
13131
13124
13125
13115
13113
13123
13118
13124
13133
13128
13141
13145
13140
13149
13149
13150
13142
13138
13150
13154
13153
13151
13144
13142
13147
13152
13139
13136
13130
13131
13136
13130
13130
13129
13133
13135
13139
13138
13140
13135
13141
13132
13138
13135
13129
13133
13128
13123
13131
13128
13132
13133
13132
13133
13136
13134
13131
13126
13130
13129
13128
13133
13128
13132
13140
13137
13137
13142
13141
13141
13139
13133
13133
13136
13139
13140
13139
13139
13134
13136
13147
13137
13137
13134
13138
13151
13138
13130
13132
13129
13127
13135
13137
13134
13133
13125
13130
13119
13128
13129
13125
13131
13130
13137
13139
13136
13141
13144
13140
13136
13135
13131
13137
13142
13132
13134
13137
13136
13132
13139
13138
13138
13125
13125
13129
13126
13126
13126
13133
13135
13139
13128
13128
13122
13121
13124
13124
13119
13122
13125
13125
13122
13129
13126
13132
13135
13137
13142
13137
13142
13146
13140
13136
13135
13128
13128
13119
13117
13118
13117
13122
13129
13134
13127
13121
13127
13124
13127
13137
13141
13145
13146
13144
13143
13138
13137
13133
13137
13141
13144
13141
13138
13140
13143
13150
13146
13144
13148
13137
13134
13135
13136
13137
13137
13134
13134
13131
13124
13122
13125
13131
13129
13135
13129
13127
13134
13133
13137
13137
13135
13135
13132
13131
13127
13129
13132
13136
13125
13125
13123
13124
13128
13125
13121
13128
13122
13129
13141
13142
13149
13157
13149
13154
13143
13146
13141
13137
13142
13136
13141
13142
13134
13134
13129
13135
13141
13136
13130
13136
13138
13138
13137
13138
13140
13140
13142
13142
13141
13147
13150
13140
13141
13148
13150
13154
13149
13146
13149
13139
13140
13147
13141
13143
13138
13140
13146
13137
13140
13133
13133
13138
13135
13131
13134
13128
13136
13132
13131
13124
13127
13124
13130
13127
13125
13135
13133
13135
13128
13125
13120
13123
13122
13124
13126
13130
13131
13134
13135
13123
13125
13130
13124
13124
13131
13137
13141
13147
13146
13137
13137
13140
13138
13134
13132
13132
13142
13131
13127
13129
13121
13120
13124
13119
13123
13127
13128
13131
13130
13132
13142
13139
13145
13149
13150
13151
13143
13136
13137
13130
13126
13126
13126
13135
13139
13139
13142
13149
13125
12764
12372
12023
11774
11635
11577
11553
11553
11554
11605
11654
11725
11793
11868
11932
12008
12081
12140
12209
12269
12324
12380
12423
12404
12330
12302
12295
12304
12324
12365
12393
12433
12469
12521
12563
12609
12630
12657
12674
12701
12721
12748
12772
12791
12803
12830
12843
12864
12885
12901
12922
12936
12953
12965
12978
12990
12993
12996
13009
13011
13019
13024
13027
13036
13039
13045
13054
13056
13062
13079
13084
13089
13098
13096
13098
13099
13105
13108
13110
13108
13108
13107
13115
13116
13116
13116
13114
13116
13111
13116
13118
13117
13123
13118
13124
13123
13129
13129
13131
13126
13127
13128
13133
13131
13134
13132
13136
13129
13127
13130
13123
13115
13125
13129
13127
13132
13136
13141
13143
13141
13138
13131
13137
13134
13125
13127
13127
13131
13123
13122
13124
13126
13136
13137
13133
13137
13141
13148
13153
13147
13144
13143
13140
13150
13149
13123
13000
12924
12881
12864
12841
12843
12847
12849
12856
12873
12889
12899
12912
12929
12939
12956
12969
12980
12989
12998
13002
13018
13011
13024
13025
13034
13039
13042
13051
13059
13059
13065
13075
13074
13075
13080
13087
13093
13098
13095
13111
13116
13116
13127
13115
13110
13117
13118
13114
13113
13116
13111
13121
13120
13117
13114
13121
13124
13128
13125
13129
13134
13132
13128
13131
13135
13138
13142
13146
13137
13131
13128
13130
13128
13127
13129
13126
13119
13119
13119
13125
13116
13115
13130
13128
13122
13129
13125
13130
13131
13135
13135
13135
13145
13144
13149
13153
13145
13147
13145
13151
13170
13167
13167
13169
13165
13159
13157
13154
13153
13149
13152
13148
13147
13141
13142
13142
13138
13130
13123
13127
13120
13115
13131
13129
13131
13129
13132
13130
13133
13135
13133
13130
13136
13134
13136
13131
13132
13135
13137
13137
13135
13132
13135
13142
13143
13138
13128
13129
13136
13136
13132
13129
13128
13134
13133
13131
13130
13130
13124
13129
13128
13125
13139
13136
13136
13139
13133
13132
13132
13138
13147
13139
13140
13139
13138
13140
13133
13130
13126
13117
13125
13125
13125
13129
13132
13134
13138
13136
13139
13142
13142
13145
13140
13141
13144
13146
13137
13133
13130
13138
13137
13136
13140
13143
13135
13139
13134
13131
13131
13132
13135
13134
13143
13134
13130
13132
13125
13130
13128
13126
13132
13123
13116
13126
13129
13135
13134
13135
13139
13135
13134
13132
13126
13119
13127
13123
13128
13126
13123
13132
13120
13128
13134
13131
13132
13135
13131
13137
13130
13132
13133
13137
13136
13135
13137
13142
13135
13144
13143
13142
13144
13136
13135
13142
13139
13138
13132
13143
13137
13140
13132
13132
13132
13127
13129
13136
13132
13136
13137
13136
13132
13135
13134
13136
13133
13143
13147
13148
13147
13154
13155
13157
13157
13153
13144
13139
13138
13139
13136
13136
13144
13142
13144
13139
13133
13127
13120
13124
13125
13133
13123
13130
13126
13136
13133
13131
13131
13124
13123
13127
13121
13128
13127
13123
13125
13139
13143
13137
13138
13139
13144
13146
13150
13143
13141
13139
13142
13140
13129
13122
13133
13134
13139
13147
13145
13141
13140
13139
13144
13138
13139
13149
13147
13144
13143
13139
13143
13139
13142
13138
13133
13125
13136
13134
13126
13130
13127
13131
13135
13136
13134
13134
13133
13129
