13131
13128
13135
13128
13125
13123
13110
13116
13125
13129
13127
13123
13126
13118
13118
13125
13119
13129
13121
13119
13134
13128
13124
13128
13130
13132
13130
13137
13135
13134
13146
13148
13142
13135
13142
13135
13141
13147
13135
13138
13133
13135
13137
13128
13130
13128
13127
13128
13133
13136
13142
13140
13142
13141
13145
13146
13146
13148
13146
13145
13147
13139
13129
13126
13120
13119
13122
13118
13123
13129
13136
13135
13126
13135
13134
13137
13145
13137
13130
13140
13146
13138
13144
13132
13133
13133
13131
13132
13133
13131
13137
13142
13141
13139
13140
13135
13133
13126
13115
13125
13130
13142
13133
13136
13133
13135
13130
13133
13125
13122
13126
13132
13124
13128
13128
13126
13123
13132
13133
13135
13126
13119
13127
13116
13118
13125
13126
13130
13128
13124
13130
13123
13133
13134
13140
13145
13142
13147
13133
13137
13145
13136
13137
13133
13126
13127
13122
13126
13129
13127
13131
13133
13126
13129
13131
13130
13125
13125
13117
13128
13122
13117
13128
13122
13124
13133
13126
13131
13134
13130
13138
13132
13137
13140
13140
13141
13144
13132
13135
13137
13141
13134
13133
13138
13137
13137
13136
13139
13138
13139
13147
13151
13144
13145
13141
13141
13144
13136
13142
13139
13144
13142
13141
13140
13140
13144
13139
13138
13146
13140
13140
13134
13135
13130
13136
13134
13139
13138
13136
13139
13138
13131
13123
13126
13127
13137
13138
13136
13136
13137
13140
13140
13136
13135
13136
13131
13135
13131
13139
13138
13139
13135
13142
13134
13136
13135
13141
13138
13138
13126
13125
13126
13131
13134
13135
13138
13139
13137
13136
13139
13141
13135
13132
13133
13132
13133
13132
13128
13126
13130
13131
13139
13135
13142
13144
13137
13134
13132
13138
13140
13140
13138
13137
13135
13130
13128
13127
13130
13133
13130
13142
13143
13145
13140
13140
13135
13132
13133
13135
13137
13139
13137
13131
13134
13134
13137
13131
13127
13129
13135
13127
13128
13123
13125
13131
13137
13140
13147
13144
13141
13139
13135
13139
13130
13128
13127
13120
13123
13121
13119
13118
13125
13131
13130
13133
13135
13137
13134
13132
13128
13128
13128
13128
13133
13140
13140
13144
13137
13140
13139
13142
13151
13141
13139
13142
13140
13141
13143
13136
13139
13137
13139
13150
13142
13148
13149
13143
13143
13142
13139
13134
13137
13134
13132
13126
13127
13126
13134
13125
13117
13127
13119
13120
13125
13125
13124
13132
13133
13135
13132
13129
13134
13133
13130
13126
13121
13123
13125
13119
13130
13126
13128
13136
13134
13134
13139
13135
13131
13136
13136
13135
13133
13137
13138
13137
13140
13136
13137
13146
13148
13158
13151
13155
13149
13153
13152
13151
13147
13148
13149
13141
13149
13142
13140
13135
13141
13142
13138
13135
13138
13131
13128
13133
13125
13125
13129
13126
13133
13131
13124
13122
13129
13125
13130
13122
13125
13124
13129
13129
13129
13128
13127
13126
13131
13134
13132
13129
13132
13132
13135
13139
13142
13142
13144
13145
13142
13147
13146
13138
13140
13134
13129
13137
13130
13129
13126
13126
13125
13134
13138
13133
13137
13133
13141
13141
13138
13138
13135
13140
13135
13134
13134
13131
13133
13138
13136
13131
12988
12314
11629
11118
10824
10683
10620
10642
10687
10777
10870
10989
11097
11217
11324
11451
11548
11649
11738
11830
11906
11983
12050
12126
12187
12257
12301
12355
12408
12453
12492
12537
12568
12614
12638
12667
12692
12723
12750
12776
12800
12815
12832
12851
12869
12884
12896
12907
12912
12931
12916
12800
12738
12701
12674
12685
12675
12689
12706
12723
12736
12764
12783
12799
12824
12848
12854
12868
12885
12899
12918
12929
12937
12960
12961
12968
12982
12989
13004
13010
13023
13029
13036
13037
13045
13043
13049
13049
13050
13054
13069
13073
13087
13084
13090
13103
13099
13103
13109
13105
13112
13112
13112
13115
13116
13118
13117
13109
13121
13121
13115
13113
13106
13120
13108
13107
13115
13107
13112
13113
13116
13117
13120
13122
13127
13126
13127
13126
13124
13128
13126
13134
13135
13125
13115
13122
13123
13122
13129
13119
13122
13133
13134
13133
13128
13135
13134
13127
13132
13134
13135
13129
13122
13128
13123
13127
13132
13125
13119
13125
13134
13128
13132
13120
13129
13122
13127
13131
13130
13137
13129
13129
13136
13127
13127
13132
13121
13117
13123
13118
13116
13120
13121
13126
13129
13124
13126
13128
13133
13131
13132
13136
13143
13147
13144
13145
13143
13140
13138
13136
13134
13136
13133
13136
13139
13135
13134
13145
13139
13150
13151
13150
13150
13142
13137
13145
13133
13130
13133
13128
13125
13126
13126
13131
13140
13145
13147
13143
13144
13133
13137
13131
13132
13134
13128
13135
13128
13131
13135
13138
13141
13147
13145
13129
13124
13124
13129
13136
13130
13135
13134
13136
13138
13131
13126
13129
13117
13123
13122
13118
13123
13123
13120
13122
13121
13119
13131
13125
13135
13131
13135
13130
13134
13136
13135
13135
13138
13135
13138
13137
13131
13126
13127
13127
13136
13128
13133
13132
13129
13138
13138
13133
13137
13129
13123
13133
13127
13122
13121
13114
13121
13123
13130
13129
13126
13123
13115
13128
13138
13147
13142
13145
13145
13152
13143
13139
13139
13145
13145
13141
13134
13140
13140
13143
13150
13137
13139
13137
13128
13127
13130
13131
13132
13128
13128
13140
13132
13131
13132
13130
13141
13150
13151
13148
13147
13134
13132
13122
13122
13124
13127
13129
13125
13133
13125
13128
13131
13130
13127
13125
13130
13131
13126
13127
13130
13119
13126
13132
13138
13139
13138
13141
13141
13140
13137
13144
13137
13133
13135
13129
13120
13127
13122
13125
13129
13136
13132
13133
13135
13134
13135
13138
13135
13145
13136
13132
13143
13138
13137
13138
13141
13140
13146
13145
13142
13137
13140
13151
13138
13137
13146
13147
13146
13138
13136
13144
13141
13146
13139
13127
13129
13132
13126
13131
13134
13140
13134
13138
13139
13135
13135
13132
13136
13142
13130
13133
13136
13142
13142
13138
13138
13136
13137
13140
13134
13131
13131
13134
13127
13130
13129
13131
13139
13140
13142
13149
13147
13149
13148
13139
13139
13145
13146
13144
13143
13137
13135
13133
13138
13131
13124
13120
13118
13121
13125
13123
13125
13126
13131
13136
13142
13138
13137
13138
13136
13136
13137
13133
13128
13135
13132
13128
13138
13131
13122
13127
13118
13121
13133
13124
13135
13126
13130
13134
13134
13134
13131
13141
13145
13138
13135
13131
13122
13128
13122
13120
13121
13124
13129
13133
13132
13130
13135
