13138
13133
13133
13135
13134
13136
13134
13136
13138
13141
13142
13144
13135
13138
13136
13139
13129
13133
13136
13125
13133
13133
13122
13135
13128
13122
13130
13124
13126
13129
13123
13132
13135
13136
13136
13140
13144
13138
13138
13139
13133
13137
13139
13143
13152
13134
13132
13131
13134
13131
13131
13132
13131
13139
13149
13147
13143
13143
13149
13142
13142
13141
13138
13141
13144
13138
13144
13138
13137
13142
13142
13143
13147
13139
13137
13136
13142
13144
13144
13146
13142
13138
13133
13128
13142
13137
13134
13142
13141
13141
13132
13131
13134
13132
13131
13135
13128
13132
13136
13136
13134
13135
13133
13138
13133
13131
13131
13131
13130
13138
13135
13128
13128
13129
13129
13128
13121
13125
13126
13134
13132
13139
13141
13143
13154
13145
13150
13152
13148
13135
13139
13133
13139
13138
13138
13140
13137
13140
13145
13145
13145
13144
13142
13147
13143
13131
13139
13133
13143
13151
13146
13152
13148
13151
13150
13147
13142
13136
13137
13146
13142
13139
13138
13137
13143
13137
13136
13132
13129
13138
13141
13135
13129
13133
13130
13137
13129
13135
13135
13128
13135
13136
13128
13137
13135
13134
13139
13136
13141
13144
13141
13143
13144
13147
13145
13142
13135
13137
13135
13135
13131
13133
13129
13130
13140
13138
13137
13134
13141
13139
13133
13135
13133
13138
13133
13138
13139
13143
13145
13147
13142
13147
13142
13144
13139
13133
13136
13135
13130
13136
13142
13144
13144
13143
13142
13142
13141
13137
13128
13141
13136
13141
13141
13143
13147
13138
13140
13134
13131
13132
13128
13130
13129
13128
13129
13143
13137
13136
13142
13136
13132
13131
13125
13131
13127
13126
13134
13129
13130
13132
13128
13130
13137
13137
13133
13130
13125
13128
13123
13128
13128
13129
13132
13137
13142
13140
13139
13143
13147
13152
13153
13145
13141
13141
13142
13144
13139
13141
13132
13130
13135
13136
13129
13136
13130
13135
13138
13131
13128
13129
13123
13121
13119
13117
13114
13120
13125
13125
13130
13135
13131
13145
13147
13135
13126
13124
13127
13133
13135
13135
13136
13138
13132
13126
13120
13125
13120
13128
13128
13133
13136
13138
13142
13143
13141
13137
13145
13144
13146
13146
13139
13140
13133
13135
13134
13138
13142
13137
13140
13145
13150
13151
13148
13140
13147
13144
13143
13148
13141
13146
13152
13151
13155
13151
13149
13146
13137
13138
13134
13132
13130
13135
13133
13135
13132
13130
13134
13136
13133
13138
13136
13137
13135
13136
13130
13133
13134
13130
13126
13128
13126
13127
13134
13133
13136
13132
13128
13133
13138
13144
13144
13141
13143
13134
13132
13132
13134
13135
13142
13134
13135
13134
13126
13132
13122
13125
13133
13134
13135
13141
13138
13134
13135
13144
13145
13140
13139
13132
13134
13138
13135
13140
13132
13130
13136
13132
13125
13131
13125
13126
13127
13125
13136
13138
13141
13146
13136
13130
13128
13129
13131
13134
13134
13134
13130
13131
13137
13136
13138
13139
13136
13139
13138
13140
13140
13134
13134
13129
13133
13133
13128
13130
13130
13128
13135
13137
13139
13146
13148
13151
13146
13147
13149
13144
13142
13145
13137
13132
13133
13132
13134
13135
13131
13100
12614
11908
11064
10503
10204
10043
10019
10041
10140
10237
10383
10508
10663
10792
10935
11057
11193
11321
11440
11537
11651
11729
11829
11908
11998
12064
12129
12184
12246
12293
12350
12398
12447
12485
12540
12576
12623
12657
12671
12698
12713
12729
12761
12776
12799
12824
12848
12868
12888
12904
12920
12940
12951
12957
12964
12980
12990
12998
13001
13013
13024
13030
13030
13036
13041
13043
13046
13055
13069
13071
13075
13090
13078
13086
13087
13081
13080
13085
13083
13092
13092
13096
13107
13109
13109
13112
13113
13114
13117
13110
13110
13119
13122
13121
13122
13124
13120
13129
13130
13128
13137
13131
13133
13141
13143
13140
13141
13137
13139
13139
13127
13134
13131
13129
13134
13132
13134
13136
13132
13134
13135
13130
13139
13134
13136
13141
13134
13127
13123
13133
13140
13132
13135
13127
13129
13132
13129
13133
13133
13134
13139
13139
13138
13137
13138
13147
13144
13151
13150
13152
13145
13147
13142
13133
13131
13129
13129
13131
13130
13133
13125
13126
13125
13130
13125
13132
13129
13136
13128
13138
13137
13136
13142
13145
13149
13143
13134
13141
13146
13147
13153
13140
13137
13134
13128
13139
13133
13128
13130
13132
13128
13132
13131
13129
13129
13127
13124
13128
13126
13132
13134
13140
13149
13145
13140
13146
13139
13139
13132
13129
13126
13121
13132
13134
13132
13134
13138
13141
13139
13139
13142
13141
13141
13145
13141
13137
13136
13139
13141
13146
13135
13138
13138
13138
13139
13137
13132
13137
13136
13146
13141
13133
13130
13121
13117
13130
13130
13129
13128
13133
13126
13122
13118
13119
13118
13116
13108
13114
13112
13118
13123
13120
13117
13121
13128
13128
13125
13122
13127
13127
13126
13136
13126
13127
13127
13129
13130
13128
13124
13138
13130
13130
13135
13135
13134
13130
13121
13126
13133
13131
13129
13128
13130
13131
13123
13123
13129
13129
13129
13129
13142
13138
13134
13134
13138
13136
13136
13137
13142
13139
13136
13138
13133
13143
13140
13138
13139
13136
13130
13139
13135
13130
13134
13133
13128
13133
13134
13138
13137
13139
13134
13133
13136
13136
13141
13142
13136
13138
13136
13138
13143
13137
13145
13147
13139
13141
13134
13134
13136
13130
13125
13137
13129
13135
13136
13137
13142
13136
13139
13138
13135
13140
13148
13138
13144
13147
13146
13145
13145
13144
13139
13127
13133
13136
13137
13142
13143
13150
13151
13148
13157
13158
13143
13144
13143
13140
13140
13135
13132
13129
13121
13128
13117
13120
13118
13113
13114
13118
13114
13120
13119
13114
13123
13124
13125
13134
13134
13139
13136
13140
13138
13134
13140
13135
13129
13133
13130
13129
13124
13117
13125
13129
13126
13134
13132
13127
13130
13126
13130
13136
13141
13137
13140
13143
13149
13146
13146
13149
13142
13148
13139
13136
13143
13138
13132
13145
13133
13137
13139
13133
13126
13131
13138
13134
13132
13133
13128
13128
13133
13128
13127
13122
13126
13135
13131
13129
13127
13131
13126
13132
13128
13138
13131
13142
13141
13134
13133
13130
13124
13135
13130
13129
13135
13130
13134
13140
13136
13137
13138
13141
13137
13139
13138
13136
13135
13136
13134
13140
13133
13133
13135
13132
13134
13135
13133
13136
13136
13135
13142
13140
13135
13145
13145
13145
13142
13148
13149
13149
13143
13145
13139
13138
13143
13139
13138
13139
