13130
13135
13138
13128
13136
13132
13127
13128
13117
13123
13134
13129
13127
13129
13127
13132
13122
13121
13115
13115
13115
13113
13109
13111
13110
13116
13120
13121
13126
13129
13123
13129
13131
13128
13131
13133
13134
13137
13133
13139
13129
13133
13135
13135
13146
13145
13148
13148
13142
13138
13141
13133
13132
13131
13132
13132
13127
13130
13127
13122
13131
13134
13128
13132
13131
13134
13134
13140
13141
13132
13127
13126
13126
13131
13130
13134
13134
13137
13135
13137
13136
13127
13132
13131
13128
13133
13133
13141
13143
13141
13144
13133
13132
13134
13133
13131
13129
13128
13127
13138
13142
13142
13141
13143
13138
13140
13136
13129
13135
13130
13130
13127
13128
13127
13128
13130
13134
13135
13132
13135
13126
13130
13129
13132
13133
13133
13131
13136
13135
13133
13138
13139
13140
13141
13134
13135
13126
13131
13131
13131
13130
13129
13127
13137
13135
13135
13136
13140
13143
13140
13135
13138
13142
13139
13132
13132
13133
13127
13137
13140
13140
13141
13138
13132
13138
13137
13139
13147
13141
13132
13140
13131
13129
13138
13130
13138
13135
13138
13143
13138
13138
13133
13124
13124
13116
13113
13120
13125
13130
13122
13120
13120
13124
13121
13119
13124
13129
13131
13134
13132
13126
13125
13139
13138
13137
13133
13129
13127
13130
13126
13132
13132
13137
13135
13134
13137
13148
13139
13141
13145
13148
13137
13136
13134
13136
13137
13139
13140
13140
13141
13136
13141
13140
13141
13136
13134
13138
13139
13144
13143
13137
13148
13148
13139
13139
13138
13133
13138
13131
13123
13132
13129
13119
13120
13114
13118
13126
13116
13119
13124
13127
13129
13134
13132
13127
13129
13134
13136
13146
13137
13131
13140
13135
13136
13130
13123
13128
13124
13120
13116
13117
13122
13118
13118
13124
13129
13126
13128
13121
13120
13128
13125
13126
13125
13128
13131
13136
13140
13134
13135
13138
13136
13142
13142
13133
13118
13118
13120
13124
13116
13126
13131
13136
13130
13134
13139
13145
13146
13139
13147
13133
13137
13143
13136
13141
13137
13136
13146
13151
13142
13154
13144
13153
13145
13139
13137
13138
13132
13132
13134
13135
13131
13128
13132
13132
13126
13131
13130
13135
13129
13136
13136
13132
13132
13133
13132
13132
13129
13126
13127
13127
13132
13135
13133
13132
13128
13125
13137
13133
13134
13148
13143
13142
13145
13137
13131
13132
13134
13133
13133
13136
13132
13140
13144
13144
13144
13137
13136
13146
13137
13148
13146
13145
13146
13143
13135
13142
13140
13137
13139
13136
13140
13143
13138
13142
13135
13136
13142
13138
13136
13141
13138
13138
13138
13132
13136
13138
13138
13138
13129
13127
13120
13121
13121
13117
13125
13128
13130
13143
13135
13132
13132
13126
13127
13129
13136
13134
13136
13136
13138
13140
13141
13142
13140
13145
13136
13132
13137
13134
13126
13129
13127
13134
13134
13127
13131
13140
13145
13144
13141
13143
13139
13138
13144
13150
13141
13138
13134
13139
13131
13132
13133
13127
13134
13123
13119
13119
13115
13122
13126
13127
13129
13134
13138
13139
13138
13143
13147
13144
13136
13140
13132
13129
13133
13132
13140
13139
13140
13143
13147
13141
12969
12720
12484
12250
12064
11898
11731
11672
11639
11661
11694
11750
11809
11878
11939
12010
12071
12139
12198
12254
12306
12365
12403
12455
12505
12544
12584
12619
12645
12687
12709
12739
12757
12780
12794
12818
12840
12863
12877
12901
12910
12922
12937
12948
12959
12970
12982
13002
13003
13013
13021
13025
13035
13038
13046
13054
13057
13060
13066
13070
13067
13074
13080
13079
13088
13086
13098
13088
13091
13102
13107
13111
13117
13119
13119
13118
13121
13122
13121
13124
13119
13126
13129
13126
13124
13121
13119
13125
13121
13118
13120
13117
13114
13118
13122
13130
13127
13132
13134
13133
13136
13134
13132
13133
13135
13141
13143
13144
13138
13142
13139
13132
13134
13137
13137
13144
13137
13135
13132
13140
13133
13143
13144
13149
13143
13132
13125
13135
13132
13139
13132
13127
13133
13132
13134
13130
13133
13132
13134
13129
13125
13124
13122
13122
13124
13127
13131
13127
13131
13142
13134
13128
13139
13136
13138
13133
13126
13129
13127
13125
13126
13125
13134
13125
13128
13125
13128
13136
13131
13131
13131
13129
13137
13136
13131
13134
13135
13141
13139
13135
13128
13133
13136
13139
13138
13143
13141
13149
13151
13155
13139
13136
13139
13134
13132
13134
13129
13132
13137
13142
13138
13139
13140
13142
13143
13139
13135
13147
13137
13134
13139
13140
13139
13137
13134
13134
13127
13125
13126
13125
13126
13123
13123
13126
13126
13123
13128
13126
13124
13133
13133
13135
13133
13127
13133
13133
13133
13136
13135
13134
13132
13132
13133
13144
13135
13131
13133
13136
13131
13131
13126
13132
13135
13140
13129
13131
13128
13131
13139
13130
13130
13138
13135
13138
13146
13144
13138
13134
13138
13145
13137
13133
13133
13132
13131
13129
13131
13127
13123
13129
13129
13130
13127
13125
13123
13120
13122
13130
13121
13112
13115
13120
13122
13124
13120
13125
13129
13132
13133
13125
13127
13128
13138
13133
13129
13124
13126
13125
13123
13126
13121
13119
13124
13128
13123
13125
13131
13124
13131
13131
13129
13133
13134
13129
13124
13128
13126
13134
13132
13131
13134
13137
13138
13138
13134
13140
13142
13139
13140
13136
13137
13140
13134
13137
13141
13137
13139
13140
13138
13143
13138
13140
13135
13134
13130
13131
13132
13130
13126
13130
13128
13129
13141
13143
13143
13140
13141
13157
13147
13148
13150
13147
13146
13148
13147
13149
13144
13142
13141
13132
13132
13134
13134
13137
13130
13132
13140
13137
13132
13136
13128
13125
13135
13138
13138
13140
13141
13134
13132
13135
13138
13131
13132
13131
13138
13136
13139
13141
13133
13134
13133
13139
13138
13131
13132
13137
13134
13134
13138
13131
13129
13125
13126
13131
13128
13131
13135
13134
13126
13132
13125
13124
13132
13129
13128
13126
13132
13132
13134
13136
13129
13129
13132
13129
13129
13127
13133
13145
13147
13139
13141
13136
13134
13144
13144
13146
13147
13144
13143
13135
13139
13145
13143
13149
13147
13145
13142
13135
13125
13131
13123
13122
13132
13126
13126
13135
13137
13142
13140
13147
13138
13127
13127
13122
13121
13120
13121
13127
13122
13122
13126
13129
13134
13133
13137
13136
13133
13133
13133
13133
13132
13130
13129
13130
13133
13138
13140
13131
13128
13128
13126
13129
13133
13133
13136
13135
13132
13129
13133
13129
13122
13126
13134
13141
13140
13140
13141
13142
13133
