13137
13139
13129
13132
13130
13131
13128
13130
13126
13122
13123
13121
13128
13133
13139
13147
13142
13137
13143
13132
13133
13137
13139
13144
13143
13143
13145
13141
13143
13144
13148
13148
13146
13139
13137
13137
13137
13134
13131
13139
13130
13131
13129
13134
13132
13130
13128
13140
13132
13138
13150
13141
13147
13144
13141
13138
13134
13134
13139
13135
13130
13132
13126
13122
13119
13127
13129
13132
13136
13134
13136
13137
13137
13144
13148
13143
13146
13139
13141
13139
13136
13137
13130
13134
13141
13142
13139
13137
13128
13132
13132
13129
13128
13130
13136
13138
13134
13129
13131
13125
13118
13125
13126
13130
13135
13135
13136
13141
13143
13147
13145
13144
13147
13145
13147
13140
13144
13144
13133
13133
13138
13137
13139
13134
13131
13133
13140
13138
13135
13141
13142
13142
13141
13143
13145
13130
13126
13126
13133
13132
13133
13138
13134
13134
13138
13131
13131
13135
13128
13125
13128
13133
13130
13133
13137
13136
13148
13138
13145
13138
13140
13143
13140
13147
13131
13132
13128
13124
13116
13120
13121
13117
13119
13127
13125
13132
13125
13122
13126
13118
13124
13123
13128
13132
13138
13141
13148
13145
13147
13148
13149
13146
13141
13140
13137
13135
13134
13130
13119
13122
13115
13121
13126
13123
13133
13135
13135
13144
13138
13138
13142
13144
13148
13143
13146
13148
13140
13141
13142
13145
13142
13144
13140
13144
13141
13135
13136
13140
13140
13141
13141
13145
13142
13146
13145
13146
13151
13145
13143
13145
13144
13136
13130
13127
13128
13130
13135
13132
13121
13122
13133
13129
13130
13130
13140
13152
13147
13142
13137
13135
13132
13133
13134
13131
13123
13120
13116
13121
13123
13115
13114
13124
13125
13135
13131
13133
13141
13137
13135
13142
13147
13150
13152
13145
13144
13138
13131
13141
13131
13134
13137
13137
13140
13140
13139
13141
13136
13134
13140
13133
13132
13136
13132
13128
13123
13132
13126
13124
13125
13125
13127
13139
13126
13130
13125
13125
13136
13138
13131
13133
13134
13136
13134
13139
13134
13140
13140
13147
13136
13135
13141
13139
13142
13148
13151
13155
13142
13142
13145
13135
13132
13130
13127
13130
13126
13125
13124
13129
13128
13126
13133
13131
13120
13121
13129
13122
13129
13132
13138
13144
13148
13148
13149
13147
13151
13152
13150
13149
13145
13149
13144
13131
13129
13122
13124
13124
13120
13112
13120
13121
13125
13133
13123
13127
13130
13134
13134
13135
13136
13132
13137
13138
13141
13145
13135
13136
13148
13135
13138
13138
13141
13139
13140
13138
13136
13129
13129
13134
13131
13136
13135
13132
13137
13138
13132
13135
13133
13126
13142
13136
13132
13130
13122
13123
13133
13130
13128
13134
13128
13133
13142
13146
13143
13142
13142
13138
13140
13132
13137
13138
13139
13138
13133
13132
13126
13131
13132
13143
13139
13140
13144
13147
13152
13148
13149
13142
13133
13134
13133
13126
13127
13134
13138
13146
13142
13141
13145
13144
13146
13140
13139
13135
13132
13133
13136
13139
13138
13132
13139
13138
13142
13143
13140
13141
13137
13139
13139
13133
13131
13128
13128
13132
13140
13140
13141
13145
13140
13136
13141
13128
13120
13131
13132
13131
13128
13070
12613
12033
11079
10361
9971
9758
9701
9709
9799
9808
9813
9851
9901
9836
9875
9936
10053
10171
10333
10468
10631
10765
10916
11050
11186
11304
11433
11527
11635
11723
11812
11883
11971
12038
12112
12172
12239
12292
12350
12392
12440
12477
12521
12550
12595
12628
12666
12692
12725
12747
12782
12802
12819
12841
12854
12870
12882
12895
12917
12923
12938
12941
12950
12963
12974
12979
13000
13005
13019
13024
13022
13027
13042
13045
13053
13075
13072
13070
13078
13084
13086
13087
13091
13091
13097
13098
13102
13109
13107
13101
13111
13106
13100
13100
13105
13109
13112
13110
13113
13119
13105
13117
13116
13126
13134
13136
13141
13141
13139
13142
13138
13123
13127
13123
13118
13116
13116
13117
13125
13131
13129
13132
13127
13125
13126
13135
13133
13129
13124
13125
13132
13123
13128
13126
13128
13126
13126
13127
13121
13124
13129
13128
13127
13131
13128
13130
13130
13127
13132
13136
13133
13127
13120
12985
12901
12859
12826
12812
12827
12824
12837
12844
12857
12875
12893
12912
12922
12935
12944
12953
12970
12971
12981
12987
12997
13011
13016
13027
13031
13045
13045
13054
13057
13072
13069
13070
13083
13096
13096
13101
13096
13098
13103
13095
13091
13104
13111
13116
13109
13106
13098
13099
13108
13036
12926
12867
12830
12823
12818
12811
12787
12664
12602
12573
12567
12570
12580
12595
12621
12643
12671
12695
12720
12748
12780
12801
12828
12847
12864
12885
12900
12910
12924
12934
12948
12966
12974
12983
12992
13000
13012
13015
13032
13032
13037
13044
13046
13048
13055
13055
13063
13066
13071
13078
13080
13085
13082
13092
13097
13102
13100
13110
13101
13114
13110
13110
13109
13110
13106
13112
13108
13103
13110
13107
13110
13116
13116
13115
13118
13118
13119
13122
13116
13118
13125
13132
13130
13131
13134
13132
13143
13135
13132
13128
13127
13138
13134
13141
13142
13145
13144
13142
13135
13135
13130
13133
13136
13133
13125
13122
13120
13120
13131
13134
13134
13138
13132
13130
13134
13134
13131
13138
13143
13142
13142
13138
13133
13133
13133
13131
13128
13128
13125
13132
13131
13127
13124
13128
13127
13130
13129
13123
13115
13124
13122
13130
13131
13133
13133
13137
13139
13137
13145
13137
13139
13140
13138
13141
13132
13124
13136
13132
13129
13132
13144
13142
13139
13137
13143
13141
13146
13127
13125
13130
13131
13136
13135
13136
13138
13142
13143
13150
13142
13149
13145
13140
13145
13145
13146
13154
13152
13150
13149
13144
13144
13150
13146
13147
13158
13152
13151
13147
13148
13138
13130
13129
13132
13132
13130
13126
13142
13141
13137
13145
13143
13149
13149
13143
13142
13144
13141
13138
13134
13135
13138
13135
13141
13135
13132
13136
13134
13134
13149
13140
13142
13138
13132
13135
13139
13143
13136
13134
13141
13138
13138
13139
13134
13143
13136
13139
13143
13139
13141
13146
13144
13142
13146
13147
13143
13141
13136
13133
13127
13133
13133
13139
13142
13138
13141
13143
13137
13134
13144
13139
13140
13144
13137
13130
13130
13130
13132
13131
13135
13140
13139
13148
13134
13139
13138
13136
13141
13131
13132
13131
13127
13123
13124
13127
13137
13142
13144
13147
13141
13142
13141
13138
13138
13140
13145
13150
13137
13130
13143
13140
13130
13125
13126
13134
13132
13135
13125
13126
13131
13134
