13107
13113
13113
13111
13114
13113
13116
13113
13104
13110
13108
13117
13117
13113
13114
13118
13116
13121
13118
13112
13114
13118
13126
13125
13116
13121
13117
13116
13125
13126
13131
13139
13134
13132
13133
13122
13120
13122
13110
13113
13112
13122
13128
13125
13131
13129
13120
13127
13128
13132
13131
13130
13141
13137
13139
13137
13139
13142
13133
13131
13139
13137
13134
13138
13136
13146
13146
13147
13150
13146
13142
13140
13137
13129
13133
13129
13131
13134
13132
13136
13135
13131
13126
13128
13133
13128
13131
13136
13142
13138
13140
13138
13143
13140
13135
13134
13139
13146
13141
13144
13143
13146
13142
13148
13146
13149
13147
13137
13134
13129
13123
13131
13126
13131
13137
13138
13133
13143
13137
13142
13141
13139
13136
13126
13126
13124
13120
13122
13125
13132
13132
13137
13142
13138
13136
13136
13141
13140
13137
13126
13125
13122
13115
13117
13120
13122
13125
13122
13121
13129
13134
13138
13133
13134
13135
13128
13127
13137
13129
13125
13125
13130
13129
13136
13124
13127
13125
13133
13124
13126
13132
13137
13140
13135
13141
13142
13145
13150
13150
13150
13139
13152
13146
13147
13134
13133
13132
13131
13130
13126
13123
13130
13125
13122
13126
13130
13135
13137
13130
13133
13140
13138
13140
13139
13138
13130
13127
13137
13134
13140
13140
13138
13150
13143
13142
13141
13145
13142
13142
13135
13140
13147
13138
13142
13132
13133
13125
13124
13133
13134
13135
13141
13141
13139
13139
13133
13133
13134
13133
13133
13140
13139
13144
13141
13132
13130
13133
13134
13135
13139
13134
13132
13138
13133
13134
13145
13139
13138
13136
13136
13137
13141
13146
13143
13140
13155
13148
13140
13141
13139
13133
13134
13130
13122
13129
13129
13126
13132
13131
13133
13135
13138
13132
13135
13137
13130
13138
13143
13141
13142
13138
13137
13145
13142
13136
13137
13141
13143
13140
13138
13138
13136
13134
13140
13142
13140
13134
13132
13131
13134
13140
13143
13142
13135
13143
13132
13133
13133
13135
13139
13151
13146
13143
13137
13132
13130
13131
13135
13128
13128
13132
13130
13140
13136
13136
13134
13137
13136
13129
13134
13133
13132
13133
13138
13134
13128
13133
13132
13130
13132
13130
13146
13144
13141
13137
13133
13130
13136
13136
13133
13131
13133
13139
13138
13137
13134
13132
13139
13135
13138
13134
13128
13131
13131
13130
13131
13129
13131
13129
13135
13134
13131
13133
13135
13132
13130
13139
13136
13133
13136
13137
13140
13132
13133
13135
13135
13130
13137
13138
13127
13130
13128
13129
13134
13136
13142
13136
13141
13133
13140
13139
13137
13143
13135
13138
13138
13134
13138
13131
13137
13134
13131
13129
13134
13137
13144
13145
13139
13142
13138
13137
13136
13137
13132
13144
13132
13134
13142
13136
13132
13133
13127
13128
13127
13130
13126
13130
13133
13130
13138
13132
13133
13145
13138
13142
13146
13142
13148
13153
13146
13146
13143
13142
13143
13132
13132
13142
13138
13142
13143
13146
13142
13133
13129
13137
13130
13126
13137
13142
13142
13150
13147
13146
13146
13137
13141
13145
13148
13151
13147
13137
13138
13146
13140
13135
13138
13138
13140
13140
13139
13131
13132
13133
13143
13087
12638
11853
11147
10565
10219
10069
10006
10042
10104
10232
10340
10486
10618
10775
10914
11059
11184
11317
11425
11535
11632
11738
11824
11909
11981
12061
12128
12195
12242
12303
12354
12403
12441
12486
12521
12556
12589
12623
12662
12686
12722
12751
12778
12800
12819
12835
12853
12869
12890
12917
12923
12937
12952
12969
12981
12995
12994
13006
13011
13017
13016
13020
13026
13029
13036
13038
13049
13060
13065
13070
13082
13081
13082
13084
13093
13096
13098
13099
13107
13107
13110
13106
13099
13097
13099
13102
13104
13109
13101
13110
13113
13115
13126
13128
13123
13122
13121
13125
13119
13116
13120
13124
13138
13139
13141
13148
13141
13142
13134
13135
13136
13142
13137
13142
13140
13143
13145
13141
13150
13141
13128
13136
13138
13142
13134
13131
13137
13131
13137
13133
13124
13125
13136
13137
13141
13136
13138
13137
13139
13147
13142
13143
13146
13141
13148
13139
13137
13146
13137
13130
13132
13131
13127
13120
13125
13131
13135
13133
13138
13129
13133
13130
13130
13132
13126
13120
13127
13130
13123
13139
13135
13131
13137
13133
13145
13142
13143
13142
13138
13144
13138
13133
13137
13136
13131
13125
13123
13136
13130
13124
13126
13124
13128
13121
13122
13127
13132
13129
13135
13131
13121
13126
13128
13121
13129
13127
13132
13129
13126
13134
13138
13137
13139
13134
13133
13136
13135
13135
13140
13135
13129
13126
13128
13126
13129
13126
13132
13148
13140
13141
13144
13141
13138
13133
13137
13144
13140
13138
13135
13122
13130
13134
13138
13141
13136
13137
13141
13139
13139
13147
13145
13144
13146
13151
13153
13155
13153
13148
13146
13146
13142
13134
13138
13134
13129
13134
13129
13131
13128
13123
13128
13125
13126
13125
13132
13128
13130
13133
13139
13132
13130
13133
13134
13143
13138
13126
13132
13129
13127
13138
13129
13124
13129
13125
13126
13134
13140
13147
13145
13152
13146
13149
13154
13147
13145
13148
13145
13148
13151
13145
13151
13150
13153
13147
13145
13155
13152
13151
13151
13135
13138
13135
13136
13139
13136
13134
13147
13146
13137
13144
13131
13135
13133
13128
13137
13136
13139
13137
13137
13134
13129
13137
13142
13136
13136
13131
13125
13126
13123
13125
13133
13134
13136
13139
13138
13144
13145
13143
13148
13143
13150
13156
13155
13157
13154
13155
13161
13155
13142
13147
13149
13147
13155
13146
13139
13131
13140
13136
13135
13133
13133
13133
13138
13135
13134
13135
13135
13144
13140
13140
13141
13141
13144
13149
13148
13146
13147
13141
13142
13129
13128
13133
13134
13139
13140
13129
13133
13136
13134
13136
13134
13133
13135
13128
13134
13137
13145
13139
13137
13143
13140
13144
13147
13147
13146
13142
13137
13133
13138
13142
13139
13133
13135
13131
13136
13136
13136
13134
13137
13137
13137
13137
13132
13127
13134
13139
13153
13146
13138
13147
13142
13140
13143
13135
13140
13140
13141
13135
13135
13135
13133
13134
13144
13153
13147
13150
13149
13149
13150
13145
13137
13139
13138
13138
13143
13144
13142
13135
13139
13134
13131
13126
13126
13128
13131
13126
13136
13134
13134
13141
13141
13140
13140
13135
13137
13141
13141
13132
13132
13133
13132
13132
13132
13126
13131
13130
13131
13141
13139
13141
13152
13157
13160
13149
13147
13141
13138
13138
13145
13137
13141
13146
13138
13138
13140
