13142
13136
13137
13135
13135
13132
13132
13133
13131
13134
13130
13136
13136
13135
13133
13138
13138
13135
13148
13140
13139
13140
13143
13141
13147
13139
13142
13138
13136
13139
13136
13139
13136
13139
13139
13142
13142
13138
13143
13146
13140
13148
13153
13153
13161
13161
13154
13147
13133
13143
13138
13133
13131
13132
13122
13132
13130
13130
13145
13138
13139
13142
13137
13135
13140
13134
13129
13133
13137
13137
13136
13140
13143
13141
13137
13133
13139
13138
13138
13139
13137
13134
13130
13124
13134
13131
13134
13140
13131
13132
13128
13126
13138
13137
13138
13148
13141
13143
13140
13127
13125
13131
13134
13138
13135
13136
13131
13131
13125
13117
13123
13127
13129
13131
13130
13127
13137
13133
13130
13133
13135
13139
13132
13139
13134
13138
13132
13138
13131
13132
13133
13126
13128
13123
13123
13134
13130
13129
13134
13129
13123
13131
13127
13125
13130
13124
13120
13121
13125
13123
13135
13138
13142
13146
13146
13143
13146
13137
13137
13139
13139
13136
13137
13131
13129
13134
13137
13132
13128
13127
13128
13125
13134
13141
13138
13155
13149
13143
13148
13138
13134
13141
13130
13135
13134
13138
13139
13140
13133
13137
13137
13142
13135
13135
13130
13132
13137
13137
13130
13132
13128
13137
13136
13134
13131
13133
13134
13141
13138
13142
13144
13139
13145
13144
13136
13138
13137
13132
13132
13135
13135
13133
13124
13122
13119
13120
13124
13119
13118
13122
13128
13129
13127
13136
13132
13132
13134
13126
13124
13128
13134
13141
13139
13134
13136
13137
13137
13138
13134
13131
13136
13138
13138
13142
13139
13140
13136
13132
13142
13129
13128
13135
13129
13131
13121
13122
13126
13127
13131
13129
13125
13130
13126
13130
13129
13116
13122
13117
13115
13123
13124
13128
13122
13124
13127
13129
13131
13133
13124
13122
13129
13123
13127
13132
13138
13140
13139
13136
13142
13135
13138
13141
13132
13134
13125
13131
13132
13136
13131
13127
13124
13127
13130
13130
13126
13133
13139
13131
13126
13130
13126
13134
13129
13132
13129
13136
13130
13148
13141
13138
13139
13140
13136
13147
13139
13133
13122
13115
13120
13112
13114
13129
13126
13124
13123
13128
13131
13131
13121
13123
13123
13134
13135
13140
13142
13142
13147
13140
13134
13140
13149
13144
13150
13147
13146
13149
13150
13155
13145
13148
13149
13141
13142
13133
13127
13132
13132
13128
13128
13122
13113
13126
13126
13138
13141
13142
13145
13154
13150
13140
13140
13140
13141
13140
13135
13133
13137
13134
13137
13137
13139
13141
13139
13146
13142
13139
13139
13143
13130
13129
13134
13130
13125
13125
13118
13119
13116
13121
13130
13134
13131
13144
13144
13138
13141
13143
13140
13139
13132
13136
13134
13142
13136
13140
13141
13135
13141
13131
13129
13128
13126
13131
13126
13129
13129
13130
13126
13129
13124
13130
13131
13134
13128
13135
13133
13140
13136
13132
13137
13132
13137
13144
13140
13138
13131
13132
13137
13129
13134
13131
13133
13133
13140
13138
13139
13140
13140
13135
13138
13138
13134
13138
13136
13135
13134
13134
13142
13153
13142
13144
13151
13138
13133
13132
13134
13132
13128
13126
13130
13129
13122
13132
13133
13142
13142
13144
13019
12330
11589
11075
10790
10637
10599
10601
10665
10739
10851
10951
11077
11189
11313
11414
11521
11612
11716
11798
11886
11958
12040
12113
12184
12240
12294
12347
12389
12433
12473
12510
12555
12590
12627
12664
12688
12714
12749
12774
12796
12821
12843
12859
12872
12889
12898
12909
12923
12930
12954
12961
12977
12994
13005
13014
13013
13026
13038
13044
13045
13052
13050
13060
13056
13064
13065
13069
13073
13082
13081
13082
13089
13086
13087
13096
13088
13094
13096
13099
13097
13096
13107
13101
13099
13101
13104
13109
13100
13100
13109
13099
13105
13112
13110
13114
13122
13121
13125
13126
13130
13137
13137
13136
13138
13137
13144
13144
13142
13128
13120
13121
13123
13120
13116
13126
13132
13131
13133
13137
13138
13138
13136
13132
13129
13133
13129
13137
13139
13144
13151
13136
13139
13140
13144
13140
13131
13136
13134
13129
13128
13132
13131
13139
13137
13137
13135
13135
13139
13137
13127
13126
13133
13132
13131
13138
13138
13138
13136
13141
13136
13138
13137
13126
13129
13136
13129
13120
13123
13120
13127
13128
13131
13136
13137
13148
13145
13142
13141
13140
13134
13139
13134
13138
13136
13131
13131
13137
13129
13136
13128
13122
13129
13123
13129
13133
13138
13136
13141
13144
13148
13148
13150
13149
13147
13149
13146
13144
13148
13146
13151
13147
13145
13147
13138
13141
13135
13136
13144
13138
13137
13133
13125
13132
13132
13132
13136
13139
13142
13141
13142
13138
13142
13134
13129
13123
13119
13122
13124
13123
13115
13125
13126
13122
13128
13124
13132
13132
13135
13131
13136
13136
13134
13141
13145
13149
13146
13153
13149
13146
13142
13139
13125
13126
13126
13129
13131
13133
13140
13143
13131
13129
13135
13134
13135
13136
13138
13139
13140
13145
13146
13138
13134
13131
13130
13127
13130
13127
13126
13126
13130
13120
13125
13125
13125
13128
13122
13131
13131
13136
13127
13130
13130
13130
13131
13132
13129
13132
13132
13132
13124
13126
13129
13126
13122
13127
13126
13134
13133
13140
13137
13139
13136
13137
13133
13132
13132
13133
13126
13126
13141
13139
13145
13147
13143
13139
13139
13134
13143
13143
13150
13152
13149
13144
13142
13141
13144
13137
13135
13139
13137
13128
13128
13122
13126
13138
13139
13139
13139
13133
13128
13133
13134
13130
13140
13142
13151
13146
13148
13144
13144
13133
13134
13136
13134
13139
13132
13136
13135
13129
13125
13130
13116
13127
13126
13124
13120
13130
13129
13136
13128
13129
13139
13134
13132
13132
13133
13135
13138
13138
13138
13133
13135
13132
13125
13131
13125
13124
13123
13128
13135
13122
13130
13132
13130
13133
13124
13124
13121
13117
13117
13125
13123
13127
13130
13126
13127
13125
13120
13124
13123
13120
13124
13122
13126
13139
13134
13133
13135
13136
13138
13143
13146
13138
13135
13139
13139
13141
13142
13140
13148
13142
13139
13138
13137
13134
13134
13129
13136
13129
13133
13133
13130
13137
13136
13136
13130
13133
13130
13139
13136
13123
13139
13135
13134
13132
13126
13124
13128
13130
13127
13136
13141
13135
13134
13137
13132
13122
13121
13123
13127
13123
13131
13137
13141
13138
13133
13129
13133
13133
13131
13137
13133
13133
13134
13132
13134
13134
13136
13138
13144
13135
13137
13136
13135
13136
13136
13140
13139
13138
13142
13142
13144
13137
