13155
13148
13151
13146
13140
13132
13137
13140
13138
13137
13134
13119
13001
12912
12856
12827
12811
12814
12823
12836
12849
12864
12879
12891
12895
12908
12933
12946
12958
12961
12973
12982
12999
13002
13015
13018
13029
13039
13042
13052
13061
13061
13062
13061
13072
13075
13079
13086
13081
13086
13082
13082
13089
13085
13090
13099
13104
13098
13108
13110
13116
13113
13115
13124
13119
13126
13132
13133
13137
13138
13135
13137
13133
13131
13131
13124
13119
13119
13127
13134
13132
13133
13129
13117
13126
13126
13125
13133
13128
13134
13137
13142
13144
13130
13128
13133
13127
13132
13130
13133
13142
13141
13138
13143
13136
13136
13136
13128
13131
13136
13144
13147
13140
13135
13145
13138
13141
13140
13133
13135
13137
13139
13139
13134
13137
13129
13128
13135
13131
13137
13133
13133
13129
13127
13122
13124
13118
13131
13125
13126
13128
13121
13126
13133
13129
13135
13133
13139
13141
13136
13143
13152
13147
13141
13145
13137
13134
13134
13124
13121
13123
13128
13123
13134
13128
13134
13141
13138
13136
13139
13138
13139
13149
13139
13136
13143
13143
13144
13151
13150
13146
13142
13136
13138
13126
13133
13135
13134
13138
13143
13139
13148
13148
13137
13148
13136
13133
13138
13130
13136
13141
13139
13136
13134
13126
13124
13125
13123
13119
13118
13118
13119
13131
13123
13124
13127
13123
13126
13126
13131
13142
13138
13138
13139
13130
13133
13127
13125
13137
13139
13138
13142
13131
13125
13131
13127
13123
13124
13131
13135
13137
13137
13139
13139
13142
13135
13139
13134
13128
13134
13135
13137
13148
13145
13143
13139
13128
13130
13125
13125
13126
13130
13128
13137
13129
13136
13144
13139
13141
13137
13138
13143
13147
13143
13148
13144
13137
13139
13135
13137
13141
13142
13139
13136
13135
13137
13138
13138
13132
13129
13123
13122
13128
13120
13119
13131
13129
13122
13119
13120
13124
13124
13122
13130
13132
13126
13137
13139
13140
13141
13135
13137
13131
13123
13125
13124
13121
13121
13126
13131
13138
13136
13142
13140
13139
13134
13134
13141
13136
13134
13131
13127
13134
13127
13130
13135
13131
13134
13129
13130
13129
13131
13137
13137
13127
13132
13139
13136
13134
13132
13126
13134
13125
13129
13136
13131
13128
13134
13131
13139
13142
13148
13139
13138
13139
13142
13136
13134
13127
13122
13123
13136
13142
13137
13139
13144
13144
13148
13146
13149
13145
13140
13132
13134
13130
13136
13137
13133
13129
13128
13132
13140
13141
13136
13147
13145
13141
13147
13140
13140
13140
13137
13137
13140
13141
13137
13142
13144
13139
13136
13135
13122
13129
13128
13116
13116
13118
13116
13116
13126
13126
13128
13126
13130
13126
13123
13129
13131
13136
13131
13122
13128
13124
13128
13141
13145
13139
13142
13134
13136
13137
13135
13139
13133
13139
13134
13131
13135
13132
13136
13137
13136
13142
13137
13136
13140
13133
13141
13136
13133
13135
13139
13140
13142
13131
13138
13145
13143
13147
13148
13152
13150
13138
13140
13148
13141
13147
13150
13147
13135
13140
13137
13137
13139
13136
13139
13146
13144
13139
13143
13143
13137
13137
13129
13127
13123
13126
13132
13139
13142
13138
13140
13141
13123
12617
11766
11217
10872
10698
10613
10627
10673
10763
10841
10963
11062
11194
11299
11421
11513
11625
11719
11812
11891
11974
12043
12119
12179
12242
12292
12341
12386
12443
12478
12521
12561
12598
12632
12663
12688
12726
12746
12777
12801
12813
12837
12854
12868
12879
12889
12902
12926
12934
12941
12963
12973
12984
12998
13010
13025
13031
13046
13052
13055
13052
13050
13058
13069
13071
13076
13078
13088
13091
13091
13090
13091
13092
13091
13090
13093
13089
13101
13097
13110
13106
13114
13120
13110
13108
13106
13106
13110
13115
13109
13116
13113
13123
13131
13123
13122
13127
13123
13124
13120
13115
13114
13120
13125
13125
13124
13121
13120
13130
13132
13127
13127
13132
13126
13133
13133
13125
13125
13121
13124
13116
13122
13121
13130
13129
13138
13134
13135
13130
13127
13133
13136
13143
13143
13144
13140
13144
13146
13146
13143
13147
13140
13142
13142
13134
13133
13128
13135
13143
13140
13137
13135
13134
13139
13138
13141
13137
13138
13151
13149
13147
13142
13141
13139
13142
13138
13135
13136
13131
13137
13146
13139
13141
13139
13138
13138
13136
13133
13131
13132
13125
13125
13126
13128
13126
13131
13131
13129
13134
13128
13133
13131
13126
13123
13119
13127
13134
13134
13132
13134
13130
13143
13138
13132
13135
13139
13137
13142
13129
13130
13133
13129
13131
13132
13134
13128
13127
13126
13141
13137
13140
13132
13131
13127
13125
13130
13129
13132
13135
13129
13133
13139
13139
13140
13141
13139
13138
13130
13122
13129
13129
13128
13131
13126
13129
13129
13128
13139
13136
13134
13143
13137
13134
13138
13131
13126
13138
13137
13133
13133
13127
13124
13127
13128
13129
13119
13117
13128
13133
13125
13124
13129
13131
13136
13133
13134
13139
13144
13142
13150
13147
13146
13144
13145
13149
13150
13151
13153
13146
13141
13146
13139
13137
13137
13128
13131
13133
13129
13130
13134
13124
13124
13130
13128
13126
13127
13127
13124
13131
13130
13134
13132
13130
13129
13133
13133
13133
13134
13132
13135
13134
13138
13137
13132
13137
13137
13134
13135
13134
13132
13137
13128
13121
13131
13125
13132
13135
13134
13133
13132
13128
13127
13126
13134
13136
13136
13137
13138
13152
13140
13136
13135
13135
13133
13131
13134
13136
13135
13138
13143
13135
13140
13141
13135
13134
13132
13131
13131
13131
13139
13149
13140
13149
13147
13150
13151
13142
13142
13149
13153
13145
13144
13141
13144
13138
13136
13133
13132
13140
13133
13131
13131
13134
13135
13135
13137
13142
13138
13140
13144
13136
13136
13136
13132
13139
13139
13145
13145
13135
13130
13136
13129
13131
13138
13135
13138
13142
13134
13131
13133
13138
13139
13139
13136
13135
13130
13131
13129
13132
13128
13127
13128
13133
13126
13126
13125
13135
13132
13132
13134
13128
13130
13134
13134
13138
13146
13145
13146
13140
13137
13138
13131
13131
13133
13132
13137
13142
13144
13145
13146
13149
13145
13144
13151
13150
13142
13147
13144
13151
13141
13135
13138
13126
13133
13122
13120
13127
13132
13131
13137
13131
13138
13139
13133
13140
13134
13127
13130
13126
13125
13132
13124
13125
13133
13129
13133
13135
13125
13126
13125
13133
13131
13134
13134
13133
13136
13134
13136
13146
13140
13142
13143
13146
13141
13143
13134
13132
13134
13131
13130
13117
13123
13121
13116
13117
13112
