13128
13129
13128
13132
13127
13126
13130
13131
13126
13125
13130
13130
13130
13137
13138
13134
13130
13137
13134
13136
13138
13131
13135
13137
13133
13135
13136
13139
13140
13132
13139
13144
13146
13139
13139
13131
13134
13134
13135
13140
13135
13140
13139
13133
13128
13137
13131
13138
13130
13125
13130
13132
13134
13139
13135
13138
13137
13146
13144
13143
13149
13141
13145
13146
13146
13140
13142
13138
13146
13134
13137
13138
13134
13134
13136
13135
13134
13132
13126
13134
13126
13133
13136
13132
13129
13135
13139
13138
13134
13134
13137
13141
13138
13148
13142
13142
13144
13141
13145
13144
13144
13136
13136
13137
13138
13139
13135
13135
13137
13126
13129
13127
13130
13134
13131
13138
13138
13130
13129
13131
13124
13125
13128
13130
13132
13136
13133
13135
13125
13131
13138
13135
13129
13137
13131
13137
13142
13135
13131
13129
13128
13126
13137
13137
13132
13138
13139
13139
13138
13135
13133
13138
13128
13135
13131
13138
13134
13142
13139
13142
13136
13138
13142
13137
13137
13138
13135
13141
13140
13141
13145
13136
13142
13136
13136
13132
13130
13128
13124
13120
13118
13117
13117
13117
13122
13118
13118
13118
13135
13132
13128
13136
13138
13137
13136
13133
13139
13140
13146
13145
13141
13146
13140
13138
13141
13138
13130
13135
13135
13127
13128
13123
13118
13136
13135
13134
13129
13129
13134
13137
13134
13130
13123
13127
13125
13129
13128
13129
13142
13134
13141
13144
13137
13149
13151
13139
13139
13136
13133
13133
13129
13125
13127
13122
13125
13126
13125
13130
13127
13123
13139
13135
13128
13131
13127
13130
13137
13134
13131
13125
13127
13131
13136
13128
13121
13124
13124
13131
13134
13126
13127
13137
13136
13134
13134
13131
13140
13147
13144
13146
13137
13136
13133
13128
13125
13124
13129
13137
13132
13133
13134
13124
13125
13133
13126
13126
13131
13132
13133
13138
13140
13134
13145
13142
13142
13134
13140
13131
13135
13132
13133
13144
13146
13146
13148
13147
13145
13143
13143
13138
13134
13139
13133
13130
13127
13130
13131
13137
13141
13138
13137
13132
13142
13145
13134
13142
13145
13139
13144
13141
13151
13153
13153
13154
13145
13147
13149
13139
13148
13137
13140
13136
13133
13134
13134
13142
13140
13135
13136
13138
13132
13139
13139
13134
13141
13139
13127
13135
13139
13133
13137
13133
13128
13129
13128
13126
13133
13134
13126
13136
13134
13135
13144
13145
13142
13142
13145
13140
13145
13130
13126
13125
13123
13130
13130
13128
13132
13134
13132
13137
13129
13133
13139
13136
13130
13132
13139
13145
13143
13135
13143
13133
13126
13128
13118
13123
13132
13135
13136
13138
13139
13139
13145
13144
13144
13144
13144
13142
13144
13132
13125
13125
13118
13125
13119
13116
13124
13123
13121
13130
13126
13134
13141
13138
13141
13137
13132
13139
13131
13116
13119
13112
13116
13126
13133
13133
13132
13133
13140
13141
13150
13147
13148
13156
13146
13154
13157
13155
13162
13159
13158
13155
13151
13148
13139
13139
13137
13134
13131
13133
13126
13136
13140
13138
13138
13132
13124
13129
13121
13120
13133
13124
13128
13134
13124
13128
13130
13138
13134
13140
13139
13139
13139
13135
13122
13123
13132
13130
13132
12901
12246
11529
11054
10781
10655
10606
10642
10679
10735
10813
10913
11019
11136
11243
11361
11466
11579
11670
11762
11842
11931
11994
12071
12135
12194
12252
12312
12363
12407
12454
12502
12537
12581
12619
12653
12678
12710
12731
12759
12772
12795
12812
12828
12855
12870
12891
12905
12924
12932
12941
12957
12970
12981
12988
12996
13000
13007
13022
13020
13021
13034
13036
13041
13051
13058
13064
13062
13068
13066
13071
13071
13080
13081
13097
13094
13100
13104
13105
13122
13111
13112
13115
13118
13113
13123
13120
13123
13118
13121
13126
13120
13120
13121
13119
13124
13127
13130
13135
13139
13136
13148
13147
13147
13147
13142
13140
13138
13132
13129
13124
13124
13120
13126
13130
13129
13128
13126
13123
13135
13134
13126
13125
13126
13128
13130
13136
13139
13137
13145
13143
13144
13143
13135
13125
13015
12933
12875
12846
12826
12824
12832
12841
12849
12861
12867
12886
12901
12921
12930
12942
12953
12961
12972
12983
12990
13003
13009
13011
13023
13020
13023
13032
13047
13051
13059
13064
13064
13072
13068
13081
13076
13088
13094
13098
13102
13108
13103
13110
13107
13107
13119
13113
13108
13107
13108
13107
13106
13109
13111
13106
13114
13111
13116
13114
13119
13122
13116
13113
13128
13126
13134
13134
13130
13134
13134
13135
13139
13133
13124
13126
13118
13121
13120
13131
13132
13134
13140
13152
13146
13136
13135
13135
13130
13130
13131
13132
13132
13137
13135
13132
13129
13125
13134
13138
13130
13128
13123
13122
13126
13123
13125
13132
13128
13131
13134
13132
13133
13131
13139
13145
13143
13144
13144
13138
13135
13134
13132
13142
13140
13137
13145
13135
13129
13131
13128
13129
13134
13138
13140
13131
13145
13146
13154
13148
13142
13146
13141
13144
13142
13140
13140
13139
13132
13134
13121
13120
13126
13134
13134
13134
13125
13130
13133
13129
13133
13138
13134
13140
13138
13127
13129
13121
13118
13122
13117
13120
13120
13126
13125
13126
13131
13139
13141
13140
13137
13134
13130
13126
13138
13134
13135
13136
13133
13142
13139
13133
13139
13137
13144
13141
13131
13135
13126
13132
13135
13127
13128
13137
13128
13129
13133
13127
13126
13127
13122
13128
13126
13131
13134
13145
13146
13141
13140
13142
13147
13148
13147
13143
13145
13131
13126
13132
13133
13135
13133
13134
13141
13138
13133
13141
13140
13139
13146
13146
13142
13138
13144
13143
13134
13129
13133
13137
13136
13140
13136
13142
13143
13144
13146
13148
13144
13144
13147
13153
13150
13147
13137
13142
13149
13141
13135
13144
13142
13141
13129
13125
13129
13133
13129
13129
13129
13132
13140
13138
13135
13138
13141
13147
13140
13133
13140
13138
13141
13134
13135
13134
13132
13135
13133
13131
13128
13130
13134
13142
13137
13135
13133
13141
13148
13141
13141
13135
13137
13138
13135
13133
13130
13136
13139
13146
13132
13136
13136
13133
13135
13132
13124
13130
13127
13123
13135
13126
13122
13130
13125
13127
13126
13137
13137
13137
13134
13132
13136
13138
13134
13133
13127
13125
13122
13122
13119
13119
13121
13128
13124
13129
13135
13137
13132
13129
13121
13121
13124
13131
13139
13141
13137
13138
13135
13134
13142
13140
13135
13134
13128
13129
13134
13136
13128
13120
13122
13126
13131
13139
13139
13137
13138
13137
13140
13138
