13135
13128
13134
13134
13128
13127
13126
13132
13137
13143
13147
13140
13141
13134
13132
13128
13128
13136
13147
13145
13153
13155
13159
13160
13162
13157
13146
13144
13142
13141
13135
13139
13137
13146
13146
13142
13145
13138
13140
13138
13133
13134
13131
13126
13133
13129
13128
13132
13125
13121
13132
13129
13127
13138
13133
13128
13119
13125
13123
13131
13137
13138
13142
13140
13142
13136
13138
13134
13144
13128
13123
13128
13129
13124
13130
13131
13124
13130
13128
13128
13125
13124
13120
13124
13130
13137
13142
13143
13143
13135
13137
13135
13138
13138
13139
13135
13133
13134
13134
13132
13132
13128
13127
13130
13128
13129
13127
13126
13137
13132
13132
13137
13131
13131
13127
13133
13126
13131
13134
13139
13133
13128
13134
13124
13130
13127
13129
13132
13124
13118
13128
13122
13127
13132
13128
13126
13125
13122
13125
13124
13125
13122
13126
13134
13134
13126
13119
13127
13129
13126
13126
13129
13131
13140
13137
13131
13120
13119
13115
13114
13108
13115
13116
13120
13119
13124
13129
13136
13136
13137
13140
13130
13124
13127
13124
13126
13128
13136
13138
13137
13134
13131
13144
13138
13136
13134
13134
13131
13136
13134
13132
13126
13124
13131
13125
13128
13125
13124
13127
13133
13140
13142
13147
13151
13151
13150
13147
13146
13146
13148
13152
13140
13139
13143
13138
13136
13136
13134
13141
13139
13137
13139
13140
13141
13137
13136
13137
13143
13151
13145
13129
13136
13137
13134
13139
13135
13129
13130
13123
13129
13124
13125
13123
13126
13126
13125
13125
13130
13125
13119
13131
13127
13126
13132
13129
13130
13126
13136
13138
13135
13026
12934
12881
12848
12829
12817
12824
12832
12851
12855
12868
12889
12902
12918
12933
12942
12958
12975
12982
12993
12994
13005
13019
13027
13037
13039
13042
13061
13058
13058
13077
13073
13067
13074
13077
13085
13089
13094
13090
13089
13088
13087
13086
13095
13094
13100
13097
13099
13097
13090
13102
13105
13109
13108
13115
13113
13117
13122
13122
13128
13128
13123
13131
13127
13137
13132
13128
13138
13137
13139
13138
13134
13131
13129
13122
13126
13124
13128
13133
13128
13128
13126
13122
13122
13123
13121
13125
13128
13132
13121
13122
13130
13131
13136
13132
13127
13128
13130
13130
13132
13129
13132
13131
13133
13135
13136
13142
13145
13138
13134
13137
13131
13131
13144
13150
13146
13142
13134
13132
13138
13139
13138
13134
13135
13142
13138
13134
13122
13128
13121
13125
13128
13132
13125
13133
13130
13131
13135
13134
13137
13136
13140
13142
13137
13142
13138
13132
13129
13126
13121
13131
13123
13124
13127
13120
13120
13125
13136
13133
13125
13124
13121
13126
13128
13134
13132
13131
13119
13128
13121
13124
13123
13118
13126
13127
13123
13125
13123
13125
13130
13130
13131
13135
13130
13133
13134
13134
13140
13130
13134
13145
13133
13130
13133
13139
13137
13142
13139
13132
13143
13133
13137
13142
13140
13134
13133
13139
13138
13148
13142
13141
13143
13148
13148
13142
13141
13137
13134
13131
13131
13128
13131
13144
13141
13147
13142
13145
13147
13144
13136
13140
13130
13125
13128
13126
13125
13133
13130
13138
13139
13135
13130
13121
13123
13129
13128
13101
12636
11419
10551
10058
9767
9664
9637
9718
9817
9964
10104
10270
10420
10587
10727
10877
11007
11146
11265
11382
11491
11595
11688
11796
11872
11963
12032
12108
12172
12240
12281
12337
12381
12427
12468
12507
12551
12590
12632
12671
12692
12727
12741
12762
12788
12811
12828
12852
12866
12885
12901
12909
12924
12933
12947
12961
12964
12980
12987
13001
13010
13012
13012
13031
13038
13040
13048
13051
13064
13072
13072
13071
13074
13083
13076
13073
13069
13077
13088
13090
13096
13097
13096
13098
13099
13099
13099
13098
13096
13100
13102
13100
13109
13107
13114
13110
13109
13106
13109
13109
13119
13118
13117
13120
13113
13116
13115
13107
13108
13112
13121
13125
13122
13124
13124
13122
13133
13139
13134
13128
13131
13141
13139
13134
13132
13123
13125
13128
13131
13126
13125
13128
13130
13130
13138
13139
13141
13145
13142
13137
13140
13135
13134
13137
13130
13141
13140
13132
13126
13132
13133
13126
13130
13128
13124
13135
13139
13137
13134
13132
13134
13134
13127
13135
13140
13134
13132
13133
13139
13134
13129
13123
13124
13119
13124
13128
13124
13126
13122
13123
13120
13109
13108
13122
13122
13120
13128
13126
13129
13133
13128
13132
13135
13133
13128
13124
13126
13127
13129
13128
13136
13141
13130
13129
13135
13140
13142
13139
13139
13137
13141
13141
13141
13140
13140
13147
13140
13144
13139
13143
13149
13148
13139
13139
13127
13130
13133
13129
13136
13137
13136
13132
13134
13137
13135
13133
13132
13138
13134
13135
13139
13144
13141
13143
13146
13140
13139
13142
13138
13141
13147
13147
13141
13133
13136
13133
13128
13133
13123
13129
13134
13129
13133
13136
13120
13118
13118
13111
13120
13125
13125
13126
13133
13136
13138
13143
13144
13140
13147
13150
13141
13144
13138
13143
13145
13143
13142
13142
13138
13132
13124
13128
13134
13134
13130
13135
13137
13134
13133
13137
13139
13138
13140
13142
13133
13141
13143
13138
13143
13148
13143
13143
13143
13141
13130
13128
13127
13122
13125
13119
13132
13135
13123
13118
13128
13118
13120
13122
13121
13120
13130
13126
13125
13123
13130
13134
13129
13137
13131
13131
13132
13129
13127
13135
13130
13126
13128
13136
13135
13140
13136
13130
13133
13136
13133
13130
13127
13128
13133
13131
13126
13136
13134
13136
13133
13139
13140
13146
13146
13144
13133
13131
13124
13131
13139
13137
13134
13141
13145
13139
13140
13134
13128
13132
13130
13126
13135
13131
13133
13128
13132
13126
13133
13134
13138
13134
13135
13127
13129
13126
13123
13129
13125
13118
13128
13125
13130
13119
13123
13131
13130
13135
13137
13135
13136
13137
13130
13128
13130
13131
13132
13120
13129
13140
13138
13137
13137
13137
13142
13151
13143
13142
13140
13137
13137
13139
13140
13133
13135
13130
13131
13134
13125
13129
13135
13135
13137
13131
13132
13136
13141
13140
13142
13133
13135
13138
13133
13146
13139
13141
13152
13147
13146
13152
13146
13138
13139
13140
13138
13132
13125
13126
13126
13126
13130
13126
13130
13122
13128
13132
13130
13138
13139
13138
13142
13138
13137
13133
13132
13129
13129
13131
13130
13120
13130
13136
13141
13135
13134
13130
13135
13131
13122
13126
13127
13124
13133
13131
13134
13128
13130
13133
13134
13140
13139
13145
13147
13146
13141
13131
13130
13131
13118
