13118
13132
13141
13149
13154
13152
13152
13157
13154
13146
13137
13137
13133
13134
13128
13131
13137
13138
13138
13136
13130
13128
13131
13133
13132
13130
13127
13125
13129
13124
13123
13125
13118
13132
13134
13132
13134
13143
13141
13140
13134
13135
13131
13124
13130
13129
13127
13135
13132
13131
13141
13134
13132
13142
13137
13138
13136
13134
13137
13137
13144
13141
13144
13142
13134
13138
13136
13135
13135
13124
13112
13119
13119
13124
13116
13120
13128
13129
13134
13135
13123
13135
13134
13133
13126
13126
13122
13127
13129
13124
13126
13126
13125
13128
13128
13119
13120
13122
13129
13138
13137
13133
13132
13132
13125
13131
13133
13133
13143
13138
13134
13138
13134
13137
13135
13136
13134
13133
13132
13132
13121
13122
13126
13130
13128
13125
13125
13132
13131
13128
13135
13128
13131
13135
13129
13125
13125
13130
13115
13119
13123
13126
13130
13143
13145
13147
13143
13138
13145
13141
13141
13140
13142
13140
13136
13137
13130
13127
13127
13132
13134
13139
13134
13133
13139
13141
13143
13142
13141
13137
13142
13142
13147
13157
13153
13154
13148
13140
13139
13139
13131
13131
13127
13130
13125
13133
13140
13133
13139
13138
13125
13130
13129
13130
13124
13127
13126
13125
13120
13128
13117
13124
13125
13131
13129
13128
13130
13143
13141
13139
13147
13135
13132
13138
13125
13137
13127
13123
13125
13127
13123
13130
13133
13130
13126
13124
13131
13128
13135
13128
13134
13140
13143
13140
13140
13139
13138
13140
13139
13145
13144
13143
13143
13147
13143
13139
13141
13142
13130
13131
13136
13137
13135
13146
13136
13138
13132
13136
13134
13134
13135
13133
13134
13140
13128
13129
13133
13135
13134
13132
13135
13129
13122
13119
13118
13121
13120
13128
13128
13135
13132
13132
13127
13129
13133
13137
13143
13155
13156
13150
13151
13144
13138
13138
13141
13145
13149
13149
13143
13145
13152
13151
13149
13147
13144
13142
13143
13145
13145
13145
13142
13142
13144
13135
13139
13143
13141
13140
13139
13146
13125
13133
13136
13125
13127
13134
13126
13131
13123
13121
13130
13127
13124
13131
13127
13133
13138
13142
13135
13138
13135
13138
13137
13141
13138
13141
13135
13136
13140
13137
13140
13146
13149
13147
13149
13152
13150
13147
13149
13152
13140
13137
13136
13137
13138
13138
13138
13137
13126
13126
13126
13121
13118
13124
13124
13129
13127
13128
13133
13137
13132
13131
13129
13146
13153
13145
13138
13144
13146
13139
13133
13129
13125
13128
13125
13126
13135
13134
13141
13143
13145
13154
13156
13159
13150
13151
13148
13146
13144
13136
13135
13135
13129
13125
13119
13123
13124
13123
13125
13126
13131
13135
13133
13137
13133
13140
13145
13145
13153
13141
13134
13146
13139
13139
13140
13133
13129
13134
13134
13146
13133
13122
13122
13115
13110
13114
13113
13117
13123
13125
13138
13141
13148
13155
13163
13170
13165
13159
13161
13147
13146
13139
13140
13143
13133
13134
13133
13136
13144
13131
13133
13139
13134
13140
13134
13129
13130
13136
13134
13145
13137
13138
13142
13138
13134
13132
13135
13137
13142
13139
13139
13129
13126
13132
13128
13135
13135
13138
13137
13140
13136
13136
13142
13141
13145
13145
13138
12920
12586
12150
11864
11690
11609
11579
11524
11444
11447
11471
11533
11596
11668
11740
11816
11892
11975
12037
12106
12171
12233
12285
12348
12390
12439
12487
12524
12558
12592
12624
12657
12691
12719
12736
12763
12784
12812
12839
12858
12875
12891
12905
12905
12914
12926
12940
12955
12961
12970
12983
13001
13014
13018
13035
13038
13042
13045
13046
13046
13052
13058
13062
13074
13078
13070
13081
13085
13089
13093
13100
13104
13113
13109
13108
13112
13109
13114
13115
13109
13105
13103
13100
13099
13103
13103
13108
13104
13107
13104
13112
13114
13126
13126
13128
13129
13132
13140
13138
13134
13141
13140
13133
13137
13133
13128
13137
13127
13130
13131
13134
13136
13138
13141
13128
13134
13133
13135
13130
13132
13136
13151
13140
13136
13127
13121
13124
13131
13128
13134
13132
13135
13140
13134
13132
13130
13129
13136
13135
13127
13128
13138
13139
13140
13130
13124
13133
13129
13132
13129
13125
13127
13131
13127
13132
13128
13126
13130
13129
13132
13127
13141
13136
13139
13142
13149
13143
13149
13149
13148
13139
13134
13137
13124
13121
13121
13122
13122
13137
13136
13141
13138
13136
13139
13137
13134
13134
13127
13130
13133
13132
13134
13141
13139
13137
13142
13143
13143
13137
13142
13137
13134
13129
13133
13137
13126
13130
13126
13126
13126
13130
13124
13135
13127
13126
13125
13129
13120
13127
13125
13134
13126
13125
13138
13130
13125
13138
13130
13135
13142
13143
13148
13150
13154
13146
13140
13146
13136
13137
13134
13136
13141
13133
13129
13131
13133
13135
13136
13143
13147
13136
13137
13138
13126
13131
13133
13132
13133
13133
13136
13139
13135
13129
13131
13126
13132
13137
13128
13135
13131
13127
13134
13132
13134
13126
13126
13131
13129
13132
13131
13131
13140
13132
13134
13139
13137
13138
13140
13134
13137
13137
13139
13144
13140
13149
13144
13141
13135
13135
13142
13148
13146
13139
13147
13146
13139
13139
13134
13131
13136
13138
13134
13137
13132
13124
13124
13129
13131
13133
13134
13133
13135
13133
13139
13142
13140
13139
13138
13134
13141
13146
13141
13142
13146
13140
13144
13153
13154
13159
13157
13154
13155
13147
13152
13144
13152
13148
13145
13145
13146
13145
13150
13153
13150
13146
13146
13151
13148
13149
13156
13144
13148
13144
13147
13150
13132
13134
13135
13127
13129
13123
13119
13131
13120
13115
13126
13128
13129
13131
13129
13138
13133
13135
13142
13134
13134
13137
13134
13138
13146
13144
13145
13148
13145
13140
13137
13141
13134
13133
13135
13134
13135
13132
13139
13132
13134
13128
13135
13134
13130
13133
13129
13136
13132
13132
13133
13137
13137
13131
13131
13129
13128
13122
13130
13136
13134
13136
13137
13143
13143
13149
13146
13147
13146
13144
13143
13138
13141
13137
13135
13135
13133
13122
13119
13121
13128
13130
13134
13137
13145
13139
13142
13142
13131
13138
13138
13134
13144
13136
13132
13139
13140
13141
13148
13147
13152
13153
13149
13145
13139
13130
13125
13126
13129
13125
13130
13129
13130
13130
13130
13130
13137
13128
13127
13134
13130
13139
13135
13134
13137
13130
13128
13133
13127
13133
13130
13136
13133
13142
13133
13138
13133
13130
13145
13138
13135
13138
13140
13139
13137
13132
13121
13121
13123
13114
13118
13118
13114
13128
13122
13123
13128
13132
