13126
13132
13137
13136
13132
13136
13131
13139
13137
13136
13138
13140
13134
13138
13132
13134
13138
13144
13141
13138
13130
13131
13134
13135
13139
13137
13138
13132
13135
13126
13120
13132
13133
13140
13142
13146
13144
13141
13134
13138
13137
13137
13144
13146
13148
13151
13154
13149
13139
13137
13143
13141
13136
13147
13146
13149
13152
13151
13151
13147
13146
13142
13135
13132
13134
13134
13132
13135
13141
13135
13140
13141
13133
13136
13138
13136
13133
13120
13119
13123
13108
13114
13119
13122
13126
13120
13126
13131
13133
13129
13137
13129
13133
13135
13135
13137
13144
13142
13148
13147
13145
13140
13142
13140
13149
13156
13150
13144
13143
13136
13130
13131
13127
13126
13122
13125
13130
13125
13128
13134
13130
13130
13136
13131
13133
13131
13137
13142
13138
13130
13137
13136
13136
13135
13134
13138
13143
13149
13144
13144
13141
13145
13139
13138
13134
13130
13126
13132
13135
13130
13127
13130
13132
13124
13125
13122
13119
13124
13128
13131
13121
13127
13133
13131
13139
13135
13130
13131
13133
13132
13132
13130
13124
13127
13123
13129
13131
13132
13126
13128
13136
13134
13134
13134
13131
13133
13127
13128
13134
13135
13134
13135
13135
13129
13124
13125
13134
13132
13128
13137
13126
13132
13134
13135
13140
13142
13135
13147
13138
13137
13134
13136
13126
13129
13125
13122
13119
13125
13131
13131
13131
13132
13129
13133
13135
13141
13136
13136
13144
13135
13137
13135
13138
13142
13150
13144
13138
13139
13135
13136
13131
13130
13124
13118
13119
13126
13131
13135
13126
13126
13135
13129
13133
13145
13144
13145
13144
13138
13142
13141
13141
13134
13134
13136
13134
13142
13146
13140
13143
13137
13138
13148
13148
13152
13151
13152
13147
13145
13140
13137
13127
13128
13133
13128
13123
13121
13121
13127
13125
13125
13132
13128
13124
13132
13127
13126
13134
13135
13134
13137
13138
13134
13136
13137
13132
13131
13130
13131
13138
13138
13134
13142
13122
13127
13129
13131
13126
13134
13129
13134
13137
13136
13140
13137
13133
13128
13132
13130
13129
13130
13136
13128
13125
13125
13120
13122
13118
13127
13135
13137
13143
13138
13140
13142
13139
13135
13134
13137
13145
13143
13140
13141
13133
13138
13135
13127
13125
13124
13119
13121
13124
13122
13131
13137
13142
13134
13134
13139
13136
13131
13139
13132
13131
13136
13134
13131
13136
13137
13139
13138
13142
13137
13137
13135
13142
13133
13135
13132
13128
13122
13123
13128
13122
13127
13124
13124
13125
13121
13120
13120
13117
13116
13122
13115
13119
13118
13124
13123
13123
13119
13128
13122
13125
13134
13139
13140
13133
13134
13132
13136
13144
13131
13131
13137
13132
13130
13131
13129
13138
13131
13131
13140
13136
13137
13143
13133
13141
13140
13147
13154
13150
13149
13161
13152
13153
13142
13137
13135
13135
13131
13139
13135
13135
13140
13141
13144
13140
13136
13138
13140
13148
13138
13145
13146
13146
13145
13147
13139
13147
13141
13147
13141
13141
13147
13151
13148
13145
13147
13145
13138
13140
13145
13136
13137
13132
13133
13133
13137
13132
13127
13129
13125
13123
13129
13128
13131
13131
13128
13134
13130
13129
13126
13091
12456
11462
10532
9904
9546
9401
9348
9412
9503
9656
9804
9991
10151
10339
10489
10659
10801
10960
11082
11216
11330
11456
11554
11665
11756
11844
11923
12003
12067
12138
12196
12253
12303
12359
12407
12457
12494
12548
12578
12614
12649
12676
12691
12726
12746
12779
12791
12811
12837
12866
12885
12905
12915
12932
12943
12958
12970
12973
12983
12989
13003
13010
13009
13014
13032
13037
13036
13047
13056
13060
13068
13065
13068
13074
13080
13083
13091
13088
13089
13085
13085
13092
13095
13102
13104
13114
13115
13122
13125
13124
13122
13116
13122
13118
13122
13122
13126
13125
13121
13119
13122
13117
13116
13126
13129
13128
13125
13128
13125
13119
13123
13115
13119
13119
13121
13109
13116
13121
13125
13129
13135
13130
13128
13137
13130
13133
13123
13118
13131
13120
13121
13121
13124
13124
13134
13128
13128
13125
13132
13137
13135
13135
13137
13137
13137
13139
13134
13140
13129
13121
13129
13130
13132
13131
13130
13130
13133
13135
13132
13129
13131
13130
13134
13146
13142
13148
13138
13129
13132
13126
13127
13125
13118
13123
13116
13114
13121
13123
13126
13129
13124
13126
13134
13142
13153
13144
13139
13149
13142
13149
13158
13149
13147
13134
13138
13127
13134
13131
13129
13129
13135
13137
13132
13126
13122
13127
13120
13126
13129
13128
13131
13130
13138
13136
13137
13135
13127
13133
13129
13131
13127
13126
13123
13136
13139
13137
13131
13138
13135
13136
13144
13137
13133
13137
13139
13132
13140
13131
13130
13133
13131
13134
13131
13138
13139
13142
13134
13128
13130
13137
13133
13131
13132
13132
13132
13141
13142
13135
13130
13127
13126
13135
13130
13133
13138
13132
13126
13133
13126
13122
13133
13126
13130
13126
13138
13143
13139
13138
13138
13136
13130
13132
13130
13130
13135
13145
13138
13140
13141
13140
13136
13129
13126
13129
13131
13140
13137
13130
13137
13141
13141
13135
13135
13129
13133
13126
13124
13135
13130
13118
13125
13126
13129
13128
13125
13125
13127
13128
13120
13124
13124
13124
13128
13131
13135
13145
13137
13143
13150
13156
13147
13150
13144
13149
13143
13142
13148
13143
13142
13147
13146
13143
13144
13138
13137
13140
13138
13143
13144
13140
13143
13135
13138
13132
13129
13132
13131
13129
13120
13121
13128
13132
13123
13120
13126
13128
13130
13131
13135
13136
13138
13129
13135
13133
13130
13135
13133
13133
13132
13134
13130
13126
13130
13126
13136
13128
13132
13139
13134
13132
13139
13136
13138
13139
13136
13135
13132
13137
13138
13140
13136
13124
13123
13122
13126
13138
13137
13139
13148
13151
13151
13152
13144
13142
13145
13142
13140
13133
13130
13129
13122
13124
13125
13127
13131
13124
13120
13133
13125
13117
13124
13113
13117
13129
13139
13142
13146
13146
13142
13141
13141
13141
13144
13141
13140
13145
13139
13140
13146
13138
13132
13137
13132
13135
13139
13142
13142
13137
13133
13134
13132
13135
13136
13138
13140
13133
13126
13127
13131
13128
13133
13135
13134
13128
13129
13132
13126
13129
13126
13123
13129
13128
13132
13137
13139
13143
13138
13137
13139
13139
13138
13135
13138
13140
13140
13142
13148
13151
13153
13152
13149
13150
13141
13141
13139
13134
13127
13134
13136
13140
13141
13142
13137
13141
13137
13138
13138
13140
13134
13125
13126
13125
13127
13133
13130
13140
13135
