13143
13142
13144
13138
13139
13135
13138
13141
13133
13131
13134
13135
13133
13132
13123
13126
13122
13112
13121
13116
13122
13126
13126
13128
13134
13136
13135
13147
13150
13140
13145
13141
13138
13140
13127
13130
13129
13125
13126
13125
13118
13126
13123
13128
13135
13134
13132
13137
13135
13139
13139
13131
13137
13137
13131
13132
13127
13128
13132
13126
13123
13123
13127
13125
13126
13126
13123
13128
13130
13137
13139
13148
13145
13143
13136
13140
13143
13137
13131
13131
13128
13130
13133
13124
13127
13124
13126
13134
13134
13139
13138
13145
13152
13149
13137
13143
13130
13129
13133
13124
13126
13126
13126
13124
13126
13123
13117
13110
13115
13117
13122
13125
13129
13130
13139
13141
13144
13135
13128
13126
13130
13134
13127
13127
13128
13129
13127
13135
13129
13138
13136
13135
13135
13132
13133
13139
13138
13139
13146
13136
13136
13135
13136
13134
13137
13135
13135
13138
13140
13138
13139
13139
13135
13138
13133
13133
13132
13125
13128
13127
13119
13120
13119
13119
13125
13128
13125
13128
13128
13132
13132
13126
13129
13139
13130
13136
13131
13125
13131
13129
13120
13126
13127
13130
13126
13125
13126
13124
13148
13138
13139
13144
13144
13145
13142
13142
13157
13146
13141
13145
13134
13133
13129
13130
13131
13135
13131
13133
13123
13126
13121
13122
13127
13135
13136
13139
13140
13137
13140
13136
13132
13140
13134
13139
13141
13136
13141
13140
13145
13144
13147
13134
13133
13134
13125
13115
13121
13121
13124
13124
13129
13127
13123
13131
13128
13129
13129
13130
13128
13134
13132
13131
13138
13140
13140
13147
13143
13146
13152
13149
13147
13148
13150
13148
13141
13132
13130
13123
13131
13128
13127
13132
13134
13130
13127
13132
13128
13135
13131
13137
13146
13156
13157
13151
13155
13149
13146
13142
13138
13139
13141
13136
13138
13136
13136
13142
13127
13122
13135
13132
13135
13138
13135
13143
13148
13141
13130
13132
13125
13118
13123
13123
13125
13133
13128
13138
13139
13139
13135
13143
13142
13140
13134
13136
13130
13129
13131
13131
13128
13131
13135
13138
13139
13141
13143
13147
13129
13136
13142
13135
13129
13127
13133
13135
13124
13122
13124
13131
13137
13132
13132
13136
13133
13138
13137
13143
13143
13136
13131
13138
13133
13143
13144
13149
13154
13152
13147
13144
13140
13137
13136
13133
13133
13138
13136
13139
13131
13126
13129
13120
13125
13126
13132
13134
13140
13137
13140
13135
13135
13138
13135
13138
13129
13136
13134
13129
13137
13131
13128
13133
13133
13135
13130
13135
13141
13138
13136
13138
13136
13135
13128
13130
13138
13135
13132
13148
13137
13136
13140
13135
13135
13141
13140
13143
13144
13142
13136
13143
13142
13135
13134
13132
13131
13132
13132
13129
13130
13135
13138
13140
13141
13141
13142
13143
13142
13132
13131
13132
13124
13129
13130
13123
13126
13122
13120
13129
13124
13129
13129
13133
13131
13138
13131
13135
13132
13131
13128
13128
13129
13126
13127
13128
13132
13131
13127
13125
13134
13130
13130
13134
13126
13136
13133
13132
13133
13135
13126
13133
13134
13143
13147
13139
13144
13146
13147
13156
13147
13142
13136
13121
13120
13128
13122
13012
12582
11991
11544
11215
10930
10747
10704
10699
10758
10824
10931
11022
11135
11233
11354
11454
11561
11648
11746
11826
11916
11981
12061
12118
12186
12243
12310
12359
12420
12463
12504
12552
12591
12623
12661
12694
12728
12751
12772
12786
12808
12833
12848
12864
12882
12888
12895
12910
12922
12936
12949
12959
12979
12992
13004
13017
13023
13025
13036
13036
13040
13051
13054
13073
13075
13083
13081
13078
13085
13087
13093
13098
13103
13100
13102
13092
13088
13093
13092
13092
13093
13103
13101
13109
13106
13101
13101
13112
13106
13113
13115
13109
13112
13109
13113
13114
13112
13113
13116
13119
13116
13124
13126
13135
13128
13133
13134
13131
13132
13130
13125
13136
13128
13131
13139
13135
13134
13139
13135
13134
13132
13128
13126
13134
13135
13136
13141
13142
13141
13136
13137
13136
13150
13144
13139
13142
13142
13141
13145
13140
13146
13146
13147
13151
13140
13145
13143
13141
13135
13138
13136
13141
13142
13139
13138
13138
13137
13149
13134
13138
13134
13135
13136
13131
13135
13127
13138
13132
13128
13124
13121
13125
13127
13126
13128
13137
13137
13142
13139
13137
13139
13143
13141
13142
13137
13140
13136
13132
13132
13127
13127
13131
13131
13133
13135
13131
13134
13139
13139
13133
13141
13140
13141
13140
13140
13139
13137
13139
13134
13131
13132
13125
13131
13128
13128
13134
13133
13131
13129
13130
13133
13138
13126
13141
13131
13137
13136
13134
13132
13131
13133
13138
13131
13125
13132
13134
13134
13140
13131
13134
13132
13136
13129
13127
13125
13123
13125
13125
13125
13125
13119
13123
13131
13124
13119
13122
13124
13130
13135
13135
13139
13134
13137
13136
13127
13130
13135
13131
13130
13130
13126
13136
13133
13137
13142
13136
13135
13138
13132
13139
13141
13140
13135
13138
13140
13136
13142
13138
13130
13133
13137
13141
13148
13138
13137
13139
13136
13133
13129
13128
13127
13130
13124
13131
13128
13128
13129
13129
13132
13138
13134
13140
13134
13134
13156
13138
13132
13134
13128
13133
13141
13147
13134
13140
13145
13139
13136
13145
13142
13148
13149
13140
13144
13129
13129
13137
13129
13132
13132
13133
13141
13142
13137
13137
13129
13134
13137
13135
13139
13142
13145
13153
13145
13135
13150
13147
13145
13152
13144
13149
13149
13147
13138
13137
13136
13137
13132
13134
13128
13138
13131
13130
13132
13123
13123
13128
13129
13133
13134
13138
13137
13136
13136
13138
13134
13138
13141
13147
13150
13138
13130
13134
13127
13123
13135
13129
13126
13133
13128
13138
13136
13143
13136
13140
13139
13137
13137
13140
13144
13141
13139
13140
13140
13137
13135
13136
13140
13134
13135
13141
13137
13137
13133
13127
13115
13122
13125
13126
13133
13139
13135
13137
13142
13140
13143
13146
13140
13139
13137
13147
13147
13147
13143
13146
13141
13136
13136
13138
13141
13142
13140
13139
13139
13129
13129
13138
13135
13133
13125
13129
13126
13130
13125
13132
13130
13134
13133
13125
13121
13123
13126
13130
13129
13127
13135
13134
13136
13141
13144
13139
13141
13142
13146
13141
13145
13142
13140
13145
13150
13144
13137
13138
13137
13124
13121
13123
13122
13122
13127
13128
13125
13132
13132
13139
13130
13140
13152
13146
13141
13137
13137
13142
13141
13136
13133
13132
13129
13136
13134
13134
13138
13133
13137
13132
13134
13131
