13129
13133
13137
13133
13142
13142
13137
13138
13137
13132
13130
13129
13134
13135
13139
13136
13136
13142
13143
13139
13144
13146
13143
13145
13140
13135
13132
13134
13137
13135
13132
13137
13135
13135
13129
13132
13142
13140
13145
13139
13136
13127
13132
13130
13123
13122
13122
13121
13121
13120
13130
13135
13143
13143
13143
13137
13133
13126
13126
13130
13137
13136
13131
13131
13122
13132
13127
13127
13124
13123
13118
13129
13127
13131
13136
13131
13132
13128
13119
13121
13119
13119
13125
13118
13117
13121
13123
13119
13116
13111
13117
13117
13120
13121
13127
13125
13121
13123
13120
13120
13131
13123
13128
13133
13132
13136
13142
13140
13144
13144
13138
13131
13126
13127
13131
13132
13130
13126
13125
13142
13133
13132
13146
13141
13137
13145
13143
13139
13138
13132
13135
13129
13132
13129
13125
13131
13128
13131
13130
13128
13138
13132
13125
13132
13133
13136
13140
13138
13135
13139
13138
13138
13130
13128
13128
13129
13133
13131
13130
13135
13134
13134
13141
13140
13144
13140
13140
13142
13137
13138
13132
13127
13131
13125
13128
13130
13137
13139
13140
13139
13149
13146
13142
13134
13133
13137
13136
13131
13128
13127
13121
13127
13119
13125
13125
13125
13128
13125
13126
13135
13132
13135
13139
13133
13130
13138
13139
13141
13138
13136
13139
13137
13136
13139
13141
13143
13140
13139
13132
13138
13139
13140
13144
13143
13140
13146
13147
13145
13144
13141
13136
13142
13139
13133
13135
13137
13139
13133
13132
13134
13127
13127
13133
13131
13129
13133
13127
13130
13134
13129
13126
13131
13134
13132
13136
13135
13125
13127
13133
13134
13150
13150
13146
13149
13152
13145
13142
13141
13134
13133
13129
13129
13117
13114
13113
13110
13115
13115
13122
13124
13129
13131
13143
13138
13130
13130
13120
13119
13122
13121
13127
13122
13133
13132
13137
13146
13147
13150
13151
13149
13149
13142
13135
13137
13136
13137
13134
13134
13135
13137
13133
13138
13128
13131
13132
13114
13126
13124
13120
13069
12943
12877
12841
12822
12813
12811
12814
12823
12835
12855
12872
12885
12904
12913
12930
12938
12955
12966
12978
12994
13007
13007
13013
13023
13021
13022
13025
13037
13036
13047
13047
13054
13059
13063
13065
13070
13070
13074
13078
13078
13076
13080
13087
13096
13102
13108
13106
13112
13108
13105
13108
13111
13112
13113
13113
13122
13115
13120
13113
13110
13118
13115
13116
13125
13122
13132
13131
13137
13138
13137
13135
13136
13128
13130
13136
13135
13142
13140
13140
13141
13130
13129
13136
13137
13132
13134
13128
13124
13129
13129
13127
13124
13134
13132
13137
13143
13139
13145
13139
13145
13153
13147
13143
13142
13148
13148
13150
13154
13142
13143
13142
13143
13133
13141
13139
13133
13133
13139
13133
13138
13130
13130
13138
13138
13140
13143
13140
13141
13143
13142
13135
13133
13146
13143
13144
13143
13143
13148
13148
13140
13143
13136
13131
13137
13136
13131
13125
13123
13126
13131
13126
13127
13126
13131
13135
13130
13133
13139
13143
13146
13136
13138
13146
13141
13143
13142
13134
13138
13138
13137
13135
13135
13141
13138
13144
13143
13134
13130
13131
13131
13137
13130
13130
13134
13136
13136
12993
12493
11925
11563
11332
11095
10987
10954
10970
10964
11025
11084
11119
11170
11248
11330
11426
11509
11612
11688
11778
11852
11939
12006
12083
12147
12219
12271
12329
12383
12427
12469
12513
12549
12585
12619
12650
12677
12713
12750
12774
12787
12812
12822
12823
12707
12637
12614
12607
12606
12615
12635
12668
12696
12719
12729
12758
12768
12792
12819
12837
12846
12865
12875
12900
12915
12944
12947
12965
12982
12989
12999
13006
13009
13015
13021
13026
13031
13042
13054
13056
13068
13073
13083
13083
13084
13077
13081
13080
13083
13083
13090
13093
13103
13097
13099
13109
13104
13099
13101
13099
13100
13111
13113
13115
13117
13121
13121
13128
13135
13138
13146
13153
13146
13146
13136
13140
13133
13125
13125
13123
13121
13126
13132
13140
13139
13128
13139
13131
13126
13127
13129
13128
13122
13125
13118
13126
13125
13121
13128
13123
13137
13144
13148
13145
13144
13135
13135
13135
13129
13119
13124
13126
13130
13134
13118
13113
13126
13129
13134
13134
13133
13135
13139
13150
13154
13142
13149
13149
13139
13137
13139
13127
13134
13124
13120
13125
13112
13113
13115
13115
13122
13117
13128
13123
13123
13127
13127
13135
13133
13130
13127
13130
13134
13142
13133
13128
13139
13134
13138
13143
13140
13150
13151
13150
13144
13136
13138
13133
13142
13144
13139
13141
13142
13139
13136
13137
13132
13132
13136
13135
13132
13134
13138
13136
13140
13138
13138
13140
13139
13139
13142
13142
13145
13155
13144
13145
13148
13142
13138
13137
13133
13135
13129
13134
13137
13131
13131
13128
13125
13129
13128
13142
13148
13141
13138
13145
13144
13140
13146
13134
13137
13134
13137
13141
13135
13131
13122
13127
13136
13142
13139
13140
13138
13133
13127
13132
13134
13128
13124
13129
13131
13142
13138
13145
13146
13140
13147
13145
13147
13144
13141
13142
13144
13142
13138
13144
13140
13128
13134
13134
13132
13131
13136
13138
13140
13135
13127
13126
13136
13128
13135
13133
13133
13133
13133
13128
13132
13127
13133
13134
13134
13135
13140
13135
13143
13135
13137
13136
13131
13132
13131
13130
13134
13125
13115
13130
13125
13125
13132
13129
13131
13131
13130
13139
13130
13130
13130
13137
13141
13144
13144
13142
13137
13136
13135
13135
13131
13129
13131
13136
13127
13129
13134
13132
13138
13137
13135
13138
13135
13134
13131
13134
13134
13132
13128
13133
13128
13133
13138
13130
13135
13139
13144
13137
13136
13133
13127
13136
13141
13135
13138
13133
13134
13136
13132
13130
13136
13136
13139
13144
13136
13134
13130
13126
13126
13131
13137
13144
13145
13144
13136
13139
13145
13141
13140
13147
13149
13146
13145
13141
13138
13134
13132
13128
13123
13122
13117
13119
13121
13126
13126
13125
13129
13137
13131
13132
13129
13126
13130
13133
13131
13126
13126
13129
13131
13130
13135
13133
13130
13137
13134
13133
13141
13131
13136
13146
13139
13141
13140
13141
13136
13135
13138
13134
13130
13134
13126
13130
13136
13137
13134
13134
13129
13131
13120
13126
13122
13118
13123
13127
13133
13135
13134
13135
13137
13133
13135
13134
13126
13121
13123
13130
13132
13133
13133
13137
13134
13136
13135
13130
13132
13141
13148
13148
13135
13137
13132
13134
13135
13133
13135
13135
13132
13136
13130
13126
13129
13130
13134
13131
13129
13140
13137
