13141
13139
13146
13148
13152
13149
13141
13141
13133
13135
13137
13130
13132
13125
13118
13122
13119
13120
13129
13125
13124
13128
13123
13129
13139
13133
13135
13133
13125
13122
13118
13124
13120
13125
13129
13137
13143
13129
13131
13129
13124
13130
13125
13126
13124
13128
13128
13132
13119
13130
13133
13126
13127
13133
13130
13137
13139
13133
13138
13135
13135
13136
13137
13140
13140
13140
13134
13134
13135
13133
13133
13132
13132
13134
13136
13128
13130
13133
13130
13130
13128
13125
13126
13129
13127
13130
13132
13137
13127
13131
13134
13136
13136
13139
13137
13143
13133
13137
13143
13138
13135
13139
13133
13138
13134
13130
13135
13133
13130
13134
13137
13137
13142
13140
13143
13138
13142
13135
13130
13138
13132
13133
13144
13138
13142
13139
13132
13139
13133
13134
13135
13130
13131
13137
13128
13125
13119
13113
13127
13126
13135
13135
13136
13148
13145
13140
13145
13145
13146
13138
13136
13135
13128
13128
13127
13123
13121
13118
13122
13124
13128
13123
13123
13127
13126
13132
13138
13138
13138
13149
13149
13144
13143
13141
13145
13150
13155
13153
13166
13155
13155
13160
13157
13153
13151
13143
13146
13143
13142
13137
13136
13138
13139
13140
13137
13133
13142
13145
13143
13148
13144
13148
13151
13147
13147
13138
13138
13138
13131
13135
13134
13131
13137
13138
13142
13141
13137
13136
13138
13126
13130
13129
13121
13123
13130
13130
13133
13140
13145
13139
13142
13136
13133
13138
13137
13136
13140
13136
13134
13140
13137
13139
13140
13141
13136
13142
13140
13148
13142
13147
13148
13143
13143
13144
13144
13148
13140
13139
13145
13140
13142
13144
13146
13148
13150
13150
13149
13135
13142
13137
13139
13143
13138
13136
13137
13137
13137
13133
13136
13140
13142
13138
13130
13131
13139
13136
13139
13141
13128
13136
13129
13126
13128
13132
13125
13137
13134
13138
13146
13140
13140
13136
13136
13138
13131
13129
13129
13131
13133
13126
13126
13136
13134
13135
13135
13137
13143
13144
13140
13142
13138
13133
13129
13134
13131
13124
13124
13127
13130
13132
13134
13129
13135
13135
13141
13151
13150
13147
13157
13151
13145
13151
13150
13153
13156
13153
13150
13146
13148
13140
13140
13139
13137
13126
13123
13121
13130
13126
13128
13138
13137
13136
13134
13135
13130
13125
13121
13129
13125
13128
13141
13137
13134
13132
13131
13137
13132
13126
13128
13120
13121
13124
13129
13132
13137
13133
13132
13138
13143
13138
13131
13130
13127
13136
13133
13135
13144
13138
13142
13141
13143
13137
13134
13136
13141
13138
13142
13140
13134
13136
13144
13143
13137
13138
13135
13141
13143
13140
13140
13135
13139
13141
13136
13134
13130
13140
13130
13130
13139
13133
13133
13131
13136
13133
13132
13133
13144
13138
13145
13149
13143
13141
13140
13141
13139
13133
13128
13137
13125
13123
13123
13125
13134
13137
13137
13139
13140
13138
13146
13141
13137
13141
13129
13134
13134
13132
13129
13138
13142
13136
13134
13137
13135
13129
13129
13125
13124
13123
13118
13119
13120
13131
13124
13127
13133
13138
13137
13142
13141
13142
13144
13140
13148
13144
13141
13145
13142
13134
13142
13138
13137
13128
12817
12173
11578
11179
10864
10687
10640
10636
10696
10774
10882
10987
11112
11219
11347
11443
11553
11647
11753
11832
11915
11984
12059
12129
12204
12262
12319
12366
12425
12462
12514
12543
12582
12620
12652
12676
12707
12729
12768
12791
12795
12704
12643
12610
12609
12605
12622
12635
12662
12688
12715
12743
12767
12790
12812
12820
12840
12850
12865
12876
12891
12902
12916
12928
12943
12965
12965
12978
13005
13013
13018
13025
13023
13037
13046
13049
13056
13056
13067
13077
13073
13080
13081
13087
13094
13092
13093
13093
13099
13112
13111
13119
13120
13116
13123
13118
13118
13115
13113
13117
13126
13132
13137
13129
13120
13116
13111
13122
13127
13121
13119
13122
13127
13138
13129
13125
13127
13121
13124
13128
13123
13122
13131
13139
13135
13144
13142
13138
13144
13145
13141
13144
13142
13137
13143
13134
13139
13142
13146
13140
13130
13131
13132
13132
13122
13127
13122
13133
13136
13132
13135
13136
13140
13139
13128
13126
13135
13137
13136
13141
13135
13134
13136
13135
13142
13136
13135
13138
13138
13144
13149
13149
13144
13139
13138
13132
13130
13135
13135
13136
13134
13127
13133
13128
13131
13138
13131
13138
13149
13148
13144
13142
13141
13139
13134
13125
13134
13134
13136
13141
13136
13133
13137
13139
13133
13129
13130
13128
13128
13123
13115
13123
13120
13126
13134
13126
13126
13134
13133
13133
13134
13133
13132
13133
13134
13138
13125
13126
13129
13125
13128
13129
13126
13135
13131
13127
13140
13130
13139
13135
13132
13130
13134
13128
13127
13133
13140
13140
13141
13142
13134
13137
13134
13131
13140
13139
13134
13143
13149
13147
13140
13139
13144
13140
13140
13144
13134
13145
13146
13147
13145
13135
13144
13145
13153
13146
13152
13141
13138
13142
13139
13131
13139
13137
13133
13141
13138
13139
13133
13135
13135
13142
13139
13129
13128
13117
13120
13117
13117
13122
13124
13124
13134
13130
13128
13127
13118
13121
13128
13115
13115
13126
13126
13137
13137
13130
13130
13130
13134
13137
13134
13130
13132
13131
13125
13115
13110
13108
13119
13124
13133
13133
13134
13127
13134
13125
13128
13122
13122
13132
13134
13137
13138
13139
13137
13138
13127
13127
13128
13119
13120
13119
13128
13127
13134
13129
13136
13135
13141
13140
13143
13147
13154
13148
13142
13139
13136
13127
13136
13138
13132
13133
13133
13138
13147
13141
13134
13129
13125
13131
13124
13125
13127
13130
13132
13130
13127
13131
13124
13124
13120
13123
13124
13134
13134
13127
13134
13128
13126
13131
13124
13126
13133
13132
13135
13133
13133
13134
13143
13142
13138
13141
13138
13142
13153
13143
13142
13144
13141
13135
13130
13132
13138
13134
13130
13127
13131
13135
13138
13136
13139
13136
13132
13135
13128
13124
13136
13121
13120
13125
13125
13120
13119
13117
13120
13125
13129
13124
13126
13135
13133
13133
13131
13131
13135
13138
13137
13136
13132
13128
13123
13122
13125
13131
13128
13133
13125
13132
13135
13134
13138
13145
13135
13139
13149
13142
13145
13131
13136
13138
13136
13130
13134
13136
13134
13138
13142
13142
13139
13139
13145
13141
13142
13138
13139
13137
13136
13136
13134
13130
13127
13124
13119
13117
13116
13118
13120
13119
13126
13128
13134
13134
13136
13145
13141
13113
13001
12919
12870
12838
12828
12820
12824
12834
12847
12862
12874
12884
