13147
13143
13141
13132
13135
13132
13132
13137
13134
13132
13131
13128
13128
13126
13133
13133
13130
13126
13132
13135
13132
13140
13135
13136
13134
13137
13140
13132
13137
13135
13134
13138
13139
13141
13139
13140
13149
13136
13131
13137
13144
13144
13148
13139
13136
13135
13136
13139
13136
13140
13142
13142
13137
13134
13139
13140
13134
13136
13144
13134
13134
13141
13136
13146
13149
13148
13149
13145
13150
13140
13134
13138
13138
13139
13143
13143
13150
13143
13140
13133
13138
13133
13133
13129
13131
13127
13126
13128
13133
13134
13139
13140
13136
13136
13145
13148
13147
13146
13147
13135
13131
13132
13126
13132
13136
13137
13135
13130
13131
13130
13127
13132
13124
13125
13120
13119
13134
13131
13125
13126
13128
13133
13134
13128
13131
13132
13132
13132
13130
13132
13127
13129
13130
13132
13131
13133
13124
13130
13138
13132
13132
13131
13126
13126
13130
13136
13140
13144
13149
13147
13146
13141
13136
13136
13132
13140
13149
13142
13145
13148
13149
13145
13143
13143
13147
13146
13145
13145
13139
13138
13145
13138
13131
13130
13128
13136
13130
13120
13133
13125
13126
13136
13133
13142
13142
13134
13137
13132
13135
13128
13131
13138
13134
13139
13135
13130
13134
13125
13124
13132
13132
13140
13146
13146
13142
13146
13143
13139
13134
13136
13139
13131
13137
13141
13133
13142
13135
13137
13142
13132
13128
13129
13133
13118
13129
13123
13123
13116
13117
13117
13122
13124
13126
13131
13132
13138
13142
13139
13145
13140
13150
13143
13142
13145
13141
13136
13138
13138
13137
13137
13146
13141
13138
13140
13140
13137
13140
13137
13145
13136
13129
13133
13130
13132
13134
13136
13130
13127
13134
13136
13133
13131
13132
13131
13137
13131
13135
13127
13126
13132
13134
13140
13137
13142
13135
13136
13138
13128
13131
13132
13129
13127
13129
13122
13122
13131
13126
13127
13134
13128
13134
13140
13141
13138
13134
13135
13136
13137
13136
13133
13133
13132
13131
13132
13135
13131
13142
13135
13136
13135
13134
13133
13139
13139
13149
13152
13150
13153
13144
13145
13147
13138
13135
13135
13134
13134
13132
13134
13145
13139
13142
13143
13144
13138
13145
13152
13151
13142
13139
13133
13130
13133
13131
13129
13123
13124
13134
13130
13129
13131
13131
13130
13133
13133
13132
13132
13130
13132
13130
13131
13141
13143
13140
13138
13139
13143
13139
13140
13148
13142
13140
13146
13142
13146
13143
13142
13140
13144
13135
13146
13140
13141
13147
13140
13142
13142
13149
13148
13143
13147
13142
13144
13140
13141
13146
13150
13149
13149
13146
13143
13145
13139
13135
13134
13138
13143
13134
13136
13141
13141
13140
13147
13149
13145
13140
13144
13145
13141
13142
13139
13140
13143
13140
13145
13142
13145
13154
13145
13143
13142
13142
13137
13132
13124
13126
13131
13128
13138
13140
13148
13146
13139
13140
13131
13139
13141
13137
13137
13143
13138
13142
13148
13151
13154
13157
13153
13154
13147
13150
13141
13136
13138
13138
13132
13133
13127
13133
13135
13139
13140
13139
13129
13134
13133
13137
13138
13134
13134
13136
13138
13136
13131
13131
13131
13136
13138
13134
13124
13133
13132
13134
13129
13128
13130
13121
12679
11700
10578
9788
9228
8912
8761
8772
8753
8837
8939
9121
9286
9499
9687
9898
10080
10279
10439
10615
10766
10926
11060
11204
11321
11440
11536
11654
11732
11833
11905
11987
12045
12123
12175
12238
12295
12345
12390
12451
12484
12526
12557
12598
12632
12663
12690
12717
12738
12766
12782
12814
12828
12856
12876
12895
12904
12913
12933
12944
12954
12962
12970
12979
12988
13003
13004
13023
13027
13039
13057
13060
13066
13078
13077
13088
13091
13089
13091
13094
13105
13097
13100
13095
13097
13101
13101
13102
13108
13110
13110
13121
13113
13117
13118
13118
13120
13132
13127
13125
13120
13114
13113
13113
13109
13104
13096
13104
13109
13110
13114
13113
13111
13120
13116
13127
13131
13124
13129
13131
13134
13140
13138
13137
13136
13143
13141
13142
13138
13143
13139
13145
13139
13146
13140
13139
13135
13131
13126
13117
13115
13121
13129
13124
13134
13128
13128
13134
13141
13142
13142
13138
13142
13140
13132
13124
13131
13132
13135
13137
13138
13129
13132
13141
13138
13138
13139
13141
13147
13142
13141
13142
13137
13139
13147
13144
13142
13138
13136
13131
13133
13135
13136
13128
13137
13144
13141
13144
13138
13138
13145
13147
13142
13147
13134
13132
13137
13134
13138
13138
13138
13149
13140
13144
13128
13134
13148
13145
13147
13150
13144
13154
13146
13144
13140
13138
13137
13135
13138
13134
13131
13134
13137
13142
13145
13146
13147
13144
13138
13136
13138
13133
13121
13118
13114
13105
13110
13115
13119
13120
13124
13127
13138
13138
13129
13122
13128
13125
13129
13126
13124
13133
13133
13132
13141
13134
13139
13140
13136
13132
13134
13134
13140
13136
13133
13138
13133
13136
13139
13142
13132
13126
13123
13129
13132
13128
13138
13134
13131
13131
13137
13141
13139
13142
13134
13141
13143
13143
13143
13138
13139
13149
13144
13139
13146
13151
13149
13149
13147
13136
13138
13140
13138
13140
13143
13145
13138
13141
13147
13147
13147
13142
13130
13144
13134
13137
13137
13141
13134
13145
13148
13152
13147
13147
13139
13141
13146
13136
13138
13141
13141
13144
13134
13131
13135
13132
13130
13130
13126
13124
13128
13130
13131
13134
13132
13139
13143
13149
13148
13153
13150
13140
13143
13145
13137
13138
13138
13145
13139
13145
13151
13141
13141
13141
13142
13136
13134
13130
13133
13131
13128
13133
13128
13122
13126
13125
13123
13127
13133
13135
13134
13135
13128
13126
13126
13130
13134
13133
13137
13136
13136
13106
12974
12902
12847
12825
12814
12813
12815
12829
12842
12856
12873
12886
12901
12915
12927
12942
12948
12965
12974
12988
12992
13006
13015
13032
13036
13036
13046
13056
13059
13069
13070
13067
13074
13079
13077
13083
13084
13082
13091
13092
13086
13097
13100
13101
13111
13100
13115
13119
13114
13116
13120
13117
13117
13121
13121
13120
13116
13125
13121
13126
13117
13116
13117
13116
13117
13112
13107
13115
13111
13117
13115
13113
13122
13130
13122
13129
13128
13136
13141
13137
13134
13133
13128
13126
13134
13123
13115
13114
13118
13129
13126
13129
13130
13133
13137
13137
13138
13143
13140
13148
13143
13140
13134
13133
13141
13143
13136
13134
13132
13127
13130
13129
13138
13146
13144
13148
13147
13144
13136
13137
13139
13138
13131
13134
13140
13129
13138
13139
13137
13134
13131
13126
13129
