13131
13133
13137
13131
13135
13134
13131
13130
13126
13128
13121
13123
13120
13122
13122
13123
13128
13124
13124
13121
13129
13125
13120
13122
13123
13124
13124
13118
13121
13121
13117
13119
13110
13122
13116
13117
13131
13131
13132
13138
13139
13134
13138
13138
13136
13139
13141
13139
13145
13143
13141
13138
13136
13128
13129
13127
13130
13129
13133
13128
13133
13125
13121
13126
13124
13129
13123
13128
13122
13123
13119
13125
13122
13129
13126
13126
13132
13138
13136
13142
13138
13131
13144
13138
13133
13132
13127
13134
13130
13131
13132
13129
13126
13123
13125
13123
13126
13118
13122
13122
13125
13124
13127
13132
13136
13137
13134
13136
13139
13140
13143
13143
13142
13148
13142
13142
13150
13150
13145
13150
13142
13145
13150
13142
13149
13150
13151
13151
13155
13148
13148
13146
13147
13142
13134
13132
13133
13134
13132
13126
13131
13128
13132
13128
13128
13132
13130
13132
13126
13132
13127
13129
13128
13128
13132
13136
13141
13137
13135
13136
13136
13135
13138
13133
13131
13134
13135
13136
13133
13132
13135
13139
13141
13137
13141
13145
13144
13140
13139
13134
13135
13122
13121
13122
13118
13115
13117
13122
13118
13118
13116
13116
13124
13129
13139
13139
13134
13130
13137
13142
13149
13139
13144
13137
13134
13145
13149
13150
13158
13140
13142
13138
13140
13138
13131
13123
13131
13135
13144
13135
13138
13132
13128
13133
13132
13132
13130
13127
13134
13134
13124
13124
13114
13123
13131
13134
13139
13133
13133
13139
13136
13135
13141
13131
13127
13135
13133
13129
13130
13131
13131
13136
13131
13127
13133
13128
13127
13125
13122
13128
13141
13134
13132
13138
13129
13127
13126
13129
13133
13138
13135
13138
13134
13138
13134
13137
13138
13146
13146
13138
13135
13135
13141
13132
13133
13135
13133
13135
13134
13139
13137
13137
13138
13130
13125
13128
13127
13134
13133
13128
13126
13121
13119
13124
13129
13127
13130
13138
13140
13140
13142
13147
13140
13137
13136
13134
13144
13140
13139
13138
13124
13125
13125
13125
13134
13130
13133
13129
13132
13126
13129
13137
13137
13132
13132
13131
13131
13136
13133
13126
13140
13136
13136
13134
13133
13135
13142
13137
13135
13137
13137
13136
13131
13124
13125
13126
13129
13132
13130
13136
13123
13122
13125
13117
13121
13127
13130
13132
13134
13136
13125
13125
13128
13132
13126
13129
13135
13128
13123
13122
13134
13122
13121
13121
13126
13132
13127
13128
13130
13135
13133
13137
13134
13135
13141
13130
13126
13133
13130
13131
13128
13126
13133
13128
13136
13143
13139
13139
13141
13140
13148
13142
13147
13147
13145
13150
13153
13150
13146
13140
13151
13143
13139
13141
13138
13139
13141
13143
13146
13142
13134
13134
13133
13132
13134
13134
13134
13136
13140
13142
13137
13139
13140
13134
13129
13132
13128
13135
13128
13128
13131
13130
13128
13124
13128
13124
13125
13130
13129
13127
13125
13129
13129
13127
13126
13125
13128
13136
13133
13136
13133
13128
13124
13132
13139
13134
13135
13140
13154
13153
13141
13130
13133
13134
13133
13139
13134
13131
13132
13135
13141
13139
13142
13137
13144
13148
13148
13139
13136
13137
13146
13139
13137
13134
13129
12945
12236
11220
10088
9366
8985
8791
8785
8830
8973
9067
9202
9308
9486
9643
9829
9995
10186
10346
10526
10671
10830
10957
11111
11233
11368
11468
11584
11682
11782
11866
11941
12010
12086
12142
12211
12258
12313
12359
12419
12456
12503
12539
12580
12604
12646
12672
12698
12726
12751
12777
12807
12829
12848
12867
12882
12897
12919
12926
12934
12940
12954
12956
12972
12989
12997
12994
13003
13013
13023
13033
13036
13045
13057
13065
13082
13070
13068
13080
13079
13081
13077
13084
13081
13083
13083
13086
13085
13089
13087
13091
13094
13100
13100
13112
13098
13093
13104
13100
13112
13115
13114
13122
13135
13130
13132
13125
13126
13128
13121
13125
13127
13123
13116
13112
13112
13110
13111
13133
13123
13122
13129
13134
13141
13141
13147
13144
13131
13132
13134
13119
13115
13118
13121
13126
13122
13118
13128
13132
13131
13133
13130
13132
13131
13132
13132
13131
13125
13114
13121
13125
13122
13122
13121
13122
13131
13134
13133
13139
13138
13136
13133
13119
13133
13138
13141
13145
13141
13142
13140
13142
13141
13147
13145
13147
13138
13134
13138
13135
13134
13138
13128
13122
13133
13128
13136
13134
13142
13139
13147
13145
13139
13143
13147
13139
13148
13135
13135
13144
13144
13141
13142
13147
13150
13143
13136
13137
13134
13128
13137
13125
13123
13120
13130
13133
13129
13131
13138
13133
13136
13133
13124
13124
13123
13124
13129
13127
13128
13132
13139
13145
13150
13149
13149
13143
13148
13141
13133
13138
13139
13146
13141
13139
13140
13139
13145
13147
13139
13136
13137
13134
13137
13135
13131
13135
13128
13127
13131
13131
13135
13140
13135
13133
13138
13137
13131
13131
13134
13134
13135
13140
13135
13132
13129
13131
13133
13119
13113
13123
13127
13125
13123
13125
13130
13124
13128
13133
13133
13138
13137
13133
13136
13141
13132
13140
13138
13135
13138
13128
13126
13126
13127
13131
13125
13123
13126
13127
13132
13133
13132
13137
13132
13138
13136
13131
13140
13136
13130
13133
13129
13128
13126
13133
13130
13131
13133
13136
13134
13139
13131
13127
13137
13132
13139
13143
13144
13138
13141
13131
13133
13136
13135
13137
13146
13140
13142
13137
13138
13132
13129
13138
13132
13130
13133
13130
13140
13133
13132
13136
13132
13133
13135
13133
13136
13134
13129
13131
13129
13124
13136
13135
13137
13137
13133
13142
13130
13133
13139
13135
13142
13139
13134
13130
13134
13127
13129
13128
13131
13124
13127
13127
13130
13135
13134
13126
13143
13137
13140
13137
13140
13143
13145
13144
13135
13141
13141
13146
13141
13139
13145
13138
13145
13147
13146
13154
13151
13146
13143
13138
13129
13136
13129
13133
13137
13133
13134
13129
13134
13129
13125
13121
13120
13129
13132
13134
13142
13135
13129
13131
13135
13132
13134
13132
13136
13135
13142
13145
13135
13141
13140
13133
13129
13128
13128
13132
13121
13120
13132
13126
13118
13125
13125
13133
13140
13138
13137
13139
13145
13141
13134
13140
13146
13145
13147
13141
13145
13134
13135
13138
13135
13129
13125
13124
13122
13130
13138
13135
13133
13139
13136
13137
13135
13129
13132
13139
13133
13120
13125
13121
13117
13127
13124
13136
13144
13147
13151
13152
13150
13147
13153
13161
13157
13156
13145
13146
13147
13144
13147
13144
13142
13135
13133
13131
13127
13124
