13129
13133
13134
13143
13141
13133
13131
13132
13129
13132
13134
13132
13131
13129
13117
13115
13111
13111
13126
13120
13111
13130
13126
13126
13137
13134
13128
13137
13132
13133
13127
13134
13135
13134
13139
13135
13139
13136
13141
13147
13150
13145
13140
13124
13127
13131
13135
13130
13124
13132
13131
13126
13128
13125
13129
13134
13130
13129
13133
13123
13121
13126
13123
13125
13132
13136
13127
13136
13133
13131
13134
13136
13140
13143
13140
13138
13147
13141
13141
13139
13135
13137
13135
13136
13137
13131
13127
13128
13122
13131
13134
13139
13145
13139
13138
13140
13130
13127
13134
13129
13122
13139
13135
13137
13139
13139
13138
13142
13146
13137
13134
13132
13131
13141
13137
13141
13145
13138
13137
13145
13155
13154
13145
13140
13138
13137
13138
13145
13138
13132
13131
13128
13124
13129
13129
13138
13127
13131
13145
13144
13142
13147
13151
13144
13142
13141
13142
13144
13149
13142
13137
13135
13141
13138
13139
13130
13134
13129
13129
13134
13136
13133
13142
13142
13149
13147
13144
13147
13143
13147
13153
13147
13146
13144
13145
13146
13145
13134
13142
13134
13134
13133
13134
13129
13129
13134
13130
13134
13133
13121
13124
13126
13126
13127
13130
13125
13134
13130
13125
13132
13135
13135
13136
13138
13133
13132
13133
13135
13135
13135
13138
13137
13132
13132
13134
13135
13132
13132
13149
13145
13147
13136
13137
13137
13136
13134
13134
13130
13134
13135
13150
13148
13150
13151
13145
13141
13148
13138
13139
13141
13141
13138
13133
13129
13134
13135
13135
13136
13136
13138
13146
13141
13137
13143
13135
13140
13135
13137
13138
13135
13136
13139
13141
13144
13140
13132
13131
13137
13138
13132
13134
13133
13127
13134
13135
13134
13142
13133
13130
13141
13138
13132
13137
13138
13139
13142
13137
13139
13138
13148
13149
13146
13149
13142
13140
13136
13135
13137
13146
13140
13141
13138
13140
13145
13142
13140
13138
13136
13137
13134
13130
13131
13126
13130
13131
13136
13137
13132
13131
13121
13123
13119
13120
13130
13124
13126
13130
13133
13126
13132
13138
13136
13133
13135
13139
13140
13129
13127
13136
13134
13124
13123
13116
13122
13136
13135
13143
13143
13148
13139
13135
13137
13132
13133
13127
13129
13128
13123
13123
13123
13131
13136
13135
13134
13137
13137
13144
13142
13146
13143
13141
13148
13146
13135
13133
13136
13124
13119
13116
13122
13127
13133
13130
13134
13134
13132
13140
13139
13141
13141
13140
13137
13136
13139
13141
13143
13151
13147
13146
13147
13140
13140
13139
13143
13140
13140
13138
13138
13134
13142
13140
13142
13145
13143
13135
13141
13135
13132
13132
13127
13116
13118
13112
13117
13117
13124
13126
13133
13130
13129
13134
13137
13140
13134
13141
13138
13148
13139
13134
13139
13136
13138
13131
13132
13136
13132
13135
13138
13135
13139
13136
13129
13124
13133
13135
13140
13131
13133
13133
13135
13132
13139
13134
13133
13131
13135
13134
13132
13129
13123
13124
13130
13126
13126
13118
13120
13134
13127
13123
13126
13124
13130
13131
13127
13132
13134
13135
13145
13137
13137
13135
13135
13139
13138
13135
13142
13137
13139
13149
13137
13139
13139
13136
13052
12514
11877
11404
11126
10987
10916
10936
10972
11050
11113
11157
11215
11308
11386
11489
11576
11671
11757
11841
11910
11987
12051
12124
12183
12243
12296
12354
12401
12448
12484
12524
12563
12595
12626
12666
12698
12732
12763
12788
12804
12820
12837
12852
12874
12888
12897
12911
12922
12939
12953
12965
12968
12985
12992
13006
13017
13018
13028
13030
13037
13042
13049
13049
13056
13059
13068
13076
13084
13090
13094
13094
13098
13093
13099
13112
13103
13105
13105
13107
13110
13106
13109
13107
13116
13107
13106
13094
13100
13097
13104
13108
13111
13118
13114
13107
13109
13114
13124
13126
13120
13120
13121
13118
13120
13115
13115
13114
13121
13127
13128
13126
13126
13125
13122
13130
13112
13119
13123
13126
13126
13132
13133
13132
13137
13138
13130
13126
13126
13127
13123
13126
13125
13129
13118
13115
13119
13117
13118
13119
13125
13127
13140
13143
13147
13144
13150
13148
13140
13131
13131
13129
13136
13122
13125
13126
13129
13129
13135
13132
13135
13133
13125
13124
13131
13130
13135
13134
13133
13139
13135
13134
13132
13139
13128
13128
13134
13136
13136
13142
13139
13141
13137
13140
13143
13137
13137
13138
13130
13127
13118
13112
13122
13115
13121
13125
13123
13126
13134
13135
13140
13141
13145
13136
13125
13123
13123
13123
13118
13123
13121
13129
13127
13134
13124
13125
13127
13131
13131
13134
13134
13140
13132
13127
13132
13128
13126
13122
13119
13131
13132
13130
13134
13133
13131
13135
13129
13129
13141
13141
13143
13139
13147
13141
13139
13142
13138
13136
13138
13137
13133
13132
13129
13144
13135
13133
13130
13122
13126
13124
13127
13129
13131
13128
13134
13130
13132
13135
13134
13133
13137
13134
13137
13135
13134
13137
13134
13140
13144
13140
13138
13138
13139
13139
13137
13139
13130
13135
13138
13140
13138
13137
13132
13142
13131
13125
13132
13137
13133
13132
13131
13134
13134
13134
13138
13131
13136
13136
13136
13145
13142
13150
13155
13145
13138
13138
13133
13130
13137
13129
13131
13134
13128
13124
13123
13127
13129
13128
13133
13128
13123
13126
13134
13129
13127
13127
13133
13138
13136
13127
13125
13131
13124
13125
13122
13116
13119
13126
13123
13126
13121
13122
13131
13127
13123
13123
13121
13124
13132
13127
13134
13133
13144
13143
13139
13139
13134
13143
13144
13144
13140
13137
13134
13138
13135
13142
13140
13135
13134
13131
13135
13137
13139
13138
13144
13135
13139
13142
13133
13133
13133
13131
13136
13137
13137
13144
13142
13137
13139
13133
13136
13139
13145
13145
13144
13145
13138
13134
13138
13134
13137
13135
13129
13131
13129
13133
13139
13136
13143
13145
13145
13150
13147
13141
13143
13135
13137
13135
13130
13131
13137
13140
13147
13132
13136
13133
13136
13139
13142
13133
13135
13135
13137
13136
13132
13129
13124
13126
13116
13119
13123
13123
13125
13133
13133
13131
13132
13134
13133
13134
13134
13131
13127
13126
13129
13126
13135
13139
13126
13125
13122
13122
13129
13125
13127
13128
13130
13131
13137
13127
13124
13126
13129
13130
13133
13131
13135
13137
13142
13142
13143
13141
13138
13134
13130
13123
13128
13126
13129
13134
13138
13138
13143
13139
13142
13140
13140
13140
13138
13135
13136
13139
13141
13134
13128
13133
13136
13130
13128
13122
13122
13128
13127
13125
13126
13127
13122
