13137
13134
13133
13136
13136
13132
13134
13137
13142
13139
13143
13137
13142
13133
13132
13134
13126
13133
13135
13138
13137
13132
13132
13136
13131
13131
13132
13125
13130
13127
13121
13130
13120
13120
13130
13126
13124
13136
13130
13128
13128
13128
13131
13136
13130
13127
13127
13124
13125
13119
13117
13125
13128
13134
13135
13139
13144
13147
13147
13148
13147
13141
13137
13149
13143
13144
13143
13131
13134
13130
13126
13127
13123
13122
13127
13125
13127
13131
13126
13127
13126
13132
13134
13143
13144
13143
13146
13150
13144
13148
13145
13143
13143
13138
13125
13131
13133
13136
13133
13137
13130
13129
13132
13136
13131
13137
13133
13132
13135
13134
13129
13130
13128
13129
13135
13125
13121
13130
13133
13138
13141
13145
13150
13142
13139
13137
13142
13145
13137
13143
13146
13142
13143
13143
13141
13146
13150
13148
13144
13143
13140
13141
13142
13144
13134
13134
13134
13139
13135
13133
13133
13136
13135
13133
13142
13142
13134
13142
13135
13138
13137
13134
13126
13134
13125
13128
13126
13132
13136
13137
13142
13141
13142
13140
13140
13136
13135
13126
13128
13132
13132
13133
13136
13147
13136
13140
13139
13135
13139
13140
13136
13139
13131
13124
13128
13127
13122
13126
13122
13116
13121
13127
13131
13123
13126
13128
13128
13123
13123
13123
13123
13123
13127
13119
13117
13129
13133
13137
13132
13132
13131
13135
13137
13147
13141
13139
13138
13138
13134
13136
13130
13141
13135
13129
13134
13123
13128
13138
13134
13133
13131
13127
13129
13138
13142
13143
13136
13135
13134
13135
13124
13122
13132
13129
13127
13135
13129
13138
13134
13132
13137
13133
13133
13136
13126
13128
13124
13125
13127
13128
13123
13130
13127
13126
13134
13129
13131
13139
13137
13139
13136
13132
13131
13128
13128
13128
13126
13132
13130
13130
13129
13122
13124
13124
13119
13129
13126
13128
13131
13128
13131
13137
13136
13148
13149
13151
13154
13149
13144
13133
13130
13131
13023
12929
12883
12843
12823
12820
12820
12829
12840
12852
12872
12891
12913
12927
12937
12956
12969
12981
12986
13003
13012
13009
13011
13016
13015
13025
13036
13033
13041
13047
13051
13055
13056
13059
13062
13068
13073
13080
13086
13100
13093
13099
13102
13096
13097
13099
13108
13100
13098
13102
13100
13106
13106
13104
13095
13105
13104
13101
13108
13106
13112
13121
13127
13129
13129
13140
13138
13137
13138
13140
13137
13137
13126
13126
13123
13128
13123
13115
13110
13124
13119
13116
13125
13129
13129
13133
13128
13129
13135
13139
13144
13140
13143
13132
13133
13136
13138
13138
13140
13138
13137
13139
13137
13135
13130
13128
13127
13129
13131
13132
13134
13138
13128
13136
13133
13127
13132
13138
13137
13142
13139
13133
13135
13134
13136
13141
13141
13140
13145
13147
13138
13138
13136
13128
13129
13130
13124
13123
13127
13125
13134
13133
13130
13137
13141
13148
13144
13142
13142
13142
13138
13144
13126
13127
13119
13117
13118
13124
13118
13125
13117
13112
13117
13120
13118
13133
13131
13132
13136
13137
13141
13138
13133
13122
13132
13137
13140
13143
13143
13140
13147
13146
13149
13146
13138
13139
13132
13132
13128
13130
13132
13138
13136
13082
12443
11440
10465
9698
9306
9095
9057
9085
9178
9214
9269
9354
9502
9639
9821
9986
10182
10343
10526
10668
10824
10904
10965
11042
11139
11233
11345
11427
11533
11615
11713
11786
11878
11947
12022
12081
12158
12226
12292
12345
12398
12440
12486
12522
12559
12592
12622
12652
12694
12715
12740
12769
12794
12816
12840
12859
12869
12887
12910
12915
12936
12942
12957
12960
12974
12986
12997
13004
13014
13027
13032
13030
13039
13044
13047
13055
13062
13067
13065
13072
13073
13071
13084
13082
13082
13086
13090
13087
13097
13098
13099
13100
13094
13092
13095
13100
13094
13100
13109
13110
13124
13128
13119
13121
13116
13116
13125
13128
13126
13126
13126
13131
13120
13113
13110
13114
13120
13127
13128
13122
13131
13134
13128
13136
13136
13137
13140
13131
13139
13132
13130
13136
13133
13129
13132
13133
13134
13133
13137
13135
13141
13139
13136
13137
13138
13131
13135
13126
13126
13135
13135
13140
13139
13143
13145
13145
13135
13146
13136
13131
13133
13132
13132
13129
13132
13143
13131
13125
13134
13136
13127
13137
13126
13124
13126
13118
13118
13120
13123
13126
13127
13133
13141
13139
13135
13132
13136
13130
13126
13129
13125
13123
13123
13128
13130
13130
13133
13134
13118
13121
13120
13121
13128
13128
13130
13134
13129
13135
13138
13137
13141
13142
13136
13143
13140
13142
13137
13133
13134
13133
13132
13130
13131
13136
13139
13137
13142
13135
13141
13143
13140
13141
13139
13140
13137
13133
13135
13138
13124
13122
13125
13123
13125
13127
13125
13132
13130
13128
13140
13136
13141
13145
13137
13140
13141
13140
13135
13135
13136
13136
13138
13137
13132
13124
13126
13133
13136
13135
13126
13128
13130
13129
13124
13124
13131
13132
13136
13142
13132
13137
13134
13131
13138
13138
13135
13141
13133
13130
13141
13132
13129
13132
13127
13135
13131
13130
13129
13132
13129
13121
13118
13126
13125
13130
13128
13125
13134
13133
13137
13141
13144
13147
13140
13139
13149
13138
13136
13138
13131
13141
13140
13140
13135
13138
13131
13137
13108
12991
12920
12873
12850
12843
12839
12844
12845
12849
12814
12789
12780
12780
12781
12795
12805
12824
12854
12874
12894
12905
12914
12926
12937
12948
12954
12955
12968
12976
12989
12999
13001
13007
13018
13027
13035
13045
13039
13054
13062
13062
13075
13073
13072
13083
13083
13089
13091
13099
13102
13105
13107
13104
13101
13102
13103
13101
13093
13088
13097
13102
13110
13115
13111
13109
13109
13110
13111
13118
13118
13127
13121
13125
13123
13122
13125
13130
13125
13133
13130
13127
13131
13137
13140
13135
13136
13140
13134
13133
13125
13123
13127
13122
13124
13134
13135
13131
13131
13127
13139
13132
13126
13125
13125
13134
13134
13135
13135
13125
13125
13136
13125
13133
13138
13133
13141
13143
13141
13152
13150
13145
13151
13136
13130
13138
13140
13138
13140
13135
13132
13134
13131
13127
13133
13124
13129
13126
13131
13135
13130
13120
13121
13128
13134
13129
13130
13135
13135
13135
13138
13138
13122
13124
13128
13130
13138
13134
13135
13136
13142
13133
13140
13134
13130
13134
13137
13134
13133
13132
13138
13138
13133
13126
13118
13118
13128
13126
13121
13120
13117
13119
13119
13123
13123
13133
13127
13136
13143
13144
13144
13142
13142
13138
13137
13128
13132
13129
