13139
13139
13146
13139
13141
13144
13138
13145
13142
13137
13138
13138
13147
13137
13146
13150
13143
13145
13144
13147
13148
13139
13134
13140
13135
13135
13131
13134
13129
13130
13131
13133
13130
13138
13141
13132
13131
13138
13134
13140
13138
13130
13134
13126
13129
13138
13136
13140
13138
13142
13139
13137
13139
13139
13143
13142
13137
13139
13141
13139
13142
13141
13131
13135
13135
13137
13131
13127
13127
13136
13135
13139
13137
13144
13150
13143
13142
13142
13137
13138
13136
13133
13133
13132
13130
13138
13139
13137
13138
13137
13133
13132
13128
13127
13133
13137
13131
13138
13141
13133
13136
13132
13122
13126
13120
13119
13119
13118
13115
13024
12926
12866
12829
12811
12812
12809
12821
12832
12841
12859
12874
12887
12909
12915
12932
12945
12948
12965
12981
12987
12992
13002
13011
13016
13029
13034
13039
13039
13044
13042
13057
13061
13063
13069
13073
13078
13082
13090
13094
13100
13101
13100
13097
13106
13107
13109
13113
13121
13124
13129
13125
13128
13138
13140
13138
13127
13129
13125
13130
13130
13130
13122
13123
13118
13115
13113
13110
13121
13120
13122
13128
13122
13121
13122
13124
13122
13132
13128
13131
13135
13131
13134
13130
13131
13138
13131
13124
13130
13132
13138
13144
13141
13143
13138
13142
13142
13140
13139
13135
13134
13135
13139
13138
13132
13137
13137
13132
13139
13142
13134
13145
13136
13133
13132
13126
13134
13129
13133
13134
13137
13134
13133
13135
13141
13140
13134
13135
13135
13138
13142
13139
13135
13139
13135
13136
13130
13129
13125
13126
13125
13121
13115
13120
13120
13125
13130
13122
13116
13118
13114
13120
13115
13123
13125
13127
13134
13136
13138
13132
13138
13141
13140
13134
13140
13140
13135
13132
13133
13135
13138
13130
13126
13126
13128
13136
13137
13138
13139
13137
13133
13134
13134
13139
13136
13131
13136
13139
13137
13139
13143
13145
13134
13122
13132
13129
13135
13133
13136
13131
13134
13130
13133
13126
13134
13135
13130
13131
13132
13136
13144
13139
13139
13150
13147
13150
13150
13143
13133
13127
13124
13130
13121
13122
13122
13118
13127
13127
13129
13133
13135
13142
13131
13126
13128
13133
13136
13133
13131
13136
13132
13128
13132
13122
13130
13134
13134
13130
13133
13128
13134
13132
13122
13125
13120
13121
13128
13137
13144
13146
13140
13145
13143
13150
13149
13146
13142
13140
13141
13138
13140
13139
13137
13135
13135
13130
13137
13134
13138
13136
13141
13134
13138
13133
13137
13134
13126
13122
13127
13133
13133
13129
13125
13128
13130
13127
13125
13120
13122
13114
13115
13117
13124
13123
13119
13125
13127
13131
13132
13132
13133
13145
13136
13137
13139
13139
13138
13133
13133
13121
13119
13125
13133
13127
13125
13132
13132
13139
13142
13142
13147
13143
13139
13146
13143
13142
13142
13134
13136
13134
13139
13135
13141
13146
13136
13137
13134
13126
13129
13127
13126
13136
13131
13131
13138
13131
13128
13126
13133
13126
13128
13129
13136
13135
13141
13139
13141
13142
13140
13135
13143
13135
13134
13127
13127
13123
13129
13130
13132
13140
13132
13137
13138
13137
13132
13127
13134
13130
13128
13125
13132
13137
13136
13140
13142
13143
13039
12550
12014
11615
11263
11065
10973
10960
10909
10869
10844
10874
10920
11006
11087
11195
11294
11403
11498
11607
11636
11616
11632
11677
11726
11795
11854
11924
11989
12061
12121
12172
12221
12286
12334
12390
12425
12478
12515
12561
12597
12627
12658
12694
12717
12740
12769
12787
12813
12833
12858
12877
12892
12913
12930
12948
12953
12966
12960
12979
12986
12999
13010
13021
13019
13033
13035
13052
13054
13055
13062
13063
13074
13069
13073
13076
13081
13076
13087
13086
13093
13102
13107
13108
13109
13110
13118
13116
13118
13120
13116
13117
13113
13116
13119
13117
13120
13130
13129
13127
13134
13126
13119
13117
13122
13120
13114
13118
13114
13112
13117
13114
13116
13118
13119
13130
13126
13129
13129
13125
13121
13119
13116
13120
13122
13122
13130
13125
13130
13133
13132
13131
13132
13136
13138
13132
13136
13143
13138
13135
13143
13140
13140
13129
13130
13128
13123
13126
13129
13119
13123
13130
13128
13132
13126
13134
13133
13137
13141
13141
13142
13152
13147
13149
13146
13143
13140
13133
13138
13142
13141
13141
13138
13130
13132
13121
13121
13125
13123
13120
13126
13122
13123
13129
13127
13137
13142
13141
13137
13143
13138
13136
13136
13131
13124
13131
13126
13126
13123
13125
13124
13131
13136
13135
13136
13135
13145
13139
13135
13137
13134
13135
13136
13139
13129
13013
12921
12879
12838
12820
12823
12834
12835
12851
12868
12884
12901
12913
12921
12933
12947
12961
12972
12974
12985
13001
13004
13010
13014
13017
13026
13040
13042
13045
13052
13061
13073
13067
13067
13070
13074
13080
13085
13089
13096
13098
13100
13114
13115
13109
13112
13108
13106
13101
13102
13110
13113
13113
13117
13116
13119
13117
13115
13122
13121
13123
13120
13117
13127
13127
13126
13129
13135
13146
13150
13144
13143
13133
13138
13139
13133
13131
13129
13123
13130
13122
13117
13128
13123
13121
13132
13132
13136
13134
13134
13136
13140
13139
13138
13137
13141
13139
13146
13141
13148
13160
13157
13154
13149
13148
13146
13139
13134
13138
13135
13132
13139
13139
13142
13142
13139
13138
13141
13143
13145
13141
13138
13145
13144
13141
13140
13140
13136
13133
13132
13134
13137
13132
13121
13125
13123
13123
13126
13126
13127
13138
13132
13137
13137
13130
13133
13135
13130
13136
13136
13133
13127
13123
13129
13129
13128
13137
13137
13144
13149
13140
13134
13141
13138
13137
13139
13143
13141
13152
13144
13147
13139
13139
13138
13134
13137
13133
13135
13130
13127
13135
13126
13122
13125
13120
13132
13130
13137
13136
13144
13143
13148
13138
13138
13140
13130
13131
13131
13134
13140
13137
13132
13138
13134
13132
13126
13125
13125
13128
13133
13130
13133
13133
13132
13134
13132
13123
13129
13130
13131
13137
13126
13126
13125
13133
13136
13130
13128
13131
13132
13130
13131
13117
13125
13131
13133
13134
13133
13126
13127
13126
13129
13135
13127
13129
13137
13134
13134
13130
13129
13126
13126
13127
13133
13135
13142
13141
13141
13149
13147
13145
13136
13133
13138
13138
13142
13143
13141
13147
13144
13148
13154
13147
13156
13156
13152
13147
13147
13137
13145
13136
13141
13145
13151
13143
13145
13147
13154
13152
13153
13148
13150
13147
13152
13142
13134
13135
13132
13131
13134
13132
13131
13127
13125
13130
13141
13139
13140
13137
13142
