13129
13134
13133
13133
13134
13129
13130
13134
13132
13128
13129
13127
13139
13132
13131
13124
13123
13129
13127
13131
13126
13130
13126
13134
13128
13125
13124
13128
13132
13131
13126
13138
13137
13136
13146
13136
13134
13138
13129
13135
13132
13135
13143
13145
13142
13138
13142
13144
13140
13138
13138
13138
13149
13141
13139
13138
13128
13135
13132
13138
13141
13145
13146
13141
13132
13133
13138
13142
13142
13136
13128
13136
13130
13137
13136
13130
13129
13129
13123
13126
13123
13124
13123
13126
13123
13122
13124
13132
13126
13127
13130
13130
13137
13130
13131
13130
13119
13125
13121
13128
13134
13134
13132
13137
13133
13134
13136
13133
13128
13133
13127
13136
13132
13121
13129
13127
13127
13131
13129
13133
13137
13136
13135
13135
13137
13135
13131
13135
13134
13135
13134
13134
13139
13137
13144
13145
13136
13136
13122
13123
13126
13125
13126
13132
13127
13133
13134
13133
13137
13138
13137
13138
13137
13128
13132
13128
13127
13130
13128
13138
13134
13137
13141
13144
13149
13142
13136
13138
13130
13133
13132
13129
13135
13130
13127
13128
13126
13129
13125
13126
13128
13130
13127
13133
13123
13129
13126
13124
13125
13126
13126
13138
13137
13137
13136
13125
13129
13131
13128
13131
13139
13138
13147
13147
13151
13140
13141
13138
13137
13141
13141
13144
13141
13136
13130
13125
13126
13121
13119
13126
13126
13131
13124
13133
13129
13138
13138
13133
13135
13139
13137
13138
13132
13124
13123
13118
13115
13116
13114
13122
13117
13120
13123
13129
13127
13128
13128
13127
13126
13128
13125
13118
13121
13119
13120
13120
13120
13129
13132
13130
13137
13137
13140
13140
13127
13130
13128
13125
13134
13140
13139
13141
13136
13121
13132
13123
13120
13116
13121
13118
13122
13121
13123
13122
13125
13128
13125
13138
13135
13135
13131
13127
13126
13116
13117
13116
13126
13125
13125
13124
13127
13125
13120
13125
13120
13127
13136
13133
13145
13150
13141
13138
13130
13122
13124
13116
13114
13119
13119
13122
13125
13121
13127
13134
13137
13131
13134
13136
13136
13126
13127
13119
13124
13117
13123
13124
13123
13128
13129
13132
13143
13143
13140
13140
13134
13136
13142
13142
13149
13148
13145
13154
13142
13139
13158
13155
13151
13154
13153
13149
13146
13150
13150
13146
13153
13139
13142
13139
13140
13141
13138
13137
13142
13132
13129
13124
13129
13132
13129
13129
13131
13134
13139
13140
13137
13132
13137
13128
13136
13132
13134
13132
13123
13121
13125
13116
13113
13120
13118
13124
13119
13124
13126
13132
13132
13131
13136
13132
13139
13140
13142
13143
13141
13131
13127
13130
13123
13117
13129
13135
13135
13137
13135
13140
13138
13136
13140
13135
13136
13138
13142
13147
13141
13130
13133
13131
13133
13135
13138
13139
13141
13142
13145
13139
13141
13138
13135
13139
13137
13134
13127
13127
13136
13132
13133
13136
13141
13154
13157
13159
13153
13152
13145
13142
13132
13136
13135
13129
13133
13132
13126
13129
13124
13123
13132
13129
13126
13131
13136
13142
13140
13140
13134
13138
13141
13138
13136
13144
13141
13141
13151
13148
13154
13138
13137
13135
13133
13141
13134
13138
13136
13135
13131
13076
12909
12591
12389
12260
12201
12173
12182
12195
12229
12264
12315
12344
12387
12432
12409
12406
12417
12426
12433
12448
12467
12483
12516
12546
12574
12602
12635
12660
12701
12713
12747
12767
12787
12812
12835
12854
12878
12899
12910
12921
12932
12945
12954
12963
12976
12981
12995
13001
13011
13015
13034
13035
13046
13054
13053
13057
13062
13068
13066
13075
13071
13071
13073
13088
13088
13090
13093
13095
13101
13104
13113
13117
13112
13117
13121
13124
13125
13126
13118
13126
13115
13121
13122
13132
13138
13136
13139
13142
13133
13129
13127
13127
13132
13139
13126
13133
13136
13139
13147
13152
13141
13139
13142
13138
13137
13125
13127
13125
13138
13140
13136
13132
13126
13131
13118
13118
13115
13116
13114
13124
13127
13128
13134
13128
13131
13136
13133
13136
13129
13126
13134
13127
13129
13128
13130
13139
13134
13137
13138
13133
13138
13133
13138
13139
13129
13131
13138
13136
13145
13132
13138
13139
13138
13141
13141
13141
13142
13136
13134
13140
13136
13137
13144
13143
13145
13148
13142
13143
13142
13128
13140
13132
13130
13133
13138
13140
13142
13141
13130
13126
13126
13124
13120
13122
13122
13129
13129
13131
13134
13132
13128
13139
13143
13138
13133
13131
13132
13124
13127
13121
13119
13123
13120
13124
13128
13132
13132
13132
13130
13132
13137
13129
13126
13127
13125
13126
13131
13135
13138
13140
13135
13131
13125
13131
13132
13136
13133
13134
13136
13123
13129
13136
13129
13137
13133
13136
13134
13139
13140
13140
13136
13144
13150
13140
13138
13134
13136
13145
13146
13137
13136
13134
13138
13135
13133
13131
13136
13138
13139
13131
13121
13120
13118
13126
13121
13126
13126
13117
13133
13126
13138
13143
13136
13136
13126
13123
13133
13131
13128
13125
13130
13137
13137
13137
13127
13128
13121
13125
13121
13121
13130
13125
13122
13128
13133
13132
13138
13137
13137
13137
13133
13136
13133
13138
13133
13127
13131
13131
13137
13136
13133
13142
13140
13146
13142
13146
13151
13143
13136
13138
13135
13134
13139
13130
13129
13132
13132
13136
13131
13132
13133
13129
13133
13136
13129
13128
13130
13127
13130
13127
13132
13135
13144
13142
13137
13130
13138
13140
13150
13137
13136
13136
13137
13140
13140
13133
13136
13137
13138
13141
13135
13133
13134
13136
13140
13139
13139
13138
13131
13128
13136
13136
13136
13143
13142
13140
13137
13134
13138
13133
13139
13140
13149
13145
13142
13139
13140
13138
13142
13128
13127
13133
13135
13137
13142
13146
13151
13146
13142
13144
13145
13145
13148
13150
13150
13140
13139
13139
13134
13133
13135
13137
13138
13144
13138
13134
13129
13129
13132
13129
13141
13137
13143
13151
13154
13156
13158
13148
13161
13147
13143
13147
13146
13139
13131
13130
13136
13143
13133
13128
13125
13130
13131
13128
13131
13131
13139
13138
13133
13127
13138
13132
13136
13138
13126
13130
13129
13129
13126
13120
13123
13124
13128
13133
13134
13130
13133
13131
13136
13130
13134
13133
13135
13134
13134
13132
13129
13124
13127
13133
13126
13127
13140
13135
13134
13134
13133
13134
13130
13121
13138
13136
13145
13142
13136
13137
13139
13136
13134
13135
13141
13135
13126
13133
13134
13137
13134
13135
13134
13126
13126
13124
13121
13125
13121
13123
13124
13120
13115
13127
13125
13131
13131
13129
13140
13137
