13119
13131
13135
13131
13130
13135
13136
13139
13130
13133
13126
13121
13126
13128
13131
13131
13131
13127
13132
13124
13126
13136
13134
13137
13136
13139
13136
13139
13148
13140
13138
13140
13141
13135
13132
13132
13134
13135
13127
13126
13124
13125
13128
13124
13123
13124
13126
13134
13129
13124
13131
13129
13128
13127
13130
13139
13132
13136
13146
13137
13137
13140
13137
13138
13141
13138
13130
13131
13131
13123
13131
13134
13132
13143
13138
13139
13138
13130
13132
13134
13133
13133
13126
13127
13125
13121
13121
13124
13125
13126
13130
13130
13133
13134
13133
13138
13133
13126
13134
13119
13119
13130
13126
13123
13116
13115
13112
13118
13119
13115
13126
13133
13142
13138
13139
13142
13154
13141
13139
13134
13135
13134
13137
13132
13129
13136
13136
13137
13131
13130
13126
13129
13130
13130
13132
13138
13142
13136
13139
13133
13133
13140
13136
13142
13138
13133
13137
13135
13138
13135
13135
13134
13141
13138
13141
13142
13141
13139
13134
13133
13134
13138
13141
13142
13150
13151
13144
13139
13131
13125
13129
13126
13118
13123
13113
13124
13123
13122
13129
13124
13126
13132
13132
13135
13127
13132
13128
13128
13130
13121
13119
13124
13129
13127
13129
13131
13138
13127
13124
13134
13131
13137
13137
13139
13145
13143
13140
13138
13134
13140
13138
13137
13132
13134
13133
13133
13131
13129
13139
13127
13126
13138
13129
13129
13138
13133
13135
13137
13140
13142
13136
13138
13138
13128
13128
13128
13128
13122
13120
13122
13121
13130
13129
13128
13128
13131
13136
13137
13143
13140
13138
13133
13133
13133
13132
13132
13139
13138
13142
13133
13128
13135
13133
13129
13129
13136
13132
13131
13134
13135
13141
13137
13127
13127
13129
13131
13134
13126
13121
13126
13121
13125
13123
13121
13116
13121
13131
13126
13133
13137
13142
13140
13146
13151
13145
13147
13144
13142
13144
13139
13136
13137
13123
13119
13129
13121
13125
13133
13134
13133
13131
13132
13132
13132
13134
13137
13144
13140
13140
13141
13135
13138
13133
13132
13131
13131
13129
13128
13117
13125
13130
13129
13123
13124
13123
13123
13125
13118
13126
13125
13132
13138
13133
13135
13122
13128
13126
13123
13131
13126
13129
13134
13136
13131
13128
13124
13133
13136
13141
13147
13142
13149
13142
13133
13133
13141
13140
13137
13130
13132
13131
13131
13133
13130
13129
13138
13134
13138
13152
13145
13144
13147
13142
13140
13139
13140
13135
13138
13136
13130
13126
13128
13128
13132
13130
13128
13133
13125
13124
13131
13127
13130
13136
13138
13136
13134
13128
13132
13133
13127
13131
13130
13122
13127
13121
13121
13118
13117
13120
13114
13115
13127
13116
13124
13124
13119
13125
13121
13118
13115
13118
13120
13124
13129
13126
13124
13128
13126
13127
13135
13137
13135
13134
13147
13145
13140
13139
13142
13141
13143
13141
13143
13144
13143
13142
13149
13136
13138
13149
13149
13149
13153
13134
13142
13134
13131
13131
13134
13140
13141
13141
13136
13128
13131
13128
13123
13132
13123
13120
13123
13129
13134
13139
13145
13145
13150
13154
13150
13155
13144
13148
13139
13136
13139
13132
13135
13122
13126
13121
13113
13113
13122
13122
13132
13139
12945
12241
11614
11246
11023
10931
10895
10936
10982
11072
11162
11278
11365
11478
11560
11655
11739
11834
11910
11992
12058
12134
12192
12254
12312
12366
12412
12464
12508
12547
12582
12615
12644
12678
12702
12732
12761
12778
12807
12834
12846
12860
12885
12897
12907
12921
12930
12940
12955
12966
12974
12990
12997
13011
13019
13023
13027
13026
13034
13041
13044
13047
13058
13054
13062
13071
13074
13082
13086
13087
13096
13089
13087
13102
13102
13103
13114
13113
13115
13116
13114
13115
13120
13121
13125
13129
13131
13127
13132
13123
13125
13126
13125
13123
13124
13126
13132
13139
13138
13138
13140
13138
13142
13136
13136
13134
13144
13134
13128
13133
13140
13140
13138
13151
13145
13136
13133
13128
13129
13126
13123
13126
13131
13131
13133
13134
13140
13141
13143
13129
13128
13136
13129
13125
13121
13118
13124
13119
13126
13117
13124
13118
13126
13121
13131
13131
13128
13126
13136
13134
13143
13138
13136
13150
13144
13141
13138
13133
13135
13138
13141
13138
13134
13140
13135
13140
13142
13141
13134
13133
13135
13144
13141
13134
13142
13137
13141
13141
13141
13138
13140
13141
13139
13133
13129
13127
13125
13124
13123
13128
13135
13139
13136
13146
13141
13141
13147
13139
13143
13146
13144
13145
13143
13135
13140
13133
13131
13126
13130
13133
13136
13142
13132
13135
13135
13123
13133
13134
13131
13131
13143
13138
13136
13124
13131
13129
13138
13143
13146
13146
13142
13143
13140
13151
13139
13135
13139
13136
13136
13133
13085
12961
12892
12845
12823
12819
12816
12819
12830
12843
12848
12868
12882
12896
12914
12924
12936
12942
12957
12969
12985
12997
13011
13014
13031
13031
13040
13043
13047
13054
13065
13065
13067
13074
13071
13064
13074
13073
13087
13088
13092
13099
13104
13105
13107
13110
13110
13106
13109
13110
13110
13114
13107
13099
13111
13107
13099
13093
13095
13099
13101
13103
13113
13117
13125
13122
13122
13123
13121
13119
13126
13124
13122
13126
13129
13132
13135
13123
13118
13119
13116
13119
13118
13116
13123
13126
13127
13132
13133
13137
13138
13146
13143
13141
13140
13129
13133
13124
13125
13127
13126
13131
13130
13127
13129
13124
13123
13125
13124
13124
13136
13139
13136
13144
13140
13131
13131
13130
13127
13126
13125
13119
13119
13121
13120
13122
13122
13120
13127
13126
13132
13145
13139
13139
13140
13145
13151
13149
13148
13148
13148
13146
13147
13148
13148
13152
13142
13146
13142
13135
13139
13135
13132
13145
13136
13133
13149
13147
13147
13138
13140
13142
13139
13137
13138
13132
13136
13128
13134
13134
13135
13136
13127
13127
13137
13129
13124
13122
13133
13132
13137
13135
13137
13139
13143
13147
13141
13138
13140
13136
13145
13137
13136
13143
13133
13134
13140
13126
13134
13137
13138
13134
13132
13134
13132
13129
13142
13142
13142
13146
13143
13146
13143
13136
13135
13124
13124
13120
13126
13115
13123
13119
13125
13126
13130
13138
13134
13141
13135
13144
13143
13134
13132
13137
13129
13128
13135
13129
13132
13135
13129
13132
13136
13129
13134
13133
13136
13134
13136
13141
13132
13138
13134
13137
13140
13138
13142
13142
13134
13134
13133
13129
13128
13123
13132
13133
13130
13128
13124
13131
13141
13136
13137
13145
13134
13136
13138
13137
13137
13146
13150
13143
13140
13140
13137
