13137
13139
13143
13138
13134
13139
13139
13148
13147
13142
13137
13133
13130
13126
13126
13123
13122
13124
13125
13123
13130
13122
13127
13137
13127
13129
13131
13132
13131
13131
13129
13133
13127
13127
13134
13130
13129
13133
13134
13136
13130
13127
13133
13128
13133
13139
13134
13137
13144
13139
13139
13140
13141
13133
13136
13148
13141
13134
13131
13136
13141
13132
13134
13134
13129
13134
13131
13138
13141
13143
13143
13139
13137
13137
13137
13137
13132
13138
13136
13140
13137
13138
13141
13138
13129
13134
13133
13125
13124
13131
13123
13126
13125
13128
13131
13126
13127
13126
13125
13121
13126
13123
13129
13137
13134
13128
13126
13137
13135
13132
13130
13134
13134
13132
13142
13133
13137
13137
13135
13137
13129
13125
13129
13128
13118
13124
13123
13122
13125
13123
13129
13128
13129
13122
13124
13128
13125
13132
13124
13128
13133
13132
13137
13131
13123
13122
13118
13120
13126
13133
13130
13136
13131
13141
13143
13137
13135
13135
13138
13141
13135
13137
13141
13127
13126
13130
13128
13122
13128
13127
13129
13131
13131
13128
13136
13136
13132
13133
13129
13124
13140
13132
13126
13124
13127
13127
13129
13118
13018
12933
12881
12853
12846
12838
12841
12846
12865
12874
12883
12898
12906
12913
12934
12935
12950
12968
12977
12987
13004
13013
13030
13041
13037
13038
13045
13050
13051
13050
13053
13057
13076
13068
13062
13070
13070
13081
13086
13089
13093
13102
13106
13111
13106
13113
13114
13117
13119
13112
13124
13138
13134
13127
13132
13119
13113
13120
13117
13114
13110
13110
13116
13124
13122
13118
13119
13126
13116
13117
13120
13123
13130
13122
13124
13128
13131
13137
13130
13127
13127
13131
13124
13124
13123
13131
13123
13123
13130
13137
13141
13147
13136
13138
13141
13137
13132
13138
13139
13136
13140
13141
13141
13138
13138
13137
13135
13131
13122
13115
13111
13115
13126
13126
13118
13121
13126
13134
13142
13146
13143
13148
13151
13142
13146
13136
13142
13134
13134
13135
13135
13140
13142
13135
13135
13132
13132
13139
13132
13133
13131
13135
13132
13137
13134
13138
13132
13133
13134
13129
13129
13131
13132
13126
13126
13129
13129
13132
13128
13124
13124
13127
13125
13124
13121
13123
13123
13125
13127
13125
13126
13132
13128
13132
13133
13133
13138
13139
13134
13143
13135
13136
13126
13131
13124
13122
13122
13128
13127
13131
13127
13131
13140
13132
13133
13146
13148
13147
13149
13143
13132
13121
13118
13113
13104
13107
13107
13115
13114
13126
13125
13124
13122
13124
13127
13132
13134
13137
13135
13137
13134
13140
13135
13135
13139
13138
13139
13140
13131
13130
13128
13133
13134
13129
13132
13131
13132
13134
13134
13134
13134
13133
13127
13132
13127
13128
13132
13131
13134
13137
13138
13138
13133
13132
13135
13131
13133
13139
13137
13145
13149
13139
13139
13138
13142
13147
13142
13145
13141
13146
13141
13138
13146
13147
13151
13146
13148
13138
13134
13129
13133
13129
13127
13121
13116
13116
13116
13118
13125
13131
13126
13132
13131
13131
13140
13136
13131
13140
13138
13140
13136
13134
13131
13135
13133
13126
13131
13132
13126
13121
13123
13119
13125
13056
12661
12109
11681
11426
11290
11193
11173
11181
11235
11299
11395
11471
11566
11644
11744
11817
11895
11976
12046
12110
12188
12240
12295
12347
12401
12448
12500
12529
12570
12602
12636
12669
12697
12730
12758
12779
12807
12818
12853
12863
12883
12899
12910
12923
12937
12946
12959
12970
12980
12990
12989
12996
13003
13013
13028
13036
13034
13042
13048
13048
13062
13067
13059
13062
13067
13075
13080
13089
13092
13100
13108
13110
13111
13117
13117
13122
13123
13124
13126
13125
13128
13132
13131
13126
13119
13118
13116
13115
13122
13128
13118
13111
13115
13113
13121
13118
13114
13117
13120
13121
13132
13130
13131
13145
13142
13144
13145
13147
13152
13153
13147
13143
13142
13140
13137
13144
13143
13127
13134
13132
13133
13141
13141
13134
13123
13124
13127
13133
13133
13142
13142
13149
13152
13139
13137
13136
13126
13129
13117
13115
13121
13118
13122
13132
13127
13136
13134
13136
13138
13137
13132
13128
13133
13137
13135
13134
13136
13135
13139
13136
13126
13131
13125
13129
13132
13137
13131
13137
13135
13135
13136
13134
13136
13130
13128
13128
13120
13130
13130
13129
13128
13122
13129
13130
13127
13125
13125
13121
13122
13121
13125
13127
13120
13126
13123
13128
13122
13129
13137
13134
13141
13142
13137
13137
13135
13141
13138
13136
13134
13138
13127
13132
13139
13140
13143
13137
13135
13137
13136
13135
13138
13132
13126
13129
13126
13136
13133
13122
13128
13126
13130
13130
13129
13133
13131
13137
13130
13129
13135
13133
13132
13140
13138
13135
13132
13133
13130
13133
13134
13135
13130
13130
13130
13125
13135
13132
13135
13138
13139
13134
13139
13132
13135
13135
13125
13126
13119
13122
13121
13117
13120
13118
13119
13122
13120
13123
13122
13121
13129
13129
13132
13133
13132
13137
13133
13130
13124
13122
13130
13130
13129
13131
13130
13126
13132
13133
13131
13140
13137
13136
13141
13134
13131
13140
13139
13137
13143
13136
13132
13135
13139
13134
13133
13131
13128
13127
13123
13127
13122
13122
13114
13119
13123
13127
13123
13126
13130
13130
13130
13131
13127
13130
13137
13133
13136
13133
13126
13126
13127
13122
13134
13134
13144
13146
13141
13141
13147
13139
13139
13138
13129
13121
13119
13116
13117
13122
13119
13116
13119
13124
13126
13124
13122
13125
13127
13132
13133
13131
13129
13132
13128
13136
13136
13132
13132
13128
13129
13137
13122
13123
13126
13124
13126
13132
13121
13124
13123
13127
13139
13140
13137
13130
13132
13138
13134
13132
13132
13127
13146
13132
13132
13137
13138
13135
13137
13134
13129
13129
13125
13131
13124
13134
13136
13137
13130
13136
13132
13143
13141
13138
13145
13140
13143
13145
13138
13138
13136
13137
13129
13127
13126
13122
13125
13129
13131
13132
13135
13131
13139
13135
13130
13129
13126
13132
13133
13139
13134
13135
13136
13128
13126
13127
13132
13126
13124
13121
13124
13133
13133
13132
13144
13138
13135
13137
13127
13123
13121
13125
13122
13128
13119
13115
13114
13123
13121
13128
13135
13129
13139
13134
13134
13140
13139
13138
13134
13132
13141
13141
13153
13148
13142
13150
13145
13145
13141
13139
13142
13135
13127
13126
13128
13125
13126
13135
13125
13130
13131
13124
13128
13133
13135
13129
13136
13137
13129
13131
13129
13131
13134
13136
13126
13137
13133
13137
13133
13132
13132
13135
