13128
13126
13132
13123
13124
13129
13128
13131
13138
13134
13132
13134
13131
13137
13127
13133
13136
13130
13126
13123
13131
13123
13120
13127
13122
13127
13135
13132
13134
13132
13129
13134
13132
13136
13138
13130
13133
13134
13137
13139
13131
13131
13134
13125
13121
13128
13114
13122
13123
13123
13124
13125
13129
13129
13126
13130
13127
13125
13131
13132
13141
13135
13135
13136
13140
13143
13133
13132
13127
13133
13134
13141
13140
13140
13145
13142
13141
13140
13134
13144
13137
13138
13140
13139
13133
13135
13134
13138
13136
13128
13126
13128
13135
13129
13126
13137
13139
13140
13137
13132
13138
13127
13131
13132
13130
13130
13134
13140
13144
13154
13152
13148
13145
13145
13144
13133
13132
13129
13122
13122
13117
13128
13141
13138
13137
13139
13138
13134
13137
13137
13134
13138
13138
13137
13135
13135
13128
13131
13130
13121
13124
13120
13123
13132
13126
13130
13134
13143
13143
13136
13140
13135
13129
13135
13137
13138
13146
13145
13150
13144
13138
13129
13140
13128
13128
13133
13124
13129
13124
13123
13125
13124
13126
13121
13121
13123
13126
13131
13142
13128
13130
13122
13130
13134
13141
13145
13139
13140
13144
13137
13134
13145
13135
13146
13149
13140
13146
13144
13137
13137
13134
13130
13137
13127
13129
13137
13128
13127
13127
13125
13132
13138
13142
13137
13137
13141
13142
13138
13133
13124
13134
13129
13127
13130
13132
13134
13133
13132
13137
13143
13146
13142
13136
13142
13140
13134
13137
13137
13125
13132
13137
13128
13133
13130
13132
13128
13129
13138
13139
13133
13133
13134
13138
13141
13142
13137
13137
13133
13129
13132
13127
13126
13121
13129
13129
13125
13121
13118
13116
13115
13120
13120
13117
13132
13134
13135
13136
13141
13144
13148
13143
13134
13141
13130
13126
13127
13137
13135
13136
13132
13130
13127
13126
13126
13131
13135
13131
13137
13132
13126
13128
13118
13124
13118
13117
13131
13120
13123
13127
13128
13125
13129
13120
13125
13121
13123
13127
13130
13135
13143
13138
13138
13141
13136
13134
13139
13139
13133
13135
13136
13140
13139
13144
13137
13144
13139
13138
13139
13140
13133
13135
13136
13135
13141
13140
13144
13139
13140
13138
13139
13137
13134
13136
13138
13134
13127
13123
13126
13135
13133
13132
13138
13146
13146
13139
13144
13132
13130
13132
13128
13132
13134
13142
13136
13138
13141
13141
13134
13138
13130
13140
13127
13123
13124
13123
13122
13124
13120
13125
13128
13127
13136
13131
13133
13129
13121
13126
13137
13142
13148
13144
13140
13147
13136
13134
13133
13132
13133
13129
13126
13131
13128
13132
13125
13131
13132
13127
13132
13134
13136
13143
13137
13129
13129
13126
13129
13132
13136
13138
13146
13145
13150
13150
13147
13146
13140
13138
13135
13130
13138
13136
13133
13141
13136
13129
13130
13126
13133
13132
13136
13130
13128
13132
13127
13135
13137
13137
13137
13135
13136
13140
13133
13137
13141
13147
13139
13138
13136
13142
13141
13135
13135
13130
13126
13121
13116
13120
13120
13121
13131
13127
13122
13137
13127
13123
13123
13125
13127
13122
13123
13124
13124
13126
13131
13129
13134
13129
13136
13142
13142
13150
13139
13098
12975
12902
12795
12239
11410
10707
10287
10079
9977
9990
10052
10167
10242
10347
10418
10504
10593
10717
10825
10966
11078
11209
11322
11446
11541
11651
11734
11826
11891
11971
12038
12118
12171
12240
12298
12355
12402
12449
12482
12523
12566
12607
12644
12669
12685
12712
12739
12767
12787
12811
12838
12862
12876
12894
12910
12922
12937
12951
12959
12982
12985
12996
12998
13003
13011
13012
13018
13022
13023
13026
13032
13045
13057
13064
13064
13067
13073
13081
13075
13084
13100
13101
13105
13109
13105
13112
13112
13111
13113
13111
13107
13115
13112
13109
13110
13115
13127
13125
13118
13130
13114
13002
12915
12863
12831
12820
12816
12822
12827
12837
12843
12864
12886
12895
12911
12930
12946
12957
12961
12963
12978
12985
12994
13003
13014
13016
13020
13030
13045
13053
13061
13068
13071
13067
13076
13076
13076
13073
13073
13086
13094
13089
13102
13096
13094
13107
13109
13105
13110
13109
13109
13116
13119
13121
13128
13127
13134
13137
13137
13135
13130
13134
13136
13133
13127
13127
13130
13130
13126
13122
13131
13126
13124
13132
13131
13133
13140
13140
13135
13144
13140
13142
13142
13145
13140
13142
13133
13126
13129
13129
13128
13131
13133
13134
13132
13127
13120
13128
13129
13127
13132
13127
13122
13124
13122
13129
13132
13131
13134
13128
13131
13131
13127
13130
13128
13125
13132
13127
13125
13132
13132
13120
13120
13118
13126
13122
13126
13121
13126
13133
13136
13137
13143
13140
13138
13135
13138
13147
13136
13132
13137
13141
13137
13136
13135
13135
13130
13139
13144
13141
13139
13142
13141
13149
13149
13143
13155
13158
13144
13144
13140
13139
13142
13143
13140
13148
13144
13142
13140
13147
13146
13146
13143
13146
13141
13146
13139
13138
13134
13136
13133
13129
13128
13122
13124
13128
13138
13136
13136
13131
13132
13134
13133
13130
13128
13133
13141
13136
13138
13142
13133
13131
13139
13139
13144
13142
13139
13137
13131
13123
13122
13126
13130
13127
13135
13137
13137
13142
13127
13132
13128
13131
13134
13133
13132
13134
13133
13126
13124
13119
13118
13127
13128
13133
13127
13133
13132
13128
13125
13131
13132
13131
13138
13141
13139
13142
13140
13145
13138
13132
13125
13125
13126
13125
13126
13122
13123
13131
13123
13124
13126
13133
13131
13130
13137
13134
13143
13144
13145
13141
13138
13142
13139
13146
13141
13141
13142
13140
13127
13132
13126
13125
13134
13126
13129
13143
13141
13150
13152
13149
13139
13145
13145
13147
13142
13150
13154
13155
13146
13136
13134
13132
13129
13128
13132
13130
13136
13140
13139
13136
13137
13140
13133
13136
13127
13123
13125
13124
13124
13124
13123
13126
13134
13134
13127
13134
13129
13134
13138
13134
13129
13126
13136
13134
13131
13130
13125
13141
13140
13135
13140
13135
13133
13131
13124
13129
13123
13126
13124
13125
13127
13134
13133
13131
13134
13137
13139
13138
13139
13145
13141
13137
13144
13144
13139
13131
13135
13137
13136
13126
13122
13121
13130
13132
13134
13137
13133
13141
13138
13133
13136
13130
13131
13130
13130
13139
13137
13145
13149
13141
13146
13149
13136
13142
13137
13141
13142
13140
13135
13133
13135
13133
13137
13136
13132
13135
13133
13134
13133
13131
13128
13127
13134
13140
13141
13138
13139
13156
13147
13148
13148
13142
13146
13149
13143
13142
13141
