13140
13139
13150
13139
13133
13139
13134
13138
13141
13136
13134
13145
13149
13142
13149
13147
13145
13147
13146
13142
13155
13152
13154
13150
13149
13144
13134
13138
13145
13141
13136
13131
13132
13139
13139
13139
13145
13147
13145
13139
13137
13134
13138
13135
13136
13142
13142
13146
13145
13150
13143
13144
13142
13139
13137
13135
13133
13139
13137
13138
13134
13129
13142
13144
13135
13138
13139
13136
13145
13138
13140
13145
13135
13143
13143
13144
13150
13146
13145
13153
13152
13147
13148
13137
13139
13140
13136
13141
13136
13141
13135
13140
13136
13132
13125
13122
13121
13119
13125
13126
13139
13133
13131
13131
13126
13121
13120
13113
13111
13121
13125
13135
13123
13126
13131
13130
13135
13131
13131
13130
13131
13128
13142
13132
13136
13139
13134
13142
13141
13139
13140
13139
13140
13140
13138
13139
13132
13131
13130
13127
13137
13142
13139
13143
13137
13140
13136
13139
13142
13139
13131
13133
13129
13127
13131
13129
13128
13128
13129
13135
13131
13122
13125
13118
13119
13126
13120
13125
13135
13135
13144
13142
13139
13131
13133
13139
13139
13141
13133
13128
13134
13129
13133
13131
13129
13134
13130
13129
13123
13125
13119
13119
13119
13121
13119
13122
13122
13121
13118
13122
13121
13115
13125
13124
13122
13125
13116
13123
13124
13130
13121
13124
13124
13124
13122
13118
13120
13127
13127
13128
13136
13135
13136
13137
13135
13130
13131
13130
13129
13124
13122
13141
13134
13139
13145
13150
13147
13142
13141
13140
13137
13143
13142
13143
13139
13133
13131
13137
13135
13136
13139
13137
13142
13141
13135
13132
13136
13132
13129
13128
13133
13128
13121
13118
13124
13128
13123
13122
13121
13124
13121
13127
13118
13129
13125
13128
13129
13129
13130
13133
13134
13135
13138
13136
13127
13131
13125
13120
13123
13126
13124
13130
13132
13123
13128
13125
13121
13122
13124
13120
13125
13112
13111
13115
13119
13121
13119
13120
13126
13127
13134
13137
13133
13136
13140
13143
13149
13142
13141
13150
13148
13134
13141
13140
13147
13145
13141
13138
13145
13146
13142
13140
13136
13141
13147
13145
13141
13137
13141
13133
13138
13125
13130
13127
13129
13134
13130
13133
13128
13129
13131
13143
13138
13143
13142
13134
13144
13147
13133
13135
13126
13130
13128
13124
13128
13132
13131
13135
13137
13136
13145
13139
13132
13130
13133
13135
13128
13138
13132
13132
13136
13133
13141
13133
13132
13132
13132
13137
13140
13140
13142
13148
13143
13149
13145
13138
13138
13136
13132
13135
13131
13127
13134
13132
13133
13139
13128
13131
13135
13135
13129
13133
13129
13133
13137
13137
13133
13138
13135
13132
13134
13134
13132
13139
13133
13135
13125
13131
13142
13138
13138
13141
13134
13142
13140
13132
13137
13134
13125
13126
13123
13122
13130
13116
13117
13117
13116
13124
13141
13144
13150
13149
13151
13142
13139
13140
13133
13136
13132
13131
13138
13135
13135
13131
13136
13135
13134
13133
13125
13120
13125
13122
13117
13123
13127
13118
13126
13130
13131
13139
13133
13133
13140
13131
13127
13128
13126
13131
13134
13129
13131
13132
13137
13140
13143
13138
13135
13132
13129
13137
13143
13137
13140
13137
13133
13144
13139
13105
12695
12143
11523
11056
10799
10659
10634
10645
10719
10799
10915
10918
10943
10937
10974
11017
11107
11187
11293
11378
11482
11569
11673
11752
11851
11924
12002
12071
12145
12204
12268
12319
12374
12414
12458
12502
12554
12586
12615
12648
12675
12702
12737
12758
12773
12802
12825
12843
12866
12891
12904
12925
12938
12939
12959
12960
12973
12987
12988
12997
13006
13013
13019
13026
13037
13046
13052
13059
13062
13067
13062
13069
13079
13077
13074
13084
13079
13083
13084
13092
13091
13099
13109
13104
13109
13104
13102
13111
13109
13112
13116
13121
13115
13119
13122
13120
13120
13123
13130
13124
13126
13127
13117
13116
13123
13130
13131
13137
13137
13135
13137
13128
13134
13133
13129
13125
13117
13120
13110
13113
13114
13119
13124
13128
13125
13134
13134
13137
13142
13145
13140
13142
13131
13122
13134
13132
13134
13138
13140
13138
13147
13140
13142
13143
13150
13141
13148
13147
13143
13144
13148
13135
13142
13138
13139
13129
13132
13130
13132
13125
13130
13120
13119
13118
13106
13111
13118
13122
13130
13121
13119
13124
13114
13113
13123
13116
13125
13136
13140
13139
13138
13134
13129
13136
13131
13127
13135
13148
13152
13143
13142
13140
13144
13140
13128
13129
13133
13129
13127
13134
13133
13132
13137
13145
13140
13138
13139
13138
13144
13145
13129
13133
13133
13131
13138
13131
13138
13138
13136
13134
13135
13135
13135
13142
13132
13133
13134
13138
13135
13134
13132
13127
13131
13136
13138
13138
13129
13138
13136
13135
13139
13131
13131
13133
13132
13137
13139
13139
13134
13139
13130
13138
13135
13135
13143
13146
13152
13151
13150
13145
13139
13140
13139
13140
13137
13125
13127
13139
13134
13133
13133
13128
13136
13132
13131
13126
13125
13125
13132
13132
13128
13125
13128
13132
13123
13137
13127
13128
13130
13130
13127
13137
13130
13126
13130
13123
13124
13129
13133
13138
13134
13139
13137
13136
13143
13137
13133
13138
13142
13141
13142
13147
13151
13152
13144
13145
13144
13145
13143
13142
13144
13141
13148
13147
13157
13156
13162
13163
13158
13154
13151
13150
13142
13144
13147
13138
13135
13142
13135
13142
13143
13145
13142
13138
13137
13140
13136
13141
13138
13140
13134
13141
13145
13139
13141
13146
13139
13143
13143
13144
13137
13132
13128
13136
13122
13127
13130
13136
13138
13138
13131
13132
13127
13124
13131
13121
13113
13119
13117
13123
13127
13128
13125
13129
13133
13132
13130
13137
13134
13136
13141
13139
13147
13141
13142
13140
13135
13134
13130
13126
13123
13119
13115
13117
13112
13117
13118
13117
13120
13111
13112
13120
13118
13115
13118
13117
13121
13127
13126
13132
13132
13130
13126
13126
13123
13124
13126
13138
13140
13138
13141
13141
13145
13147
13149
13149
13149
13149
13154
13154
13157
13157
13149
13150
13138
13146
13150
13144
13142
13144
13145
13154
13143
13141
13145
13137
13136
13137
13129
13130
13128
13130
13128
13127
13128
13123
13125
13131
13133
13129
13130
13127
13135
13131
13126
13130
13135
13139
13142
13137
13140
13137
13139
13144
13134
13131
13133
13132
13137
13140
13132
13141
13142
13136
13138
13141
13137
13145
13151
13146
13147
13140
13139
13140
13136
13140
13145
13145
13136
13142
13141
13138
13144
13142
13130
13136
13132
13135
13128
13131
13138
13133
