13125
13123
13127
13126
13119
13120
13115
13123
13123
13128
13127
13129
13128
13135
13132
13138
13134
13129
13130
13131
13140
13131
13133
13139
13139
13139
13143
13141
13143
13137
13132
13133
13123
13128
13125
13122
13130
13127
13126
13130
13129
13131
13143
13139
13137
13144
13138
13138
13136
13138
13132
13135
13141
13135
13136
13137
13128
13130
13138
13146
13151
13142
13138
13146
13146
13142
13142
13134
13130
13133
13127
13130
13125
13129
13135
13131
13131
13135
13131
13135
13124
13123
13130
13127
13129
13132
13128
13124
13125
13121
13127
13127
13137
13134
13131
13141
13138
13130
13139
13139
13140
13142
13140
13141
13143
13138
13135
13140
13141
13139
13149
13146
13146
13141
13139
13133
13129
13125
13123
13126
13126
13125
13129
13117
13110
13115
13112
13111
13111
13116
13125
13119
13117
13115
13115
13120
13121
13125
13126
13122
13121
13114
13112
13123
13121
13121
13120
13120
13124
13122
13121
13125
13113
13116
13124
13125
13123
13127
13123
13136
13138
13131
13134
13129
13131
13134
13134
13135
13133
13135
13136
13133
13132
13131
13134
13139
13142
13140
13137
13127
13134
13124
13127
13127
13126
13132
13127
13117
13120
13121
13122
13128
13122
13121
13127
13124
13135
13132
13136
13136
13131
13126
13141
13136
13131
13137
13134
13134
13135
13137
13135
13138
13142
13139
13142
13143
13141
13139
13146
13141
13144
13142
13141
13139
13134
13131
13118
13124
13128
13139
13134
13142
13136
13137
13142
13138
13144
13143
13147
13146
13142
13140
13141
13138
13128
13136
13138
13138
13131
13132
13128
13125
13121
13121
13124
13129
13128
13134
13125
13125
13129
13123
13129
13130
13132
13133
13135
13140
13152
13151
13150
13148
13142
13143
13142
13132
13143
13138
13137
13135
13135
13131
13129
13130
13119
13122
13121
13129
13128
13133
13130
13138
13138
13147
13153
13149
13146
13139
13136
13134
13139
13129
13131
13139
13141
13140
13139
13134
13141
13139
13138
13140
13138
13138
13140
13133
13133
13129
13132
13127
13124
13119
13123
13111
13111
13118
13121
13127
13142
13141
13143
13145
13153
13142
13144
13141
13142
13142
13141
13139
13144
13133
13131
13134
13132
13135
13131
13143
13139
13134
13137
13140
13130
13139
13136
13133
13126
13120
13121
13135
13133
13127
13129
13129
13133
13136
13132
13133
13133
13131
13123
13132
13136
13133
13131
13128
13139
13138
13136
13134
13137
13137
13135
13144
13142
13141
13146
13148
13146
13146
13145
13138
13132
13136
13133
13132
13133
13130
13128
13132
13122
13117
13130
13126
13135
13142
13137
13142
13138
13147
13155
13148
13154
13146
13141
13153
13151
13149
13148
13141
13143
13138
13136
13135
13133
13130
13134
13131
13139
13140
13132
13138
13131
13133
13134
13130
13134
13126
13122
13128
13123
13131
13146
13142
13147
13149
13144
13142
13142
13139
13143
13144
13142
13138
13140
13140
13151
13140
13136
13136
13137
13129
13133
13136
13129
13128
13123
13129
13127
13131
13127
13133
13125
13128
13134
13130
13131
13139
13147
13149
13144
13144
13142
13135
13133
13134
13133
13130
13130
13134
13129
13130
13133
13139
13142
13140
13143
13140
13142
13142
13133
13131
13129
13129
13130
13131
13136
13113
12895
12486
12140
11751
11381
11129
11013
10956
10973
11020
11100
11180
11287
11378
11493
11579
11678
11762
11849
11922
12006
12074
12146
12200
12261
12313
12366
12417
12466
12499
12548
12588
12623
12645
12681
12718
12750
12780
12802
12822
12839
12858
12876
12891
12906
12913
12927
12933
12947
12962
12977
12987
12992
12989
13000
13005
13007
13025
13029
13035
13045
13053
13057
13063
13069
13068
13073
13081
13081
13082
13086
13091
13103
13102
13103
13106
13115
13115
13122
13120
13116
13121
13119
13115
13116
13121
13124
13125
13128
13124
13124
13136
13127
13121
13133
13122
13118
13124
13126
13125
13123
13118
13120
13117
13120
13122
13125
13130
13133
13139
13142
13133
13142
13138
13140
13145
13147
13150
13142
13141
13147
13146
13138
13139
13140
13139
13144
13137
13143
13140
13144
13138
13141
13135
13142
13136
13141
13149
13133
13133
13134
13133
13136
13137
13141
13135
13133
13139
13137
13129
13123
13122
13135
13122
13123
13131
13120
13125
13131
13122
13119
13116
13115
13118
13115
13127
13130
13122
13122
13123
13125
13134
13130
13130
13133
13124
13129
13135
13131
13132
13134
13136
13130
13128
13126
13121
13122
13128
13130
13127
13128
13135
13137
13138
13128
13126
13123
13122
13120
13122
13129
13134
13139
13140
13135
13132
13130
13132
13127
13129
13127
13131
13130
13129
13133
13117
13125
13133
13127
13128
13127
13131
13131
13124
13136
13132
13134
13139
13139
13139
13145
13146
13154
13151
13147
13150
13152
13151
13151
13150
13145
13147
13146
13140
13139
13142
13140
13136
13132
13135
13129
13131
13126
13131
13150
13142
13143
13143
13137
13137
13140
13139
13133
13129
13126
13119
13124
13125
13129
13127
13132
13136
13145
13138
13132
13137
13133
13137
13131
13133
13131
13131
13141
13138
13127
13133
13135
13137
13142
13141
13136
13137
13134
13125
13130
13130
13127
13136
13131
13135
13137
13134
13129
13133
13130
13133
13135
13139
13141
13148
13148
13150
13153
13141
13135
13142
13137
13135
13135
13137
13137
13140
13141
13139
13134
13136
13133
13138
13142
13135
13138
13145
13140
13141
13144
13138
13135
13138
13137
13127
13125
13128
13126
13135
13141
13133
13134
13139
13144
13135
13140
13132
13136
13129
13128
13137
13141
13143
13138
13130
13131
13137
13130
13133
13126
13130
13127
13127
13131
13138
13142
13143
13134
13125
13127
13121
13125
13120
13123
13128
13133
13132
13126
13128
13128
13129
13132
13138
13134
13138
13142
13139
13147
13145
13136
13138
13134
13138
13135
13129
13132
13134
13127
13138
13140
13136
13145
13151
13150
13153
13147
13148
13133
13127
13136
13130
13132
13133
13131
13136
13138
13134
13131
13131
13137
13138
13139
13143
13143
13148
13150
13141
13142
13136
13135
13141
13145
13143
13146
13143
13145
13146
13150
13148
13149
13154
13155
13143
13155
13138
13133
13140
13134
13140
13149
13133
13134
13140
13139
13136
13140
13138
13141
13145
13149
13139
13140
13140
13137
13141
13138
13132
13132
13126
13127
13128
13127
13128
13139
13139
13132
13133
13133
13143
13137
13139
13147
13142
13139
13133
13133
13134
13129
13126
13130
13126
13130
13127
13126
13129
13127
13129
13134
13139
13141
13138
13139
13139
13137
13137
13131
13135
13148
13140
13145
13146
13145
13152
13148
13142
13140
13137
