13148
13149
13150
13152
13156
13148
13141
13138
13138
13137
13137
13131
13135
13136
13131
13135
13138
13132
13142
13142
13141
13138
13136
13137
13135
13132
13128
13125
13124
13132
13125
13129
13134
13132
13142
13141
13138
13138
13138
13143
13139
13138
13134
13126
13133
13132
13125
13138
13131
13138
13138
13144
13148
13145
13143
13150
13146
13147
13148
13140
13145
13139
13142
13143
13137
13131
13140
13141
13135
13142
13136
13139
13140
13140
13131
13133
13132
13133
13132
13137
13138
13139
13140
13138
13137
13133
13138
13138
13136
13144
13138
13137
13141
13139
13133
13133
13127
13137
13136
13138
13134
13133
13125
13125
13116
13118
13123
13123
13123
13137
13141
13139
13144
13142
13138
13138
13143
13142
13142
13141
13133
13133
13131
13128
13125
13120
13118
13123
13121
13122
13119
13124
13118
13124
13124
13128
13122
13124
13121
13122
13125
13125
13132
13138
13128
13133
13142
13142
13147
13147
13141
13144
13148
13147
13140
13132
13132
13129
13136
13136
13132
13134
13130
13132
13129
13125
13125
13130
13127
13127
13133
13132
13129
13134
13130
13133
13137
13135
13133
13135
13138
13142
13144
13154
13145
13141
13149
13137
13126
13126
13124
13126
13128
13120
13118
13122
13134
13130
13130
13130
13123
13129
13121
13120
13124
13117
13122
13127
13129
13125
13119
13117
13123
13126
13124
13129
13127
13135
13140
13140
13143
13142
13141
13144
13135
13125
13132
13129
13126
13134
13131
13137
13127
13130
13117
13121
13125
13123
13120
13118
13127
13130
13135
13138
13146
13134
13139
13148
13141
13139
13136
13133
13135
13132
13133
13134
13126
13129
13136
13132
13133
13132
13144
13144
13141
13141
13149
13149
13144
13145
13140
13141
13142
13138
13141
13141
13145
13136
13130
13136
13132
13139
13142
13139
13139
13133
13136
13140
13140
13138
13136
13137
13142
13146
13146
13145
13141
13145
13144
13138
13131
13126
13131
13132
13118
13115
13126
13126
13127
13138
13132
13141
13142
13150
13142
13147
13148
13142
13142
13149
13142
13137
13125
13124
13130
13121
13120
13124
13126
13124
13130
13128
13131
13132
13128
13134
13134
13128
13129
13129
13134
13135
13137
13140
13136
13131
13130
13125
13126
13130
13125
13131
13138
13135
13135
13140
13143
13147
13143
13138
13137
13085
12973
12902
12871
12839
12834
12834
12841
12845
12858
12875
12876
12890
12907
12921
12928
12937
12957
12967
12981
12986
12998
13006
13007
13009
13019
13016
13026
13036
13047
13062
13066
13075
13076
13079
13084
13082
13084
13087
13096
13102
13100
13097
13107
13103
13104
13108
13102
13104
13093
13097
13098
13102
13098
13101
13102
13114
13115
13115
13119
13124
13131
13138
13132
13134
13141
13136
13133
13141
13136
13134
13133
13138
13136
13134
13130
13122
13125
13123
13125
13124
13121
13127
13131
13127
13127
13132
13138
13143
13142
13141
13143
13140
13137
13133
13133
13138
13136
13133
13130
13133
13132
13138
13129
13122
13118
13116
13121
13129
13123
13126
13136
13137
13139
13141
13136
13135
13131
13134
13131
13143
13135
13138
13152
13148
13142
13132
13127
13131
13126
13131
13135
13134
13140
13138
13134
13135
13131
13125
13136
13132
13129
13133
13136
13137
13135
13119
12807
12250
11742
11325
11093
10966
10942
10957
11022
11088
11189
11277
11389
11475
11574
11652
11759
11832
11916
11986
12058
12125
12196
12258
12319
12364
12412
12451
12494
12531
12573
12606
12651
12682
12718
12756
12771
12793
12823
12838
12851
12866
12875
12893
12905
12921
12935
12944
12954
12972
12989
13004
13012
13016
13027
13038
13051
13044
13045
13040
13041
13051
13055
13056
13066
13082
13084
13088
13077
13082
13080
13088
13092
13099
13097
13106
13113
13110
13120
13119
13113
13120
13118
13125
13128
13117
13118
13112
13111
13113
13116
13119
13117
13116
13118
13117
13123
13124
13119
13126
13131
13131
13125
13120
13118
13115
13117
13119
13112
13115
13123
13124
13124
13126
13121
13124
13125
13129
13140
13139
13140
13141
13135
13133
13131
13124
13126
13119
13122
13116
13122
13134
13124
13135
13136
13136
13145
13138
13133
13129
13126
13127
13131
13129
13135
13134
13132
13133
13123
13119
13125
13119
13132
13129
13128
13131
13127
13123
13134
13122
13125
13127
13125
13126
13126
13132
13131
13124
13129
13127
13132
13137
13133
13130
13142
13135
13138
13127
13119
13118
13124
13123
13125
13129
13128
13132
13126
13128
13124
13124
13127
13127
13123
13121
13127
13135
13135
13136
13146
13133
13134
13138
13133
13130
13136
13135
13136
13134
13137
13133
13132
13132
13125
13125
13121
13115
13121
13120
13114
13119
13129
13134
13130
13135
13137
13133
13129
13134
13131
13139
13136
13129
13129
13125
13129
13138
13136
13133
13135
13138
13143
13147
13144
13150
13149
13147
13141
13140
13137
13138
13138
13141
13134
13132
13134
13142
13151
13140
13130
13139
13141
13138
13132
13131
13134
13133
13129
13129
13124
13124
13129
13130
13137
13138
13133
13143
13132
13129
13126
13126
13129
13127
13119
13120
13118
13125
13134
13138
13141
13139
13143
13142
13140
13138
13145
13140
13147
13145
13137
13132
13130
13129
13128
13131
13135
13137
13142
13140
13136
13141
13145
13143
13142
13136
13136
13138
13137
13140
13145
13143
13141
13148
13144
13137
13137
13131
13134
13132
13130
13128
13122
13122
13119
13117
13120
13115
13122
13120
13114
13122
13127
13126
13129
13131
13133
13141
13139
13137
13130
13134
13135
13139
13127
13134
13138
13145
13143
13135
13131
13125
13123
13126
13126
13127
13136
13135
13131
13137
13143
13141
13142
13140
13138
13136
13135
13132
13133
13126
13128
13130
13128
13126
13132
13137
13137
13133
13130
13134
13137
13138
13135
13133
13131
13132
13131
13136
13133
13134
13136
13124
13120
13124
13126
13126
13128
13134
13133
13133
13134
13135
13141
13144
13139
13139
13135
13134
13138
13133
13129
13133
13133
13138
13139
13131
13137
13141
13139
13136
13129
13134
13138
13131
13137
13134
13138
13140
13137
13140
13151
13143
13132
13132
13129
13131
13134
13132
13136
13137
13134
13121
13121
13113
13115
13112
13119
13115
13125
13120
13120
13123
13129
13137
13139
13142
13144
13147
13135
13134
13123
13126
13125
13120
13114
13114
13114
13117
13122
13123
13128
13127
13123
13125
13125
13135
13131
13135
13136
13137
13142
13134
13128
13137
13135
13137
13131
13128
13138
13137
13139
13147
13136
13136
13136
13134
13134
13131
13127
13124
13116
13128
13134
13132
13134
13133
13138
13141
13141
13136
13141
13133
13129
13127
