13147
13149
13149
13142
13141
13143
13147
13139
13132
13133
13135
13132
13135
13130
13124
13132
13127
13124
13127
13123
13121
13128
13129
13133
13130
13129
13137
13138
13137
13138
13139
13144
13144
13140
13139
13136
13141
13140
13132
13131
13128
13124
13129
13126
13125
13127
13119
13122
13128
13139
13140
13141
13143
13143
13136
13140
13137
13135
13140
13134
13139
13142
13133
13130
13130
13134
13138
13140
13137
13133
13137
13136
13136
13137
13138
13141
13147
13146
13148
13151
13143
13142
13142
13140
13139
13135
13133
13135
13135
13138
13139
13136
13136
13145
13140
13148
13139
13134
13147
13141
13148
13143
13140
13138
13130
13132
13126
13136
13136
13140
13149
13148
13149
13147
13151
13148
13153
13141
13138
13139
13140
13143
13144
13150
13148
13145
13143
13141
13136
13134
13136
13130
13135
13139
13142
13148
13142
13134
13146
13137
13141
13139
13133
13130
13126
13127
13127
13130
13135
13135
13138
13145
13143
13135
13128
13127
13134
13130
13129
13141
13133
13140
13137
13130
13124
13128
13133
13140
13134
13133
13135
13134
13142
13145
13142
13146
13147
13137
13144
13137
13134
13134
13127
13125
13123
13126
13128
13127
13134
13122
13131
13128
13132
13134
13127
13125
13129
13122
13130
13137
13141
13146
13142
13140
13139
13133
13134
13140
13136
13133
13138
13138
13138
13141
13143
13143
13143
13133
13146
13138
13137
13141
13142
13140
13142
13140
13141
13133
13129
13126
13128
13137
13129
13135
13136
13133
13138
13136
13127
13137
13141
13143
13139
13135
13146
13152
13152
13151
13151
13148
13145
13146
13148
13142
13144
13143
13138
13134
13144
13141
13138
13144
13140
13139
13140
13138
13141
13135
13135
13136
13130
13140
13136
13136
13135
13138
13140
13132
13132
13137
13135
13133
13137
13135
13134
13140
13139
13140
13133
13134
13129
13125
13124
13123
13115
13128
13122
13130
13148
13145
13139
13146
13143
13145
13139
13139
13134
13136
13140
13142
13137
13135
13131
13130
13122
13128
13134
13130
13134
13138
13130
13130
13129
13131
13131
13132
13132
13141
13136
13140
13141
13138
13147
13149
13149
13150
13142
13132
13140
13137
13136
13133
13129
13124
13128
13124
13124
13126
13126
13126
13137
13132
13139
13137
13146
13140
13147
13142
13142
13139
13133
13140
13137
13138
13143
13141
13147
13148
13142
13143
13139
13142
13144
13142
13138
13141
13145
13143
13155
13150
13151
13149
13145
13144
13150
13143
13143
13142
13147
13139
13146
13144
13146
13141
13140
13139
13146
13134
13131
13136
13131
13131
13132
13129
13129
13122
13117
13123
13121
13127
13126
13135
13135
13140
13136
13138
13131
13124
13133
13123
13126
13129
13129
13135
13138
13134
13133
13140
13146
13144
13151
13147
13145
13144
13142
13132
13138
13129
13131
13127
13133
13142
13145
13141
13143
13142
13139
13139
13137
13141
13134
13127
13128
13123
13129
13132
13125
13132
13142
13139
13135
13138
13135
13131
13127
13127
13129
13126
13133
13127
13124
13124
13131
13133
13137
13129
13137
13134
13132
13131
13131
13129
13129
13130
13135
13137
13140
13142
13132
13138
13134
13132
13132
13130
13126
13133
13132
13125
13126
13125
13117
13130
13123
13131
13125
13131
13129
13124
13018
12780
12510
12357
12261
12204
12198
12201
12233
12255
12297
12333
12383
12425
12469
12503
12542
12580
12613
12649
12675
12709
12748
12767
12799
12818
12845
12870
12881
12887
12909
12908
12918
12936
12946
12953
12969
12981
12999
12998
13011
13022
13028
13034
13040
13044
13050
13054
13063
13070
13069
13073
13074
13082
13076
13084
13087
13088
13088
13091
13088
13098
13100
13097
13102
13104
13105
13117
13117
13110
13123
13131
13133
13131
13127
13126
13131
13120
13120
13125
13131
13123
13130
13134
13131
13129
13134
13122
13122
13113
13114
13123
13127
13127
13121
13124
13126
13126
13123
13130
13120
13123
13131
13127
13136
13146
13144
13141
13134
13127
13136
13130
13130
13128
13132
13132
13131
13128
13127
13136
13137
13136
13139
13138
13140
13140
13142
13141
13155
13148
13144
13150
13146
13141
13143
13145
13142
13133
13136
13139
13133
13140
13138
13132
13129
13132
13127
13129
13129
13135
13142
13138
13143
13145
13134
13131
13130
13134
13129
13128
13139
13144
13140
13146
13135
13141
13141
13139
13136
13127
13131
13138
13130
13134
13130
13137
13129
13130
13133
13133
13127
13137
13134
13126
13131
13133
13141
13145
13142
13134
13143
13139
13134
13138
13135
13136
13139
13134
13134
13138
13136
13132
13133
13141
13144
13141
13143
13141
13154
13147
13150
13150
13144
13135
13135
13132
13134
13132
13131
13129
13127
13138
13132
13125
13126
13128
13122
13128
13118
13118
13123
13113
13119
13134
13126
13133
13139
13143
13146
13146
13141
13135
13133
13133
13134
13132
13130
13137
13138
13141
13130
13132
13130
13128
13130
13132
13129
13119
13112
13117
13121
13134
13132
13131
13136
13136
13132
13134
13132
13129
13128
13128
13126
13132
13122
13128
13131
13135
13136
13138
13134
13132
13134
13134
13135
13139
13135
13135
13145
13141
13133
13138
13132
13136
13134
13135
13127
13123
13127
13137
13130
13134
13136
13142
13150
13147
13145
13147
13142
13135
13146
13139
13138
13145
13136
13144
13139
13144
13145
13139
13138
13135
13134
13137
13134
13128
13136
13138
13145
13145
13147
13146
13143
13143
13143
13140
13145
13145
13148
13144
13144
13145
13145
13139
13143
13141
13134
13142
13133
13126
13134
13124
13130
13136
13126
13133
13139
13137
13139
13142
13135
13136
13126
13123
13121
13121
13116
13111
13118
13111
13117
13126
13121
13121
13124
13121
13126
13131
13135
13142
13140
13141
13144
13140
13140
13148
13148
13148
13147
13140
13145
13142
13134
13139
13137
13146
13140
13135
13134
13138
13143
13137
13133
13137
13129
13131
13135
13128
13135
13128
13127
13137
13139
13138
13134
13132
13129
13132
13126
13134
13138
13134
13133
13134
13135
13125
13128
13137
13130
13130
13135
13125
13128
13123
13118
13126
13127
13127
13123
13133
13132
13127
13130
13132
13128
13131
13128
13129
13141
13132
13126
13133
13136
13131
13128
13133
13137
13137
13138
13142
13133
13128
13129
13135
13138
13142
13141
13137
13141
13133
13133
13122
13117
13129
13126
13132
13133
13135
13128
13132
13132
13132
13134
13134
13141
13143
13143
13139
13145
13144
13144
13146
13144
13137
13133
13132
13125
13122
13125
13129
13122
13122
13132
13124
13134
13138
13147
13149
13142
13140
13143
13138
13141
13139
13135
13136
13134
13136
13131
13137
13138
13134
