13133
13133
13134
13130
13132
13126
13130
13126
13122
13123
13126
13120
13130
13124
13129
13128
13123
13116
13121
13121
13119
13119
13120
13131
13135
13133
13135
13128
13127
13121
13130
13128
13128
13127
13141
13134
13133
13134
13130
13122
13121
13120
13114
13113
13125
13129
13139
13137
13137
13133
13124
13124
13130
13127
13122
13124
13123
13125
13136
13133
13141
13132
13125
13123
13123
13126
13125
13123
13120
13131
13123
13128
13124
13130
13134
13130
13127
13124
13116
13115
13117
13111
13120
13124
13126
13131
13126
13136
13133
13143
13137
13135
13139
13132
13126
13126
13128
13127
13126
13125
13130
13136
13134
13139
13130
13137
13141
13137
13138
13145
13142
13144
13142
13134
13149
13140
13142
13152
13152
13147
13138
13142
13137
13136
13133
13124
13124
13131
13130
13134
13133
13129
13143
13134
13134
13143
13140
13132
13136
13133
13128
13125
13122
13126
13117
13126
13131
13132
13134
13131
13127
13128
13126
13123
13132
13124
13129
13135
13132
13132
13126
13130
13133
13137
13140
13138
13136
13142
13146
13143
13135
13135
13137
13136
13133
13140
13135
13137
13140
13136
13136
13139
13130
13132
13127
13131
13134
13134
13134
13137
13132
13140
13128
13125
13134
13130
13120
13128
13124
13122
13125
13126
13130
13133
13128
13123
13126
13127
13120
13121
13126
13126
13130
13125
13126
13126
13129
13122
13129
13128
13129
13125
13122
13126
13128
13125
13127
13125
13131
13143
13139
13141
13135
13131
13135
13129
13132
13132
13119
13116
13119
13121
13126
13126
13124
13132
13134
13136
13134
13139
13136
13142
13142
13135
13137
13139
13142
13142
13140
13138
13138
13133
13136
13135
13131
13146
13153
13146
13150
13152
13148
13153
13147
13142
13146
13145
13138
13141
13135
13136
13133
13139
13140
13137
13136
13132
13131
13136
13133
13133
13137
13128
13134
13128
13126
13120
13117
13126
13120
13126
13122
13131
13133
13132
13137
13140
13136
13131
13136
13137
13136
13140
13139
13138
13143
13135
13138
13139
13138
13141
13139
13135
13131
13122
13128
13123
13115
13126
13132
13129
13134
13132
13143
13139
13135
13141
13134
13139
13138
13125
13126
13123
13123
13126
13121
13122
13124
13121
13131
13132
13131
13138
13141
13140
13143
13135
13135
13137
13132
13132
13138
13129
13129
13129
13129
13131
13128
13135
13131
13126
13126
13128
13130
13134
13134
13139
13147
13146
13143
13138
13140
13138
13139
13142
13138
13104
12970
12899
12846
12819
12804
12798
12801
12814
12829
12832
12852
12879
12898
12917
12934
12940
12959
12973
12986
12979
12990
13006
13010
13017
13021
13024
13035
13032
13036
13045
13057
13062
13068
13071
13075
13066
13078
13082
13080
13084
13090
13097
13098
13107
13116
13124
13119
13118
13127
13123
13124
13122
13121
13119
13116
13110
13106
13099
13099
13098
13093
13102
13094
13091
13091
13099
13107
13107
13109
13115
13118
13124
13132
13129
13119
13119
13129
13139
13139
13138
13141
13137
13134
13132
13134
13137
13130
13131
13133
13129
13129
13133
13129
13131
13130
13132
13129
13124
13118
13122
13123
13125
13120
13117
13119
13118
13124
13126
13125
13134
13130
13130
13139
13131
13131
12863
11994
11123
10387
9557
9009
8658
8549
8539
8652
8781
8978
9158
9389
9577
9800
9986
10188
10362
10543
10698
10859
10993
11129
11253
11384
11498
11608
11697
11792
11873
11964
12029
12106
12172
12236
12287
12342
12394
12445
12478
12525
12566
12601
12633
12665
12690
12720
12742
12767
12784
12806
12824
12854
12859
12879
12891
12904
12918
12930
12941
12952
12965
12979
12983
12994
13009
13016
13024
13025
13032
13045
13050
13051
13064
13068
13068
13062
13063
13067
13070
13070
13073
13076
13080
13085
13089
13089
13092
13100
13115
13108
13104
13110
13103
13105
13111
13108
13113
13115
13114
13114
13112
13112
13114
13120
13124
13115
13117
13120
13121
13131
13127
13127
13130
13133
13136
13135
13140
13137
13137
13138
13138
13133
13138
13138
13132
13133
13137
13137
13136
13121
13121
13126
13126
13121
13128
13122
13125
13133
13128
13120
13122
13125
13120
13119
13122
13122
13124
13127
13125
13136
13128
13125
13134
13124
13123
13127
13125
13126
13115
13115
13120
13113
13111
13121
13116
13113
13116
13124
13137
13129
13132
13140
13136
13135
13144
13132
13134
13131
13139
13141
13140
13147
13149
13144
13142
13137
13133
13135
13139
13137
13135
13139
13140
13133
13134
13133
13137
13135
13132
13133
13136
13134
13135
13132
13132
13133
13132
13134
13138
13131
13131
13136
13134
13137
13137
13125
13133
13131
13132
13129
13130
13131
13133
13128
13133
13119
13114
13118
13118
13134
13128
13126
13136
13134
13132
13130
13137
13136
13136
13133
13128
13122
13124
13122
13129
13128
13134
13138
13139
13135
13129
13132
13133
13126
13131
13128
13124
13129
13128
13125
13128
13127
13128
13126
13129
13124
13121
13117
13122
13129
13127
13120
13133
13127
13126
13135
13136
13136
13138
13137
13139
13132
13128
13129
13121
13118
13114
13117
13123
13110
13109
13118
13116
13118
13121
13120
13125
13123
13122
13131
13134
13135
13137
13148
13146
13139
13138
13138
13133
13132
13127
13116
13124
13119
13122
13129
13131
13134
13128
13124
13125
13124
13134
13132
13131
13135
13134
13130
13137
13127
13124
13131
13133
13130
13135
13129
13135
13144
13138
13133
13127
13129
13136
13141
13145
13142
13141
13142
13146
13147
13143
13135
13144
13131
13132
13127
13131
13129
13125
13127
13131
13126
13129
13138
13137
13134
13136
13140
13151
13145
13140
13150
13148
13146
13149
13139
13133
13127
13127
13122
13120
13120
13121
13115
13121
13110
13116
13116
13128
13134
13140
13139
13144
13142
13142
13137
13136
13137
13145
13142
13144
13134
13135
13129
13133
13131
13135
13137
13144
13138
13137
13140
13133
13138
13138
13135
13138
13132
13132
13134
13128
13130
13127
13131
13132
13124
13120
13119
13123
13125
13122
13118
13122
13124
13129
13133
13137
13138
13138
13149
13154
13140
13142
13140
13139
13141
13140
13148
13145
13133
13142
13153
13145
13140
13145
13145
13151
13154
13147
13145
13144
13143
13139
13137
13132
13135
13131
13126
13123
13127
13128
13125
13131
13129
13129
13131
13138
13141
13144
13141
13141
13136
13138
13139
13136
13135
13135
13140
13140
13131
13129
13137
13130
13137
13143
13142
13142
13138
13141
13139
13136
13141
13134
13129
13128
13129
13128
13128
13123
13130
13120
13124
13131
13136
13132
13133
13131
13131
13120
13117
13122
13118
13125
13133
13128
13133
13135
