13131
13129
13125
13128
13138
13135
13134
13138
13145
13140
13142
13138
13137
13141
13136
13132
13126
13124
13126
13126
13129
13128
13125
13133
13132
13133
13140
13131
13126
13136
13128
13134
13140
13142
13139
13141
13138
13138
13144
13144
13145
13140
13137
13134
13140
13132
13126
13130
13131
13127
13126
13130
13132
13131
13130
13133
13124
13131
13131
13134
13131
13132
13129
13132
13128
13133
13128
13125
13121
13124
13120
13121
13126
13130
13130
13136
13139
13138
13140
13149
13152
13146
13147
13142
13149
13141
13139
13138
13137
13143
13136
13132
13129
13134
13136
13135
13132
13133
13131
13134
13138
13145
13140
13136
13137
13136
13138
13138
13133
13133
13126
13129
13131
13130
13129
13129
13125
13125
13128
13131
13119
13124
13132
13137
13142
13133
13132
13133
13129
13139
13134
13137
13138
13140
13138
13139
13130
13135
13142
13137
13136
13131
13132
13135
13130
13128
13130
13123
13129
13138
13136
13138
13136
13140
13141
13135
13141
13135
13136
13135
13130
13133
13134
13129
13137
13138
13138
13145
13143
13152
13151
13147
13142
13141
13143
13145
13145
13143
13142
13140
13144
13141
13144
13151
13150
13146
13161
13158
13148
13144
13136
13138
13138
13139
13140
13144
13141
13132
13131
13136
13133
13141
13141
13142
13154
13149
13139
13138
13137
13143
13146
13142
13143
13139
13137
13145
13143
13142
13136
13128
13135
13133
13135
13139
13142
13136
13140
13129
13129
13136
13129
13133
13138
13126
13127
13124
13132
13136
13136
13139
13133
13136
13139
13137
13141
13134
13134
13137
13142
13136
13132
13133
13131
13136
13132
13128
13119
13122
13126
13131
13130
13126
13121
13128
13124
13121
13131
13126
13130
13133
13132
13135
13137
13136
13137
13136
13134
13128
13130
13131
13122
13117
13123
13125
13123
13120
13124
13138
13124
13134
13128
13131
13134
13138
13133
13132
13125
13136
13134
13133
13137
13137
13130
13131
13129
13131
13136
13122
13126
13132
13129
13141
13147
13146
13143
13147
13147
13142
13134
13140
13140
13140
13138
13138
13138
13138
13134
13142
13135
13134
13137
13137
13133
13131
13130
13134
13129
13128
13123
13128
13132
13130
13125
13127
13126
13123
13135
13129
13129
13129
13131
13128
13130
13128
13124
13128
13130
13131
13137
13140
13147
13150
13138
13138
13136
13138
13139
13139
13142
13136
13145
13140
13132
13125
13121
13123
13125
13127
13128
13127
13129
13133
13132
13136
13127
13126
13129
13128
13123
13128
13130
13137
13135
13135
13135
13144
13138
13138
13130
13138
13133
13128
13129
13131
13136
13128
13134
13139
13140
13137
13134
13135
13145
13144
13138
13136
13132
13132
13137
13138
13137
13139
13137
13140
13134
13134
13140
13129
13131
13137
13135
13134
13138
13139
13142
13140
13137
13134
13139
13137
13140
13135
13131
13134
13150
13145
13143
13144
13141
13146
13142
13140
13140
13138
13150
13145
13142
13148
13152
13144
13140
13137
13127
13125
13124
13122
13128
13128
13128
13135
13135
13138
13141
13135
13138
13137
13136
13137
13134
13138
13136
13144
13134
13129
13133
13124
13125
13127
13122
13127
13126
13125
13125
13122
13122
13120
13117
13115
13119
13126
13136
13139
13083
12606
11860
11382
11104
10952
10905
10901
10877
10830
10873
10923
11008
11101
11217
11317
11421
11511
11613
11702
11792
11870
11965
12031
12105
12168
12231
12282
12331
12382
12424
12464
12506
12545
12585
12614
12652
12669
12587
12537
12512
12508
12518
12534
12570
12587
12614
12645
12671
12695
12729
12755
12787
12806
12831
12848
12863
12874
12891
12893
12898
12912
12942
12944
12959
12964
12977
12987
12998
13011
13016
13021
13033
13048
13055
13064
13070
13072
13079
13081
13088
13078
13079
13011
12919
12862
12826
12806
12797
12795
12815
12824
12842
12858
12872
12880
12901
12923
12934
12945
12962
12974
12989
12986
12986
12991
12998
13007
13014
13022
13026
13038
13052
13072
13069
13079
13082
13087
13094
13097
13088
13095
13092
13099
13104
13099
13099
13112
13110
13117
13114
13121
13124
13122
13122
13124
13125
13126
13129
13126
13129
13125
13135
13132
13131
13131
13133
13126
13132
13133
13134
13133
13124
13128
13123
13127
13138
13137
13143
13152
13152
13144
13140
13139
13142
13132
13130
13132
13130
13123
13127
13123
13134
13137
13136
13129
13124
13133
13130
13122
13122
13123
13137
13130
13134
13131
13137
13141
13146
13146
13137
13135
13134
13137
13127
13129
13128
13125
13116
13118
13117
13127
13136
13133
13144
13140
13133
13134
13128
13128
13128
13132
13133
13139
13141
13140
13142
13139
13140
13142
13140
13144
13147
13145
13147
13153
13149
13146
13146
13140
13141
13141
13139
13135
13129
13134
13139
13139
13135
13142
13140
13143
13142
13138
13148
13142
13140
13132
13130
13130
13136
13134
13132
13129
13131
13127
13129
13129
13132
13133
13138
13136
13140
13135
13133
13138
13136
13138
13135
13131
13133
13122
13123
13116
13120
13125
13127
13127
13128
13136
13136
13137
13128
13126
13131
13127
13125
13125
13126
13129
13126
13122
13125
13127
13133
13130
13128
13132
13136
13133
13134
13133
13138
13127
13125
13134
13138
13141
13140
13137
13137
13135
13135
13134
13129
13130
13132
13128
13130
13140
13138
13131
13128
13126
13131
13123
13125
13127
13128
13135
13139
13135
13142
13142
13146
13146
13148
13142
13142
13141
13140
13139
13138
13126
13121
13134
13128
13124
13122
13123
13122
13123
13122
13128
13121
13132
13130
13130
13139
13138
13143
13140
13134
13134
13135
13130
13124
13128
13134
13134
13143
13140
13135
13134
13130
13127
13124
13121
13121
13121
13122
13127
13134
13127
13128
13133
13132
13138
13135
13135
13146
13150
13143
13142
13133
13138
13137
13140
13143
13141
13146
13156
13150
13152
13152
13141
13148
13151
13145
13142
13144
13142
13152
13149
13142
13141
13138
13141
13137
13136
13143
13138
13141
13136
13134
13136
13135
13134
13133
13134
13130
13126
13125
13129
13122
13130
13135
13132
13134
13127
13121
13131
13131
13126
13135
13130
13129
13133
13126
13133
13129
13129
13127
13132
13132
13129
13124
13124
13126
13130
13136
13139
13143
13135
13136
13140
13135
13129
13128
13133
13131
13134
13131
13140
13137
13140
13145
13143
13141
13140
13145
13147
13144
13140
13146
13143
13142
13147
13141
13138
13134
13137
13135
13138
13135
13136
13142
13138
13139
13141
13140
13134
13142
13135
13133
13132
13134
13130
13126
13122
13125
13132
13132
13136
13133
13135
13132
13129
13133
13134
13137
13152
13146
13139
13148
13147
13138
13137
