13122
13119
13134
13130
13129
13137
13134
13136
13140
13138
13143
13144
13138
13140
13130
13131
13126
13130
13134
13131
13131
13124
13123
13123
13122
13126
13122
13120
13125
13121
13129
13132
13139
13143
13140
13141
13137
13138
13135
13135
13132
13122
13130
13123
13118
13128
13126
13133
13136
13135
13139
13142
13138
13138
13141
13151
13142
13137
13133
13132
13140
13130
13131
13131
13126
13131
13134
13132
13138
13133
13137
13140
13135
13132
13128
13120
13123
13121
13126
13136
13132
13119
13000
12901
12846
12817
12786
12788
12797
12807
12815
12837
12853
12872
12888
12905
12925
12940
12956
12962
12985
12987
13001
13015
13021
13026
13038
13039
13047
13050
13064
13064
13057
13065
13062
13071
13076
13083
13077
13083
13080
13081
13092
13097
13092
13102
13103
13112
13104
13110
13114
13108
13110
13104
13112
13114
13121
13128
13129
13125
13138
13124
13123
13126
13122
13121
13124
13125
13129
13126
13127
13127
13128
13124
13121
13121
13125
13130
13127
13134
13133
13129
13139
13133
13132
13138
13136
13141
13142
13136
13141
13136
13136
13133
13134
13135
13134
13139
13135
13137
13138
13130
13134
13138
13133
13132
13130
13131
13126
13128
13127
13136
13130
13138
13138
13138
13138
13139
13136
13135
13131
13133
13139
13134
13137
13141
13135
13141
13146
13137
13128
13127
13124
13121
13121
13122
13123
13122
13129
13128
13138
13131
13131
13138
13140
13138
13132
13133
13138
13137
13141
13145
13144
13148
13149
13140
13129
13136
13130
13132
13131
13129
13139
13132
13133
13140
13129
13130
13132
13137
13143
13139
13136
13136
13130
13127
13123
13119
13122
13126
13136
13131
13121
13124
13130
13132
13134
13133
13129
13132
13136
13136
13130
13136
13137
13131
13134
13133
13133
13137
13132
13128
13129
13117
13122
13128
13131
13130
13135
13129
13127
13134
13122
13124
13123
13128
13127
13125
13127
13130
13134
13129
13127
13129
13132
13135
13130
13125
13123
13124
13123
13132
13130
13138
13139
13140
13138
13136
13138
13138
13130
13128
13132
13132
13131
13137
13139
13137
13137
13138
13140
13132
13126
13130
13123
13128
13131
13133
13132
13131
13140
13129
13125
13133
13134
13132
13133
13131
13134
13132
13128
13131
13126
13130
13132
13126
13127
13134
13131
13137
13130
13128
13136
13130
13135
13134
13135
13133
13140
13139
13137
13133
13142
13137
13139
13138
13131
13129
13136
13140
13151
13137
13135
13145
13141
13136
13139
13135
13140
13142
13139
13139
13131
13138
13140
13141
13140
13136
13135
13141
13131
13131
13138
13125
13128
13132
13135
13130
13132
13126
13128
13132
13134
13133
13139
13138
13142
13137
13132
13125
13133
13130
13122
13128
13126
13124
13124
13130
13133
13135
13130
13134
13129
13140
13138
13125
13126
13123
13123
13129
13128
13127
13134
13130
13135
13142
13146
13146
13143
13138
13139
13142
13144
13134
13124
13137
13135
13127
13134
13133
13140
13137
13133
13139
13142
13135
13131
13133
13133
13134
13136
13146
13143
13142
13140
13136
13136
13135
13138
13136
13131
13119
13130
13129
13127
13128
13119
13123
13118
13121
13127
13126
13131
13130
13134
13138
13133
13137
13138
13139
13141
13074
12766
12283
11611
11070
10657
10416
10326
10303
10350
10369
10459
10551
10678
10795
10931
11039
11167
11281
11402
11498
11607
11693
11794
11882
11963
12046
12130
12191
12254
12305
12356
12400
12445
12492
12531
12567
12598
12626
12669
12697
12713
12741
12763
12784
12806
12823
12845
12870
12883
12897
12916
12927
12942
12945
12957
12964
12971
12984
12992
12995
13012
13013
13017
13030
13030
13043
13048
13063
13067
13069
13078
13078
13083
13096
13094
13092
13092
13099
13098
13091
13096
13106
13112
13116
13120
13126
13119
13124
13116
13113
13110
13122
13126
13118
13120
13119
13116
13119
13117
13114
13119
13113
13111
13117
13122
13120
13119
13123
13125
13125
13128
13131
13133
13128
13128
13124
13122
13127
13143
13135
13140
13144
13140
13138
13137
13133
13125
13132
13128
13141
13138
13140
13136
13126
13127
13125
13133
13131
13131
13129
13134
13128
13133
13128
13132
13131
13130
13131
13140
13141
13134
13134
13135
13139
13139
13140
13137
13138
13136
13129
13126
13124
13118
13129
13132
13139
13146
13143
13152
13151
13139
13139
13139
13131
13137
13137
13132
13140
13138
13130
13140
13138
13133
13132
13128
13126
13126
13134
13126
13129
13126
13127
13130
13138
13134
13138
13131
13136
13140
13133
13130
13130
13130
13131
13130
13136
13144
13142
13145
13141
13131
13132
13135
13136
13141
13147
13151
13142
13146
13134
13143
13140
13135
13142
13137
13140
13141
13139
13142
13135
13134
13133
13137
13138
13134
13128
13132
13124
13135
13118
13113
13123
13123
13127
13119
13121
13125
13124
13125
13127
13123
13123
13120
13126
13129
13130
13132
13133
13123
13130
13138
13130
13130
13130
13120
13122
13123
13128
13124
13130
13133
13128
13124
13130
13128
13125
13133
13137
13149
13138
13144
13138
13138
13136
13132
13128
13128
13130
13130
13137
13136
13138
13139
13136
13134
13136
13134
13131
13134
13132
13137
13134
13135
13137
13135
13134
13127
13127
13129
13132
13131
13133
13138
13145
13140
13139
13136
13131
13140
13133
13128
13134
13132
13132
13128
13130
13125
13131
13134
13135
13126
13132
13131
13122
13129
13134
13132
13144
13136
13134
13137
13133
13133
13139
13133
13131
13124
13131
13130
13128
13133
13137
13145
13148
13143
13143
13140
13138
13145
13137
13132
13136
13132
13133
13129
13128
13122
13124
13131
13130
13131
13135
13142
13138
13145
13142
13140
13145
13145
13136
13140
13134
13130
13137
13133
13137
13134
13138
13126
13128
13122
13121
13124
13125
13125
13129
13129
13133
13138
13132
13129
13134
13132
13134
13131
13132
13129
13124
13124
13125
13118
13122
13125
13129
13137
13146
13145
13150
13149
13147
13147
13141
13143
13147
13139
13135
13131
13130
13123
13123
13133
13131
13130
13131
13135
13138
13136
13138
13134
13135
13132
13131
13126
13131
13135
13130
13129
13129
13128
13131
13129
13126
13133
13132
13133
13135
13141
13137
13139
13139
13144
13138
13133
13133
13127
13134
13142
13143
13146
13146
13143
13142
13141
13135
13127
13126
13124
13124
13126
13118
13119
13126
13131
13128
13130
13132
13142
13141
13141
13143
13134
13134
13134
13131
13131
13130
13142
13144
13143
13142
13144
13132
13133
13138
13126
13133
13135
13129
13120
13120
13126
13126
13128
13135
13139
13145
13146
13138
13138
13131
13130
13132
13128
13131
13126
13122
13126
13131
