13144
13135
13130
13131
13140
13131
13117
13126
13129
13132
13129
13125
13119
13121
13126
13121
13119
13127
13134
13129
13137
13132
13130
13137
13130
13131
13137
13129
13133
13136
13135
13138
13140
13137
13129
13125
13122
13123
13122
13129
13132
13133
13141
13135
13140
13130
13128
13135
13145
13142
13134
13135
13134
13133
13126
13125
13118
13124
13125
13129
13137
13137
13136
13140
13139
13142
13152
13142
13143
13144
13136
13135
13132
13130
13131
13129
13120
13115
13115
13115
13115
13118
13124
13129
13139
13136
13136
13141
13138
13139
13137
13137
13136
13138
13141
13140
13139
13139
13139
13139
13134
13132
13129
13137
13133
13125
13132
13134
13135
13128
13125
13125
13126
13129
13130
13134
13136
13128
13132
13129
13133
13133
13133
13126
13129
13122
13123
13131
13136
13134
13134
13138
13138
13147
13147
13145
13142
13140
13147
13141
13142
13140
13138
13132
13132
13128
13134
13129
13119
13125
13124
13124
13127
13120
13125
13132
13134
13134
13131
13135
13135
13135
13134
13126
13134
13131
13135
13143
13143
13141
13139
13137
13134
13133
13126
13125
13123
13127
13131
13132
13128
13132
13133
13130
13122
13124
13130
13132
13131
13139
13130
13128
13122
13115
13117
13116
13120
13125
13126
13134
13135
13136
13134
13132
13133
13127
13128
13132
13131
13132
13133
13135
13135
13132
13135
13137
13128
13029
12931
12865
12834
12822
12816
12824
12829
12842
12860
12877
12881
12895
12908
12925
12933
12945
12961
12972
12977
12982
12996
13012
13024
13027
13036
13040
13056
13046
13052
13051
13053
13062
13063
13070
13075
13079
13078
13084
13086
13101
13101
13101
13100
13105
13111
13115
13109
13103
13113
13108
13106
13112
13117
13111
13118
13114
13118
13114
13118
13113
13105
13118
13118
13130
13128
13130
13135
13120
13124
13124
13122
13128
13122
13132
13128
13123
13126
13122
13127
13125
13137
13137
13138
13142
13142
13153
13151
13141
13143
13138
13136
13139
13136
13134
13130
13124
13125
13123
13121
13127
13131
13132
13129
13137
13127
13123
13129
13132
13126
13134
13138
13142
13146
13146
13146
13141
13140
13141
13140
13136
13142
13141
13142
13143
13141
13139
13134
13125
13134
13122
13126
13135
13133
13136
13134
13132
13134
13136
13136
13140
13136
13134
13124
13122
13125
13131
13138
13129
13131
13138
13137
13138
13138
13142
13146
13147
13148
13147
13133
13132
13135
13132
13129
13132
13136
13146
13139
13139
13148
13137
13143
13150
13145
13144
13145
13143
13134
13133
13137
13137
13136
13142
13136
13135
13130
13135
13136
13128
13123
13124
13127
13132
13134
13136
13136
13135
13134
13137
13139
13138
13143
13138
13139
13136
13130
13136
13134
13129
13134
13132
13134
13132
13127
13126
13125
13127
13125
13122
13125
13128
13134
13134
13131
13135
13140
13142
13147
13146
13147
13144
13137
13142
13139
13140
13139
13138
13136
13135
13120
13121
13125
13119
13122
13127
13140
13144
13134
13130
13141
13144
13148
13146
13134
13140
13141
13136
13128
13132
13131
13134
13133
13128
13130
13136
13127
13131
13137
13135
13134
13131
13129
13128
13125
13128
13127
13132
13134
13136
13128
13130
13141
13139
13146
13140
13135
13142
13135
13076
12722
11827
10947
10313
9935
9621
9485
9436
9501
9588
9749
9888
10067
10226
10404
10558
10719
10861
11007
11124
11261
11377
11498
11591
11702
11788
11882
11950
12015
12080
12148
12206
12267
12313
12360
12401
12447
12497
12538
12572
12615
12642
12678
12717
12736
12758
12785
12799
12821
12841
12854
12875
12895
12912
12926
12931
12934
12942
12957
12962
12971
12982
12993
13009
13016
13023
13029
13037
13045
13050
13054
13065
13069
13071
13077
13081
13078
13084
13075
13079
13086
13091
13092
13095
13090
13106
13111
13114
13112
13117
13117
13124
13132
13136
13132
13138
13135
13137
13141
13133
13125
13131
13129
13129
13126
13123
13121
13119
13132
13132
13132
13136
13138
13132
13127
13125
13121
13124
13122
13119
13125
13125
13124
13128
13123
13129
13135
13137
13143
13143
13139
13136
13142
13147
13145
13143
13140
13147
13147
13137
13133
13138
13138
13138
13134
13133
13130
13134
13134
13140
13132
13135
13142
13135
13128
13129
13122
13131
13128
13122
13133
13128
13130
13135
13127
13132
13137
13133
13129
13117
13121
13123
13127
13129
13130
13123
13119
13124
13133
13123
13120
13129
13132
13129
13127
13123
13127
13124
13124
13126
13117
13129
13126
13132
13131
13132
13131
13136
13132
13132
13139
13139
13142
13141
13138
13138
13142
13142
13138
13132
13129
13118
13116
13116
13116
13111
13118
13120
13125
13127
13128
13138
13135
13125
13134
13136
13131
13131
13127
13126
13123
13134
13136
13128
13122
13121
13129
13128
13126
13121
13129
13129
13130
13129
13130
13127
13129
13129
13139
13139
13140
13136
13135
13138
13138
13138
13144
13139
13139
13143
13135
13143
13146
13142
13138
13132
13133
13132
13142
13138
13128
13133
13130
13133
13134
13137
13142
13147
13136
13135
13147
13135
13135
13131
13132
13132
13138
13137
13125
13125
13122
13123
13124
13127
13126
13130
13129
13130
13137
13127
13123
13136
13136
13129
13128
13127
13128
13124
13128
13130
13126
13125
13126
13124
13129
13129
13133
13134
13125
13128
13135
13130
13124
13128
13125
13123
13131
13137
13148
13147
13144
13132
13135
13137
13126
13125
13116
13116
13120
13117
13120
13123
13124
13123
13124
13120
13123
13124
13126
13130
13125
13136
13133
13137
13151
13143
13142
13147
13139
13142
13148
13144
13137
13140
13145
13144
13144
13139
13139
13138
13132
13130
13132
13128
13133
13131
13135
13134
13134
13131
13132
13139
13134
13130
13135
13137
13134
13131
13137
13137
13131
13135
13137
13131
13142
13136
13132
13137
13140
13129
13135
13130
13126
13130
13128
13124
13129
13128
13127
13133
13132
13129
13125
13129
13126
13138
13134
13133
13139
13124
13127
13133
13139
13144
13144
13144
13153
13144
13138
13132
13131
13137
13145
13138
13135
13131
13131
13136
13127
13124
13126
13124
13126
13128
13132
13129
13132
13131
13137
13140
13147
13142
13142
13150
13146
13145
13138
13140
13144
13133
13131
13137
13140
13143
13140
13132
13130
13123
13121
13133
13126
13134
13130
13135
13143
13136
13137
13138
13136
13132
13137
13140
13140
13150
13141
13139
13133
13132
13125
13132
13134
13131
13129
13134
13129
13132
13127
13128
13134
13134
13134
13130
13130
13128
13123
13118
13123
13134
13121
13131
13124
13129
13123
13129
13134
13129
13125
13134
13128
13133
13139
13135
13133
13130
