13138
13138
13151
13141
13141
13145
13144
13140
13134
13130
13135
13131
13136
13138
13129
13138
13140
13135
13132
13133
13125
13121
13122
13133
13133
13132
13132
13140
13143
13141
13137
13138
13131
13132
13129
13135
13132
13132
13129
13127
13127
13125
13130
13121
13120
13123
13125
13129
13120
13112
13126
13120
13119
13122
13118
13130
13136
13140
13147
13141
13134
13136
13135
13138
13131
13126
13126
13127
13142
13135
13138
13147
13148
13148
13142
13140
13140
13144
13144
13151
13143
13145
13145
13137
13140
13140
13144
13144
13139
13136
13133
13133
13132
13135
13135
13140
13145
13140
13137
13136
13135
13124
13122
13127
13130
13132
13128
13130
13140
13127
13128
13133
13134
13132
13131
13134
13141
13138
13139
13137
13131
13137
13133
13119
13118
13115
13108
13121
13121
13122
13138
13141
13139
13140
13135
13138
13147
13144
13138
13137
13140
13130
13133
13133
13132
13133
13131
13128
13134
13134
13135
13147
13137
13134
13132
13130
13133
13142
13148
13149
13150
13143
13140
13137
13134
13136
13140
13137
13133
13130
13138
13131
13137
13142
13130
13126
13132
13129
13140
13140
13145
13144
13147
13149
13145
13146
13146
13144
13150
13137
13138
13134
13128
13133
13132
13132
13137
13138
13135
13135
13132
13134
13136
13140
13145
13147
13144
13146
13140
13135
13146
13138
13134
13138
13131
13133
13138
13142
13144
13136
13137
13139
13147
13153
13150
13146
13136
13145
13148
13139
13139
13143
13140
13140
13143
13139
13147
13141
13140
13141
13133
13142
13142
13140
13144
13143
13136
13142
13139
13138
13145
13140
13141
13135
13121
13129
13128
13132
13131
13129
13131
13136
13143
13145
13143
13135
13137
13133
13137
13131
13123
13128
13121
13121
13117
13121
13129
13138
13143
13141
13147
13150
13153
13147
13143
13138
13134
13140
13134
13132
13133
13125
13120
13121
13115
13112
13118
13125
13129
13138
13139
13139
13133
13131
13123
13124
13124
13121
13132
13123
13122
13134
13129
13127
13126
13134
13132
13133
13134
13135
13132
13131
13130
13126
13128
13128
13129
13135
13128
13121
13135
13122
13126
13124
13120
13130
13138
13137
13141
13139
13145
13137
13130
13134
13133
13133
13134
13128
13141
13137
13145
13140
13143
13135
13136
13134
13133
13125
13125
13132
13125
13123
13129
13121
13125
13133
13131
13137
13123
13124
13126
13118
13120
13123
13121
13119
13131
13129
13129
13127
13133
13139
13136
13140
13139
13141
13142
13140
13144
13133
13132
13136
13133
13130
13128
13124
13125
13126
13125
13124
13125
13130
13132
13139
13144
13139
13143
13144
13140
13136
13135
13132
13137
13144
13143
13147
13141
13137
13137
13136
13139
13137
13135
13138
13136
13134
13126
13124
13134
13137
13134
13132
13134
13138
13142
13143
13147
13142
13138
13141
13137
13138
13141
13131
13132
13120
13125
13138
13140
13139
13154
13144
13144
13146
13136
13132
13141
13135
13133
13138
13132
13132
13133
13140
13136
13138
13135
13131
13145
13132
13124
13131
13144
13142
13147
13151
13144
13140
13133
13138
13137
13131
13139
13141
13140
13138
13138
13142
13134
13132
13138
13133
13124
13138
13132
13133
13135
13134
13139
13136
13135
12827
12036
11506
11082
10808
10686
10607
10509
10475
10529
10597
10711
10807
10937
11051
11181
11294
11415
11512
11617
11708
11812
11887
11963
12036
12119
12185
12250
12294
12350
12390
12435
12484
12521
12549
12585
12618
12659
12687
12718
12743
12767
12789
12810
12831
12852
12865
12887
12902
12911
12925
12938
12957
12968
12978
12994
13002
13009
13019
13014
13014
13031
13029
13036
13040
13042
13055
13055
13057
13071
13076
13082
13087
13081
13089
13090
13100
13103
13101
13103
13098
13105
13105
13096
13097
13099
13104
13119
13115
13110
13117
13115
13117
13117
13118
13122
13127
13120
13118
13118
13123
13127
13127
13134
13137
13134
13137
13136
13131
13129
13115
13119
13117
13118
13124
13125
13129
13133
13137
13135
13127
13125
13131
13130
13136
13132
13131
13130
13131
13130
13126
13127
13125
13129
13123
13120
13118
13125
13132
13126
13130
13130
13128
13130
13131
13125
13133
13128
13136
13142
13140
13137
13138
13126
13130
13130
13130
13128
13123
13126
13124
13132
13129
13125
13124
13122
13123
13133
13121
13125
13132
13132
13136
13141
13138
13134
13136
13137
13129
13122
13124
13126
13125
13126
13126
13131
13138
13133
13130
13144
13131
13137
13134
13130
13130
13134
13134
13134
13135
13137
13130
13133
13132
13134
13135
13139
13137
13145
13136
13136
13133
13132
13135
13131
13121
13123
13120
13121
13132
13132
13130
13134
13128
13131
13132
13133
13134
13135
13135
13138
13131
13125
13131
13118
13126
13141
13137
13142
13149
13146
13143
13147
13143
13137
13133
13139
13140
13152
13142
13134
13132
13129
13128
13127
13131
13130
13131
13129
13127
13118
13123
13126
13125
13117
13122
13126
13135
13135
13134
13139
13134
13141
13148
13143
13140
13140
13135
13141
13144
13145
13142
13142
13149
13145
13150
13151
13148
13154
13141
13140
13140
13132
13131
13126
13128
13134
13128
13125
13126
13123
13128
13123
13119
13126
13129
13137
13143
13137
13138
13142
13135
13138
13146
13145
13139
13140
13139
13147
13146
13147
13137
13137
13141
13138
13131
13142
13140
13151
13137
13142
13139
13136
13134
13135
13131
13127
13129
13130
13130
13125
13129
13133
13130
13136
13142
13147
13141
13135
13137
13140
13126
13125
13130
13115
13119
13129
13131
13139
13142
13151
13144
13145
13146
13150
13145
13145
13135
13146
13131
13130
13133
13137
13134
13136
13135
13131
13128
13133
13137
13136
13140
13140
13133
13139
13138
13141
13147
13144
13138
13149
13146
13146
13141
13136
13132
13134
13134
13129
13131
13127
13125
13129
13131
13136
13139
13140
13135
13142
13133
13133
13131
13134
13132
13127
13128
13135
13132
13137
13135
13137
13137
13139
13135
13135
13137
13141
13147
13146
13138
13139
13134
13123
13120
13120
13120
13126
13131
13132
13136
13138
13139
13138
13145
13144
13141
13136
13131
13129
13131
13124
13130
13134
13138
13133
13133
13134
13131
13133
13139
13132
13138
13132
13126
13135
13136
13134
13136
13133
13139
13153
13148
13140
13140
13141
13137
13135
13129
13134
13132
13129
13122
13125
13122
13117
13121
13127
13125
13140
13136
13141
13142
13136
13135
13132
13133
13131
13130
13130
13137
13136
13139
13140
13139
13135
13134
13125
13128
13122
13126
13128
13121
13120
13128
13122
13121
13126
13136
13128
13128
13132
13129
13126
13134
13136
13138
13134
13140
13145
13140
