13135
13132
13136
13133
13132
13128
13126
13124
13129
13136
13137
13133
13137
13133
13145
13151
13142
13145
13143
13143
13153
13157
13150
13149
13142
13139
13136
13135
13134
13138
13134
13138
13128
13129
13141
13138
13142
13139
13138
13135
13139
13136
13141
13137
13139
13142
13146
13146
13146
13146
13143
13138
13136
13126
13125
13126
13126
13132
13132
13128
13133
13139
13134
13138
13133
13138
13142
13140
13140
13146
13140
13139
13128
13127
13138
13137
13136
13136
13128
13128
13132
13132
13133
13133
13137
13134
13138
13141
13140
13141
13142
13137
13139
13129
13127
13132
13133
13126
13128
13129
13131
13134
13138
13137
13127
13126
13126
13124
13123
13124
13126
13133
13129
13132
13134
13135
13135
13137
13130
13126
13114
13119
13119
13121
13118
13120
13126
13130
13135
13134
13133
13137
13138
13128
13139
13139
13135
13135
13129
13128
13132
13130
13131
13136
13127
13129
13124
13131
13136
13144
13146
13148
13138
13140
13149
13141
13129
13138
13131
13132
13132
13133
13131
13132
13140
13139
13145
13143
13141
13142
13141
13139
13143
13136
13137
13135
13137
13130
13132
13137
13136
13132
13132
13137
13132
13133
13132
13128
13124
13118
13119
13129
13127
13135
13145
13138
13138
13147
13137
13140
13140
13136
13128
13132
13125
13123
13126
13127
13122
13127
13136
13133
13142
13136
13132
13140
13143
13143
13131
13131
13132
13132
13125
13124
13123
13132
13144
13141
13140
13144
13142
13142
13133
13126
13127
13127
13133
13137
13128
13134
13135
13138
13132
13135
13133
13129
13125
13130
13128
13129
13125
13124
13134
13126
13127
13133
13127
13125
13121
13116
13112
13118
13117
13121
13114
13124
13133
13131
13132
13133
13134
13138
13127
13129
13134
13131
13123
13126
13121
13124
13140
13147
13144
13141
13139
13135
13127
13130
13125
13128
13130
13133
13132
13127
13123
13124
13125
13132
13126
13135
13140
13146
13143
13137
13132
13144
13142
13140
13145
13149
13141
13143
13138
13137
13130
13124
13124
13130
13126
13130
13130
13131
13130
13133
13137
13134
13137
13143
13143
13155
13155
13149
13147
13144
13145
13142
13144
13140
13135
13140
13141
13139
13138
13140
13133
13138
13138
13126
13129
13129
13130
13138
13135
13137
13144
13139
13129
13133
13127
13128
13127
13125
13126
13128
13134
13127
13124
13131
13126
13132
13131
13126
13132
13133
13133
13133
13130
13130
13128
13132
13134
13126
13127
13134
13135
13133
13127
13133
13135
13137
13136
13141
13141
13140
13148
13141
13141
13144
13137
13144
13146
13141
13136
13145
13134
13138
13138
13140
13140
13147
13145
13143
13151
13143
13136
13139
13136
13139
13139
13145
13144
13150
13140
13141
13136
13139
13136
13139
13137
13143
13134
13132
13129
13127
13126
13118
13123
13131
13119
13121
13121
13124
13120
13122
13126
13132
13124
13129
13135
13135
13127
13124
13133
13133
13136
13126
13125
13118
13122
13130
13129
13131
13133
13142
13139
13145
13148
13141
13139
13138
13134
13141
13135
13130
13142
13138
13134
13139
13129
13128
13127
13128
13129
13140
13145
13145
13147
13149
13147
13141
13140
13129
13150
13133
13131
13124
13124
13128
13126
13124
13121
13125
13128
13129
13127
13135
13138
13135
12917
12233
11766
11484
11251
11069
10998
10937
10968
11003
11083
11163
11265
11363
11467
11544
11651
11734
11829
11907
11993
12055
12129
12179
12244
12290
12344
12398
12443
12482
12527
12561
12597
12628
12665
12697
12728
12752
12788
12803
12828
12844
12862
12881
12894
12909
12933
12935
12947
12964
12973
12983
12998
13003
13015
13019
13031
13037
13048
13052
13055
13058
13058
13063
13077
13070
13075
13083
13093
13106
13102
13104
13100
13101
13104
13111
13099
13101
13101
13103
13106
13104
13106
13114
13118
13120
13125
13111
13107
13110
13110
13116
13124
13122
13119
13125
13128
13130
13129
13129
13137
13134
13129
13126
13132
13131
13126
13132
13131
13134
13134
13140
13128
13132
13126
13134
13121
13131
13126
13085
12964
12885
12841
12816
12805
12806
12824
12822
12837
12851
12855
12761
12693
12657
12644
12636
12649
12659
12683
12700
12723
12744
12772
12790
12825
12833
12854
12876
12897
12910
12925
12941
12956
12967
12975
12983
12990
12998
13010
13014
13033
13033
13046
13052
13058
13054
13061
13060
13067
13079
13083
13079
13083
13084
13086
13094
13102
13095
13106
13102
13107
13108
13109
13110
13110
13107
13107
13102
13102
13108
13113
13114
13113
13116
13117
13118
13115
13122
13121
13129
13123
13126
13126
13136
13131
13135
13135
13130
13125
13130
13126
13133
13140
13134
13137
13132
13134
13138
13135
13139
13142
13147
13149
13145
13152
13143
13143
13152
13145
13146
13139
13136
13143
13143
13140
13132
13133
13134
13136
13128
13123
13128
13131
13141
13129
13129
13138
13132
13134
13136
13131
13141
13143
13141
13131
13138
13139
13133
13139
13142
13136
13133
13137
13136
13142
13137
13136
13138
13136
13135
13125
13123
13120
13129
13125
13131
13124
13131
13140
13142
13144
13142
13138
13148
13145
13145
13153
13140
13141
13145
13140
13138
13132
13132
13130
13130
13142
13140
13142
13143
13148
13147
13146
13142
13139
13128
13126
13134
13131
13134
13128
13132
13125
13125
13127
13123
13122
13131
13132
13133
13139
13133
13134
13137
13138
13131
13137
13123
13133
13141
13138
13134
13137
13136
13131
13126
13128
13127
13119
13122
13124
13129
13125
13122
13135
13129
13120
13119
13119
13125
13122
13128
13133
13138
13137
13138
13135
13142
13139
13139
13143
13136
13138
13147
13138
13132
13141
13131
13133
13139
13139
13139
13142
13140
13135
13139
13138
13141
13140
13138
13138
13140
13136
13129
13137
13132
13131
13128
13121
13124
13124
13124
13127
13130
13139
13141
13128
13131
13127
13117
13117
13118
13118
13124
13114
13114
13125
13120
13129
13136
13128
13133
13138
13143
13149
13148
13151
13145
13140
13143
13141
13132
13131
13134
13142
13132
13125
13125
13127
13136
13143
13138
13144
13142
13142
13143
13121
13124
13134
13136
13138
13133
13125
13137
13132
13128
13129
13128
13126
13133
13121
13126
13126
13136
13132
13135
13134
13134
13138
13147
13144
13136
13136
13128
13136
13131
13131
13134
13131
13136
13135
13133
13134
13142
13141
13144
13141
13138
13128
13122
13124
13131
13123
13127
13118
13123
13129
13122
13119
13135
13130
13130
13133
13133
13131
13133
13129
13131
13126
13135
13133
13139
13135
13138
13143
13143
13137
13144
13144
13146
13148
13141
13146
13152
13149
13144
13140
13143
13142
13134
13138
13131
