13128
13145
13143
13144
13147
13149
13152
13148
13145
13154
13146
13138
13129
13132
13125
13133
13131
13125
13130
13131
13128
13131
13123
13133
13129
13137
13135
13138
13142
13135
13137
13140
13137
13135
13130
13125
13125
13130
13122
13126
13121
13139
13131
13129
13132
13131
13135
13136
13122
13122
13130
13131
13125
13125
13120
13134
13133
13133
13137
13136
13135
13135
13129
13132
13126
13132
13133
13134
13135
13132
13133
13139
13143
13139
13129
13125
13131
13131
13132
13140
13136
13142
13145
13141
13142
13143
13138
13145
13138
13136
13141
13137
13134
13132
13131
13129
13131
13122
13121
13121
13128
13122
13123
13128
13120
13121
13128
13127
13142
13138
13134
13142
13136
13133
13130
13131
13130
13131
13135
13136
13134
13140
13134
13133
13127
13124
13129
13128
13123
13130
13140
13137
13139
13147
13146
13150
13149
13152
13155
13150
13144
13148
13153
13153
13158
13157
13153
13154
13164
13159
13156
13152
13143
13135
13134
13127
13131
13132
13133
13136
13134
13140
13145
13142
13143
13141
13144
13139
13137
13133
13137
13131
13132
13126
13121
13126
13120
13119
13128
13128
13119
13122
13126
13128
13133
13137
13135
13129
13132
13133
13131
13139
13145
13140
13141
13147
13142
13141
13142
13135
13125
13126
13128
13127
13123
13125
13133
13138
13125
13126
13138
13138
13139
13141
13131
13128
13134
13142
13145
13147
13143
13136
13133
13140
13133
13126
13125
13134
13140
13136
13121
13122
13126
13124
13125
13122
13121
13121
13116
13123
13119
13130
13133
13128
13124
13131
13131
13136
13128
13127
13127
13125
13118
13124
13116
13118
13124
13129
13130
13130
13127
13134
13138
13139
13137
13139
13137
13138
13139
13130
13127
13131
13132
13130
13126
13129
13126
13132
13127
13133
13127
13130
13133
13136
13140
13135
13130
13137
13128
13128
13134
13128
13130
13139
13136
13140
13134
13141
13140
13141
13143
13141
13145
13147
13147
13139
13136
13129
13130
13128
13118
13123
13118
13127
13128
13141
13140
13141
13142
13142
13135
13135
13134
13134
13137
13142
13141
13147
13140
13134
13140
13144
13140
13142
13135
13141
13147
13147
13143
13143
13145
13142
13138
13146
13139
13141
13139
13145
13145
13136
13135
13138
13138
13141
13134
13128
13125
13128
13133
13135
13129
13135
13138
13141
13141
13137
13142
13141
13139
13138
13137
13131
13123
13124
13133
13134
13132
13133
13134
13138
13140
13138
13139
13139
13136
13139
13134
13134
13144
13136
13137
13130
13129
13129
13125
13130
13132
13142
13142
13142
13142
13137
13132
13128
13127
13127
13129
13130
13122
13117
13119
13120
13118
13126
13115
13119
13121
13125
13122
13120
13124
13129
13134
13139
13144
13140
13135
13138
13142
13132
13124
13133
13128
13131
13133
13127
13128
13032
12925
12872
12833
12818
12818
12820
12833
12839
12853
12866
12878
12891
12901
12914
12929
12946
12950
12963
12981
12984
12993
13001
13014
13019
13030
13047
13054
13056
13053
13056
13068
13069
13071
13078
13090
13095
13094
13098
13101
13102
13105
13108
13097
13101
13105
13109
13114
13111
13115
13117
13119
13119
13131
13128
13127
13128
13122
13122
13126
13121
13119
13122
13125
13118
13110
13119
13125
13120
13120
13075
12831
12537
12219
12024
11921
11866
11864
11873
11918
11964
12025
12078
12137
12196
12253
12304
12362
12403
12443
12494
12523
12562
12605
12640
12670
12705
12729
12756
12779
12801
12819
12840
12868
12879
12896
12911
12924
12937
12950
12963
12980
12989
12996
13004
13009
13020
13020
13023
13029
13033
13044
13049
13054
13058
13068
13073
13070
13077
13077
13085
13093
13090
13089
13094
13093
13099
13101
13101
13105
13107
13109
13105
13105
13102
13102
13107
13106
13118
13121
13118
13125
13126
13124
13121
13121
13123
13127
13133
13140
13126
13126
13127
13125
13126
13124
13118
13123
13132
13133
13141
13134
13136
13144
13146
13143
13143
13134
13131
13129
13131
13134
13137
13136
13134
13126
13126
13125
13123
13117
13115
13120
13122
13113
13132
13128
13136
13141
13136
13137
13131
13126
13127
13125
13132
13127
13125
13128
13132
13131
13135
13129
13133
13134
13130
13123
13129
13126
13134
13137
13135
13140
13145
13150
13140
13142
13142
13136
13133
13128
13122
13131
13125
13123
13125
13123
13130
13133
13136
13133
13130
13134
13137
13129
13134
13139
13135
13134
13132
13134
13136
13131
13131
13139
13142
13141
13149
13149
13147
13137
13134
13136
13135
13134
13126
13134
13135
13134
13136
13133
13135
13138
13138
13131
13131
13134
13132
13128
13131
13125
13132
13135
13139
13134
13136
13131
13123
13126
13129
13126
13138
13134
13141
13149
13142
13137
13140
13137
13145
13139
13138
13133
13134
13126
13127
13123
13126
13116
13120
13122
13125
13136
13140
13135
13138
13138
13135
13134
13132
13135
13132
13130
13127
13121
13121
13128
13132
13127
13130
13140
13142
13141
13136
13135
13129
13124
13135
13131
13133
13131
13134
13136
13136
13127
13130
13124
13126
13126
13132
13123
13122
13129
13135
13134
13140
13139
13147
13145
13138
13134
13137
13139
13138
13139
13147
13145
13150
13144
13143
13140
13145
13146
13145
13145
13141
13143
13145
13134
13128
13127
13129
13128
13130
13120
13128
13128
13133
13131
13128
13127
13130
13140
13135
13133
13133
13133
13139
13140
13141
13136
13135
13128
13132
13131
13133
13137
13139
13147
13148
13137
13146
13140
13138
13136
13132
13133
13138
13130
13130
13140
13136
13136
13139
13134
13131
13134
13145
13136
13145
13149
13144
13154
13138
13130
13122
13121
13131
13131
13132
13126
13124
13122
13123
13124
13129
13126
13127
13133
13134
13137
13139
13134
13136
13133
13131
13129
13137
13133
13135
13129
13137
13129
13136
13134
13136
13136
13137
13146
13138
13137
13136
13138
13133
13133
13134
13130
13138
13138
13139
13131
13131
13127
13120
13118
13124
13124
13128
13126
13133
13131
13140
13138
13138
13143
13138
13137
13141
13143
13147
13147
13138
13145
13141
13139
13135
13134
13130
13130
13128
13124
13126
13130
13130
13130
13141
13138
13144
13145
13154
13153
13156
13151
13154
13137
13143
13133
13129
13134
13135
13126
13134
13136
13140
13137
13137
13140
13138
13134
13140
13136
13131
13128
13124
13123
13122
13130
13137
13138
13142
13146
13146
13150
13151
13153
13153
13149
13146
13147
13146
13144
13144
13137
13138
13134
13136
13133
13137
13142
13146
13135
13139
13135
13138
13137
13134
13128
13134
13131
13134
13139
13142
13145
13146
13147
13144
13148
13145
13148
13146
13141
13135
13134
13121
