13134
13129
13122
13117
13118
13119
13121
13125
13118
13124
13125
13127
13132
13126
13126
13134
13134
13132
13134
13125
13125
13138
13140
13133
13137
13128
13141
13137
13140
13138
13138
13140
13145
13145
13140
13139
13145
13132
13134
13133
13134
13142
13144
13144
13145
13150
13150
13152
13142
13142
13142
13134
13133
13134
13138
13138
13136
13133
13138
13141
13138
13142
13132
13131
13128
13132
13129
13131
13130
13126
13133
13138
13140
13139
13137
13127
13138
13131
13133
13130
13133
13135
13135
13139
13138
13131
13129
13137
13135
13129
13130
13126
13131
13128
13128
13137
13137
13130
13139
13137
13140
13142
13136
13134
13131
13129
13131
13136
13136
13131
13137
13130
13129
13126
13124
13122
13125
13123
13131
13125
13123
13126
13124
13123
13132
13134
13137
13138
13139
13137
13140
13137
13137
13135
13128
13138
13133
13135
13142
13135
13137
13146
13142
13137
13138
13131
13133
13127
13126
13128
13131
13132
13128
13135
13135
13134
13141
13133
13135
13130
13134
13134
13139
13137
13140
13133
13136
13141
13133
13133
13133
13130
13130
13130
13127
13140
13139
13137
13141
13133
13124
13134
13126
13127
13126
13138
13134
13139
13141
13135
13143
13147
13141
13145
13141
13139
13141
13135
13130
13136
13129
13129
13121
13123
13129
13132
13138
13136
13125
13127
13124
13126
13129
13133
13129
13141
13143
13144
13146
13139
13139
13144
13141
13135
13134
13135
13132
13132
13142
13136
13133
13145
13143
13132
13124
13120
13122
13119
13118
13125
13121
13128
13127
13132
13138
13141
13141
13146
13138
13147
13149
13143
13142
13137
13133
13134
13136
13129
13125
13118
13115
13120
13125
13129
13134
13130
13132
13136
13142
13138
13138
13131
13132
13127
13131
13130
13140
13139
13138
13132
13138
13141
13138
13140
13140
13134
13126
13131
13129
13128
13133
13134
13137
13137
13131
13139
13145
13144
13153
13143
13141
13142
13140
13146
13138
13139
13132
13134
13137
13130
13133
13138
13142
13140
13140
13134
13141
13133
13137
13138
13138
13136
13128
13128
13130
13130
13129
13128
13126
13126
13122
13118
13121
13129
13123
13132
13130
13126
13136
13133
13131
13134
13137
13139
13133
13139
13137
13139
13134
13134
13140
13142
13146
13142
13136
13139
13151
13141
13141
13135
13133
13138
13137
13142
13143
13139
13141
13138
13138
13140
13141
13146
13147
13145
13139
13139
13139
13138
13142
13134
13137
13133
13132
13133
13134
13133
13136
13137
13141
13137
13134
13134
13142
13139
13129
13134
13136
13122
13123
13129
13133
13138
13141
13137
13140
13138
13138
13138
13130
13136
13139
13132
13137
13139
13139
13143
13140
13133
13134
13126
13121
13126
13123
13128
13124
13130
13126
13135
13133
13126
13130
13139
13146
13141
13144
13138
13142
13137
13142
13140
13136
13138
13138
13140
13139
13134
13134
13137
13135
13143
13141
13139
13141
13146
13140
13142
13134
13136
13142
13139
13134
13135
13125
13129
13131
13138
13147
13147
13149
13145
13149
13146
13134
13135
13126
13123
13128
13122
13122
13122
13124
13129
13128
13124
13129
13141
13141
13142
13136
13127
13128
13122
13129
13131
13128
13132
13126
13117
13132
13127
13131
13143
13141
12888
12020
10995
10195
9699
9463
9352
9379
9440
9539
9652
9814
9959
10145
10292
10471
10615
10784
10923
11066
11176
11310
11414
11539
11636
11741
11823
11904
11970
12051
12110
12185
12242
12304
12349
12409
12452
12500
12542
12582
12612
12650
12676
12709
12731
12750
12768
12794
12818
12836
12850
12869
12886
12916
12925
12934
12948
12957
12962
12966
12963
12977
12979
12991
13002
13007
13021
13030
13043
13054
13058
13064
13075
13073
13075
13085
13078
13070
13078
13085
13084
13083
13078
13074
13073
13077
13081
13084
13083
13077
13092
13094
13102
13117
13112
13117
13122
13122
13135
13132
13128
13127
13133
13131
13128
13123
13122
13118
13124
13124
13122
13124
13122
13129
13127
13136
13130
13133
13135
13124
13123
13127
13124
13124
13126
13131
13132
13132
13137
13131
13138
13135
13141
13146
13140
13138
13137
13125
13133
13127
13124
13118
13118
13123
13129
13123
13131
13134
13137
13136
13137
13132
13129
13128
13134
13133
13133
13133
13139
13136
13136
13140
13138
13140
13137
13135
13132
13138
13138
13143
13140
13138
13141
13151
13141
13135
13137
13141
13139
13141
13137
13137
13138
13135
13134
13133
13135
13133
13126
13135
13128
13134
13139
13138
13133
13138
13134
13130
13133
13135
13138
13142
13137
13142
13139
13133
13133
13135
13138
13140
13137
13136
13125
13133
13124
13120
13123
13125
13121
13117
13121
13125
13130
13139
13147
13141
13138
13136
13136
13132
13131
13135
13137
13131
13126
13135
13132
13134
13136
13135
13131
13137
13133
13137
13145
13148
13150
13149
13143
13142
13135
13137
13133
13139
13129
13134
13135
13140
13150
13149
13142
13142
13145
13143
13137
13128
13128
13128
13125
13133
13136
13139
13142
13139
13140
13144
13139
13130
13136
13126
13115
13119
13118
13121
13127
13142
13138
13142
13139
13137
13139
13146
13136
13136
13122
13124
13137
13136
13137
13137
13133
13137
13138
13133
13136
13128
13135
13135
13136
13143
13142
13139
13141
13144
13133
13134
13126
13125
13124
13136
13133
13134
13134
13134
13133
13134
13130
13130
13129
13130
13135
13139
13131
13134
13133
13131
13135
13129
13129
13125
13122
13126
13117
13120
13124
13119
13119
13122
13116
13120
13122
13124
13133
13131
13125
13134
13133
13133
13135
13129
13132
13134
13137
13138
13137
13139
13136
13131
13133
13131
13131
13130
13135
13138
13138
13140
13138
13136
13141
13138
13132
13137
13135
13136
13135
13130
13136
13141
13134
13139
13135
13133
13138
13137
13130
13138
13134
13136
13134
13135
13128
13130
13132
13128
13126
13134
13132
13132
13135
13132
13132
13132
13131
13133
13133
13137
13131
13133
13132
13131
13134
13141
13134
13134
13131
13130
13133
13132
13134
13134
13133
13131
13137
13129
13129
13133
13140
13131
13138
13142
13137
13139
13136
13132
13131
13137
13128
13137
13140
13138
13133
13139
13133
13140
13136
13143
13145
13146
13145
13143
13137
13137
13135
13130
13140
13130
13132
13127
13123
13116
13123
13129
13135
13132
13132
13136
13133
13130
13138
13134
13144
13142
13134
13137
13139
13151
13150
13146
13146
13143
13137
13137
13137
13142
13142
13145
13147
13147
13141
13141
13139
13139
13138
13137
13138
13135
13135
13134
13130
13139
13135
13133
13134
13139
13135
13136
13137
13130
13129
13131
13137
13140
13144
13147
13142
13144
13143
