13121
13129
13128
13129
13136
13132
13134
13138
13138
13130
13119
13119
13119
13123
13124
13126
13116
13122
13124
13132
13121
13119
13125
13128
13125
13128
13123
13134
13145
13146
13146
13141
13140
13142
13137
13133
13138
13137
13138
13143
13142
13142
13150
13139
13134
13135
13141
13145
13142
13130
13135
13122
13127
13134
13130
13126
13131
13132
13140
13137
13136
13136
13137
13139
13139
13133
13126
13126
13133
13133
13132
13135
13141
13138
13142
13140
13139
13140
13141
13135
13132
13138
13142
13138
13143
13141
13143
13150
13144
13138
13142
13140
13138
13135
13132
13131
13137
13137
13135
13127
13135
13129
13130
13134
13130
13132
13126
13130
13136
13126
13133
13133
13137
13136
13136
13133
13140
13141
13134
13146
13140
13138
13144
13137
13134
13134
13133
13138
13134
13126
13138
13139
13141
13138
13131
13139
13140
13143
13144
13140
13140
13137
13138
13132
13127
13123
13120
13123
13132
13127
13126
13130
13123
13132
13127
13127
13133
13129
13133
13139
13141
13140
13142
13139
13146
13139
13134
13138
13137
13135
13141
13136
13132
13149
13146
13150
13139
13136
13134
13131
13138
13131
13132
13132
13136
13137
13123
13120
13126
13125
13131
13142
13136
13135
13137
13137
13137
13137
13136
13142
13135
13136
13137
13129
13138
13143
13131
13135
13129
13125
13137
13132
13129
13137
13136
13141
13146
13146
13133
13132
13131
13124
13134
13138
13133
13131
13128
13127
13138
13132
13133
13126
13124
13126
13125
13130
13126
13123
13137
13138
13134
13138
13137
13137
13136
13134
13129
13120
13119
13125
13131
13133
13136
13140
13138
13141
13146
13146
13145
13141
13140
13136
13128
13125
13128
13132
13129
13126
13132
13130
13129
13130
13134
13138
13134
13134
13131
13138
13136
13137
13130
13128
13123
13125
13124
13135
13140
13144
13147
13141
13145
13136
13139
13144
13138
13143
13145
13154
13158
13144
13140
13127
13131
13132
13137
13125
13135
13131
13142
13140
13136
13129
13127
13125
13125
13128
13123
13120
13134
13133
13129
13131
13130
13130
13136
13134
13133
13131
13126
13125
13134
13138
13135
13143
13133
13139
13134
13137
13138
13138
13150
13141
13137
13142
13139
13136
13139
13138
13139
13138
13133
13128
13131
13138
13134
13135
13135
13142
13145
13142
13130
13133
13140
13139
13139
13141
13138
13133
13135
13134
13136
13130
13126
13136
13128
13134
13132
13133
13125
13127
13136
13139
13142
13144
13142
13137
13138
13133
13137
13131
13132
13136
13139
13135
13138
13141
13133
13130
13125
13130
13125
13126
13127
13131
13132
13130
13132
13139
13135
13138
13145
13142
13143
13147
13145
13145
13143
13139
13137
13132
13129
13121
13126
13132
13132
13127
13130
13131
13140
13136
13127
13133
13126
13136
13137
13137
13132
13129
13135
13144
13144
13143
13142
13140
13139
13138
13136
13143
13141
13141
13147
13139
13133
13138
13129
13134
13134
13131
13132
13132
13128
13128
13125
13131
13130
13129
13132
13126
13125
13123
13129
13128
13135
13136
13133
13133
13125
13125
13121
13129
13120
13128
13127
13128
13130
13133
13134
13142
13140
13138
13146
13134
13136
13138
13141
13140
13142
13138
13139
13141
13143
13133
13133
13130
13120
13119
13114
13082
12582
11867
11396
11108
10870
10711
10676
10673
10739
10811
10916
11017
11138
11238
11355
11454
11560
11625
11594
11605
11647
11692
11771
11818
11887
11958
12016
12081
12144
12195
12260
12312
12366
12407
12461
12507
12550
12585
12620
12648
12679
12706
12736
12763
12790
12802
12825
12838
12858
12875
12898
12923
12936
12951
12962
12978
12986
12986
12994
13006
13012
13024
13022
13027
13026
13035
13036
13042
13053
13067
13067
13077
13072
13079
13083
13086
13092
13100
13098
13101
13109
13107
13110
13123
13117
13106
13111
13105
13106
13112
13115
13124
13124
13128
13126
13122
13124
13124
13120
13120
13118
13119
13121
13117
13113
13118
13114
13118
13123
13127
13125
13124
13125
13122
13122
13129
13123
13127
13134
13136
13144
13134
13126
13130
13130
13118
13116
13116
13117
13120
13114
13124
13125
13135
13139
13131
13129
13127
13124
13130
13134
13134
13141
13135
13127
13131
13126
13130
13134
13134
13132
13133
13135
13126
13123
13137
13131
13136
13126
13131
13131
13131
13138
13137
13124
13128
13130
13130
13138
13136
13135
13138
13141
13142
13137
13130
13127
13133
13138
13139
13138
13136
13145
13141
13132
13135
13127
13137
13132
13128
13123
13124
13128
13125
13122
13129
13126
13132
13133
13124
13128
13134
13130
13137
13136
13141
13140
13144
13144
13141
13133
13136
13125
13128
13134
13129
13134
13139
13141
13146
13132
13124
13126
13126
13128
13133
13130
13132
13134
13133
13131
13134
13135
13145
13145
13142
13135
13133
13131
13132
13134
13133
13135
13138
13148
13144
13142
13143
13138
13129
13126
13131
13122
13125
13136
13133
13138
13138
13138
13144
13138
13129
13133
13126
13125
13132
13129
13128
13130
13134
13102
12973
12892
12841
12812
12809
12805
12811
12822
12832
12851
12862
12878
12893
12912
12926
12943
12952
12965
12970
12974
12982
12988
12995
13006
13007
13019
13030
13042
13056
13053
13061
13068
13071
13080
13080
13079
13073
13078
13080
13082
13092
13102
13106
13102
13107
13104
13105
13108
13100
13106
13100
13099
13109
13115
13124
13126
13123
13126
13123
13126
13131
13131
13136
13129
13126
13129
13126
13128
13131
13126
13122
13130
13122
13121
13129
13128
13129
13126
13129
13128
13135
13134
13133
13140
13135
13125
13128
13128
13129
13132
13122
13117
13124
13126
13128
13128
13132
13130
13116
13110
13108
13105
13115
13119
13121
13125
13132
13136
13140
13134
13131
13139
13133
13130
13136
13130
13137
13133
13136
13134
13131
13134
13133
13135
13137
13135
13139
13144
13143
13137
13137
13129
13131
13133
13137
13136
13137
13142
13141
13139
13145
13143
13148
13149
13145
13147
13141
13142
13143
13134
13128
13134
13127
13128
13133
13130
13136
13136
13139
13142
13137
13140
13136
13138
13138
13142
13144
13148
13141
13135
13131
13135
13136
13135
13137
13134
13133
13137
13132
13139
13140
13130
13130
13134
13138
13148
13142
13137
13142
13133
13125
13131
13130
13124
13129
13126
13132
13133
13139
13140
13146
13139
13130
13139
13138
13133
13130
13126
13123
13134
13126
13125
13129
13126
13121
13119
13118
13121
13123
13127
13132
13128
13127
13133
13138
13140
13141
13134
13135
13133
13122
13126
13125
13125
13130
13131
13129
13130
13126
13128
13122
13125
13119
13116
13129
13126
13121
13131
13134
13138
13138
