13108
13113
13110
13115
13121
13111
13115
13125
13120
13127
13130
13135
13136
13138
13136
13133
13131
13137
13140
13135
13133
13133
13133
13143
13132
13126
13130
13132
13132
13133
13127
13125
13123
13122
13122
13127
13122
13120
13133
13138
13142
13139
13132
13140
13143
13138
13139
13131
13134
13133
13129
13133
13134
13141
13143
13142
13137
13136
13136
13128
13131
13127
13127
13136
13137
13136
13148
13139
13133
13137
13123
13130
13128
13130
13127
13126
13128
13133
13134
13141
13135
13135
13131
13123
13133
13121
13121
13130
13132
13140
13132
13140
13139
13139
13132
13140
13140
13138
13140
13137
13140
13136
13143
13151
13141
13141
13144
13138
13140
13145
13141
13137
13134
13132
13130
13132
13119
13127
13137
13138
13142
13139
13130
13131
13136
13132
13127
13134
13136
13134
13128
13129
13124
13118
13126
13131
13134
13138
13132
13129
13126
13130
13132
13136
13130
13131
13138
13131
13130
13131
13133
13133
13142
13142
13142
13133
13133
13132
13134
13140
13142
13147
13147
13139
13152
13145
13138
13139
13135
13134
13133
13132
13127
13136
13137
13145
13137
13136
13134
13127
13130
13131
13126
13129
13120
13123
13130
13123
13118
13128
13124
13131
13127
13123
13120
13129
13134
13135
13134
13137
13126
13116
13117
13119
13117
13122
13125
13130
13132
13133
13143
13130
13137
13139
13137
13136
13127
13130
13137
13139
13141
13138
13138
13147
13138
13135
13143
13136
13139
13147
13142
13138
13141
13135
13141
13138
13144
13142
13138
13142
13138
13137
13120
12891
12716
12593
12528
12498
12490
12504
12524
12545
12571
12594
12627
12656
12684
12710
12737
12759
12794
12815
12834
12854
12870
12884
12902
12907
12914
12938
12950
12965
12981
12991
13003
13004
13006
13014
13023
13032
13035
13043
13039
13049
13056
13062
13058
13068
13073
13083
13083
13083
13087
13094
13100
13106
13102
13105
13109
13104
13111
13112
13112
13118
13109
13110
13117
13114
13116
13115
13111
13114
13114
13117
13119
13113
13114
13114
13117
13122
13125
13127
13129
13125
13131
13123
13119
13124
13128
13130
13131
13133
13137
13138
13140
13145
13132
13133
13134
13131
13132
13135
13124
13135
13129
13131
13138
13136
13133
13137
13136
13135
13130
13125
13128
13130
13126
13128
13132
13138
13135
13144
13138
13137
13135
13132
13128
13137
13135
13136
13133
13127
13134
13135
13140
13139
13124
13129
13133
13131
13137
13131
13132
13138
13132
13130
13134
13127
13127
13133
13129
13131
13137
13137
13136
13131
13129
13123
13120
13127
13125
13129
13128
13134
13138
13133
13133
13133
13134
13134
13134
13135
13127
13121
13121
13132
13125
13126
13132
13131
13127
13126
13125
13132
13127
13127
13128
13133
13130
13136
13129
13128
13126
13129
13129
13127
13126
13132
13130
13134
13129
13129
13127
13128
13126
13123
13123
13133
13129
13136
13137
13126
13125
13121
13124
13125
13124
13135
13134
13128
13125
13127
13121
13129
13127
13120
13129
13122
13124
13132
13132
13140
13140
13140
13146
13145
13143
13130
13133
13137
13126
13126
13126
13131
13138
13132
13134
13137
13140
13137
13135
13140
13142
13139
13133
13144
13140
13141
13144
13138
13141
13138
13137
13144
13129
13124
13121
13114
13002
12686
12253
11818
11501
11313
11240
11219
11249
11292
11372
11452
11535
11606
11703
11778
11873
11940
12017
12083
12150
12214
12281
12327
12387
12430
12479
12530
12566
12596
12628
12654
12683
12711
12740
12766
12789
12807
12841
12855
12859
12878
12898
12910
12925
12937
12941
12953
12968
12980
12989
13001
13010
13021
13035
13043
13054
13052
13049
13050
13054
13062
13058
13067
13071
13084
13082
13089
13088
13097
13100
13106
13107
13111
13110
13114
13109
13114
13116
13116
13112
13122
13110
13115
13112
13113
13112
13117
13118
13120
13121
13123
13126
13134
13136
13131
13137
13134
13136
13140
13136
13140
13134
13133
13130
13132
13124
13131
13127
13130
13126
13120
13124
13123
13127
13135
13135
13127
13127
13123
13125
13132
13134
13138
13134
13129
13130
13132
13136
13132
13133
13136
13133
13132
13131
13133
13135
13130
13125
13138
13128
13123
13121
13128
13115
13114
13117
13124
13119
13125
13123
13129
13138
13137
13134
13142
13142
13138
13145
13133
13132
13129
13119
13122
13120
13117
13125
13128
13133
13130
13127
13137
13136
13143
13148
13139
13143
13142
13138
13139
13137
13135
13135
13138
13133
13130
13128
13132
13135
13138
13137
13140
13140
13141
13142
13146
13135
13136
13137
13128
13124
13125
13124
13138
13134
13136
13126
13131
13136
13138
13131
13139
13141
13144
13144
13141
13147
13141
13131
13134
13127
13123
13119
13117
13116
13119
13119
13126
13128
13134
13133
13137
13139
13140
13144
13145
13139
13136
13142
13139
13135
13131
13126
13132
13131
13133
13136
13136
13130
13128
13116
13117
13121
13118
13121
13133
13139
13138
13131
13141
13138
13135
13141
13137
13131
13136
13135
13139
13133
13128
13120
13119
13118
13118
13113
13116
13122
13127
13132
13135
13127
13132
13124
13134
13143
13136
13140
13135
13140
13138
13138
13139
13139
13145
13142
13137
13136
13129
13132
13134
13135
13138
13137
13137
13138
13135
13142
13144
13141
13139
13133
13137
13137
13133
13128
13137
13131
13128
13133
13128
13126
13131
13124
13130
13133
13128
13121
13129
13133
13132
13133
13137
13137
13138
13136
13136
13139
13127
13123
13128
13125
13129
13122
13123
13131
13133
13134
13139
13132
13134
13132
13136
13135
13136
13129
13130
13127
13124
13130
13124
13124
13136
13133
13137
13143
13137
13143
13151
13143
13142
13143
13151
13141
13145
13139
13134
13138
13134
13131
13133
13124
13131
13125
13124
13115
13117
13122
13125
13130
13131
13129
13128
13132
13132
13131
13135
13133
13131
13137
13128
13125
13132
13122
13132
13127
13118
13125
13126
13131
13133
13136
13133
13132
13135
13136
13136
13143
13136
13131
13133
13126
13137
13137
13136
13130
13125
13128
13129
13117
13123
13129
13132
13132
13137
13137
13141
13088
12971
12901
12848
12819
12817
12815
12823
12832
12843
12856
12866
12880
12897
12907
12925
12936
12951
12969
12977
12997
12995
13008
13017
13028
13045
13040
13050
13055
13061
13057
13066
13073
13081
13085
13088
13087
13088
13082
13090
13087
13082
13090
13091
13089
13100
13100
13114
13119
13114
13120
13123
13121
13120
13124
13129
13124
13126
13126
13121
13128
13122
13128
13132
13129
13130
13126
13124
13131
13130
13125
13126
13118
13128
13125
13125
13122
13123
13117
13126
13126
13121
13134
13131
13124
13128
