13146
13146
13138
13144
13147
13147
13143
13153
13152
13156
13147
13142
13141
13143
13146
13142
13136
13140
13141
13133
13143
13140
13138
13137
13132
13125
13128
13122
13125
13132
13131
13136
13145
13143
13142
13144
13140
13142
13146
13142
13145
13145
13138
13134
13135
13125
13126
13132
13136
13131
13134
13126
13129
13135
13135
13132
13127
13133
13141
13143
13144
13143
13144
13149
13149
13140
13144
13136
13133
13138
13138
13147
13146
13142
13136
13137
13140
13139
13141
13135
13128
13133
13127
13123
13125
13127
13131
13133
13135
13135
13140
13141
13136
13135
13136
13140
13133
13136
13133
13129
13131
13130
13132
13136
13133
13125
13135
13134
13137
13143
13138
13136
13141
13136
13136
13132
13122
13124
13123
13126
13124
13124
13132
13129
13132
13125
13125
13132
13141
13138
13134
13125
13129
13130
13126
13124
13117
13118
13118
13115
13119
13117
13124
13130
13126
13123
13132
13125
13127
13128
13127
13127
13129
13124
13124
13127
13126
13124
13125
13133
13132
13131
13135
13135
13139
13135
13137
13136
13134
13127
13117
13117
13115
13126
13124
13122
13123
13130
13131
13131
13132
13134
13132
13133
13125
13121
13127
13121
13124
13125
13133
13131
13131
13137
13133
13130
13130
13130
13134
13145
13144
13140
13144
13133
13142
13132
13128
13133
13125
13127
13125
13127
13125
13136
13127
13134
13126
13129
13131
13124
13124
13131
13135
13142
13136
13137
13145
13138
13139
13146
13139
13132
13134
13140
13140
13135
13130
13133
13139
13139
13148
13142
13139
13143
13144
13141
13142
13138
13144
13141
13138
13136
13141
13139
13142
13141
13133
13132
13131
13123
13125
13120
13118
13124
13124
13125
13130
13127
13080
12963
12892
12846
12825
12812
12820
12828
12834
12849
12858
12874
12888
12897
12909
12921
12945
12952
12966
12971
12989
12997
13003
13015
13027
13033
13038
13054
13055
13061
13061
13066
13071
13081
13085
13096
13094
13098
13105
13104
13104
13106
13100
13107
13106
13105
13107
13100
13098
13097
13104
13112
13106
13109
13107
13117
13115
13117
13117
13119
13121
13118
13122
13116
13116
13114
13117
13120
13116
13117
13117
13117
13127
13132
13129
13129
13133
13131
13135
13136
13134
13142
13144
13138
13135
13133
13138
13130
13123
13124
13124
13137
13134
13132
13132
13128
13132
13127
13126
13128
13134
13133
13129
13133
13129
13130
13132
13135
13127
13129
13131
13132
13132
13126
13129
13135
13133
13125
13131
13135
13134
13137
13134
13138
13134
13135
13137
13135
13135
13126
13126
13122
13127
13135
13139
13138
13142
13144
13136
13141
13137
13134
13132
13129
13134
13134
13141
13146
13140
13142
13144
13140
13139
13138
13134
13144
13142
13143
13148
13140
13134
13136
13134
13136
13137
13135
13142
13134
13127
13127
13129
13131
13126
13132
13126
13122
13138
13138
13137
13135
13138
13139
13138
13135
13140
13138
13140
13140
13135
13137
13133
13123
13116
13117
13115
13122
13121
13124
13137
13134
13132
13139
13134
13132
13133
13126
13134
13131
13132
13126
13129
13135
13133
13132
13134
13137
13147
13142
13148
13146
13146
13146
13145
13148
13142
13145
13144
13141
13136
13143
13136
13137
13149
13139
13139
13138
13134
13119
12685
12182
11830
11387
11021
10808
10721
10702
10747
10817
10914
11004
11125
11225
11347
11448
11553
11638
11727
11798
11884
11958
12040
12105
12175
12234
12298
12347
12411
12462
12505
12549
12588
12615
12646
12676
12703
12732
12757
12780
12808
12823
12832
12859
12871
12885
12901
12916
12931
12941
12961
12976
12983
12998
13008
13021
13029
13034
13041
13034
13033
13046
13044
13044
13044
12975
12870
12809
12772
12751
12752
12763
12786
12796
12809
12827
12850
12869
12885
12902
12922
12928
12944
12959
12966
12972
12985
12990
13002
13009
13016
13022
13027
13036
13038
13043
13045
13058
13071
13073
13081
13084
13085
13082
13083
13088
13077
13098
13102
13101
13092
13089
13095
13105
13101
13100
13100
13105
13005
12913
12870
12831
12806
12806
12805
12814
12825
12838
12858
12869
12886
12897
12914
12929
12946
12955
12965
12976
12988
12993
12999
13012
13016
13020
13031
13031
13051
13054
13059
13068
13064
13066
13070
13073
13074
13074
13074
13094
13094
13096
13102
13101
13102
13113
13113
13115
13115
13122
13116
13118
13116
13119
13116
13114
13108
13107
13109
13111
13110
13109
13107
13104
13108
13110
13110
13117
13114
13115
13116
13113
13110
13112
13114
13114
13120
13128
13131
13134
13127
13130
13132
13127
13133
13130
13128
13134
13133
13136
13134
13130
13124
13128
13131
13137
13131
13126
13130
13134
13146
13138
13143
13138
13137
13137
13130
13133
13126
13135
13137
13139
13136
13145
13146
13139
13137
13141
13130
13136
13130
13128
13134
13129
13126
13132
13127
13132
13131
13129
13128
13126
13127
13129
13128
13131
13126
13129
13130
13138
13143
13138
13142
13149
13150
13154
13148
13153
13151
13149
13145
13148
13146
13141
13138
13135
13136
13145
13140
13142
13135
13130
13132
13124
13121
13129
13125
13132
13131
13137
13137
13136
13140
13138
13142
13139
13137
13134
13137
13144
13152
13143
13144
13145
13141
13138
13128
13120
13115
13119
13124
13129
13131
13131
13131
13129
13129
13127
13126
13132
13122
13121
13133
13129
13126
13133
13139
13139
13136
13131
13134
13136
13136
13128
13127
13128
13130
13125
13129
13128
13134
13132
13141
13154
13151
13150
13143
13140
13137
13133
13125
13129
13121
13128
13123
13129
13133
13135
13131
13144
13135
13136
13141
13136
13138
13139
13134
13135
13133
13127
13124
13133
13133
13139
13135
13138
13136
13132
13132
13129
13129
13124
13122
13130
13132
13135
13139
13147
13146
13145
13142
13149
13144
13151
13155
13148
13144
13139
13143
13135
13124
13120
13128
13131
13127
13135
13138
13144
13143
13137
13126
13134
13129
13133
13135
13131
13056
12955
12892
12847
12825
12811
12809
12812
12821
12831
12846
12857
12873
12882
12894
12911
12924
12940
12960
12965
12969
12980
12988
12996
13006
13015
13032
13041
13044
13058
13058
13066
13070
13072
13079
13082
13087
13083
13085
13093
13093
13097
13102
13096
13107
13105
13109
13115
13111
13110
13109
13108
13110
13115
13114
13120
13113
13113
13113
13114
13115
13116
13118
13119
13110
13117
13135
13132
13128
13138
13138
13137
13138
13136
13135
13133
13134
13130
13124
13125
13124
13116
13113
13113
13125
13124
13125
13129
13124
13129
13134
13135
13133
13132
13133
13131
13122
13125
13123
13120
13121
13122
13127
13129
13130
13137
13140
13138
13142
13147
