13127
13123
13132
13135
13141
13132
13130
13130
13121
13127
13122
13118
13135
13133
13134
13139
13139
13147
13148
13148
13147
13145
13143
13138
13133
13131
13139
13146
13147
13139
13145
13151
13141
13137
13145
13134
13134
13138
13135
13133
13133
13130
13126
13128
13130
13122
13122
13131
13131
13138
13145
13138
13144
13137
13134
13141
13138
13143
13136
13139
13133
13131
13129
13133
13134
13132
13138
13134
13139
13137
13134
13136
13132
13125
13132
13133
13127
13138
13142
13143
13144
13140
13148
13144
13147
13141
13132
13131
13122
13126
13127
13126
13126
13124
13118
13129
13129
13133
13139
13147
13148
13148
13145
13140
13138
13134
13127
13125
13126
13127
13126
13130
13126
13119
13128
13126
13126
13138
13133
13144
13152
13151
13150
13144
13141
13130
13133
13136
13137
13141
13145
13142
13149
13144
13138
13138
13138
13142
13142
13136
13144
13148
13145
13144
13136
13136
13142
13134
13139
13136
13135
13141
13132
13129
13129
13132
13128
13134
13132
13138
13133
13132
13135
13140
13137
13131
13138
13142
13144
13140
13139
13134
13132
13125
13130
13134
13129
13135
13135
13139
13141
13146
13146
13142
13142
13143
13145
13148
13142
13130
13133
13135
13129
13130
13134
13127
13129
13140
13132
13136
13135
13136
13137
13129
13135
13134
13129
13134
13134
13139
13135
13126
13137
13132
13124
13120
13124
13128
13127
13126
13127
13134
13138
13141
13141
13141
13144
13144
13144
13137
13146
13161
13154
13145
13146
13139
13141
13144
13137
13136
13142
13128
13131
13127
13130
13126
13132
13135
13136
13137
13134
13133
13140
13133
13138
13136
13137
13139
13142
13143
13145
13145
13142
13143
13140
13144
13140
13141
13136
13135
13131
13136
13129
13128
13139
13138
13132
13137
13130
13129
13136
13136
13132
13136
13136
13135
13133
13139
13141
13143
13139
13135
13144
13136
13131
13132
13128
13130
13132
13130
13130
13126
13127
13131
13131
13134
13131
13129
13125
13122
13128
13132
13125
13122
13131
13133
13132
13137
13128
13137
13142
13141
13139
13140
13142
13142
13142
13144
13138
13133
13132
13126
13138
13133
13139
13141
13133
13135
13136
13136
13140
13144
13139
13151
13144
13145
13144
13132
13142
13143
13144
13150
13146
13139
13140
13135
13136
13139
13137
13132
13129
13124
13130
13132
13135
13133
13128
13140
13136
13138
13136
13134
13139
13128
13122
13125
13125
13130
13128
13127
13125
13127
13128
13139
13140
13140
13144
13147
13142
13136
13128
13131
13122
13121
13129
13125
13120
13126
13126
13138
13136
13133
13140
13133
13132
13129
13131
13134
13128
13134
13138
13142
13151
13139
13139
13140
13145
13139
13145
13143
13147
13147
13147
13154
13146
13145
13143
13131
13128
13130
13126
13130
13135
13138
13147
13136
13134
13133
13132
13129
13126
13126
13135
13132
13131
13133
13134
13134
13129
13130
13124
13119
13127
13122
13123
13133
13127
13129
13121
13127
13121
13121
13120
13117
13123
13133
13138
13129
13126
13129
13130
13133
13125
13123
13137
13138
13140
13142
13142
13154
13156
13151
13150
13142
13142
13141
13141
13142
13148
13150
13144
13144
13154
13146
13140
13146
13149
13151
13155
13153
13154
13153
13154
13108
12707
12187
11742
11463
11321
11125
11034
11011
11040
11090
11168
11184
11251
11316
11406
11485
11579
11654
11743
11819
11917
11991
12073
12138
12201
12260
12320
12368
12426
12460
12499
12529
12567
12604
12643
12677
12705
12736
12766
12788
12800
12817
12839
12849
12873
12886
12902
12924
12932
12946
12966
12980
12983
13003
13009
13019
13026
13027
13034
13041
13044
13046
13054
13057
13060
13064
13065
13071
13084
13083
13091
13093
13094
13104
13113
13108
13109
13113
13110
13110
13106
13106
13111
13108
13110
13111
13113
13118
13113
13113
13116
13115
13116
13129
13121
13124
13130
13131
13131
13123
13124
13120
13116
13115
13118
13116
13123
13125
13130
13132
13123
13129
13121
13124
13124
13125
13131
13141
13145
13149
13130
13140
13142
13139
13136
13133
13129
13133
13129
13125
13132
13125
13134
13141
13140
13142
13143
13138
13136
13130
13129
13132
13140
13142
13142
13139
13136
13134
13138
13124
13126
13137
13138
13140
13137
13140
13147
13151
13148
13148
13132
13130
13131
13131
13137
13140
13143
13148
13143
13138
13146
13138
13144
13147
13146
13147
13149
13139
13133
13136
13134
13122
13123
13118
13119
13125
13126
13129
13138
13132
13134
13135
13140
13138
13136
13133
13145
13141
13143
13140
13134
13139
13139
13138
13085
12962
12892
12851
12816
12806
12810
12808
12813
12829
12841
12853
12877
12899
12912
12918
12935
12939
12949
12955
12967
12982
12993
13000
13019
13023
13037
13050
13055
13062
13070
13075
13077
13078
13078
13087
13084
13098
13104
13105
13109
13104
13102
13108
13100
13101
13105
13103
13105
13114
13119
13119
13122
13120
13121
13109
13110
13106
13116
13118
13119
13125
13120
13120
13129
13126
13128
13134
13134
13138
13140
13139
13138
13135
13132
13125
13120
13126
13135
13135
13138
13136
13140
13147
13138
13141
13147
13142
13134
13135
13130
13131
13129
13132
13132
13136
13137
13142
13140
13141
13135
13139
13138
13132
13137
13130
13134
13135
13128
13123
13126
13132
13135
13141
13143
13146
13136
13140
13141
13136
13133
13128
13131
13131
13127
13124
13133
13132
13123
13132
13122
13117
13116
13115
13117
13125
13132
13130
13131
13137
13136
13134
13138
13136
13140
13135
13137
13137
13131
13129
13123
13117
13124
13123
13128
13138
13141
13146
13146
13129
13139
13137
13147
13143
13134
13126
13140
13132
13132
13134
13132
13131
13135
13134
13133
13133
13135
13135
13134
13133
13136
13134
13131
13136
13141
13130
13128
13136
13141
13137
13137
13136
13140
13136
13140
13142
13131
13134
13136
13135
13146
13141
13139
13137
13133
13134
13146
13140
13141
13138
13137
13139
13141
13138
13134
13131
13142
13136
13136
13138
13139
13138
13137
13135
13131
13126
13127
13126
13117
13128
13125
13128
13132
13132
13130
13130
13123
13126
13132
13128
13134
13143
13139
13144
13130
13130
13134
13127
13131
13137
13130
13133
13137
13140
13137
13139
13145
13140
13140
13135
13132
13130
13132
13136
13139
13134
13134
13131
13132
13134
13134
13133
13133
13132
13132
13131
13127
13131
13134
13130
13132
13140
13143
13149
13149
13144
13152
13148
13148
13153
13142
13139
13138
13135
13138
13141
13136
13135
13125
13123
13122
13126
13125
13126
13140
13133
13128
13127
13126
13130
13128
13128
13126
13136
13135
13134
13122
13122
13125
13133
13143
13141
