13134
13135
13134
13132
13119
13121
13125
13126
13126
13120
13126
13129
13128
13126
13134
13133
13128
13124
13128
13125
13127
13127
13121
13125
13126
13132
13136
13134
13129
13138
13136
13138
13130
13131
13127
13133
13125
13131
13132
13136
13130
13133
13142
13132
13132
13138
13139
13138
13140
13134
13128
13128
13127
13118
13116
13120
13122
13127
13123
13126
13134
13127
13129
13138
13136
13140
13134
13137
13133
13137
13135
13138
13127
13130
13132
13131
13142
13139
13142
13146
13141
13139
13151
13143
13138
13138
13131
13131
13128
13120
13120
13124
13122
13123
13120
13126
13128
13133
13136
13132
13131
13130
13129
13125
13123
13125
13122
13126
13129
13126
13118
13124
13125
13127
13138
13136
13134
13141
13141
13145
13142
13135
13138
13135
13131
13133
13135
13129
13135
13137
13141
13145
13146
13138
13140
13142
13136
13137
13133
13135
13147
13139
13131
13141
13135
13134
13133
13134
13134
13132
13134
13138
13132
13140
13136
13138
13136
13140
13143
13147
13140
13131
13134
13127
13137
13135
13126
13130
13124
13125
13122
13127
13127
13129
13126
13133
13134
13137
13140
13135
13141
13135
13131
13135
13131
13139
13137
13136
13132
13132
13130
13140
13134
13133
13141
13130
13129
13131
13124
13132
13121
13118
13124
13122
13128
13136
13125
13131
13137
13138
13142
13144
13144
13139
13135
13145
13139
13134
13137
13137
13140
13138
13133
13129
13128
13125
13122
13127
13129
13132
13130
13132
13128
13132
13133
13137
13134
13133
13130
13134
13124
13127
13141
13146
13137
13137
13141
13135
13131
13136
13136
13126
13135
13132
13123
13133
13141
13136
13132
13135
13144
13137
13136
13137
13134
13133
13126
13131
13135
13137
13132
13141
13142
13142
13144
13136
13136
13134
13134
13136
13133
13126
13136
13130
13134
13140
13141
13135
13142
13141
13140
13138
13137
13131
13128
13134
13129
13135
13134
13135
13134
13132
13129
13137
13136
13134
13142
13139
13138
13139
13135
13134
13127
13134
13128
13126
13122
13120
13126
13129
13126
13122
13135
13131
13127
13130
13126
13124
13131
13131
13133
13132
13129
13133
13131
13143
13138
13141
13132
13138
13139
13137
13136
13139
13142
13135
13134
13136
13135
13128
13124
13133
13130
13128
13126
13130
13140
13138
13138
13140
13134
13127
13136
13140
13132
13134
13129
13132
13138
13143
13141
13139
13133
13136
13136
13135
13128
13130
13126
13134
13139
13129
13132
13135
13134
13134
13140
13132
13133
13134
13135
13144
13138
13134
13132
13130
13134
13134
13135
13141
13131
13134
13139
13136
13136
13136
13127
13130
13132
13132
13126
13122
13125
13119
13120
13121
13117
13119
13118
13124
13127
13125
13126
13130
13132
13130
13123
13123
13126
13134
13128
13131
13128
13131
13137
13134
13131
13138
13143
13145
13142
13139
13143
13139
13133
13132
13135
13138
13136
13139
13134
13142
13140
13136
13132
13136
13138
13136
13130
13123
13127
13119
13116
13121
13114
13119
13120
13128
13127
13137
13135
13135
13122
13128
13131
13137
13131
13140
13141
13141
13134
13138
13147
13140
13139
13135
13133
13137
13143
13145
13144
13141
13129
13132
13126
13132
13122
13123
13125
13128
13130
13131
13134
13140
13115
12606
11690
11007
10602
10377
10296
10288
10350
10421
10536
10646
10792
10915
11045
11158
11284
11391
11523
11622
11718
11803
11891
11966
12045
12107
12176
12218
12172
12158
12176
12197
12227
12264
12303
12341
12395
12426
12468
12513
12559
12588
12625
12649
12685
12707
12731
12758
12777
12797
12817
12836
12864
12882
12898
12916
12923
12934
12951
12959
12965
12977
12985
12998
13009
13020
13028
13026
13034
13046
13054
13058
13064
13069
13073
13082
13090
13090
13090
13092
13091
13095
13098
13100
13097
13100
13094
13100
13097
13099
13105
13104
13104
13104
13109
13115
13114
13111
13115
13119
13120
13126
13122
13122
13121
13121
13122
13118
13125
13132
13126
13125
13126
13122
13128
13132
13134
13130
13122
13127
13126
13141
13142
13142
13145
13148
13146
13147
13134
13132
13133
13126
13133
13128
13121
13125
13126
13129
13137
13131
13122
13132
13143
13147
13148
13147
13144
13145
13150
13146
13138
13143
13142
13144
13139
13140
13146
13137
13129
13130
13130
13128
13128
13124
13127
13133
13135
13135
13130
13135
13143
13142
13146
13139
13135
13140
13132
13135
13139
13135
13142
13148
13145
13142
13141
13138
13130
13132
13131
13130
13131
13132
13133
13136
13141
13138
13142
13133
13135
13134
13132
13130
13132
13133
13129
13129
13127
13130
13130
13132
13137
13138
13137
13129
13129
13129
13133
13130
13135
13134
13136
13143
13141
13137
13143
13141
13141
13138
13136
13129
13127
13131
13125
13134
13131
13139
13140
13131
13130
13136
13138
13141
13137
13133
13135
13130
13129
13130
13117
13119
13122
13135
13133
13134
13129
13144
13142
13134
13137
13136
13136
13147
13149
13145
13138
13139
13137
13134
13135
13128
13138
13140
13134
13143
13141
13136
13143
13135
13135
13132
13126
13125
13124
13128
13126
13128
13135
13136
13133
13128
13120
13124
13126
13125
13123
13128
13118
13115
13132
13132
13134
13143
13142
13144
13135
13133
13135
13137
13140
13136
13134
13134
13142
13144
13142
13137
13142
13136
13134
13137
13136
13137
13135
13131
13128
13133
13130
13132
13129
13132
13132
13129
13122
13123
13122
13133
13135
13136
13143
13138
13138
13139
13140
13137
13135
13133
13130
13129
13123
13121
13124
13126
13128
13125
13126
13136
13142
13143
13141
13139
13140
13137
13139
13144
13144
13139
13142
13140
13133
13137
13134
13124
13134
13136
13136
13136
13132
13128
13128
13125
13126
13131
13126
13124
13127
13122
13125
13128
13126
13131
13127
13136
13128
13126
13123
13123
13131
13132
13126
13132
13136
13136
13131
13131
13133
13137
13148
13139
13138
13142
13151
13141
13145
13150
13146
13139
13129
13130
13132
13121
13125
13128
13126
13133
13129
13134
13136
13129
13123
13125
13125
13124
13127
13126
13128
13127
13132
13134
13133
13136
13130
13136
13125
13130
13123
13129
13123
13129
13121
13129
13129
13130
13128
13123
13126
13140
13135
13136
13141
13141
13136
13140
13141
13141
13143
13137
13143
13137
13132
13132
13124
13131
13127
13135
13128
13126
13132
13129
13137
13138
13137
13139
13139
13140
13133
13128
13119
13121
13116
13126
13127
13125
13129
13131
13136
13144
13143
13137
13143
13138
13135
13138
13134
13139
13149
13151
13152
13144
13144
13143
13140
13148
13140
13137
13140
13134
13136
13133
13139
13142
13142
13144
13141
13132
13128
13128
