13133
13134
13121
13127
13124
13126
13123
13129
13127
13133
13129
13133
13136
13138
13136
13138
13136
13138
13130
13133
13129
13127
13134
13143
13137
13140
13143
13138
13135
13132
13125
13130
13131
13130
13128
13126
13118
13117
13115
13131
13122
13128
13122
13125
13125
13130
13123
13134
13137
13137
13137
13142
13143
13150
13143
13143
13141
13142
13135
13137
13139
13142
13143
13153
13145
13142
13142
13135
13134
13133
13127
13142
13138
13135
13139
13136
13133
13143
13148
13141
13144
13140
13142
13141
13141
13138
13138
13142
13135
13134
13128
13133
13137
13128
13123
13122
13122
13129
13137
13136
13139
13143
13136
13138
13128
13130
13124
13051
12952
12893
12861
12846
12839
12830
12843
12844
12854
12866
12882
12897
12913
12926
12937
12951
12966
12976
12983
12993
12993
13004
13014
13021
13036
13032
13034
13044
13050
13062
13064
13074
13073
13071
13069
13064
13067
13076
13080
13085
13090
13093
13096
13108
13100
13109
13114
13109
13110
13118
13108
13106
13101
13108
13116
13113
13109
13110
13117
13121
13126
13120
13120
13121
13128
13122
13120
13126
13123
13125
13124
13122
13124
13118
13111
13119
13121
13121
13122
13118
13122
13122
13117
13121
13127
13120
13134
13126
13127
13132
13137
13138
13136
13130
13130
13132
13138
13137
13138
13137
13139
13139
13141
13135
13142
13136
13142
13138
13125
13125
13130
13122
13124
13132
13133
13132
13130
13132
13135
13130
13130
13127
13123
13130
13131
13133
13139
13134
13133
13143
13135
13136
13140
13141
13136
13140
13136
13131
13129
13127
13126
13131
13131
13124
13126
13122
13122
13128
13130
13134
13133
13138
13128
13137
13141
13140
13137
13139
13143
13136
13138
13137
13137
13139
13133
13128
13126
13126
13116
13123
13118
13117
13123
13129
13133
13134
13125
13128
13130
13137
13140
13131
13125
13133
13130
13120
13116
13119
13130
13138
13139
13135
13134
13136
13135
13138
13132
13124
13131
13128
13136
13138
13136
13141
13138
13135
13141
13138
13126
13125
13128
13131
13127
13128
13127
13125
13134
13134
13132
13131
13127
13125
13126
13124
13124
13117
13109
13116
13117
13121
13124
13123
13126
13126
13127
13131
13127
13128
13136
13130
13134
13136
13140
13140
13143
13138
13145
13145
13141
13147
13143
13149
13149
13146
13143
13140
13141
13130
13126
13132
13131
13132
13131
13126
13134
13127
13127
13130
13127
13130
13130
13132
13125
13127
13133
13137
13132
13136
13134
13130
13129
13138
13127
13137
13121
13123
13123
13114
13115
13119
13124
13129
13131
13135
13130
13125
13131
13126
13131
13139
13142
13140
13140
13141
13139
13132
13129
13140
13137
13139
13136
13138
13131
13133
13130
13133
13122
13120
13125
13127
13127
13129
13129
13132
13138
13138
13149
13147
13146
13147
13138
13129
13128
13124
13126
13127
13126
13119
13126
13132
13137
13140
13145
13137
13139
13138
13146
13148
13143
13141
13136
13137
13133
13136
13142
13144
13147
13150
13150
13143
13132
13132
13135
13139
13132
13130
13138
13138
13143
13145
13146
13147
13141
13134
13134
13132
13133
13136
13135
13134
13129
13133
13135
13134
13131
13123
13123
13123
13123
13124
13127
13131
13136
13134
13129
13128
13121
13128
13125
13104
12745
11967
11134
10385
9985
9692
9495
9414
9445
9516
9658
9795
9973
10121
10307
10467
10636
10775
10930
11050
11194
11309
11443
11536
11650
11737
11830
11908
11987
12047
12122
12182
12246
12307
12364
12414
12456
12503
12546
12573
12610
12638
12673
12699
12727
12742
12778
12799
12817
12845
12866
12881
12900
12914
12935
12941
12959
12960
12971
12978
12987
13000
13006
13018
13031
13036
13047
13054
13060
13056
13057
13060
13062
13060
13071
13079
13080
13094
13103
13095
13098
13096
13094
13095
13086
13084
13089
13086
13090
13094
13095
13100
13111
13093
12967
12889
12845
12808
12799
12796
12799
12798
12813
12821
12840
12861
12875
12896
12907
12919
12934
12948
12964
12974
12974
12978
12986
12998
13009
13010
13023
13040
13051
13064
13056
13059
13067
13062
13060
13061
13066
13070
13083
13087
13091
13092
13095
13091
13095
13101
13095
13100
13101
13102
13107
13103
13103
13108
13105
13107
13106
13111
13122
13125
13122
13126
13127
13126
13128
13128
13134
13130
13129
13126
13124
13122
13125
13126
13120
13127
13123
13126
13138
13138
13143
13140
13142
13135
13147
13149
13145
13153
13149
13143
13144
13142
13146
13147
13146
13154
13151
13155
13154
13151
13150
13149
13141
13139
13134
13130
13129
13137
13138
13143
13144
13131
13135
13135
13131
13136
13137
13138
13149
13145
13135
13138
13141
13140
13141
13153
13149
13149
13147
13141
13140
13144
13144
13144
13148
13147
13141
13149
13143
13143
13137
13137
13133
13133
13135
13138
13144
13144
13143
13146
13142
13139
13134
13129
13132
13138
13135
13138
13142
13137
13140
13138
13137
13129
13136
13140
13134
13130
13130
13123
13123
13132
13135
13132
13135
13138
13134
13136
13132
13130
13132
13134
13130
13134
13136
13135
13133
13137
13138
13144
13142
13139
13147
13140
13138
13131
13130
13128
13133
13134
13131
13129
13126
13124
13126
13131
13132
13137
13139
13138
13139
13132
13137
13141
13142
13144
13139
13136
13130
13130
13128
13134
13127
13122
13127
13128
13134
13130
13130
13130
13130
13131
13135
13011
12914
12866
12830
12805
12810
12810
12817
12837
12850
12861
12879
12899
12914
12924
12941
12952
12963
12965
12982
12994
13007
13011
13013
13019
13034
13042
13049
13061
13058
13065
13072
13071
13079
13081
13078
13089
13086
13089
13100
13100
13093
13096
13089
13089
13093
13095
13097
13092
13090
13092
13102
13109
13105
13108
13115
13116
13127
13122
13124
13124
13124
13130
13126
13113
13113
13117
13121
13122
13116
13128
13127
13128
13139
13136
13137
13141
13136
13135
13143
13132
13131
13132
13124
13129
13132
13136
13140
13138
13141
13131
13130
13134
13132
13135
13140
13145
13146
13144
13134
13136
13130
13129
13124
13128
13135
13134
13132
13128
13126
13132
13131
13127
13137
13138
13138
13144
13149
13142
13144
13137
13126
13134
13131
13134
13137
13136
13142
13140
13134
13138
13131
13139
13140
13135
13136
13134
13133
13124
13124
13129
13132
13134
13133
13131
13137
13139
13144
13146
13140
13134
13133
13131
13132
13132
13130
13137
13124
13128
13134
13126
13132
13132
13126
13127
13123
13125
13119
13123
13128
13134
13140
13141
13139
13133
13138
13142
13148
13144
13139
13133
13132
13138
13129
13122
13128
13132
13126
13135
13127
13130
13132
13132
13136
13141
