13122
13125
13122
13124
13125
13124
13126
13124
13122
13135
13139
13138
13133
13137
13129
13133
13128
13126
13135
13132
13131
13137
13124
13133
13138
13137
13142
13142
13141
13143
13144
13147
13138
13135
13132
13127
13130
13131
13126
13123
13120
13118
13121
13115
13115
13119
13113
13123
13122
13127
13135
13143
13144
13142
13138
13140
13141
13135
13137
13122
13130
13130
13128
13125
13133
13133
13139
13139
13129
13133
13141
13143
13145
13138
13145
13138
13142
13135
13133
13141
13135
13135
13137
13137
13134
13133
13126
13137
13132
13138
13144
13135
13137
13137
13130
13128
13124
13119
13125
13124
13123
13126
13123
13135
13137
13138
13137
13131
13131
13124
13136
13136
13131
13130
13134
13131
13140
13132
13135
13130
13132
13132
13130
13131
13134
13132
13129
13136
13129
13129
13131
13132
13132
13136
13126
13135
13133
13138
13143
13137
13129
13140
13134
13137
13137
13138
13131
13136
13143
13136
13141
13142
13144
13141
13143
13142
13149
13135
13136
13138
13142
13135
13124
13130
13132
13128
13120
13122
13117
13126
13131
13135
13136
13133
13131
13140
13142
13138
13141
13139
13133
13137
13136
13134
13129
13133
13129
13129
13136
13132
13135
13131
13133
13134
13135
13138
13153
13141
13145
13140
13134
13134
13136
13134
13135
13141
13144
13141
13135
13137
13135
13138
13133
13141
13140
13151
13135
13130
13130
13127
13129
13099
12968
12893
12846
12823
12814
12805
12815
12820
12830
12841
12852
12872
12885
12898
12922
12924
12933
12952
12967
12981
12989
12994
12963
12873
12826
12803
12788
12784
12795
12797
12814
12833
12852
12874
12883
12901
12912
12923
12939
12955
12963
12978
12989
13003
13008
13025
13038
13037
13040
13050
13055
13051
13048
13048
13057
13058
13067
13076
13079
13087
13082
13092
13091
13100
13105
13113
13109
13117
13119
13119
13120
13118
13118
13122
13120
13119
13123
13120
13116
13115
13113
13113
13116
13117
13118
13121
13123
13123
13126
13126
13120
13119
13118
13121
13124
13110
13119
13128
13133
13138
13142
13138
13137
13131
13135
13131
13122
13129
13137
13139
13143
13136
13132
13141
13136
13127
13131
13131
13128
13134
13131
13135
13133
13136
13134
13140
13143
13136
13138
13138
13142
13144
13137
13133
13138
13131
13128
13130
13127
13127
13129
13135
13141
13133
13138
13132
13128
13137
13137
13140
13136
13134
13125
13138
13130
13132
13126
13123
13127
13135
13136
13136
13136
13146
13151
13151
13150
13137
13142
13150
13147
13139
13136
13135
13136
13131
13131
13129
13132
13132
13128
13123
13121
13130
13141
13138
13139
13146
13143
13138
13139
13141
13133
13143
13148
13147
13142
13133
13141
13140
13132
13122
13120
13123
13128
13130
13129
13129
13135
13141
13140
13140
13140
13135
13139
13138
13135
13137
13143
13150
13148
13149
13140
13138
13137
13139
13132
13134
13124
13122
13118
13121
13119
13133
13133
13136
13143
13143
13145
13147
13144
13139
13143
13144
13144
13140
13136
13133
13137
13135
13134
13134
13136
13138
13142
13131
13135
13136
13127
13131
13131
13130
13129
13131
13135
13136
13133
13134
13134
13134
13134
13137
13132
13139
13137
13136
13133
13132
13136
13139
13061
12427
11446
10474
9728
9283
9067
8980
9031
9098
9205
9321
9501
9657
9860
10027
10216
10334
10457
10574
10709
10832
10961
10963
11003
11058
11143
11229
11334
11425
11524
11608
11697
11788
11869
11940
12020
12077
12159
12218
12270
12326
12390
12430
12475
12511
12555
12587
12622
12661
12691
12718
12747
12772
12796
12804
12822
12841
12852
12871
12886
12906
12920
12930
12942
12957
12961
12970
12984
12991
12996
13010
13014
13017
13022
13023
13041
13043
13056
13063
13061
13067
13081
13083
13081
13092
13085
13092
13091
13090
13088
13096
13094
13104
13113
13117
13115
13124
13126
13125
13117
13122
13115
13118
13119
13124
13118
13123
13127
13133
13129
13133
13134
13138
13138
13138
13140
13134
13131
13134
13128
13126
13125
13122
13118
13129
13124
13122
13125
13129
13126
13127
13130
13128
13137
13125
13129
13132
13126
13036
12931
12872
12837
12819
12812
12817
12825
12842
12856
12870
12883
12886
12901
12914
12921
12937
12957
12966
12979
12997
12998
13009
13016
13024
13031
13035
13038
13037
13047
13058
13055
13062
13061
13066
13078
13073
13083
13087
13083
13088
13088
13092
13091
13093
13095
13103
13110
13114
13109
13109
13119
13115
13122
13123
13120
13116
13121
13116
13113
13113
13116
13117
13117
13129
13121
13127
13129
13132
13137
13135
13132
13133
13130
13128
13131
13128
13121
13128
13126
13134
13134
13134
13139
13142
13137
13136
13128
13134
13134
13134
13139
13139
13137
13145
13143
13140
13146
13134
13125
13126
13123
13128
13129
13132
13125
13131
13133
13126
13125
13128
13132
13133
13127
13129
13129
13133
13130
13134
13127
13130
13131
13133
13131
13134
13125
13125
13115
13123
13121
13128
13126
13128
13126
13133
13129
13126
13136
13130
13131
13138
13134
13141
13136
13137
13132
13131
13138
13132
13125
13131
13133
13137
13124
13121
13133
13124
13126
13131
13128
13138
13128
13126
13126
13133
13132
13132
13132
13132
13133
13143
13145
13145
13138
13138
13138
13129
13127
13121
13117
13121
13118
13127
13134
13132
13125
13136
13138
13134
13134
13135
13130
13131
13140
13143
13149
13149
13152
13148
13145
13147
13134
13144
13149
13149
13149
13155
13147
13146
13146
13141
13141
13138
13131
13133
13127
13132
13138
13134
13125
13131
13134
13141
13144
13148
13143
13151
13149
13141
13130
13134
13135
13133
13127
13123
13132
13132
13138
13133
13130
13131
13127
13136
13136
13147
13153
13147
13138
13137
13143
13139
13146
13148
13143
13153
13145
13137
13142
13132
13127
13137
13130
13137
13132
13133
13137
13138
13141
13144
13141
13145
13142
13140
13133
13132
13139
13138
13134
13138
13135
13132
13135
13142
13148
13144
13148
13150
13150
13141
13146
13140
13135
13137
13138
13140
13136
13141
13142
13132
13136
13136
13134
13136
13137
13143
13143
13140
13135
13125
13129
13137
13139
13136
13135
13131
13126
13127
13125
13121
13114
13111
13112
13113
13114
13113
13117
13124
13122
13135
13144
13143
13147
13151
13144
13145
13137
13128
13132
13125
13117
13129
13121
13124
13130
13135
13138
13143
13139
13137
13127
13133
13129
13135
13133
13128
13133
13129
13126
13136
13132
13136
13137
13141
13140
13139
13140
13138
13133
13133
13133
13127
13127
13129
13130
13142
13137
13138
13138
13132
13130
13133
13134
13137
13129
13126
13130
13138
13142
13136
