12817
12803
12812
12811
12822
12827
12851
12864
12877
12894
12917
12922
12940
12940
12955
12967
12978
12987
13002
13012
13023
13032
13039
13049
13052
13058
13068
13075
13079
13080
13088
13090
13084
13089
13085
13092
13095
13100
13102
13106
13109
13108
13108
13113
13119
13115
13109
13115
13117
13115
13110
13111
13120
13119
13119
13122
13123
13130
13126
13123
13119
13126
13119
13126
13126
13130
13134
13135
13135
13137
13136
13142
13147
13143
13149
13137
13135
13136
13126
13125
13129
13129
13131
13132
13131
13123
13123
13130
13124
13127
13119
13114
13126
13130
13125
13120
13125
13125
13133
13127
13135
13136
13141
13144
13139
13137
13138
13132
13138
13136
13137
13137
13132
13129
13130
13135
13132
13134
13138
13135
13141
13139
13141
13136
13132
13123
13130
13133
13125
13129
13133
13138
13149
13139
13134
13142
13135
13136
13132
13137
13138
13139
13137
13138
13138
13141
13137
13132
13131
13127
13127
13139
13135
13131
13142
13136
13129
13140
13138
13131
13133
13134
13141
13145
13142
13137
13136
13136
13126
13133
13133
13127
13125
13121
13118
13121
13126
13134
13129
13129
13137
13134
13141
13140
13133
13136
13142
13136
13139
13135
13131
13137
13135
13133
13127
13130
13129
13124
13127
13126
13128
13130
13128
13131
13132
13134
13139
13138
13139
13130
13121
13124
13123
13112
13115
13127
13131
13124
13120
13124
13124
13128
13129
13140
13133
13138
13128
13133
13145
13141
13146
13154
13144
13141
13140
13137
13136
13141
13134
13138
13143
13139
13137
13136
13140
13143
13142
13151
13151
13147
13142
13133
13141
13132
13125
13133
13137
13143
13142
13143
13134
13138
13140
13140
13141
13143
13133
13129
13134
13138
13135
13134
13130
13126
13134
13126
13125
13128
13118
13121
13132
13131
13130
13130
13127
13122
13120
13128
13123
13121
13122
13126
13140
13136
13134
13140
13135
13135
13134
13133
13129
13127
13133
13137
13131
13131
13138
13138
13145
13142
13138
13132
13127
13119
13127
13130
13131
13138
13139
13140
13143
13143
13145
13142
13142
13138
13132
13139
13135
13134
13135
13138
13139
13135
13139
13144
13142
13137
13136
13130
13138
13134
13127
13135
13125
13128
13126
13126
13130
13131
13139
13139
13137
13135
13138
13135
13142
13143
13143
13134
13140
13138
13140
13133
13142
13137
13134
13134
13129
13131
13137
13132
13135
13125
13116
13124
13125
13134
13134
13132
13126
13127
13126
13135
13129
13134
13133
13131
13128
13126
13125
13132
13130
13128
13143
13136
13138
13139
13140
13135
13135
13130
13126
13123
13133
13134
13137
13139
13138
13138
13133
13123
13123
13122
13133
13134
13137
13132
13128
13126
13132
13130
13130
13131
13129
13128
13137
13132
13128
13126
13128
13132
13133
13132
13138
13135
13130
13137
13126
13133
13137
13129
13133
13131
13141
13132
13127
13123
13123
13123
13132
13126
13129
13124
13120
13127
13126
13129
13124
13126
13132
13136
13138
13134
13133
13138
13133
13131
13135
13135
13138
13139
13140
13141
13146
13128
13126
13122
13126
13127
13124
13132
13126
13126
13131
13122
13118
13120
13125
13124
13126
13122
13141
13132
13138
13142
13137
13141
13141
13147
13144
13150
13143
12974
12437
11744
11241
10771
10496
10349
10323
10341
10423
10510
10638
10748
10883
11008
11135
11246
11368
11471
11580
11667
11761
11836
11925
11996
12075
12140
12202
12257
12319
12366
12389
12316
12302
12295
12318
12336
12348
12371
12402
12429
12459
12486
12521
12546
12583
12618
12642
12674
12700
12725
12758
12778
12814
12836
12852
12858
12883
12901
12914
12926
12942
12947
12966
12985
12992
13004
13019
13025
13037
13033
13031
13037
13044
13051
13052
13059
13067
13073
13075
13077
13070
13074
13078
13084
13090
13091
13085
13089
13093
13088
13093
13088
13097
13109
13112
13112
13112
13118
13124
13131
13129
13122
13125
13120
13114
13115
13117
13122
13132
13129
13126
13134
13133
13139
13137
13130
13128
13135
13129
13130
13131
13136
13134
13133
13140
13138
13142
13137
13127
13123
13120
13115
13119
13132
13125
13130
13130
13128
13132
13125
13132
13133
13133
13134
13133
13135
13133
13131
13139
13127
13129
13127
13123
13128
13126
13128
13129
13133
13130
13144
13133
13138
13131
13142
13140
13131
13128
13134
13127
13122
13134
13129
13125
13132
13125
13140
13142
13140
13142
13138
13135
13129
13131
13132
13136
13138
13137
13138
13145
13138
13136
13140
13134
13134
13133
13133
13130
13131
13130
13133
13126
13129
13133
13137
13136
13138
13140
13145
13139
13134
13137
13130
13130
13137
13130
13123
13126
13124
13132
13135
13134
13125
13127
13131
13136
13139
13138
13138
13147
13138
13135
13132
13129
13122
13134
13133
13125
13121
13127
13128
13130
13133
13130
13132
13134
13132
13129
13135
13133
13132
13138
13129
13129
13134
13136
13137
13131
13124
13129
13134
13135
13130
13134
13133
13130
13128
13122
13120
13119
13117
13115
13123
13120
13128
13136
13135
13136
13130
13127
13130
13126
13128
13137
13136
13141
13148
13142
13145
13133
13131
13137
13130
13126
13122
13120
13123
13136
13128
13128
13131
13123
13129
13136
13132
13136
13132
13135
13122
13132
13128
13127
13132
13134
13138
13130
13134
13139
13141
13144
13139
13133
13135
13140
13136
13144
13144
13145
13145
13143
13136
13136
13134
13132
13125
13121
13124
13129
13133
13134
13137
13140
13140
13146
13146
13134
13126
13124
13125
13132
13128
13125
13131
13135
13140
13141
13143
13135
13137
13134
13145
13135
13138
13142
13141
13141
13139
13133
13143
13130
13132
13142
13135
13130
13136
13137
13138
13144
13146
13140
13136
13138
13133
13132
13139
13135
13137
13132
13130
13133
13126
13124
13132
13131
13129
13126
13123
13123
13121
13121
13125
13126
13131
13139
13134
13135
13131
13134
13137
13131
13124
13132
13128
13123
13123
13122
13133
13136
13133
13130
13129
13120
13118
13122
13126
13124
13123
13124
13127
13137
13142
13139
13146
13145
13142
13134
13138
13132
13143
13137
13146
13143
13138
13142
13139
13143
13142
13143
13151
13148
13138
13145
13139
13134
13132
13119
13123
13124
13125
13130
13126
13123
13121
13121
13118
13122
13127
13129
13136
13135
13133
13132
13139
13146
13148
13137
13137
13138
13139
13135
13140
13140
13142
13143
13149
13159
13168
13161
13154
13153
13142
13144
13135
13131
13132
13130
13137
13139
13141
13143
13138
13141
13133
13141
13139
13139
13142
13139
13135
13134
13131
13128
13139
13145
13149
13146
13154
13155
13150
13148
13152
13136
13142
13138
13132
13136
13138
