13139
13138
13139
13140
13133
13134
13131
13130
13136
13138
13143
13142
13141
13146
13144
13145
13142
13142
13133
13131
13126
13118
13120
13121
13126
13122
13125
13115
13128
13122
13123
13132
13139
13133
13133
13135
13132
13138
13136
13144
13138
13142
13139
13138
13134
13136
13130
13133
13120
13126
13136
13130
13121
13132
13132
13136
13130
13132
13133
13132
13136
13131
13134
13134
13128
13139
13137
13134
13132
13128
13132
13131
13124
13132
13127
13122
13136
13128
13129
13133
13129
13139
13137
13136
13135
13132
13132
13133
13119
13118
13126
13130
13129
13135
13134
13134
13127
13125
13127
13130
13131
13130
13131
13136
13134
13136
13131
13128
13134
13136
13125
13126
13118
13119
13127
13133
13134
13137
13141
13137
13130
13138
13135
13139
13136
13136
13135
13136
13141
13141
13142
13135
13126
13127
13125
13122
13129
13130
13134
13140
13142
13133
13135
13138
13135
13138
13138
13133
13136
13134
13136
13146
13137
13133
13139
13134
13138
13129
13125
13132
13136
13140
13141
13134
13142
13143
13148
13152
13143
13134
13130
13125
13123
13122
13121
13128
13133
13135
13139
13140
13142
13139
13137
13135
13135
13129
13127
13124
13126
13123
13125
13129
13130
13131
13134
13139
13138
13141
13143
13143
13143
13137
13132
13124
13116
13120
13124
13126
13124
13119
13134
13127
13129
13127
13124
13120
13120
13121
13122
13126
13125
13125
13126
13128
13133
13129
13128
13122
13129
13131
13124
13118
13123
13129
13130
13136
13141
13137
13139
13144
13143
13134
13135
13129
13129
13121
13121
13136
13124
13123
13132
13127
13126
13132
13132
13132
13133
13139
13138
13137
13129
13123
13126
13126
13124
13124
13130
13123
13125
13122
13124
13131
13135
13139
13136
13134
13130
13133
13135
13139
13142
13144
13142
13138
13146
13147
13142
13139
13135
13129
13133
13132
13130
13139
13133
13132
13134
13132
13126
13134
13134
13137
13136
13134
13132
13135
13133
13132
13132
13119
13118
13126
13125
13127
13129
13131
13132
13122
13126
13127
13134
13142
13146
13141
13146
13141
13144
13144
13140
13140
13147
13141
13142
13146
13139
13143
13144
13142
13149
13146
13144
13142
13135
13138
13134
13135
13137
13133
13138
13131
13134
13137
13134
13131
13129
13129
13131
13137
13135
13132
13125
13124
13121
13124
13123
13117
13125
13136
13137
13128
13136
13130
13133
13138
13130
13126
13126
13131
13126
13126
13126
13130
13126
13132
13134
13140
13144
13148
13161
13154
13155
13156
13145
13142
13146
13144
13147
13138
13136
13138
13137
13136
13139
13138
13137
13133
13134
13131
13126
13129
13132
13133
13130
13136
13131
13135
13140
13136
13149
13139
13137
13142
13144
13145
13141
13133
13133
13136
13143
13132
13130
13136
13134
13137
13132
13128
13124
13131
13129
13130
13128
13139
13141
13138
13139
13134
13133
13138
13135
13138
13141
13138
13139
13143
13133
13131
13137
13139
13146
13136
13147
13143
13144
13138
13126
13127
13126
13123
13129
13122
13123
13126
13127
13129
13125
13127
13128
13126
13123
13116
13117
13126
13132
13134
13141
13137
13135
13141
13140
13134
13143
13138
13136
13138
13136
13133
13135
13133
13139
13139
13133
13129
13137
13134
13123
13123
13121
12968
12168
11314
10671
10106
9803
9634
9614
9641
9755
9873
10040
10183
10352
10500
10672
10809
10972
11099
11234
11346
11467
11561
11675
11762
11855
11929
12011
12078
12151
12214
12275
12325
12384
12426
12474
12510
12556
12583
12621
12656
12685
12707
12735
12761
12785
12804
12822
12844
12873
12893
12910
12925
12930
12941
12950
12957
12967
12973
12976
12992
12991
12997
13012
13019
13035
13042
13048
13049
13053
13052
13061
13068
13072
13074
13078
13091
13092
13095
13096
13099
13099
13094
13092
13105
13104
13106
13103
13109
13112
13117
13114
13115
13110
13119
13134
13135
13133
13130
13129
13132
13130
13118
13125
13114
13116
13126
13129
13130
13137
13136
13133
13140
13136
13133
13121
13131
13132
13133
13128
13126
13131
13131
13127
13128
13128
13138
13140
13138
13138
13142
13140
13141
13137
13137
13132
13125
13127
13132
13128
13134
13134
13129
13136
13128
13136
13130
13121
13126
13131
13136
13141
13142
13144
13145
13150
13145
13144
13142
13144
13137
13142
13129
13130
13132
13125
13130
13128
13131
13129
13122
13128
13127
13132
13137
13139
13131
13142
13140
13145
13144
13141
13135
13139
13130
13126
13131
13127
13125
13125
13132
13134
13136
13138
13144
13144
13145
13139
13142
13145
13142
13152
13141
13138
13141
13138
13138
13144
13140
13146
13145
13137
13133
13129
13136
13146
13143
13150
13146
13136
13137
13133
13131
13131
13127
13122
13133
13135
13134
13139
13131
13139
13133
13138
13134
13130
13136
13130
13122
13131
13130
13139
13140
13135
13138
13129
13135
13140
13140
13141
13143
13142
13145
13141
13142
13142
13140
13142
13143
13147
13157
13147
13138
13142
13136
13139
13138
13125
13124
13122
13130
13125
13128
13134
13136
13130
13135
13138
13132
13124
13125
13133
13126
13118
13132
13133
13132
13126
13132
13134
13130
13131
13132
13129
13133
13131
13127
13125
13127
13125
13131
13125
13127
13132
13138
13133
13138
13140
13140
13138
13136
13145
13142
13145
13136
13138
13137
13131
13137
13134
13140
13143
13139
13138
13139
13138
13139
13135
13142
13141
13145
13141
13140
13134
13138
13138
13132
13127
13129
13131
13133
13131
13126
13121
13121
13123
13130
13125
13133
13135
13139
13137
13133
13136
13137
13145
13142
13141
13146
13139
13137
13138
13134
13128
13125
13126
13132
13124
13122
13123
13123
13123
13132
13125
13133
13132
13134
13142
13144
13145
13149
13140
13138
13142
13143
13138
13132
13126
13129
13130
13136
13132
13128
13127
13131
13132
13141
13148
13153
13150
13148
13155
13140
13136
13145
13143
13141
13137
13144
13143
13141
13144
13153
13145
13149
13149
13147
13142
13143
13143
13147
13139
13140
13142
13146
13141
13144
13134
13137
13136
13133
13140
13139
13139
13136
13142
13140
13141
13135
13130
13130
13128
13128
13120
13124
13125
13132
13128
13131
13131
13131
13135
13139
13134
13140
13145
13145
13146
13143
13147
13150
13140
13135
13137
13135
13134
13137
13136
13140
13146
13146
13144
13139
13139
13136
13139
13139
13140
13141
13135
13139
13139
13141
13139
13137
13143
13143
13151
13138
13142
13147
13145
13150
13141
13138
13046
12943
12887
12850
12830
12827
12827
12835
12847
12852
12862
12880
12884
12907
12917
12930
12946
12955
12963
12979
12984
12999
13011
13012
13014
13019
13031
13032
