13120
13122
13119
13121
13123
13125
13116
13131
13118
13119
13135
13121
13117
13121
13119
13125
13132
13130
13131
13131
13136
13132
13136
13139
13136
13136
13142
13136
13135
13127
13133
13131
13127
13128
13134
13128
13126
13124
13129
13130
13124
13125
13118
13123
13126
13138
13139
13137
13138
13136
13141
13143
13134
13139
13134
13133
13135
13140
13141
13139
13130
13134
13129
13134
13131
13132
13134
13131
13136
13122
13115
13122
13126
13121
13126
13128
13131
13132
13134
13130
13122
13121
13126
13122
13127
13120
13126
13130
13136
13130
13135
13133
13129
13135
13134
13138
13140
13136
13131
13131
13131
13128
13125
13130
13133
13129
13125
13118
13123
13122
13125
13132
13125
13125
13126
13135
13141
13138
13136
13136
13133
13140
13148
13141
13144
13146
13139
13140
13131
13133
13134
13131
13138
13133
13134
13133
13131
13127
13128
13126
13127
13131
13130
13124
13124
13123
13126
13128
13134
13124
13123
13129
13126
13121
13122
13116
13123
13127
13126
13128
13119
13125
13135
13131
13131
13130
13134
13140
13129
13127
13133
13127
13127
13129
13130
13128
13137
13132
13131
13136
13135
13131
13134
13143
13152
13157
13157
13149
13153
13154
13153
13150
13146
13143
13137
13135
13133
13131
13122
13130
13126
13137
13134
13125
13124
13131
13127
13122
13116
13120
13128
13123
13126
13125
13114
13119
13129
13120
13129
13132
13131
13129
13134
13134
13136
13131
13127
13132
13134
13129
13122
13120
13129
13130
13122
13130
13132
13130
13131
13135
13135
13130
13127
13124
13131
13133
13130
13137
13133
13130
13142
13137
13134
13139
13140
13133
13135
13135
13132
13134
13133
13128
13130
13131
13130
13137
13146
13143
13148
13142
13137
13137
13134
13136
13133
13132
13125
13133
13128
13137
13126
13121
13128
13128
13129
13136
13134
13134
13128
13131
13130
13131
13129
13136
13130
13131
13140
13136
13142
13141
13142
13141
13136
13140
13141
13138
13127
13126
13125
13122
13111
13121
13116
13113
13116
13114
13114
13117
13124
13128
13129
13130
13133
13132
13141
13138
13139
13143
13142
13138
13145
13139
13131
13138
13142
13137
13138
13136
13135
13138
13136
13130
13134
13135
13142
13146
13137
13135
13151
13141
13138
13139
13134
13135
13124
13125
13126
13128
13123
13127
13124
13129
13137
13137
13139
13141
13132
13138
13135
13135
13142
13138
13131
13138
13134
13130
13124
13132
13133
13135
13136
13137
13137
13132
13137
13134
13136
13124
13133
13132
13130
13136
13133
13133
13129
13139
13137
13140
13130
13129
13125
13130
13134
13129
13127
13127
13126
13132
13130
13124
13133
13130
13129
13133
13129
13134
13134
13137
13134
13132
13134
13136
13149
13150
13155
13155
13141
13144
13152
13145
13138
13139
13137
13135
13138
13139
13143
13137
13135
13138
13129
13133
13133
13125
13125
13125
13125
13131
13124
13126
13131
13132
13131
13137
13137
13137
13141
13150
13149
13148
13148
13135
13141
13134
13131
13135
13130
13133
13137
13137
13136
13127
13132
13127
13134
13131
13134
13132
13129
13133
13122
13125
13128
13125
13126
13127
13126
13127
13127
13131
13138
13131
13131
13138
13132
13139
13140
13141
13143
13138
13140
13127
12959
12472
12033
11776
11630
11563
11552
11565
11605
11656
11733
11796
11877
11948
12017
12082
12155
12222
12274
12328
12389
12425
12348
12298
12294
12295
12317
12340
12375
12407
12445
12482
12516
12547
12586
12613
12646
12680
12718
12743
12768
12790
12819
12838
12857
12876
12896
12903
12919
12935
12948
12953
12961
12976
12992
13004
13010
13017
13018
13023
13025
13025
13028
13034
13043
13058
13066
13065
13078
13089
13091
13098
13093
13102
13108
13113
13114
13118
13123
13120
13110
13115
13103
13101
13098
13100
13101
13099
13095
13103
13105
13107
13109
13118
13111
13113
13118
13126
13126
13123
13121
13115
13121
13122
13121
13127
13122
13123
13131
13133
13126
13130
13131
13127
13126
13123
13126
13127
13125
13126
13135
13137
13141
13135
13132
13135
13141
13134
13130
13138
13139
13146
13143
13138
13139
13145
13143
13143
13137
13140
13144
13137
13134
13125
13123
13127
13120
13123
13129
13116
13120
13124
13128
13132
13133
13136
13142
13149
13154
13147
13147
13138
13133
13137
13139
13144
13143
13139
13145
13147
13146
13140
13141
13139
13136
13135
13126
13129
13131
13129
13129
13127
13131
13131
13121
13123
13119
13118
13126
13132
13124
13131
13121
13116
13117
13121
13120
13130
13145
13137
13138
13139
13142
13140
13139
13133
13133
13134
13125
13127
13124
13123
13124
13130
13134
13133
13133
13134
13121
13126
13120
13118
13126
13129
13136
13139
13136
13132
13144
13132
13143
13138
13131
13139
13141
13138
13137
13132
13134
13135
13132
13130
13129
13135
13140
13138
13134
13124
13126
13128
13128
13131
13129
13138
13148
13141
13142
13143
13140
13146
13153
13145
13141
13141
13137
13137
13124
13123
13135
13124
13126
13127
13132
13133
13141
13145
13144
13143
13142
13139
13134
13136
13135
13131
13134
13130
13134
13135
13141
13145
13147
13137
13134
13131
13125
13124
13128
13124
13125
13123
13127
13125
13129
13127
13134
13135
13132
13135
13134
13129
13129
13128
13131
13132
13131
13130
13125
13131
13132
13129
13134
13137
13140
13139
13145
13149
13154
13147
13139
13144
13141
13133
13126
13126
13123
13123
13127
13129
13129
13125
13133
13134
13142
13142
13136
13141
13139
13138
13144
13131
13126
13133
13130
13132
13131
13134
13135
13139
13141
13142
13135
13138
13130
13137
13142
13144
13142
13136
13133
13137
13129
13127
13130
13124
13129
13135
13134
13132
13127
13127
13137
13138
13146
13138
13144
13147
13137
13136
13138
13136
13131
13138
13136
13138
13140
13138
13145
13138
13143
13147
13144
13141
13137
13138
13142
13135
13143
13136
13130
13133
13135
13128
13129
13124
13125
13134
13129
13133
13122
13125
13130
13128
13122
13125
13127
13136
13129
13128
13135
13124
13132
13132
13141
13144
13158
13156
13158
13148
13142
13139
13137
13140
13137
13140
13137
13135
13144
13133
13130
13131
13134
13136
13139
13133
13133
13137
13134
13135
13124
13126
13135
13137
13141
13135
13142
13153
13150
13144
13145
13138
13134
13144
13142
13139
13143
13143
13147
13147
13146
13141
13143
13147
13144
13138
13137
13134
13144
13138
13138
13140
13138
13138
13134
13138
13144
13143
13139
13131
13129
13126
13130
13127
13131
13132
13131
13138
13129
13127
13129
13134
13134
13137
13136
13135
13135
13133
13134
13133
13143
13136
13136
13141
13136
13137
13133
13136
13136
13134
