13142
13145
13148
13149
13148
13139
13144
13138
13138
13138
13140
13135
13129
13136
13129
13136
13135
13141
13141
13138
13142
13134
13131
13135
13121
13122
13127
13127
13121
13135
13133
13136
13138
13130
13125
13121
13125
13126
13129
13134
13133
13138
13133
13137
13137
13135
13134
13135
13141
13147
13147
13152
13151
13157
13146
13136
13123
13119
13120
13116
13110
13113
13118
13128
13126
13126
13129
13127
13132
13133
13135
13133
13141
13137
13132
13134
13126
13125
13132
13133
13141
13144
13144
13135
13142
13140
13132
13141
13140
13145
13144
13138
13141
13138
13142
13136
13135
13133
13136
13126
13134
13134
13131
13128
13127
13124
13130
13129
13123
13127
13117
13116
13124
13124
13116
13122
13129
13132
13128
13135
13129
13135
13133
13132
13142
13137
13132
13138
13140
13138
13140
13139
13140
13146
13146
13152
13153
13151
13146
13141
13152
13154
13149
13152
13150
13140
13151
13151
13149
13146
13142
13147
13143
13142
13145
13139
13147
13145
13141
13140
13130
13127
13126
13134
13139
13134
13134
13143
13139
13134
13131
13129
13127
13136
13134
13135
13134
13140
13140
13137
13138
13139
13137
13138
13131
13122
13122
13113
13116
13124
13122
13123
13126
13131
13129
13130
13130
13134
13137
13134
13127
13123
13126
13124
13125
13113
13110
13122
13126
13131
13138
13133
13133
13142
13142
13144
13138
13143
13140
13139
13139
13140
13140
13146
13142
13139
13142
13138
13135
13144
13144
13142
13141
13142
13141
13140
13140
13140
13144
13145
13142
13143
13142
13136
13131
13126
13117
13119
13117
13119
13116
13115
13125
13138
13132
13133
13130
13135
13143
13138
13135
13133
13139
13138
13136
13139
13135
13134
13131
13135
13136
13135
13132
13133
13142
13145
13143
13142
13139
13143
13136
13137
13124
13117
13125
13127
13122
13131
13130
13133
13119
13125
13124
13137
13136
13142
13142
13147
13145
13141
13139
13133
13130
13141
13140
13136
13145
13145
13144
13146
13139
13139
13143
13141
13143
13141
13145
13141
13136
13134
13126
13122
13128
13129
13134
13138
13139
13143
13139
13138
13135
13134
13133
13129
13132
13134
13134
13131
13129
13121
13121
13117
13121
13132
13124
13123
13123
13126
13125
13132
13129
13133
13131
13136
13139
13140
13141
13142
13144
13136
13131
13128
13125
13122
13128
13127
13126
13136
13132
13129
13123
13130
13131
13142
13151
13149
13141
13145
13151
13152
13150
13147
13147
13147
13136
13133
13145
13144
13141
13144
13140
13139
13033
12934
12872
12835
12817
12809
12806
12816
12822
12828
12841
12859
12884
12900
12908
12925
12939
12954
12961
12970
12979
12991
12996
13010
13019
13036
13047
13050
13060
13061
13068
13076
13072
13074
13079
13082
13083
13086
13082
13085
13091
13088
13092
13088
13090
13098
13097
13106
13115
13122
13127
13118
13130
13122
13122
13128
13127
13126
13126
13127
13130
13129
13125
13130
13118
13124
13129
13131
13136
13133
13128
13134
13127
13125
13126
13124
13127
13137
13140
13142
13144
13146
13149
13150
13150
13146
13143
13154
13143
13149
13145
13132
13139
13137
13144
13146
13139
13147
13153
13153
13151
13151
13154
13160
13161
13153
13155
13146
13142
13139
13136
13144
13140
13131
13129
13037
12794
12656
12566
12519
12500
12503
12520
12533
12518
12493
12500
12516
12539
12561
12586
12619
12660
12681
12702
12730
12753
12771
12802
12822
12842
12857
12872
12893
12904
12920
12938
12947
12970
12979
12989
12999
13006
13019
13026
13029
13043
13052
13049
13054
13058
13054
13060
13061
13061
13066
13070
13083
13079
13083
13087
13092
13100
13100
13097
13107
13111
13109
13107
13105
13108
13104
13105
13107
13104
13106
13108
13104
13117
13115
13117
13129
13138
13135
13138
13135
13137
13145
13141
13137
13141
13140
13142
13138
13125
13121
13124
13130
13125
13122
13121
13130
13141
13132
13134
13136
13131
13124
13115
13119
13114
13113
13126
13131
13129
13137
13135
13128
13131
13133
13141
13149
13134
13134
13138
13130
13125
13125
13122
13132
13140
13132
13141
13135
13128
13137
13135
13141
13132
13130
13134
13136
13137
13134
13127
13134
13140
13131
13136
13138
13141
13133
13129
13124
13120
13124
13126
13123
13123
13126
13128
13131
13126
13124
13135
13135
13130
13132
13127
13131
13126
13130
13132
13133
13133
13137
13138
13144
13144
13141
13141
13140
13135
13128
13113
13116
13116
13120
13119
13125
13130
13131
13126
13137
13128
13124
13122
13127
13124
13124
13130
13136
13127
13120
13124
13120
13122
13122
13120
13118
13126
13130
13143
13144
13135
13132
13135
13134
13128
13120
13128
13125
13124
13130
13129
13129
13126
13134
13135
13137
13131
13132
13128
13134
13134
13129
13126
13132
13137
13138
13144
13148
13140
13133
13141
13138
13128
13127
13121
13120
13126
13130
13140
13132
13142
13142
13144
13141
13140
13140
13141
13139
13145
13138
13136
13140
13144
13144
13145
13146
13134
13133
13135
13131
13125
13133
13132
13131
13129
13127
13126
13123
13131
13127
13138
13136
13132
13139
13136
13132
13134
13136
13141
13139
13140
13138
13144
13147
13152
13141
13141
13134
13142
13140
13141
13137
13133
13127
13134
13134
13138
13139
13134
13138
13131
13133
13129
13132
13132
13132
13132
13137
13136
13135
13136
13138
13137
13147
13145
13155
13149
13149
13146
13139
13137
13135
13133
13130
13132
13128
13125
13126
13131
13125
13122
13129
13126
13124
13125
13131
13129
13128
13130
13135
13130
13134
13138
13136
13132
13132
13130
13127
13125
13128
13134
13127
13120
13014
12918
12864
12835
12818
12814
12821
12828
12832
12844
12859
12879
12891
12905
12915
12944
12949
12959
12980
12998
13010
13012
13021
13027
13035
13035
13039
13035
13045
13050
13055
13061
13066
13071
13079
13072
13074
13083
13084
13089
13099
13096
13104
13110
13111
13113
13115
13120
13119
13126
13119
13129
13130
13127
13117
13120
13116
13118
13123
13122
13123
13124
13126
13127
13130
13131
13134
13128
13130
13126
13128
13136
13132
13130
13135
13129
13128
13137
13127
13121
13126
13123
13128
13131
13132
13129
13132
13135
13131
13132
13133
13129
13140
13134
13136
13140
13133
13129
13130
13132
13131
13133
13130
13131
13134
13137
13135
13138
13141
13143
13136
13135
13139
13141
13141
13136
13130
13140
13136
13130
13132
13119
13115
13119
13121
13122
13124
13125
13135
13139
13139
13144
13136
13137
13132
13141
13137
13133
13132
13128
13125
13133
13134
13133
13136
13139
13135
13135
13139
13139
13141
13143
13144
13146
13139
13133
13126
13131
13123
13119
13126
