13140
13138
13145
13146
13150
13152
13141
13141
13143
13142
13148
13147
13148
13148
13149
13145
13142
13139
13135
13134
13144
13138
13138
13138
13129
13137
13132
13126
13130
13132
13131
13132
13131
13138
13141
13141
13144
13141
13142
13145
13138
13135
13151
13146
13138
13131
13127
13124
13125
13129
13128
13124
13123
13126
13129
13137
13135
13136
13136
13133
13134
13124
13131
13140
13138
13132
13129
13129
13132
13132
13132
13127
13121
13128
13131
13128
13132
13138
13136
13145
13139
13135
13141
13133
13132
13130
13132
13133
13135
13137
13140
13139
13144
13143
13143
13141
13147
13147
13145
13132
13136
13130
13130
13134
13141
13136
13135
13130
13136
13134
13134
13132
13126
13134
13137
13132
13133
13123
13121
13123
13119
13116
13121
13117
13127
13128
13126
13131
13134
13132
13132
13134
13129
13124
13121
13120
13118
13124
13125
13123
13128
13130
13134
13131
13133
13135
13136
13144
13149
13147
13142
13139
13147
13143
13143
13135
13133
13137
13143
13153
13151
13147
13154
13147
13143
13145
13136
13128
13128
13124
13113
13116
13118
13115
13118
13115
13119
13116
13118
13122
13131
13127
13126
13135
13130
13130
13129
13127
13139
13144
13148
13144
13136
13130
13132
13128
13126
13129
13132
13138
13135
13133
13153
13141
13139
13143
13133
13121
13125
13128
13133
13133
13134
13130
13131
13135
13133
13136
13132
13132
13142
13137
13139
13141
13141
13137
13133
13133
13129
13126
13130
13132
13127
13131
13132
13130
13125
13131
13133
13141
13133
13126
13134
13128
13138
13139
13136
13136
13144
13138
13146
13141
13134
13136
13139
13137
13130
13131
13132
13131
13137
13129
13127
13125
13127
13135
13129
13131
13129
13134
13137
13138
13134
13134
13133
13130
13127
13119
13118
13126
13123
13130
13143
13137
13144
13142
13146
13153
13151
13150
13147
13142
13140
13132
13130
13136
13130
13128
13128
13132
13137
13128
13127
13133
13130
13131
13123
13122
13122
13124
13125
13130
13127
13129
13130
13130
13129
13122
13125
13134
13129
13129
13132
13136
13139
13143
13142
13141
13146
13144
13147
13152
13145
13142
13140
13142
13142
13139
13143
13138
13143
13141
13135
13136
13143
13142
13136
13143
13137
13138
13140
13140
13133
13133
13137
13128
13125
13120
13126
13124
13120
13117
13126
13124
13127
13132
13134
13138
13141
13145
13137
13135
13134
13129
13127
13127
13126
13118
13123
13124
13138
13132
13133
13135
13139
13136
13137
13134
13130
13130
13129
13125
13124
13134
13137
13138
13147
13148
13150
13140
13136
13129
13141
13143
13138
13144
13141
13145
13154
13151
13146
13142
13146
13141
13142
13136
13134
13136
13140
13138
13142
13137
13132
13125
13122
13121
13118
13117
13125
13122
13131
13133
13126
13134
13135
13135
13137
13133
13127
13129
13119
13112
13122
13114
13108
13114
13119
13125
13132
13134
13137
13135
13140
13137
13134
13133
13128
13127
13127
13131
13133
13127
13124
13140
13141
13135
13130
13129
13133
13131
13129
13133
13130
13131
13138
13136
13134
13137
13130
13137
13133
13132
13134
13124
13118
13122
13121
13122
13122
13128
13126
13131
13133
13135
13142
13138
13142
13140
13142
13139
13142
12955
12039
10746
9603
8705
8166
7904
7860
7895
8047
8168
8375
8491
8632
8787
8997
9179
9417
9616
9834
10025
10227
10400
10580
10730
10894
11031
11172
11288
11408
11511
11615
11707
11799
11879
11962
12033
12105
12166
12235
12283
12340
12390
12440
12471
12514
12554
12595
12626
12662
12686
12707
12734
12764
12785
12817
12829
12846
12862
12867
12869
12891
12897
12908
12918
12933
12944
12964
12977
12993
13002
13015
13026
13038
13047
13047
13048
13062
13073
13088
13080
13071
13078
13080
13077
13081
13083
13084
13088
13085
13079
13075
13073
13074
13081
13089
13097
13098
13109
13109
13111
13115
13111
13112
13116
13114
13117
13118
13120
13119
13120
13113
13107
13103
13105
13110
13110
13112
13124
13130
13117
13116
13113
13112
13119
13124
13126
13125
13136
13139
13134
13135
13135
13134
13137
13138
13135
13140
13145
13139
13135
13133
13130
13128
13129
13129
13126
13136
13133
13137
13138
13141
13138
13134
13136
13139
13131
13128
13128
13130
13124
13117
13128
13131
13137
13130
13134
13136
13136
13139
13139
13128
13130
13135
13136
13142
13132
13131
13131
13125
13120
13131
13126
13125
13138
13139
13140
13138
13140
13146
13141
13139
13133
13130
13127
13130
13133
13140
13141
13140
13132
13127
13134
13137
13136
13135
13134
13128
13126
13122
13129
13128
13136
13130
13134
13124
13120
13117
13122
13123
13122
13122
13116
13117
13130
13120
13129
13129
13125
13130
13129
13137
13132
13131
13137
13141
13149
13152
13149
13155
13144
13145
13141
13137
13133
13129
13131
13132
13130
13123
13121
13123
13134
13137
13135
13136
13133
13131
13135
13122
13118
13128
13125
13119
13131
13129
13138
13145
13139
13141
13136
13139
13134
13137
13137
13127
13123
13123
13125
13135
13131
13126
13130
13126
13133
13119
13121
13117
13111
13115
13123
13117
13123
13133
13131
13132
13132
13124
13128
13126
13124
13137
13136
13132
13139
13132
13119
13114
13117
13118
13124
13128
13127
13129
13130
13134
13139
13140
13137
13151
13143
13140
13139
13135
13133
13133
13130
13129
13121
13116
13123
13115
13115
13125
13128
13130
13135
13144
13150
13144
13023
12930
12868
12830
12812
12814
12810
12818
12827
12842
12854
12875
12882
12894
12916
12930
12937
12947
12961
12981
12981
12990
13003
13007
13019
13036
13038
13038
13034
13044
13050
13055
13075
13079
13090
13100
13104
13107
13113
13114
13111
13116
13109
13105
13105
13105
13108
13108
13111
13116
13116
13107
13105
13112
13108
13118
13122
13122
13123
13130
13120
13121
13122
13120
13124
13120
13122
13123
13123
13123
13126
13124
13127
13131
13130
13134
13135
13134
13138
13139
13133
13146
13138
13140
13140
13132
13138
13141
13132
13129
13125
13129
13121
13126
13137
13133
13127
13126
13114
13127
13125
13122
13128
13129
13130
13126
13126
13129
13130
13137
13143
13136
13138
13134
13138
13132
13125
13124
13127
13118
13117
13122
13118
13129
13136
13130
13134
13140
13148
13153
13153
13158
13149
13153
13153
13141
13138
13142
13137
13144
13143
13145
13142
13146
13139
13139
13135
13126
13129
13135
13135
13125
13126
13124
13119
13119
13119
13124
13125
13121
13126
13142
13133
13131
13138
13139
13141
13149
13143
13150
13151
13155
13147
13142
13142
13142
13140
13137
13134
13135
13123
13119
13128
13127
13132
13133
13135
13137
13140
