12917
12927
12936
12953
12964
12976
12980
12992
13002
13008
13022
13018
13030
13033
13042
13050
13055
13052
13072
13073
13085
13088
13085
13086
13090
13089
13087
13082
13088
13084
13093
13094
13104
13115
13123
13122
13128
13124
13123
13131
13124
13115
13117
13113
13115
13115
13113
13118
13114
13117
13126
13119
13126
13121
13123
13125
13121
13114
13130
13124
13120
13124
13128
13124
13122
13126
13134
13133
13132
13132
13134
13137
13130
13129
13127
13130
13131
13127
13124
13129
13125
13121
13114
13127
13131
13128
13132
13133
13131
13138
13138
13131
13138
13136
13150
13150
13142
13137
13141
13134
13136
13138
13125
13129
13134
13134
13131
13126
13132
13129
13128
13123
13120
13130
13133
13140
13150
13143
13143
13143
13141
13145
13146
13146
13148
13147
13144
13141
13134
13132
13130
13129
13128
13130
13137
13143
13138
13132
13137
13135
13133
13134
13123
13128
13130
13129
13129
13122
13126
13123
13131
13133
13143
13145
13144
13140
13147
13138
13138
13141
13140
13138
13136
13136
13135
13132
13135
13138
13129
13135
13126
13125
13136
13139
13141
13143
13142
13141
13150
13138
13135
13135
13123
13131
13127
13120
13124
13119
13123
13115
13120
13120
13119
13118
13116
13116
13121
13124
13123
13133
13129
13131
13134
13141
13144
13140
13137
13140
13138
13139
13146
13139
13137
13143
13137
13147
13145
13147
13155
13154
13149
13155
13154
13155
13157
13150
13146
13151
13149
13141
13144
13138
13132
13137
13139
13132
13131
13129
13131
13137
13137
13137
13134
13128
13132
13139
13142
13142
13141
13145
13145
13144
13145
13139
13139
13141
13131
13123
13127
13117
13118
13119
13116
13120
13128
13131
13127
13125
13134
13130
13138
13140
13137
13136
13130
13133
13142
13141
13149
13143
13140
13142
13138
13144
13136
13140
13137
13147
13138
13141
13143
13141
13145
13139
13133
13140
13143
13138
13148
13141
13133
13142
13137
13140
13139
13131
13124
13130
13125
13120
13119
13125
13123
13120
13123
13135
13148
13138
13140
13137
13137
13135
13138
13130
13128
13130
13132
13139
13140
13143
13146
13141
13141
13142
13141
13147
13142
13134
13145
13132
13126
13137
13141
13131
13126
13123
13129
13133
13141
13134
13139
13143
13141
13144
13135
13130
13134
13127
13129
13139
13131
13129
13133
13134
13132
13124
13127
13130
13125
13128
13129
13127
13125
13127
13130
13138
13134
13129
13134
13129
13125
13130
13120
13133
13132
13132
13130
13122
13128
13122
13132
13132
13136
13132
13136
13138
13144
13138
13135
13122
13120
13119
13124
13127
13129
13134
13143
13150
13148
13148
13158
13150
13149
13140
13138
13133
13127
13121
13135
13129
13132
13144
13139
13141
13141
13133
13132
13134
13136
13134
13135
13136
13131
13130
13131
13127
13133
13132
13134
13139
13141
13139
13135
13132
13126
13127
13124
13126
13129
13137
13141
13132
13135
13134
13131
13139
13134
13131
13131
13125
13126
13141
13139
13137
13136
13133
13135
13137
13135
13134
13145
13144
13144
13141
13132
13138
13141
13137
13138
13142
13145
13146
13144
13146
13146
13141
13151
13148
13136
13126
13129
13126
13056
12947
12885
12847
12821
12797
12808
12807
12822
12842
12860
12874
12771
12190
11528
11124
10912
10796
10774
10791
10865
10949
11054
11147
11268
11360
11474
11569
11675
11757
11845
11913
11990
12060
12138
12201
12262
12309
12360
12408
12450
12491
12543
12576
12609
12643
12687
12712
12744
12770
12792
12807
12833
12850
12873
12888
12902
12907
12924
12933
12952
12965
12982
12987
13005
13003
13010
13015
13020
13019
13026
13033
13042
13045
13046
13057
13061
13064
13072
13073
13082
13084
13087
13095
13098
13095
13102
13100
13112
13121
13120
13115
13111
13107
13108
13108
13109
13107
13109
13114
13110
13111
13114
13116
13126
13124
13119
13126
13121
13129
13128
13133
13140
13141
13142
13138
13134
13129
13133
13127
13121
13123
13126
13135
13134
13128
13133
13133
13124
13121
13115
13117
13116
13126
13124
13128
13127
13122
13129
13135
13127
13126
13123
13123
13124
13120
13123
13121
13125
13124
13126
13131
13131
13136
13132
13131
13125
13135
13141
13137
13138
13138
13141
13146
13142
13147
13151
13142
13137
13138
13138
13136
13136
13133
13128
13125
13127
13131
13137
13133
13133
13133
13142
13145
13145
13141
13139
13135
13137
13136
13134
13130
13135
13136
13135
13146
13139
13142
13141
13137
13134
13131
13129
13131
13123
13111
13123
13124
13118
13118
13123
13125
13132
13137
13145
13141
13142
13136
13139
13138
13138
13143
13140
13135
13146
13142
13140
13140
13139
13135
13136
13136
13142
13140
13140
13140
13132
13144
13143
13139
13138
13138
13134
13136
13128
13127
13133
13128
13127
13130
13132
13127
13128
13132
13126
13123
13132
13132
13131
13138
13137
13143
13143
13143
13148
13139
13144
13140
13136
13134
13129
13130
13123
13135
13141
13132
13131
13132
13132
13131
13134
13133
13136
13144
13143
13136
13138
13136
13140
13143
13145
13143
13148
13146
13159
13155
13141
13138
13139
13140
13134
13137
13137
13138
13141
13133
13126
13132
13137
13137
13133
13132
13133
13131
13136
13141
13137
13136
13139
13133
13135
13136
13136
13138
13134
13140
13142
13139
13134
13137
13139
13137
13136
13138
13142
13137
13139
13131
13134
13138
13131
13134
13130
13125
13135
13132
13126
13133
13128
13132
13130
13129
13133
13126
13132
13134
13122
13123
13133
13134
13133
13132
13129
13134
13133
13141
13132
13135
13131
13129
13122
13123
13125
13130
13129
13132
13131
13131
13132
13136
13133
13128
13130
13140
13140
13135
13129
13132
13127
13136
13134
13136
13132
13138
13139
13138
13140
13141
13136
13131
13128
13129
13125
13129
13129
13137
13148
13139
13141
13138
13136
13136
13136
13139
13134
13130
13132
13125
13125
13123
13122
13121
13121
13122
13125
13119
13124
13136
13134
13138
13134
13130
13130
13133
13136
13137
13131
13132
13134
13138
13136
13133
13126
13130
13123
13123
13132
13125
13119
13123
13123
13132
13131
13131
13128
13123
13124
13123
13123
13132
13130
13139
13133
13135
13138
13137
13135
13136
13132
13133
13130
13135
13136
13137
13140
13146
13133
13131
13125
13124
13126
13132
13131
13138
13138
13128
13132
13120
13122
13117
13119
13120
13119
13122
13127
13125
13128
13128
13126
13137
13139
13138
13137
13140
13140
13129
13124
13130
13127
13128
13133
13135
13138
13139
13136
13150
13150
13159
13158
13154
13153
13148
13144
13150
13145
13140
13137
13128
13124
13122
13123
13119
13123
13126
13127
13131
13137
13135
