13131
13132
13135
13128
13130
13123
13126
13130
13126
13129
13126
13132
13132
13133
13133
13137
13134
13135
13141
13141
13139
13142
13145
13147
13141
13137
13138
13134
13135
13137
13138
13129
13131
13126
13130
13132
13128
13129
13131
13135
13133
13134
13127
13134
13138
13130
13125
13131
13129
13127
13123
13125
13127
13119
13126
13126
13128
13131
13130
13126
13136
13137
13133
13138
13137
13140
13144
13141
13139
13136
13129
13132
13130
13125
13127
13129
13125
13128
13133
13139
13133
13132
13131
13126
13129
13128
13126
13126
13133
13135
13131
13131
13125
13127
13128
13132
13131
13129
13136
13130
13135
13126
13125
13130
13125
13125
13134
13128
13128
13130
13131
13132
13136
13135
13127
13125
13120
13119
13121
13124
13126
13125
13129
13129
13128
13125
13129
13134
13137
13137
13136
13138
13138
13133
13134
13131
13129
13124
13131
13132
13132
13127
13128
13133
13126
13121
13129
13118
13127
13134
13127
13128
13130
13130
13137
13134
13137
13134
13134
13140
13140
13141
13135
13135
13132
13123
13121
13128
13128
13125
13131
13132
13137
13139
13139
13148
13135
13145
13147
13151
13158
13149
13143
13143
13136
13135
13141
13137
13134
13138
13141
13142
13142
13138
13139
13140
13150
13145
13145
13140
13134
13135
13133
13138
13147
13148
13148
13153
13146
13145
13139
13136
13138
13133
13128
13134
13131
13143
13146
13150
13153
13154
13146
13154
13150
13149
13151
13148
13149
13143
13134
13136
13135
13126
13134
13136
13137
13135
13127
13133
13133
13129
13131
13130
13139
13137
13136
13137
13133
13135
13137
13135
13138
13141
13148
13147
13149
13148
13151
13149
13153
13146
13145
13147
13146
13141
13142
13137
13138
13141
13139
13138
13141
13151
13150
13145
13147
13141
13143
13144
13140
13135
13128
13135
13136
13135
13126
13122
13126
13136
13134
13136
13131
13129
13134
13133
13125
13127
13130
13131
13130
13129
13125
13129
13121
13128
13140
13121
13123
13128
13126
13128
13132
13126
13122
13129
13133
13129
13130
13134
13137
13142
13141
13134
13137
13130
13126
13132
13134
13135
13131
13136
13136
13132
13132
13137
13125
13128
13131
13131
13130
13132
13129
13137
13133
13126
13134
13130
13138
13138
13136
13138
13138
13139
13141
13148
13143
13142
13141
13146
13137
13133
13140
13132
13135
13129
13123
13131
13129
13126
13127
13134
13133
13129
13128
13125
13124
13134
13134
13140
13137
13134
13130
13137
13126
13122
13124
13124
13119
13125
13134
13134
13134
13132
13124
13129
13135
13132
13135
13130
13124
13128
13131
13126
13128
13120
13122
13131
13135
13137
13137
13138
13137
13144
13148
13145
13133
13133
13134
13127
13133
13136
13138
13143
13143
13138
13140
13138
13135
13139
13130
13134
13139
13136
13137
13134
13133
13129
13132
13143
13144
13140
13143
13131
13136
13131
13132
13128
13125
13127
13129
13129
13125
13123
13118
13122
13119
13114
13120
13119
13127
13131
13132
13133
13131
13128
13136
13132
13134
13143
13134
13132
13132
13126
13126
13122
13129
13126
13135
13141
13141
13139
13139
13132
13140
13135
13142
13143
13140
13138
13129
13127
13124
13124
13128
13130
13122
13133
13135
13126
13128
13132
13129
13011
12331
11457
10667
10126
9858
9723
9718
9763
9874
9976
10081
10190
10337
10462
10615
10751
10908
11026
11164
11280
11406
11505
11618
11703
11804
11878
11961
12028
12102
12163
12229
12292
12343
12392
12439
12480
12534
12570
12605
12638
12670
12697
12726
12751
12771
12796
12810
12834
12858
12875
12889
12910
12931
12941
12961
12965
12972
12978
12986
12991
13008
13006
13011
13024
13036
13049
13041
13049
13056
13065
13070
13079
13075
13090
13092
13096
13102
13099
13089
13098
13100
13107
13117
13107
13106
13104
13105
13112
13108
13108
13101
13106
13113
13105
13105
13112
13112
13114
13118
13122
13127
13133
13136
13142
13141
13146
13139
13134
13128
13133
13127
13134
13124
13136
13142
13139
13148
13150
13149
13146
13143
13131
13142
13133
13124
13128
13131
13132
13136
13133
13133
13137
13129
13122
13121
13124
13129
13125
13119
13114
13128
13125
13127
13130
13129
13131
13134
13126
13126
13134
13126
13129
13123
13128
13131
13130
13135
13131
13131
13134
13129
13127
13134
13132
13124
13136
13139
13135
13130
13130
13143
13139
13144
13143
13145
13143
13145
13143
13140
13131
13131
13122
13121
13132
13132
13134
13132
13133
13131
13130
13132
13131
13120
13122
13121
13118
13121
13119
13125
13132
13130
13135
13143
13137
13136
13139
13138
13140
13136
13137
13133
13136
13134
13130
13131
13129
13129
13129
13122
13122
13131
13131
13145
13145
13141
13138
13134
13137
13129
13118
13123
13130
13133
13127
13132
13129
13128
13128
13120
13124
13124
13126
13126
13129
13126
13129
13128
13132
13131
13137
13134
13134
13135
13127
13126
13132
13132
13131
13134
13132
13141
13138
13137
13139
13133
13138
13137
13134
13135
13137
13140
13141
13133
13139
13137
13135
13141
13141
13139
13142
13142
13141
13141
13130
13124
13131
13129
13132
13135
13140
13149
13150
13159
13149
13141
13134
13141
13144
13141
13135
13141
13137
13135
13131
13129
13139
13138
13140
13139
13138
13135
13136
13132
13136
13137
13138
13142
13146
13142
13143
13138
13131
13139
13132
13128
13125
13134
13133
13135
13132
13128
13130
13129
13128
13123
13126
13125
13131
13133
13132
13141
13142
13143
13139
13135
13129
13121
13124
13120
13124
13126
13133
13133
13133
13138
13131
13143
13144
13143
13154
13151
13147
13146
13137
13131
13133
13129
13131
13134
13133
13125
13128
13132
13130
13133
13139
13139
13138
13141
13139
13142
13135
13126
13129
13130
13129
13128
13126
13124
13132
13126
13127
13117
13126
13125
13124
13129
13132
13132
13131
13126
13118
13122
13119
13128
13142
13148
13151
13150
13146
13148
13146
13146
13141
13153
13148
13154
13144
13140
13129
13135
13128
13132
13130
13137
13139
13141
13138
13132
13138
13138
13136
13128
13132
13129
13128
13134
13134
13131
13138
13133
13130
13138
13138
13132
13134
13133
13134
13134
13132
13130
13139
13144
13141
13140
13138
13134
13128
13131
13130
13134
13132
13133
13141
13146
13145
13142
13136
13145
13134
13132
13137
13128
13134
13137
13135
13137
13133
13130
13129
13133
13131
13140
13131
13129
13137
13135
13135
13142
13143
13146
13144
13145
13145
13150
13156
13152
13150
13151
13148
13146
13137
13136
13135
13132
13133
13129
13124
13120
13123
13117
13124
13114
13119
13126
13126
13132
13132
13129
13130
13127
13118
13130
13134
13140
13137
