13123
13126
13139
13137
13140
13147
13139
13138
13140
13139
13142
13141
13143
13139
13139
13145
13140
13142
13139
13138
13144
13135
13143
13142
13145
13140
13142
13137
13142
13139
13141
13140
13142
13151
13157
13147
13136
13133
13128
13133
13126
13128
13128
13123
13131
13135
13128
13129
13129
13133
13139
13130
13130
13134
13134
13138
13137
13134
13129
13125
13127
13122
13124
13124
13125
13128
13132
13138
13136
13136
13140
13145
13133
13143
13142
13140
13140
13135
13142
13138
13136
13123
13135
13136
13136
13135
13132
13131
13136
13137
13141
13141
13145
13140
13138
13141
13140
13134
13144
13142
13155
13149
13145
13146
13144
13145
13140
13138
13145
13144
13141
13142
13134
13135
13136
13132
13135
13132
13126
13134
13131
13129
13142
13138
13141
13144
13136
13138
13144
13139
13142
13139
13141
13136
13136
13134
13136
13131
13135
13130
13135
13130
13125
13128
13130
13133
13129
13133
13139
13140
13140
13141
13139
13150
13155
13157
13157
13158
13157
13159
13154
13147
13149
13141
13140
13153
13151
13151
13148
13150
13152
13148
13147
13142
13136
13145
13145
13145
13145
13135
13134
13121
13119
13123
13120
13121
13119
13120
13121
13124
13124
13128
13122
13123
13129
13131
13129
13131
13127
13131
13124
13121
13124
13128
13123
13121
13125
13120
13117
13113
13123
13123
13126
13128
13133
13127
13126
13128
13134
13137
13142
13136
13135
13140
13142
13147
13141
13134
13134
13137
13134
13141
13146
13141
13149
13142
13136
13139
13141
13148
13142
13144
13149
13147
13145
13148
13143
13140
13147
13143
13147
13141
13136
13126
13123
13127
13124
13125
13131
13130
13139
13138
13142
13147
13140
13142
13138
13132
13134
13131
13131
13137
13134
13147
13154
13145
13152
13143
13144
13142
13137
13137
13149
13142
13136
13137
13131
13128
13128
13126
13127
13132
13137
13134
13145
13147
13147
13148
13149
13139
13147
13141
13139
13142
13137
13130
13125
13124
13122
13128
13125
13122
13122
13122
13121
13116
13122
13120
13119
13122
13125
13121
13131
13128
13125
13131
13122
13132
13133
13135
13129
13125
13127
13129
13135
13145
13138
13135
13134
13141
13140
13134
13133
13139
13147
13146
13143
13140
13134
13134
13131
13140
13139
13141
13139
13139
13136
13139
13139
13139
13132
13133
13135
13130
13124
13128
13137
13136
13133
13136
13138
13141
13147
13141
13140
13141
13140
13149
13144
13145
13149
13139
13131
13138
13140
13138
13134
13135
13137
13141
13139
13142
13144
13142
13148
13139
13142
13134
13130
13132
13135
13134
13140
13131
13131
13131
13134
13132
13132
13128
13129
13133
13124
13115
13121
13125
13125
13124
13127
13130
13142
13132
13133
13138
13135
13137
13138
13133
13134
13137
13134
13133
13134
13137
13137
13138
13140
13138
13141
13142
13135
13132
13139
13138
13145
13148
13147
13145
13149
13153
13149
13141
13133
13135
13143
13146
13147
13147
13148
13141
13141
13134
13134
13138
13135
13140
13137
13145
13140
13139
13135
13133
13127
13131
13139
13141
13144
13137
13140
13141
13136
13135
13142
13136
13130
13134
13127
13131
13131
13131
13141
13142
13144
13141
13141
13142
13149
13151
13153
13146
13146
13135
13127
13132
13135
13040
12336
11417
10729
10320
10117
10024
10038
10091
10204
10313
10457
10581
10732
10860
11006
11123
11259
11366
11486
11586
11681
11773
11870
11952
12042
12109
12175
12224
12287
12341
12391
12428
12481
12524
12562
12585
12621
12655
12690
12716
12745
12760
12778
12802
12821
12842
12849
12868
12885
12898
12917
12932
12944
12962
12978
12982
12999
13002
13017
13016
13020
13017
13035
13036
13042
13050
13051
13063
13069
13080
13084
13084
13086
13093
13095
13096
13094
13104
13101
13110
13107
13108
13113
13116
13113
13121
13123
13126
13135
13133
13142
13137
13139
13143
13138
13138
13137
13136
13131
13146
13142
13139
13144
13135
13123
13122
13120
13116
13109
13113
13120
13115
13116
13117
13132
13125
13129
13134
13127
13130
13126
13126
13127
13121
13123
13125
13118
13123
13126
13121
13124
13122
13123
13135
13129
13132
13129
13134
13119
13128
13134
13129
13128
13131
13136
13132
13134
13130
13122
13124
13128
13132
13129
13131
13136
13135
13136
13140
13142
13147
13157
13149
13152
13150
13143
13141
13130
13134
13137
13137
13138
13138
13138
13147
13151
13146
13150
13143
13147
13144
13134
13136
13135
13143
13150
13145
13149
13143
13141
13142
13141
13138
13138
13140
13153
13144
13138
13138
13135
13137
13134
13132
13131
13128
13135
13137
13131
13129
13133
13131
13134
13133
13138
13141
13139
13138
13141
13138
13146
13154
13152
13153
13150
13153
13160
13155
13149
13144
13150
13157
13147
13138
13134
13128
13141
13134
13134
13133
13132
13139
13139
13141
13145
13147
13142
13146
13139
13147
13143
13143
13152
13145
13144
13145
13136
13132
13134
13128
13129
13132
13129
13134
13134
13133
13135
13138
13141
13141
13137
13131
13126
13127
13126
13120
13135
13133
13129
13129
13128
13130
13130
13133
13138
13135
13135
13139
13138
13141
13141
13135
13143
13135
13138
13142
13137
13132
13131
13137
13137
13141
13133
13134
13128
13120
13120
13117
13111
13118
13112
13118
13118
13118
13118
13118
13121
13123
13119
13117
13119
13126
13128
13128
13127
13127
13131
13133
13124
13133
13129
13136
13131
13130
13135
13135
13131
13128
13130
13119
13114
13119
13119
13124
13134
13144
13147
13138
13127
13125
13122
13130
13120
13117
13122
13122
13126
13119
13120
13125
13127
13134
13138
13140
13138
13138
13139
13139
13139
13144
13134
13133
13128
13132
13135
13135
13126
13138
13140
13138
13137
13141
13138
13138
13132
13131
13137
13142
13145
13142
13148
13146
13142
13146
13146
13145
13154
13151
13147
13146
13143
13143
13145
13145
13140
13137
13139
13144
13147
13153
13150
13143
13140
13149
13140
13141
13134
13130
13130
13124
13123
13121
13116
13126
13131
13132
13133
13131
13137
13134
13141
13143
13134
13138
13138
13137
13141
13134
13135
13139
13137
13142
13137
13138
13136
13144
13141
13145
13145
13143
13145
13136
13141
13150
13142
13154
13141
13135
13135
13123
13119
13126
13125
13130
13134
13130
13133
13136
13134
13139
13137
13141
13139
13142
13147
13141
13144
13133
13133
13134
13134
13127
13133
13132
13139
13140
13147
13151
13148
13154
13158
13153
13156
13154
13154
13150
13140
13131
13134
13136
13135
13146
13144
13138
13132
13135
13139
13139
13142
13143
13140
13144
13144
13143
13134
13131
13134
13132
13133
13133
13138
13135
13129
13135
13134
13132
