13137
13139
13135
13138
13136
13133
13138
13145
13142
13153
13142
13142
13143
13140
13136
13134
13134
13135
13137
13136
13132
13133
13131
13129
13137
13135
13136
13134
13129
13123
13133
13135
13132
13131
13124
13132
13136
13138
13142
13148
13151
13152
13150
13146
13145
13141
13132
13132
13123
13130
13128
13126
13125
13129
13126
13137
13127
13127
13128
13133
13138
13150
13148
13144
13151
13153
13150
13145
13146
13141
13140
13134
13137
13129
13130
13129
13140
13137
13132
13132
13138
13139
13137
13141
13138
13141
13150
13147
13139
13142
13134
13139
13141
13133
13134
13139
13143
13142
13137
13125
13115
13127
13131
13126
13129
13131
13130
13134
13138
13133
13136
13142
13137
13137
13138
13138
13147
13135
13131
13135
13127
13121
13116
13120
13126
13134
13137
13137
13136
13135
13139
13137
13139
13140
13138
13142
13134
13131
13129
13130
13127
13134
13130
13136
13137
13135
13132
13130
13128
13125
13127
13131
13134
13129
13127
13120
13127
13128
13133
13135
13128
13137
13132
13138
13133
13140
13140
13147
13131
13139
13139
13135
13134
13133
13126
13138
13129
13126
13133
13137
13129
13140
13129
13134
13139
13136
13132
13131
13132
13134
13135
13135
13130
13130
13130
13129
13129
13135
13131
13135
13135
13133
13133
13132
13138
13134
13137
13144
13142
13142
13150
13136
13136
13130
13127
13130
13131
13133
13136
13128
13120
13130
13117
13122
13118
13122
13124
13124
13118
13125
13126
13127
13122
13130
13128
13135
13138
13131
13130
13134
13126
13130
13135
13137
13131
13133
13133
13137
13130
13132
13134
13126
13136
13135
13139
13137
13133
13136
13131
13130
13124
13125
13123
13128
13126
13128
13128
13129
13128
13124
13128
13132
13124
13130
13132
13138
13143
13134
13121
13128
13121
13122
13121
13127
13128
13132
13128
13129
13127
13135
13126
13135
13127
13132
13143
13142
13134
13134
13147
13142
13136
13140
13135
13132
13132
13130
13132
13135
13135
13135
13130
13136
13130
13133
13129
13127
13131
13131
13131
13141
13138
13138
13136
13132
13135
13134
13133
13135
13126
13129
13133
13134
13134
13130
13129
13141
13137
13140
13143
13140
13143
13152
13145
13144
13148
13140
13143
13140
13131
13120
13124
13129
13126
13122
13117
13118
13123
13125
13134
13135
13134
13134
13140
13145
13140
13135
13139
13135
13129
13133
13126
13122
13125
13134
13128
13129
13125
13130
13136
13138
13136
13138
13135
13129
13132
13132
13130
13134
13129
13127
13135
13139
13139
13139
13126
13132
13130
13118
13111
13117
13118
13120
13122
13125
13131
13134
13134
13140
13129
13136
13136
13134
13142
13143
13148
13152
13141
13054
12949
12882
12838
12819
12790
12769
12768
12767
12784
12799
12817
12823
12842
12869
12886
12898
12911
12919
12947
12945
12961
12978
12986
12998
13006
13013
13013
13017
13023
13037
13038
13050
13057
13071
13082
13086
13080
13089
13084
13083
13091
13089
13088
13101
13103
13113
13116
13113
13108
13109
13112
13104
13110
13117
13120
13120
13118
13121
13127
13118
13126
13128
13128
13125
13119
13114
13115
13119
13125
13131
13126
13126
13129
13127
13134
13130
13132
13134
13132
13132
13136
13132
13123
13126
13130
13128
13126
13129
12908
12286
11673
11277
11066
10943
10920
10935
11007
11075
11178
11264
11379
11470
11573
11657
11758
11832
11924
11953
11951
11975
12013
12054
12115
12169
12230
12275
12330
12373
12423
12459
12509
12545
12580
12620
12652
12684
12714
12745
12774
12789
12805
12821
12839
12868
12884
12889
12908
12931
12950
12962
12973
12991
12996
13010
13013
13023
13022
13026
13029
13034
13037
13042
13054
13061
13070
13076
13083
13084
13089
13096
13102
13103
13108
13111
13108
13102
13104
13100
13101
13101
13108
13108
13111
13115
13114
13117
13116
13108
13110
13113
13120
13127
13125
13119
13123
13125
13125
13127
13131
13129
13123
13136
13135
13130
13129
13127
13126
13133
13131
13133
13130
13129
13129
13132
13133
13133
13129
13128
13130
13127
13128
13120
13128
13130
13135
13137
13136
13133
13137
13135
13130
13133
13128
13131
13119
13120
13117
13123
13125
13133
13129
13130
13123
13122
13124
13133
13131
13133
13129
13125
13132
13131
13128
13133
13127
13128
13132
13132
13130
13129
13126
13130
13133
13130
13124
13123
13131
13129
13145
13132
13125
13134
13136
13142
13140
13135
13130
13128
13128
13130
13131
13133
13130
13135
13144
13142
13142
13138
13133
13128
13134
13121
13117
13122
13121
13127
13138
13131
13127
13123
13134
13128
13129
13131
13129
13135
13136
13129
13136
13132
13127
13127
13130
13140
13135
13137
13137
13136
13130
13123
13124
13136
13136
13131
13132
13131
13134
13137
13131
13132
13133
13128
13125
13132
13128
13120
13120
13112
13115
13118
13119
13122
13118
13121
13118
13123
13118
13122
13130
13128
13133
13139
13139
13138
13137
13137
13142
13144
13143
13141
13143
13139
13145
13134
13135
13140
13140
13150
13144
13149
13159
13153
13148
13149
13137
13144
13139
13133
13132
13125
13119
13127
13126
13129
13122
13123
13124
13119
13125
13123
13124
13136
13135
13138
13132
13138
13135
13140
13138
13139
13128
13138
13136
13132
13126
13132
13127
13136
13141
13145
13150
13141
13137
13148
13137
13135
13134
13134
13137
13141
13143
13135
13134
13131
13127
13127
13130
13126
13131
13124
13114
13116
13120
13126
13129
13131
13134
13127
13123
13123
13126
13127
13129
13129
13142
13143
13147
13156
13142
13138
13144
13139
13135
13144
13138
13144
13145
13151
13146
13134
13139
13137
13132
13136
13135
13134
13135
13133
13136
13131
13135
13137
13139
13139
13144
13140
13151
13145
13153
13154
13141
13148
13142
13136
13132
13127
13126
13128
13122
13121
13125
13124
13127
13130
13128
13128
13120
13118
13122
13123
13132
13130
13125
13137
13133
13134
13136
13139
13142
13139
13137
13142
13136
13141
13142
13138
13135
13137
13138
13132
13131
13138
13143
13143
13152
13149
13149
13145
13136
13129
13135
13130
13128
13128
13127
13127
13121
13126
13128
13125
13129
13126
13129
13132
13126
13131
13129
13125
13133
13129
13128
13126
13125
13128
13136
13139
13137
13129
13130
13135
13146
13147
13145
13141
13133
13142
13141
13139
13140
13137
13142
13141
13138
13139
13130
13134
13130
13132
13129
13136
13134
13135
13140
13141
13142
13137
13137
13133
13144
13135
13135
13137
13131
13123
13123
13123
13112
13112
13118
13124
13122
13037
12939
12876
12843
12831
12831
12841
12855
12860
12878
12891
12812
12722
12673
12637
12636
12636
12650
12657
12669
12682
