13126
13129
13122
13120
13121
13121
13124
13132
13136
13134
13129
13126
13126
13126
13121
13128
13124
13130
13128
13130
13130
13136
13133
13140
13133
13124
13130
13129
13126
13121
13122
13131
13131
13133
13136
13125
13133
13130
13134
13134
13127
13132
13136
13138
13143
13132
13134
13132
13130
13128
13126
13121
13123
13122
13119
13122
13115
13125
13134
13123
13126
13130
13126
13128
13120
13127
13132
13132
13131
13142
13134
13127
13130
13131
13132
13135
13137
13135
13136
13139
13133
13134
13132
13128
13132
13129
13124
13135
13132
13141
13135
13139
13145
13142
13142
13120
12989
12908
12862
12829
12826
12816
12821
12829
12832
12847
12874
12875
12892
12921
12925
12941
12958
12972
12984
12989
13000
13009
13014
13022
13025
13032
13042
13052
13056
13057
13059
13071
13073
13080
13080
13091
13096
13098
13094
13103
13096
13098
13098
13102
13106
13112
13112
13125
13120
13115
13114
13119
13120
13123
13119
13117
13120
13118
13126
13130
13133
13135
13126
13128
13131
13133
13128
13118
13135
13125
13129
13126
13129
13127
13126
13124
13127
13131
13134
13137
13133
13125
13132
13132
13126
13129
13125
13138
13134
13124
13131
13132
13136
13137
13133
13139
13139
13136
13133
13133
13137
13132
13135
13138
13139
13141
13137
13134
13134
13129
13131
13137
13131
13135
13130
13127
13133
13133
13130
13132
13125
13127
13129
13130
13127
13132
13128
13138
13129
13127
13133
13129
13126
13134
13126
13127
13131
13133
13133
13129
13127
13119
13122
13130
13132
13130
13133
13134
13134
13133
13130
13130
13131
13122
13127
13128
13122
13126
13122
13132
13125
13135
13133
13129
13133
13136
13137
13144
13146
13137
13145
13138
13140
13139
13137
13135
13131
13130
13125
13124
13128
13124
13128
13135
13128
13134
13136
13141
13141
13137
13129
13134
13128
13134
13126
13128
13137
13137
13136
13136
13131
13134
13132
13130
13133
13134
13138
13139
13129
13123
13128
13118
13114
13123
13128
13126
13129
13126
13121
13119
13122
13116
13118
13117
13130
13133
13139
13138
13136
13132
13133
13126
13129
13134
13139
13142
13141
13141
13134
13141
13138
13141
13142
13141
13140
13141
13139
13137
13133
13134
13138
13141
13144
13153
13144
13144
13146
13145
13137
13137
13130
13129
13134
13137
13136
13134
13134
13137
13141
13136
13136
13136
13135
13134
13128
13130
13120
13132
13131
13128
13123
13129
13133
13123
13132
13134
13127
13134
13120
13113
13119
13124
13128
13129
13130
13138
13141
13137
13133
13125
13126
13121
13124
13129
13124
13128
13118
13120
13129
13127
13131
13135
13134
13142
13143
13138
13135
13134
13128
13131
13118
13122
13121
13118
13124
13124
13125
13134
13129
13135
13136
13138
13131
13141
13137
13150
13143
13145
13134
13135
13139
13141
13139
13137
13134
13133
13123
13118
13120
13116
13132
13144
13146
13151
13150
13147
13145
13139
13142
13136
13127
13136
13132
13135
13135
13134
13139
13135
13130
13125
13130
13137
13143
13149
13149
13144
13141
13144
13147
13148
13142
13143
13147
13148
13152
13146
13141
13142
13149
13138
13130
13135
13134
13136
13137
13131
13134
13130
13131
13135
13132
13138
13131
13130
13131
13126
13128
13137
13125
12630
11780
10741
9887
9250
8917
8753
8767
8827
8984
9122
9333
9507
9729
9915
10120
10290
10473
10634
10806
10940
11085
11212
11341
11452
11567
11660
11769
11846
11927
11998
12063
12127
12194
12246
12302
12348
12407
12450
12495
12540
12579
12611
12645
12667
12691
12723
12749
12772
12798
12818
12833
12855
12872
12882
12902
12913
12930
12946
12955
12957
12969
12971
12989
12996
12999
13010
13023
13037
13041
13055
13055
13056
13065
13077
13074
13083
13087
13097
13096
13084
13093
13091
13087
13097
13086
13095
13094
13098
13097
13096
13104
13103
13102
13111
13106
13119
13122
13117
13121
13123
13120
13127
13123
13122
13120
13111
13111
13121
13123
13127
13126
13129
13129
13128
13130
13126
13123
13128
13129
13128
13135
13135
13131
13132
13131
13133
13137
13147
13149
13139
13144
13134
13136
13135
13128
13125
13125
13117
13124
13120
13118
13117
13118
13122
13125
13124
13130
13128
13133
13136
13126
13128
13130
13130
13137
13131
13125
13126
13123
13121
13128
13121
13121
13125
13125
13119
13120
13119
13126
13131
13129
13133
13129
13137
13130
13140
13140
13145
13144
13132
13137
13135
13134
13133
13130
13132
13136
13132
13124
13125
13126
13129
13128
13130
13131
13134
13129
13132
13132
13122
13124
13113
13114
13128
13129
13134
13133
13130
13134
13130
13140
13137
13136
13133
13129
13130
13130
13131
13133
13131
13127
13129
13124
13118
13113
13118
13125
13123
13124
13137
13133
13135
13136
13132
13135
13133
13131
13140
13144
13140
13142
13143
13141
13146
13138
13133
13128
13132
13127
13129
13135
13128
13130
13133
13126
13130
13134
13140
13152
13147
13153
13143
13149
13142
13139
13127
13136
13130
13133
13134
13127
13122
13124
13115
13123
13126
13125
13121
13122
13113
13120
13122
13126
13117
13129
13133
13132
13125
13124
13126
13133
13131
13132
13126
13135
13133
13135
13130
13132
13123
13124
13126
13129
13128
13128
13122
13120
13122
13126
13127
13119
13126
13125
13119
13123
13122
13122
13123
13121
13116
13120
13110
13107
13110
13117
13120
13121
13122
13124
13137
13141
13131
13132
13134
13134
13139
13143
13140
13144
13135
13134
13125
13122
13125
13118
13124
13122
13115
13115
13120
13114
13113
13124
13123
13127
13136
13141
13150
13143
13141
13146
13138
13134
13137
13136
13138
13136
13133
13131
13128
13131
13128
13144
13143
13147
13149
13150
13144
13145
13139
13135
13129
13127
13134
13131
13132
13126
13127
13120
13125
13115
13115
13120
13115
13118
13122
13126
13133
13128
13119
13130
13131
13131
13131
13128
13124
13131
13130
13127
13133
13135
13131
13130
13134
13131
13136
13135
13127
13131
13130
13135
13133
13136
13142
13144
13147
13137
13129
13134
13140
13134
13140
13146
13139
13136
13132
13132
13128
13126
13119
13127
13117
13110
13119
13124
13130
13133
13137
13137
13132
13130
13120
13127
13126
13126
13131
13131
13132
13138
13132
13135
13131
13123
13122
13126
13124
13126
13134
13137
13141
13137
13138
13138
13139
13142
13143
13142
13147
13147
13146
13150
13148
13144
13145
13142
13141
13143
13143
13135
13138
13131
13128
13133
13135
13135
13136
13129
13120
13128
13122
13130
13135
13139
13147
13148
13146
13141
13136
13144
13141
13141
13143
13145
13140
13138
13136
13134
13132
13133
13124
13137
13133
13130
13142
