13124
13128
13126
13124
13125
13130
13125
13130
13125
13128
13137
13138
13138
13136
13132
13137
13140
13138
13147
13132
13129
13133
13129
13129
13124
13132
13140
13143
13139
13136
13141
13139
13141
13145
13144
13135
13144
13140
13133
13136
13128
13132
13130
13128
13125
13134
13133
13139
13136
13141
13143
13136
13137
13140
13141
13139
13133
13127
13125
13126
13124
13127
13120
13132
13137
13142
13139
13140
13144
13141
13142
13144
13146
13140
13141
13137
13146
13140
13138
13138
13135
13131
13130
13132
13126
13128
13133
13140
13131
13139
13142
13137
13130
13127
13123
13132
13126
13132
13133
13128
13131
13135
13138
13140
13146
13145
13146
13149
13144
13140
13141
13139
13135
13143
13141
13140
13143
13142
13145
13147
13143
13144
13139
13142
13141
13141
13136
13137
13131
13126
13124
13128
13130
13137
13132
13138
13144
13145
13151
13151
13148
13156
13146
13142
13141
13138
13134
13137
13135
13122
13121
13125
13129
13132
13135
13133
13137
13130
13133
13139
13149
13148
13144
13145
13146
13140
13139
13139
13131
13133
13134
13124
13125
13125
13121
13129
13120
13116
13114
13112
13114
13124
13123
13130
13131
13137
13146
13141
13138
13138
13141
13144
13134
13125
13122
13120
13128
13126
13126
13123
13119
13126
13120
13125
13120
13126
13131
13136
13141
13147
13151
13145
13150
13144
13151
13149
13146
13142
13143
13133
13125
13126
13123
13127
13125
13134
13134
13135
13136
13131
13134
13137
13138
13132
13132
13128
13139
13135
13140
13140
13145
13145
13137
13137
13134
13133
13134
13132
13124
13118
13124
13118
13119
13129
13128
13141
13140
13142
13145
13148
13141
13142
13138
13147
13146
13138
13135
13134
13136
13124
13122
13126
13120
13123
13123
13122
13129
13126
13128
13134
13132
13130
13126
13129
13131
13124
13125
13127
13120
13128
13129
13127
13136
13132
13140
13141
13135
13130
13135
13130
13129
13127
13132
13136
13142
13144
13148
13149
13149
13143
13142
13141
13139
13138
13131
13124
13130
13131
13137
13138
13132
13137
13129
13129
13131
13134
13138
13132
13120
13122
13128
13128
13132
13125
13126
13135
13128
13130
13131
13122
13118
13125
13125
13134
13138
13140
13141
13143
13144
13140
13148
13152
13150
13150
13146
13140
13139
13133
13125
13129
13128
13131
13129
13132
13136
13138
13143
13148
13144
13147
13147
13137
13135
13137
13131
13129
13123
13124
13128
13115
13117
13122
13120
13113
13116
13121
13120
13123
13126
13122
13127
13138
13130
13132
13131
13132
13137
13128
13127
13134
13132
13139
13139
13130
13128
13130
13129
13126
13120
13130
13133
13125
13128
13125
13133
13142
13133
13115
13126
13120
13127
13133
13129
13131
13135
13139
13140
13139
13140
13133
13134
13140
13139
13140
13139
13138
13144
13134
13134
13133
13129
13130
13127
13128
13116
13117
13113
13119
13113
13122
13127
13129
13129
13132
13126
13130
13128
13129
13137
13137
13141
13142
13139
13137
13133
13129
13122
13125
13126
13125
13131
13136
13125
13131
13129
13125
13145
13140
13134
13141
13140
13136
13135
13126
13127
13134
13139
13147
13145
13143
13151
13144
13143
13143
13141
13139
13136
13133
13141
13128
13130
13141
13138
13145
13147
13141
13142
12991
12537
12086
11679
11374
11149
11026
11004
11013
11078
11139
11237
11327
11424
11520
11616
11702
11798
11870
11955
12022
12092
12160
12234
12289
12341
12397
12447
12494
12532
12568
12610
12632
12665
12699
12726
12750
12783
12810
12829
12842
12864
12877
12899
12918
12930
12933
12950
12957
12978
12980
12990
13009
13021
13024
13028
13037
13036
13039
13040
13050
13045
13052
13058
13066
13076
13088
13086
13102
13104
13101
13110
13106
13101
13104
13098
13100
13102
13109
13104
13105
13111
13114
13112
13115
13111
13116
13115
13108
13121
13120
13120
13127
13124
13136
13137
13141
13129
13130
13129
13133
13120
13121
13119
13118
13115
13113
13110
13113
13116
13117
13118
13116
13117
13131
13129
13133
13130
13136
13139
13137
13137
13139
13141
13144
13150
13154
13150
13147
13154
13146
13146
13142
13133
13129
13130
13127
13129
13132
13126
13122
13117
13123
13120
13121
13121
13118
13120
13123
13120
13118
13123
13117
13116
13127
13132
13134
13140
13145
13153
13146
13145
13138
13139
13140
13135
13139
13145
13146
13155
13141
13132
13126
13130
13138
13139
13132
13132
13137
13141
13135
13129
13131
13141
13141
13137
13136
13140
13138
13138
13138
13148
13141
13139
13147
13144
13147
13148
13141
13145
13140
13137
13138
13138
13149
13144
13145
13145
13138
13147
13135
13135
13140
13137
13132
13129
13132
13130
13126
13133
13133
13130
13136
13146
13142
13150
13143
13143
13142
13134
13139
13145
13141
13141
13146
13137
13136
13128
13125
13129
13128
13139
13140
13139
13133
13135
13134
13133
13133
13141
13131
13136
13136
13134
13137
13134
13132
13129
13136
13133
13120
13123
13131
13139
13136
13134
13137
13138
13136
13126
13119
13128
13125
13128
13132
13132
13136
13143
13142
13141
13139
13139
13140
13136
13135
13125
13125
13126
13127
13133
13124
13125
13124
13126
13125
13133
13132
13137
13137
13134
13135
13131
13130
13127
13121
13128
13132
13138
13138
13136
13129
13143
13136
13135
13134
13127
13132
13142
13141
13145
13149
13147
13140
13140
13138
13135
13134
13134
13134
13138
13133
13131
13129
13124
13124
13126
13119
13121
13132
13128
13138
13129
13129
13132
13132
13133
13138
13142
13143
13143
13143
13146
13145
13138
13148
13143
13142
13143
13147
13145
13143
13152
13147
13140
13138
13127
13130
13125
13122
13125
13124
13128
13129
13125
13125
13126
13134
13136
13133
13136
13130
13131
13138
13141
13139
13142
13145
13141
13141
13134
13139
13142
13134
13138
13139
13133
13144
13136
13140
13139
13146
13143
13138
13135
13133
13137
13148
13144
13153
13150
13146
13148
13146
13137
13143
13139
13139
13142
13142
13141
13144
13139
13140
13137
13134
13139
13133
13134
13136
13136
13136
13142
13134
13133
13136
13125
13129
13129
13136
13136
13139
13135
13137
13138
13139
13138
13135
13123
13123
13130
13130
13126
13132
13130
13121
13121
13120
13131
13133
13133
13146
13142
13155
13150
13147
13145
13147
13145
13144
13138
13135
13145
13136
13130
13140
13136
13137
13137
13137
13135
13141
13146
13145
13142
13138
13134
13135
13134
13138
13138
13134
13134
13136
13131
13135
13140
13141
13144
13145
13137
13135
13134
13129
13132
13130
13129
13128
13134
13140
13131
13131
13143
13143
13149
13153
13151
13156
13155
13154
13152
13151
13138
13134
