13126
13130
13137
13137
13133
13132
13131
13133
13139
13140
13139
13143
13143
13139
13143
13144
13143
13140
13139
13140
13145
13139
13137
13137
13128
13133
13138
13136
13141
13138
13142
13148
13142
13140
13148
13143
13144
13146
13138
13128
13131
13131
13127
13130
13132
13129
13128
13132
13127
13126
13123
13122
13127
13126
13122
13129
13120
13125
13127
13131
13134
13135
13138
13146
13146
13145
13144
13138
13137
13144
13142
13147
13146
13133
13136
13133
13132
13126
13126
13137
13140
13140
13143
13147
13144
13136
13134
13138
13137
13134
13134
13125
13132
13126
13132
13136
13134
13134
13137
13131
13138
13134
13137
13140
13140
13135
13138
13134
13136
13147
13143
13145
13144
13139
13153
13147
13142
13139
13133
13141
13137
13135
13126
13119
13118
13119
13121
13126
13129
13132
13132
13132
13138
13136
13135
13144
13141
13138
13138
13139
13138
13136
13136
13141
13130
13133
13139
13136
13139
13139
13141
13140
13135
13127
13134
13132
13136
13133
13130
13128
13127
13124
13121
13123
13126
13123
13127
13136
13135
13136
13135
13131
13133
13122
13117
13126
13125
13131
13134
13125
13132
13129
13135
13139
13137
13137
13137
13137
13135
13139
13135
13135
13130
13131
13132
13133
13139
13143
13147
13149
13151
13148
13148
13139
13139
13138
13133
13142
13143
13145
13141
13142
13144
13136
13136
13138
13141
13146
13138
13140
13144
13145
13142
13137
13132
13136
13140
13140
13143
13136
13137
13137
13129
13138
13137
13136
13139
13146
13130
13138
13131
13134
13132
13142
13149
13148
13143
13145
13128
13132
13129
13127
13138
13130
13123
13127
13125
13132
13131
13130
13141
13141
13139
13137
13130
13135
13129
13132
13131
13130
13127
13130
13128
13129
13126
13127
13123
13131
13131
13136
13141
13145
13148
13143
13142
13137
13134
13134
13130
13132
13134
13134
13136
13131
13138
13140
13149
13140
13145
13140
13139
13132
13126
13125
13125
13121
13132
13130
13132
13135
13140
13142
13133
13126
13131
13124
13126
13131
13125
13126
13128
13132
13128
13136
13137
13144
13149
13145
13143
13137
13136
13137
13141
13131
13126
13127
13126
13133
13135
13135
13134
13142
13143
13143
13142
13137
13142
13144
13144
13148
13143
13146
13140
13134
13147
13145
13143
13143
13142
13140
13142
13139
13137
13134
13132
13130
13130
13131
13128
13125
13130
13135
13141
13139
13128
13131
13135
13138
13135
13136
13140
13142
13135
13141
13128
13134
13134
13133
13138
13130
13129
13131
13124
13116
13121
13122
13123
13131
13133
13128
13129
13133
13129
13135
13141
13136
13140
13143
13137
13143
13137
13138
13141
13143
13136
13139
13139
13133
13130
13126
13125
13123
13123
13131
13130
13131
13132
13136
13139
13136
13134
13138
13133
13128
13133
13124
13125
13133
13125
13131
13132
13137
13136
13131
13127
13130
13126
13134
13137
13133
13133
13123
13128
13130
13127
13133
13136
13140
13138
13140
13137
13133
13126
13124
13115
13119
13126
13125
13125
13126
13122
13139
13128
13128
13135
13126
13121
13128
13119
13121
13125
13126
13134
13132
13133
13128
13133
13130
13131
13127
13129
13131
13139
13135
13134
13134
13136
13136
13128
13129
13132
13133
13134
13136
13128
13092
12614
11700
10912
10381
9997
9784
9730
9736
9829
9871
9883
9924
10033
10137
10287
10419
10578
10718
10867
10995
11134
11262
11392
11495
11611
11698
11792
11875
11959
12024
12097
12156
12223
12276
12333
12379
12424
12468
12512
12552
12588
12618
12658
12678
12705
12729
12760
12778
12806
12827
12856
12879
12895
12918
12934
12945
12958
12971
12982
12976
12988
12994
13001
13007
13012
13018
13032
13030
13044
13052
13051
13065
13066
13070
13076
13076
13077
13083
13083
13091
13088
13086
13091
13091
13090
13099
13091
13092
13096
13098
13099
13110
13108
13117
13121
13128
13126
13133
13133
13131
13135
13141
13139
13135
13138
13135
13140
13137
13131
13133
13128
13117
13116
13120
13116
13128
13120
12992
12903
12853
12826
12808
12805
12807
12806
12821
12831
12847
12870
12881
12895
12918
12927
12940
12955
12966
12982
12990
13004
13003
13011
13019
13025
13031
13036
13043
13050
13052
13057
13065
13063
13074
13076
13092
13092
13100
13093
13091
13100
13105
13105
13105
13111
13110
13111
13111
13113
13117
13118
13113
13114
13121
13116
13116
13110
13114
13117
13120
13116
13116
13126
13130
13128
13137
13130
13127
13128
13121
13118
13115
13113
13113
13109
13110
13114
13114
13121
13129
13130
13134
13137
13127
13128
13129
13126
13128
13129
13125
13133
13133
13128
13131
13129
13129
13130
13136
13135
13135
13134
13140
13145
13144
13144
13149
13143
13147
13151
13136
13129
13135
13127
13130
13129
13126
13125
13128
13123
13130
13120
13128
13128
13136
13144
13138
13135
13136
13124
13125
13131
13124
13126
13125
13124
13128
13135
13136
13135
13132
13137
13135
13132
13139
13135
13139
13133
13140
13141
13129
13129
13127
13125
13109
12983
12897
12846
12820
12799
12805
12806
12820
12836
12853
12869
12874
12891
12911
12921
12931
12949
12946
12962
12977
12988
12993
12995
13001
13013
13023
13027
13036
13042
13059
13065
13074
13071
13077
13081
13079
13088
13084
13082
13089
13090
13092
13095
13100
13098
13104
13094
13101
13102
13101
13098
13096
13105
13112
13105
13098
13114
13103
13103
13111
13113
13111
13113
13113
13110
13114
13110
13112
13120
13129
13126
13129
13122
13120
13127
13117
13114
13120
13125
13128
13128
13132
13130
13137
13137
13137
13117
13128
13133
13137
13137
13135
13136
13143
13148
13143
13144
13137
13140
13139
13134
13133
13133
13141
13136
13139
13134
13125
13119
13127
13124
13131
13130
13128
13135
13132
13131
13134
13134
13132
13134
13130
13130
13129
13130
13135
13120
13128
13131
13128
13130
13132
13126
13137
13130
13124
13120
13122
13121
13127
13125
13130
13138
13141
13136
13137
13132
13131
13129
13138
13135
13138
13132
13131
13138
13134
13132
13132
13128
13135
13137
13138
13139
13136
13137
13142
13140
13140
13138
13138
13142
13146
13144
13146
13140
13135
13143
13139
13138
13139
13140
13139
13139
13136
13133
13131
13129
13131
13137
13136
13129
13125
13128
13132
13146
13138
13143
13148
13156
13154
13145
13135
13137
13138
13137
13141
13132
13136
13140
13142
13138
13139
13129
13139
13138
13131
13132
13124
13125
13131
13128
13131
13131
13132
13133
13127
13133
13122
13127
13130
13133
13130
13130
13133
13134
13128
13134
13138
13138
13143
13139
13138
13145
13140
13134
13136
13125
13132
13130
13124
13133
13131
