13130
13135
13138
13139
13145
13145
13144
13138
13140
13144
13143
13139
13133
13132
13138
13135
13127
13133
13133
13132
13131
13134
13128
13135
13127
13130
13139
13129
13134
13143
13139
13140
13147
13143
13139
13140
13131
13135
13128
13137
13131
13128
13134
13131
13142
13140
13141
13138
13137
13132
13133
13139
13137
13130
13134
13141
13131
13133
13133
13123
13123
13131
13134
13136
13131
13127
13133
13123
13118
13126
13123
13129
13127
13129
13132
13126
13132
13129
13135
13136
13134
13142
13143
13139
13143
13132
13126
13127
13132
13138
13133
13129
13130
13131
13132
13131
13127
13126
13125
13124
13128
13129
13130
13134
13128
13126
13128
13126
13131
13137
13139
13143
13148
13148
13151
13145
13148
13135
13139
13135
13132
13130
13128
13122
13125
13130
13136
13143
13148
13152
13154
13156
13156
13150
13147
13147
13140
13137
13132
13125
13125
13125
13126
13126
13126
13130
13140
13141
13146
13150
13142
13145
13149
13146
13146
13146
13141
13134
13131
13136
13137
13140
13138
13130
13137
13127
13122
13123
13128
13133
13134
13135
13124
13123
13126
13128
13128
13132
13136
13128
13129
13134
13130
13133
13128
13132
13138
13136
13135
13136
13132
13131
13138
13137
13136
13133
13132
13133
13137
13133
13129
13130
13133
13126
13132
13131
13128
13133
13121
13124
13120
13113
13117
13120
13123
13127
13124
13127
13128
13117
13127
13127
13134
13138
13136
13131
13141
13133
13131
13136
13137
13133
13134
13138
13135
13137
13136
13138
13141
13145
13144
13139
13129
13129
13135
13131
13129
13133
13128
13128
13129
13134
13135
13134
13138
13149
13151
13158
13154
13153
13147
13136
13132
13132
13126
13126
13123
13114
13114
13124
13120
13114
13126
13129
13128
13132
13133
13131
13122
13130
13129
13128
13132
13136
13143
13139
13134
13149
13144
13150
13146
13149
13140
13142
13137
13144
13140
13136
13142
13137
13142
13140
13132
13131
13128
13132
13140
13133
13129
13134
13133
13138
13133
13133
13131
13124
13126
13129
13122
13130
13138
13139
13146
13139
13136
13132
13128
13134
13134
13137
13135
13136
13144
13143
13140
13146
13137
13138
13142
13132
13127
13127
13131
13139
13136
13139
13153
13141
13148
13147
13145
13144
13143
13142
13144
13142
13137
13137
13143
13142
13138
13135
13131
13129
13131
13127
13126
13129
13131
13124
13130
13138
13140
13153
13144
13146
13143
13144
13141
13146
13141
13143
13134
13144
13137
13134
13133
13127
13122
13135
13134
13138
13136
13138
13130
13131
13131
13127
13133
13134
13133
13138
13145
13145
13150
13143
13142
13143
13142
13139
13140
13136
13137
13144
13147
13154
13146
13148
13145
13135
13133
13137
13133
13142
13136
13136
13146
13139
13137
13138
13133
13125
13128
13131
13131
13136
13131
13126
13135
13138
13142
13148
13141
13135
13144
13132
13126
13133
13134
13138
13134
13139
13146
13154
13156
13158
13147
13154
13150
13145
13146
13139
13129
13128
13124
13119
13123
13124
13127
13132
13118
13124
13130
13134
13137
13136
13136
13127
13139
13142
13146
13143
13149
13153
13153
13139
13128
13129
13128
13133
13135
13138
13136
13143
13141
13152
13146
13145
13143
13146
13140
13079
12550
12087
11734
11448
11312
11233
11235
11260
11322
11388
11481
11563
11658
11738
11834
11911
11994
12055
12125
12184
12254
12307
12364
12406
12460
12503
12548
12589
12617
12645
12679
12709
12733
12752
12774
12800
12826
12845
12870
12891
12907
12923
12933
12942
12951
12964
12972
12984
12992
13001
13015
13020
13026
13037
13045
13044
13055
13063
13062
13065
13072
13070
12959
12870
12819
12799
12787
12785
12788
12805
12820
12841
12859
12872
12885
12896
12908
12920
12934
12947
12958
12978
12985
12996
13005
13009
13018
13035
13043
13055
13066
13067
13070
13085
13085
13092
13082
13089
13084
13100
13097
13100
13102
13095
13096
13106
13106
13096
13099
13107
13114
13111
13109
13114
13117
13128
13130
13131
13137
13133
13133
13134
13127
13126
13132
13125
13127
13126
13120
13124
13131
13128
13129
13136
13133
13136
13130
13132
13131
13125
13119
13120
13133
13132
13135
13130
13134
13128
13130
13133
13130
13134
13129
13127
13126
13133
13133
13132
13140
13140
13132
13139
13136
13131
13137
13122
13122
13128
13118
13119
13127
13124
13127
13119
13126
13126
13127
13137
13132
13131
13125
13133
13137
13128
13128
13132
13133
13134
13134
13136
13137
13132
13131
13131
13127
13129
13126
13124
13126
13124
13127
13127
13122
13122
13141
13136
13134
13138
13134
13141
13144
13148
13147
13145
13146
13142
13146
13143
13137
13139
13134
13131
13138
13139
13141
13143
13137
13134
13132
13137
13137
13143
13135
13139
13131
13136
13127
13120
13124
13130
13131
13133
13128
13132
13135
13132
13131
13132
13126
13120
13126
13132
13130
13131
13132
13124
13131
13128
13124
13123
13122
13122
13129
13124
13123
13131
13128
13127
13124
13134
13138
13140
13140
13147
13147
13143
13138
13137
13135
13132
13134
13135
13129
13135
13139
13131
13128
13135
13134
13134
13139
13138
13137
13137
13135
13127
13126
13127
13124
13131
13134
13134
13139
13135
13125
13132
13133
13131
13131
13122
13125
13127
13125
13128
13123
13128
13132
13123
13129
13133
13133
13136
13135
13129
13138
13133
13133
13126
13121
13130
13132
13138
13134
13134
13136
13131
13126
13125
13127
13127
13125
13129
13132
13132
13139
13143
13143
13141
13144
13138
13133
13122
13116
13122
13123
13132
13133
13131
13134
13139
13146
13149
13142
13141
13151
13137
13140
13141
13135
13140
13128
13129
13125
13123
13130
13129
13130
13136
13134
13137
13147
13136
13148
13141
13140
13143
13145
13138
13127
13132
13128
13127
13120
13131
13130
13131
13134
13135
13136
13140
13143
13143
13138
13138
13145
13129
13126
13129
13129
13127
13131
13134
13133
13130
13132
13132
13139
13136
13130
13128
13125
13126
13134
13127
13132
13143
13142
13143
13151
13145
13146
13147
13141
13139
13128
13126
13122
13124
13119
13118
13117
13122
13117
13113
13125
13125
13128
13133
13125
13130
13130
13129
13131
13130
13132
13127
13130
13133
13128
13129
13126
13124
13131
13131
13126
13132
13132
13128
13131
13128
13129
13130
13125
13125
13126
13129
13133
13126
13133
13126
13128
13132
13129
13129
13138
13135
13137
13136
13131
13127
13133
13130
13132
13134
13132
13135
13138
13137
13136
13139
13138
13136
13142
13139
13139
13149
13144
13142
13141
13138
13129
13133
13126
13127
13125
13132
13137
13136
13140
13136
13139
13149
13143
13139
13146
13138
13131
13139
