13133
13142
13146
13143
13147
13150
13145
13143
13133
13132
13140
13135
13133
13142
13140
13139
13137
13133
13134
13129
13129
13125
13127
13126
13120
13117
13117
13118
13124
13119
13121
13122
13126
13131
13132
13131
13133
13126
13129
13137
13133
13132
13134
13129
13131
13127
13125
13122
13111
13111
13116
13122
13124
13131
13128
13126
13133
13131
13132
13135
13132
13126
13131
13130
13137
13134
13128
13125
13137
13128
13125
13134
13131
13136
13139
13136
13130
13127
13126
13123
13124
13130
13126
13125
13126
13132
13131
13124
13128
13126
13139
13133
13133
13132
13136
13137
13140
13138
13136
13131
13125
13131
13135
13138
13138
13129
13128
13117
13129
13123
13122
13130
13128
13133
13134
13132
13132
13131
13131
13129
13120
13130
13126
13126
13128
13130
13129
13126
13120
13115
13121
13119
13121
13133
13135
13139
13146
13142
13137
13143
13140
13139
13139
13138
13137
13138
13134
13126
13124
13120
13121
13129
13131
13136
13134
13140
13142
13140
13135
13148
13136
13134
13132
13136
13137
13137
13130
13137
13130
13130
13138
13137
13134
13141
13139
13140
13137
13133
13134
13135
13131
13124
13133
13139
13131
13134
13138
13134
13134
13133
13130
13136
13132
13133
13134
13133
13137
13132
13136
13135
13132
13131
13134
13131
13141
13134
13129
13126
13123
13119
13124
13123
13114
13123
13116
13113
13114
13114
13113
13121
13122
13119
13118
13127
13125
13126
13132
13137
13145
13136
13134
13135
13129
13131
13131
13134
13136
13136
13140
13137
13134
13135
13137
13127
13133
13135
13140
13148
13143
13137
13141
13135
13132
13125
13118
13128
13130
13135
13133
13128
13123
13124
13129
13135
13133
13138
13132
13134
13139
13125
13119
13117
13120
13123
13128
13124
13127
13123
13122
13126
13125
13125
13125
13125
13129
13133
13132
13135
13130
13130
13143
13137
13133
13142
13139
13140
13142
13134
13143
13139
13144
13138
13143
13144
13143
13145
13142
13147
13150
13148
13139
13135
13132
13131
13133
13133
13137
13135
13134
13137
13132
13130
13136
13133
13133
13125
13120
13123
13126
13122
13132
13133
13134
13138
13141
13138
13136
13133
13127
13132
13135
13129
13137
13134
13134
13134
13133
13133
13134
13135
13135
13141
13150
13142
13145
13135
13126
13133
13134
13139
13140
13139
13139
13132
13131
13128
13123
13132
13131
13123
13133
13125
13120
13132
13132
13127
13131
13133
13140
13147
13146
13133
13129
13135
13132
13133
13139
13135
13133
13130
13124
13133
13126
13128
13123
13125
13135
13141
13136
13137
13118
13124
13128
13127
13125
13120
13117
13123
13118
13117
13132
13122
13126
13139
13128
13130
13125
13128
13128
13131
13126
13128
13125
13127
13135
13131
13129
13128
13130
13127
13126
13130
13137
13138
13133
13135
13135
13139
13136
13142
13141
13143
13144
13143
13142
13136
13140
13147
13144
13138
13137
13137
13135
13137
13135
13128
13115
13110
13111
13115
13114
13115
13111
13118
13121
13123
13119
13116
13118
13120
13123
13125
13125
13124
13121
13116
13116
13117
13119
13129
13126
13131
13138
13133
13134
13134
13128
13134
13134
13136
13143
13137
13142
13143
13141
13136
13140
13136
13134
13128
13125
13119
13121
13133
13136
13135
13126
13131
12996
12556
12128
11791
11316
10944
10761
10662
10624
10599
10629
10671
10760
10859
10977
11071
11194
11300
11427
11526
11632
11715
11814
11889
11973
12043
12114
12169
12236
12290
12356
12394
12433
12471
12510
12537
12585
12625
12658
12688
12717
12750
12775
12800
12821
12842
12866
12877
12893
12913
12933
12944
12945
12959
12974
12987
12992
12997
13001
13010
13011
13009
13027
13029
13031
13038
13041
13054
13064
13068
13079
13083
13077
13077
13077
13088
13092
13094
13095
13102
13107
13100
13092
13096
13097
13101
13104
13101
13095
13100
13104
13115
13110
13116
13120
13125
13134
13137
13137
13146
13140
13133
13139
13123
13120
13131
13114
13109
13114
13126
13129
13126
13125
13126
13131
13134
13133
13124
13129
13127
13137
13130
13129
13136
13135
13130
13136
13132
13130
13126
13130
13137
13129
13135
13133
13132
13124
13127
13119
13122
13117
13120
13119
13118
13119
13127
13129
13133
13134
13134
13134
13139
13145
13139
13143
13147
13145
13142
13133
13134
13134
13126
13127
13132
13128
13130
13125
13136
13134
13136
13132
13128
13127
13132
13131
13127
13140
13142
13137
13136
13131
13132
13135
13133
13126
13121
13111
13117
13119
13127
13132
13129
13137
13130
13129
13138
13141
13135
13139
13140
13144
13143
13140
13142
13134
13131
13128
13124
13128
13126
13128
13135
13127
13123
13125
13128
13133
13137
13138
13142
13129
13117
13124
13117
13116
13122
13121
13125
13126
13131
13129
13124
13130
13131
13128
13133
13129
13127
13131
13132
13137
13132
13132
13133
13133
13130
13130
13131
13131
13131
13134
13132
13126
13131
13130
13130
13126
13132
13130
13136
13135
13135
13144
13131
13128
13132
13127
13115
13110
13116
13112
13113
13119
13119
13121
13123
13131
13142
13136
13138
13139
13138
13140
13138
13131
13135
13134
13134
13138
13135
13131
13133
13124
13129
13119
13116
13124
13132
13130
13139
13142
13138
13146
13144
13136
13138
13127
13136
13131
13137
13140
13135
13138
13142
13135
13137
13133
13143
13134
13133
13137
13131
13127
13131
13134
13139
13138
13142
13141
13131
13128
13128
13117
13121
13124
13121
13127
13124
13120
13124
13119
13117
13124
13119
13114
13118
13108
13115
13123
13132
13134
13138
13145
13138
13144
13154
13152
13144
13147
13141
13142
13140
13144
13138
13128
13126
13122
13118
13124
13130
13125
13126
13129
13132
13137
13133
13139
13134
13132
13139
13133
13133
13137
13135
13125
13136
13138
13132
13137
13134
13131
13130
13137
13134
13139
13136
13137
13139
13145
13144
13151
13138
13135
13137
13144
13141
13141
13135
13137
13141
13142
13136
13131
13126
13128
13129
13134
13132
13138
13139
13134
13134
13137
13134
13132
13133
13135
13136
13131
13134
13140
13130
13141
13137
13142
13143
13142
13138
13135
13121
13131
13126
13121
13132
13134
13131
13132
13142
13139
13138
13130
13137
13127
13135
13145
13137
13132
13131
13131
13134
13127
13124
13134
13135
13144
13153
13147
13141
13140
13136
13134
13127
13132
13139
13139
13135
13133
13131
13132
13129
13133
13126
13121
13131
13126
13130
13131
13131
13136
13132
13133
13136
13126
13124
13133
13130
13137
13137
13135
13138
13140
13141
13149
13146
13144
13138
13140
13141
13140
13141
13137
13134
13142
13129
13121
13123
13126
13128
13131
13128
13129
13124
