13134
13128
13131
13133
13137
13128
13134
13139
13135
13128
13137
13137
13138
13156
13141
13139
13137
13141
13148
13144
13144
13138
13147
13143
13138
13136
13129
13126
13128
13125
13127
13129
13129
13122
13126
13123
13121
13131
13133
13141
13143
13146
13146
13144
13140
13136
13130
13127
13131
13132
13140
13129
13129
13130
13125
13123
13120
13123
13130
13134
13134
13140
13133
13139
13138
13144
13138
13135
13147
13140
13149
13146
13142
13141
13139
13132
13136
13138
13136
13138
13130
13136
13136
13136
13137
13137
13136
13137
13138
13132
13135
13138
13135
13145
13134
13135
13142
13141
13142
13139
13140
13134
13130
13135
13131
13136
13136
13124
13134
13132
13134
13136
13138
13140
13135
13136
13132
13132
13129
13127
13126
13132
13138
13135
13136
13142
13142
13144
13132
13132
13145
13151
13149
13157
13147
13154
13149
13147
13146
13145
13144
13138
13133
13138
13125
13123
13117
13119
13123
13120
13125
13131
13130
13138
13133
13131
13129
13131
13129
13136
13130
13129
13133
13134
13141
13136
13131
13128
13123
13120
13129
13128
13130
13138
13138
13142
13144
13141
13146
13149
13149
13139
13133
13137
13131
13134
13125
13126
13132
13129
13132
13138
13136
13136
13140
13129
13130
13132
13137
13140
13142
13142
13141
13138
13134
13132
13136
13139
13137
13134
13136
13138
13137
13146
13141
13142
13143
13135
13137
13140
13144
13142
13147
13151
13148
13149
13143
13141
13136
13135
13127
13128
13131
13134
13142
13142
13134
13137
13130
13137
13133
13141
13147
13140
13142
13145
13132
13140
13134
13129
13131
13121
13116
13123
13114
13114
13119
13122
13126
13119
13131
13127
13130
13138
13129
13134
13131
13138
13140
13135
13136
13138
13132
13138
13136
13138
13145
13147
13145
13148
13142
13147
13142
13143
13143
13144
13142
13135
13133
13133
13139
13136
13125
13127
13126
13127
13124
13137
13140
13139
13136
13130
13136
13143
13143
13142
13134
13134
13139
13135
13136
13141
13133
13132
13127
13134
13128
13131
13124
13131
13128
13132
13131
13129
13122
13130
13126
13133
13126
13133
13134
13131
13135
13147
13146
13143
13142
13146
13149
13145
13138
13130
13132
13136
13131
13138
13134
13127
13131
13122
13127
13138
13139
13146
13136
13149
13144
13137
13135
13136
13127
13133
13136
13136
13136
13145
13141
13146
13136
13128
13140
13135
13131
13140
13134
13127
13135
13136
13131
13138
13134
13127
13130
13135
13139
13141
13143
13143
13141
13134
13131
13133
13132
13137
13141
13138
13144
13143
13146
13146
13137
13142
13138
13134
13132
13128
13132
13130
13124
13125
13131
13131
13125
13128
13127
13126
13130
13137
13134
13139
13134
13128
13133
13133
13133
13140
13128
13126
13133
13126
13123
13133
13137
13135
13141
13138
13140
13140
13141
13143
13136
13136
13139
13138
13142
13142
13140
13142
13129
13121
13130
13122
13120
13128
13125
13122
13131
13133
13133
13131
13143
13132
13137
13129
13130
13129
13131
13132
13130
13120
13123
13127
13134
13128
13134
13144
13146
13145
13137
13140
13131
13133
13131
13122
13121
13116
13109
13121
13119
13123
13130
13129
13132
13142
13137
13135
13138
13138
13139
13140
13146
13132
13138
13138
13113
12453
11670
11126
10831
10654
10606
10601
10665
10737
10842
10905
10976
11055
11157
11249
11360
11462
11575
11659
11752
11828
11912
11987
12068
12132
12209
12260
12317
12367
12418
12470
12509
12546
12580
12614
12649
12673
12701
12729
12759
12781
12804
12828
12847
12856
12871
12891
12911
12923
12935
12939
12957
12969
12979
12999
12998
13013
13025
13029
13039
13040
13036
13052
13048
13052
13062
13061
13067
13080
13073
13081
13072
13083
13089
13094
13107
13106
13107
13116
13113
13113
13115
13113
13112
13111
13111
13117
13119
13115
13117
13113
13107
13109
13105
13114
13110
13122
13128
13125
13127
13124
13130
13138
13131
13126
13133
13132
13141
13145
13135
13137
13132
13130
13132
13130
13130
13128
13131
13136
13128
13140
13142
13142
13150
13133
13133
13142
13135
13138
13133
13128
13131
13129
13135
13138
13133
13138
13142
13141
13139
13135
13131
13135
13128
13126
13127
13119
13125
13130
13123
13131
13128
13130
13125
13126
13125
13132
13129
13132
13122
13116
13117
13113
13123
13125
13125
13128
13135
13136
13140
13138
13141
13144
13131
13133
13123
13131
13133
13137
13134
13139
13134
13150
13152
13149
13144
13138
13134
13136
13129
13128
13131
13133
13120
13127
13120
13116
13116
13124
13118
13124
13126
13130
13132
13132
13129
13133
13139
13146
13137
13135
13137
13133
13132
13133
13125
13123
13134
13134
13133
13138
13133
13140
13132
13130
13128
13126
13129
13127
13131
13125
13135
13129
13131
13130
13136
13139
13141
13143
13137
13139
13137
13137
13134
13131
13119
13122
13133
13125
13125
13132
13134
13132
13140
13140
13130
13136
13129
13133
13132
13136
13130
13133
13124
13128
13134
13136
13136
13148
13143
13138
13138
13132
13127
13125
13125
13129
13137
13135
13132
13140
13142
13138
13145
13136
13137
13137
13131
13122
13125
13126
13123
13125
13127
13130
13118
13120
13128
13133
13135
13138
13135
13140
13134
13133
13135
13125
13127
13132
13132
13129
13130
13131
13127
13132
13134
13132
13132
13144
13148
13148
13146
13137
13148
13141
13140
13142
13142
13149
13142
13144
13144
13132
13127
13123
13117
13123
13130
13131
13128
13134
13134
13140
13133
13124
13137
13135
13133
13139
13135
13134
13134
13134
13134
13138
13131
13126
13126
13132
13127
13131
13125
13127
13137
13131
13124
13124
13127
13133
13136
13132
13129
13124
13121
13126
13122
13128
13121
13120
13120
13132
13134
13140
13134
13134
13139
13134
13129
13137
13142
13136
13140
13147
13149
13151
13150
13148
13144
13145
13142
13135
13134
13135
13138
13135
13135
13136
13135
13133
13128
13129
13124
13125
13126
13127
13117
13124
13126
13124
13127
13125
13125
13129
13131
13122
13129
13128
13123
13127
13121
13128
13139
13141
13147
13137
13140
13130
13135
13141
13144
13143
13138
13141
13148
13138
13136
13133
13131
13138
13145
13147
13148
13142
13140
13141
13137
13136
13134
13132
13131
13131
13125
13131
13125
13126
13133
13134
13129
13136
13133
13132
13133
13134
13127
13122
13131
13133
13135
13133
13131
13126
13129
13133
13135
13133
13136
13135
13136
13137
13132
13135
13136
13138
13134
13137
13132
13137
13138
13134
13141
13137
13138
13132
13136
13130
13146
13138
13137
13137
13136
13137
13139
13136
13132
13128
13131
13134
13133
13150
13151
13151
13153
13146
13156
13146
