13141
13139
13133
13139
13141
13133
13136
13134
13126
13130
13126
13130
13128
13130
13132
13139
13135
13138
13136
13132
13132
13129
13133
13144
13140
13132
13133
13126
13126
13125
13130
13124
13122
13122
13127
13127
13124
13117
13123
13133
13136
13132
13130
13124
13136
13134
13132
13134
13136
13138
13131
13125
13125
13118
13118
13121
13120
13118
13119
13119
13124
13123
13130
13134
13129
13137
13145
13139
13130
13132
13125
13121
13125
13131
13134
13136
13141
13140
13139
13137
13128
13128
13127
13125
13130
13127
13126
13134
13137
13141
13131
13130
13129
13131
13125
13130
13127
13129
13126
13127
13130
13136
13139
13142
13144
13140
13147
13139
13139
13139
13126
13122
13121
13123
13118
13124
13123
13119
13124
13125
13123
13132
13123
13119
13136
13128
13126
13129
13130
13133
13132
13134
13132
13129
13132
13131
13120
13120
13134
13123
13125
13118
13118
13131
13136
13137
13152
13152
13150
13153
13141
13136
13136
13135
13137
13137
13138
13141
13150
13148
13144
13145
13137
13140
13153
13144
13140
13138
13140
13147
13143
13140
13141
13139
13136
13144
13136
13132
13135
13132
13132
13129
13121
13126
13122
13121
13134
13131
13126
13128
13124
13124
13117
13126
13129
13136
13136
13134
13144
13147
13142
13138
13138
13141
13146
13139
13138
13137
13134
13135
13134
13132
13132
13133
13132
13128
13125
13132
13131
13130
13129
13134
13138
13145
13142
13139
13140
13147
13142
13143
13135
13132
13139
13135
13128
13130
13125
13126
13132
13134
13134
13131
13124
13129
13144
13131
13132
13129
13133
13137
13133
13136
13133
13139
13140
13142
13135
13139
13146
13144
13146
13144
13146
13147
13138
13132
13144
13135
13133
13133
13134
13132
13136
13136
13136
13132
13135
13135
13136
13135
13124
13124
13126
13123
13129
13130
13129
13133
13138
13145
13139
13141
13142
13146
13144
13145
13138
13142
13142
13137
13144
13144
13139
13137
13141
13141
13148
13141
13152
13150
13143
13146
13150
13146
13148
13148
13149
13148
13142
13142
13139
13134
13136
13135
13135
13130
13132
13132
13133
13122
13122
13116
13121
13129
13129
13136
13130
13131
13138
13138
13142
13147
13139
13143
13134
13136
13148
13138
13139
13138
13136
13136
13136
13133
13133
13136
13139
13135
13134
13137
13130
13129
13127
13120
13126
13121
13123
13126
13121
13121
13116
13119
13129
13129
13135
13136
13126
13135
13138
13137
13140
13132
13130
13133
13133
13132
13139
13132
13134
13139
13133
13128
13125
13132
13128
13124
13122
13117
13122
13127
13130
13136
13137
13140
13145
13136
13134
13135
13122
13128
13126
13127
13122
13122
13132
13136
13130
13131
13130
13128
13123
13134
13134
13134
13131
13133
13134
13130
13126
13129
13125
13129
13129
13133
13137
13134
13127
13127
13129
13132
13136
13137
13134
13130
13134
13135
13133
13139
13124
13134
13127
13130
13126
13118
13110
13114
13109
13114
13122
13123
13139
13146
13148
13156
13155
13143
13148
13142
13134
13137
13138
13136
13131
13127
13128
13129
13131
13134
13123
13129
13130
13140
13135
13138
13140
13137
13136
13138
13141
13140
13144
13148
13147
13136
13137
13137
13134
13132
13130
13136
13139
13139
13143
13140
13135
13042
12802
12251
11661
11265
10957
10739
10672
10650
10657
10593
10633
10690
10785
10875
10988
11095
11216
11325
11448
11535
11643
11725
11825
11911
12000
12060
12140
12196
12257
12309
12361
12405
12450
12491
12536
12571
12606
12650
12690
12717
12752
12765
12785
12806
12823
12840
12859
12869
12880
12899
12918
12929
12941
12959
12971
12990
13000
13003
13007
13007
13010
13019
13029
13039
13041
13043
13049
13060
13068
13078
13074
13080
13083
13081
13087
13087
13093
13099
13094
13094
13102
13102
13101
13104
13109
13114
13110
13113
13114
13114
13114
13109
13107
13108
13109
13114
13119
13117
13117
13126
13133
13132
13130
13116
13112
13107
13112
13111
13111
13112
13116
13123
13118
13121
13125
13121
13121
13129
13129
13121
13123
13111
13118
13122
13121
13128
13134
13131
13134
13126
13129
13127
13132
13141
13134
13131
13131
13123
13131
13135
13131
13128
13127
13124
13123
13125
13129
13126
13127
13130
13135
13136
13129
13118
13125
13126
13129
13135
13130
13133
13138
13138
13139
13144
13140
13135
13139
13136
13132
13124
13120
13130
13132
13132
13132
13135
13131
13132
13138
13136
13137
13133
13131
13127
13128
13120
13129
13121
13127
13125
13121
13125
13123
13124
13124
13124
13123
13125
13126
13128
13142
13140
13139
13141
13144
13138
13139
13143
13130
13134
13132
13123
13126
13127
13125
13122
13123
13118
13127
13119
13125
13135
13134
13131
13135
13129
13127
13127
13128
13130
13132
13131
13131
13126
13132
13134
13134
13138
13134
13126
13141
13136
13131
13134
13132
13130
13140
13140
13134
13138
13137
13124
13124
13126
13128
13126
13128
13128
13137
13135
13135
13138
13144
13143
13146
13144
13145
13139
13138
13141
13128
13133
13135
13133
13134
13137
13140
13139
13131
13126
13132
13129
13125
13131
13126
13136
13144
13145
13136
13134
13135
13129
13129
13134
13134
13133
13133
13123
13129
13129
13130
13137
13135
13138
13138
13140
13136
13137
13129
13129
13118
13124
13124
13121
13125
13123
13120
13122
13121
13115
13120
13120
13126
13128
13126
13127
13131
13132
13132
13130
13143
13143
13141
13142
13144
13143
13146
13142
13145
13137
13137
13144
13137
13139
13142
13140
13136
13135
13139
13137
13129
13123
13126
13117
13121
13117
13118
13129
13133
13132
13142
13138
13146
13150
13142
13141
13139
13133
13132
13133
13132
13136
13131
13131
13126
13127
13125
13120
13122
13124
13123
13122
13127
13122
13121
13128
13130
13135
13139
13144
13136
13147
13147
13139
13136
13135
13134
13135
13130
13129
13134
13132
13130
13133
13132
13139
13132
13135
13133
13133
13134
13128
13121
13126
13120
13126
13125
13121
13123
13126
13125
13135
13134
13132
13132
13133
13132
13124
13120
13139
13131
13139
13141
13141
13148
13152
13146
13145
13145
13138
13151
13143
13131
13139
13134
13139
13145
13143
13140
13138
13139
13143
13147
13148
13153
13154
13150
13147
13141
13137
13135
13138
13140
13137
13139
13140
13145
13142
13129
13136
13131
13138
13141
13138
13138
13135
13130
13138
13134
13137
13138
13139
13141
13145
13142
13147
13147
13145
13136
13132
13124
13118
13116
13121
13121
13129
13129
13134
13148
13151
13147
13149
13144
13140
13136
13139
13138
13138
13140
13142
13135
13127
13121
13116
13118
13116
13118
13119
13110
13113
13119
13120
13120
13129
