13132
13136
13134
13136
13136
13138
13138
13138
13134
13137
13129
13132
13141
13133
13136
13134
13139
13138
13142
13139
13134
13138
13141
13143
13135
13134
13138
13138
13133
13128
13134
13134
13141
13141
13132
13132
13127
13133
13138
13135
13143
13139
13143
13140
13148
13137
13135
13135
13132
13141
13137
13136
13139
13139
13137
13141
13130
13131
13130
13132
13137
13138
13140
13137
13131
13133
13142
13135
13135
13131
13126
13129
13127
13135
13141
13141
13140
13135
13133
13135
13138
13135
13135
13135
13131
13125
13120
13128
13131
13134
13134
13133
13133
13136
13132
13130
13124
13130
13134
13134
13133
13141
13131
13135
13130
13136
13137
13126
13126
13127
13130
13135
13135
13133
13127
13130
13137
13138
13136
13137
13134
13134
13133
13133
13139
13139
13139
13140
13140
13137
13133
13140
13139
13143
13134
13136
13129
13132
13133
13128
13130
13136
13129
13139
13135
13132
13138
13133
13131
13135
13139
13140
13144
13140
13134
13136
13135
13128
13127
13125
13126
13127
13134
13137
13142
13132
13126
13139
13135
13133
13131
13131
13132
13137
13140
13146
13144
13137
13144
13134
13133
13131
13134
13146
13143
13137
13140
13135
13134
13138
13134
13137
13142
13143
13149
13138
13131
13131
13126
13131
13124
13129
13134
13128
13125
13127
13126
13137
13137
13137
13141
13144
13144
13141
13139
13138
13132
13139
13144
13142
13132
13133
13135
13143
13133
13124
13130
13128
13129
13123
13119
13124
13128
13125
13123
13123
13124
13126
13134
13129
13128
13131
13126
13122
13133
13132
13131
13129
13127
13131
13134
13130
13131
13136
13141
13146
13144
13139
13141
13133
13137
13143
13141
13147
13136
13134
13143
13137
13134
13131
13120
13118
13120
13126
13126
13122
13126
13120
13126
13134
13134
13139
13138
13137
13142
13134
13134
13137
13139
13139
13134
13137
13129
13131
13130
13142
13138
13144
13142
13133
13130
13134
13127
13134
13123
13124
13130
13124
13122
13124
13115
13118
13125
13124
13129
13136
13143
13138
13150
13146
13138
13141
13135
13138
13142
13133
13131
13136
13139
13137
13128
13122
13129
13134
13127
13122
13111
13108
13113
13112
13122
13128
13129
13137
13138
13124
13126
13122
13129
13136
13126
13127
13132
13126
13135
13130
13129
13131
13134
13135
13143
13142
13139
13130
13141
13131
13129
13135
13133
13136
13133
13134
13136
13138
13133
13141
13131
13128
13126
13124
13136
13135
13136
13144
13139
13130
13136
13126
13129
13127
13121
13118
13124
13125
13129
13123
13126
13126
13131
13136
13138
13138
13137
13134
13144
13139
13137
13140
13137
13134
13135
13140
13141
13137
13134
13136
13131
13135
13140
13138
13134
13135
13134
13140
13135
13127
13133
13133
13132
13133
13128
13130
13122
13124
13123
13121
13121
13118
13124
13126
13124
13122
13124
13129
13129
13120
13113
13116
13121
13122
13124
13126
13137
13136
13134
13143
13139
13143
13145
13133
13136
13139
13137
13145
13141
13137
13142
13128
13128
13132
13129
13135
13137
13137
13133
13136
13134
13134
13138
13139
13141
13141
13142
13147
13147
13141
13138
13138
13132
13134
13133
13126
13127
13125
13123
13125
13118
13127
13135
13138
13096
12696
12076
11387
10981
10726
10618
10562
10540
10529
10551
10600
10703
10804
10928
11029
11150
11256
11378
11480
11591
11684
11783
11867
11925
11911
11938
11976
12025
12069
12121
12170
12227
12276
12331
12384
12428
12464
12508
12541
12531
12507
12505
12506
12523
12535
12566
12580
12616
12641
12669
12696
12733
12755
12777
12801
12822
12840
12863
12884
12892
12907
12925
12931
12953
12951
12968
12976
12991
12998
13008
13006
13019
13019
13028
13030
13035
13043
13052
13062
13069
13066
13071
13084
13092
13097
13104
13100
13100
13102
13089
13081
13082
13087
13090
13096
13095
13099
13101
13113
13119
13115
13110
13114
13119
13112
13112
13113
13111
13124
13125
13119
13123
13124
13128
13130
13128
13132
13130
13132
13131
13138
13137
13137
13127
13132
13139
13140
13138
13145
13135
13131
13135
13134
13126
13128
13131
13105
12975
12897
12849
12819
12806
12813
12820
12828
12845
12859
12873
12881
12898
12909
12920
12931
12945
12963
12968
12976
12983
12984
13001
13019
13024
13035
13041
13042
13054
13050
13048
13052
13049
13066
13072
13074
13079
13089
13089
13085
13090
13099
13100
13107
13101
13110
13119
13111
13113
13119
13119
13125
13129
13133
13131
13138
13136
13138
13133
13134
13133
13127
13123
13115
13113
13122
13113
13118
13130
13124
13118
13121
13124
13117
13121
13126
13122
13130
13135
13133
13135
13136
13139
13139
13127
13127
13119
13119
13116
13116
13115
13127
13126
13123
13122
13121
13124
13138
13129
13129
13134
13133
13137
13141
13143
13138
13140
13135
13132
13117
13117
13118
13113
13122
13113
13120
13119
13125
13128
13122
13122
13131
13129
13132
13137
13134
13139
13140
13144
13143
13137
13134
13137
13136
13138
13134
13128
13129
13124
13125
13123
13123
13120
13125
13129
13134
13136
13131
13147
13143
13133
13144
13140
13140
13141
13138
13146
13141
13140
13132
13134
13132
13127
13128
13133
13132
13139
13129
13133
13130
13136
13138
13128
13125
13123
13124
13126
13130
13118
13117
13116
13120
13125
13124
13132
13134
13137
13132
13136
13131
13129
13138
13134
13142
13149
13143
13143
13141
13145
13139
13136
13150
13140
13140
13134
13135
13139
13130
13129
13131
13122
13127
13130
13125
13122
13122
13122
13135
13132
13144
13141
13142
13141
13141
13137
13147
13138
13132
13145
13136
13140
13147
13137
13141
13142
13138
13129
13130
13129
13137
13139
13144
13140
13142
13145
13144
13146
13141
13138
13140
13133
13142
13142
13136
13135
13037
12931
12876
12834
12816
12791
12773
12770
12780
12780
12802
12810
12826
12848
12863
12870
12894
12912
12931
12950
12949
12961
12975
12984
12985
12996
13010
13009
13016
13028
13026
13035
13035
13042
13050
13056
13063
13065
13073
13076
13081
13082
13092
13091
13099
13100
13102
13108
13107
13107
13114
13112
13110
13118
13111
13101
13108
13105
13112
13118
13120
13123
13120
13123
13120
13122
13128
13128
13135
13130
13123
13125
13124
13125
13129
13127
13125
13129
13127
13135
13130
13128
13126
13123
13129
13135
13134
13148
13142
13147
13152
13148
13141
13148
13147
13135
13134
13140
13136
13131
13128
13130
13132
13131
13126
13123
13124
13123
13128
13130
13132
13137
13134
13135
13138
13134
13122
13117
13126
13126
13129
13132
13136
13137
13141
13142
13137
13144
13142
13146
13139
13130
13129
13137
13130
13132
13139
