13127
13134
13135
13132
13138
13139
13139
13141
13143
13140
13136
13136
13129
13131
13124
13130
13128
13127
13133
13124
13125
13133
13131
13133
13137
13145
13150
13150
13146
13138
13132
13132
13127
13122
13123
13124
13128
13123
13122
13128
13126
13128
13134
13134
13135
13124
13129
13131
13123
13125
13125
13124
13117
13124
13128
13134
13130
13123
13133
13134
13138
13146
13138
13137
13134
13143
13144
13143
13148
13145
13151
13142
13138
13138
13137
13131
13137
13132
13125
13133
13131
13129
13129
13136
13134
13135
13135
13135
13126
13131
13130
13130
13134
13133
13133
13142
13145
13148
13154
13147
13143
13148
13141
13137
13135
13130
13128
13128
13132
13126
13127
13130
13130
13135
13134
13133
13142
13132
13129
13133
13131
13126
13129
13131
13132
13136
13133
13136
13131
13130
13134
13124
13125
13128
13134
13134
13132
13132
13147
13139
13140
13147
13140
13137
13137
13138
13142
13137
13136
13138
13135
13141
13139
13138
13134
13130
13130
13126
13127
13135
13137
13136
13133
13133
13132
13139
13135
13139
13137
13137
13145
13141
13148
13139
13136
13139
13126
13127
13133
13130
13125
13132
13133
13139
13136
13131
13134
13136
13126
13126
13127
13127
13123
13122
13123
13130
13140
13127
13124
13131
13134
13134
13131
13133
13127
13131
13132
13132
13122
13135
13131
13134
13135
13135
13131
13140
13136
13134
13139
13130
13126
13135
13133
13135
13134
13135
13134
13139
13136
13132
13128
13132
13128
13138
13133
13133
13140
13129
13128
13134
13137
13136
13132
13129
13128
13133
13135
13138
13130
13134
13135
13137
13131
13136
13134
13133
13123
13124
13122
13120
13119
13127
13128
13132
13137
13142
13147
13139
13141
13138
13139
13138
13139
13128
13122
13130
13138
13132
13130
13132
13129
13136
13130
13126
13126
13134
13135
13141
13140
13141
13132
13137
13139
13138
13131
13129
13122
13129
13126
13124
13123
13131
13132
13138
13138
13135
13132
13130
13136
13135
13133
13140
13138
13133
13133
13130
13135
13136
13136
13134
13138
13134
13129
13132
13130
13127
13133
13138
13124
13130
13131
13133
13137
13135
13137
13135
13133
13132
13132
13125
13126
13139
13130
13130
13134
13136
13125
13125
13127
13117
13126
13131
13126
13130
13125
13125
13132
13127
13126
13125
13127
13128
13131
13130
13137
13138
13132
13134
13127
13136
13128
13118
13116
13120
13118
13129
13121
13127
13129
13131
13128
13133
13133
13130
13131
13129
13124
13130
13126
13131
13127
13136
13145
13147
13141
13137
13144
13136
13132
13138
13134
13131
13132
13133
13133
13133
13134
13137
13135
13138
13136
13136
13136
13139
13138
13146
13140
13137
13145
13135
13136
13133
13127
13126
13120
13123
13124
13127
13131
13128
13131
13143
13138
13135
13134
13131
13142
13132
13134
13132
13129
13131
13140
13130
13128
13121
13122
13124
13119
13122
13118
13118
13120
13131
13131
13134
13132
13129
13136
13131
13132
13138
13134
13132
13132
13120
13118
13121
13124
13121
13119
13123
13128
13125
13120
13118
13134
13134
13132
13135
13134
13142
13145
13142
13143
13141
13137
13138
13133
13137
13136
13135
13131
13136
13139
13151
13144
13135
13149
13138
13110
12775
12021
11339
10949
10715
10627
10598
10649
10709
10810
10912
11031
11138
11265
11372
11488
11574
11680
11768
11866
11939
12022
12078
12150
12205
12276
12332
12383
12421
12470
12503
12550
12582
12621
12653
12680
12710
12739
12755
12784
12802
12819
12841
12868
12889
12898
12908
12922
12928
12940
12953
12966
12970
12984
12999
13014
12933
12837
12786
12754
12743
12739
12740
12747
12760
12773
12794
12809
12834
12856
12874
12892
12903
12923
12941
12946
12953
12974
12980
12990
13001
13009
13018
13025
13027
13039
13052
13054
13053
13045
13053
13056
13055
13058
13067
13076
13075
13079
13088
13090
13095
13100
13106
13109
13109
13108
13110
13107
13109
13116
13107
13105
13110
13108
13115
13110
13111
13110
13102
13105
13108
13109
13107
13113
13113
13117
13118
13120
13114
13117
13130
13135
13136
13132
13123
13133
13123
13118
13118
13119
13117
13116
13122
13119
13121
13122
13128
13119
13117
13122
13122
13131
13133
13128
13130
13115
13115
13128
13118
13117
13122
13126
13126
13130
13135
13133
13135
13131
13139
13148
13146
13141
13138
13138
13133
13139
13128
13132
13134
13134
13138
13138
13131
13129
13128
13123
13126
13127
13131
13129
13125
13126
13127
13131
13138
13131
13126
13135
13136
13134
13135
13132
13131
13131
13125
13126
13128
13131
13132
13129
13131
13136
13136
13133
13126
13132
13124
13129
13135
13129
13123
13130
13130
13130
13126
13121
13126
13124
13124
13131
13134
13146
13138
13137
13140
13141
13135
13142
13148
13150
13148
13150
13138
13140
13133
13133
13127
13132
13136
13131
13134
13126
13130
13128
13128
13140
13133
13135
13137
13138
13142
13140
13138
13135
13135
13128
13127
13118
13120
13127
13123
13128
13127
13122
13127
13126
13124
13134
13125
13126
13127
13133
13143
13143
13141
13136
13139
13144
13143
13133
13124
13126
13134
13125
13132
13135
13125
13133
13136
13126
13131
13125
13133
13137
13137
13133
13130
13123
13121
13128
13126
13126
13133
13130
13136
13126
13118
13126
13124
13126
13128
13132
13136
13138
13137
13137
13142
13148
13150
13144
13143
13139
13143
13137
13133
13140
13145
13147
13150
13148
13147
13141
13140
13139
13140
13135
13134
13131
13135
13130
13129
13137
13133
13130
13136
13132
13126
13132
13133
13131
13141
13132
13139
13140
13138
13140
13137
13140
13141
13134
13132
13126
13127
13126
13124
13127
13120
13110
13121
13111
13113
13109
13108
13108
13115
13125
13132
13132
13143
13150
13140
13134
13131
13127
13129
13121
13127
13133
13130
13132
13139
13142
13143
13142
13139
13140
13139
13139
13131
13134
13128
13121
13124
13120
13129
13135
13135
13133
13144
13148
13147
13141
13139
13135
13142
13138
13142
13139
13143
13143
13141
13140
13134
13136
13141
13133
13131
13136
13126
13120
13125
13117
13123
13123
13130
13122
13128
13127
13121
13120
13120
13122
13128
13133
13130
13132
13126
13129
13134
13134
13134
13135
13134
13138
13134
13133
13139
13136
13140
13138
13136
13135
13135
13138
13134
13129
13123
13129
13130
13133
13138
13137
13137
13132
13130
13125
13129
13136
13131
13133
13132
13137
13142
13141
13143
13151
13141
13142
13152
13150
13143
13144
13139
13139
13141
13139
13138
13135
13139
13142
13142
13147
13149
13147
13145
13137
13127
13136
13130
13131
13138
13131
13142
13140
13141
13130
13137
13135
13128
