13133
13128
13133
13130
13133
13130
13122
13124
13119
13122
13126
13118
13115
13127
13126
13129
13136
13134
13134
13139
13139
13130
13126
13129
13127
13127
13124
13124
13133
13129
13128
13132
13135
13137
13138
13140
13141
13134
13133
13138
13134
13139
13142
13143
13142
13146
13144
13153
13149
13138
13146
13140
13138
13136
13136
13138
13139
13142
13135
13135
13140
13138
13129
13133
13126
13134
13140
13125
13134
13128
13128
13131
13128
13134
13132
13136
13138
13132
13129
13134
13126
13137
13134
13135
13140
13135
13135
13142
13133
13130
13128
13128
13131
13129
13134
13134
13132
13129
13129
13131
13129
13124
13121
13122
13125
13132
13130
13130
13126
13129
13128
13126
13127
13135
13131
13124
13132
13122
13119
13125
13125
13129
13126
13131
13128
13126
13124
13134
13134
13128
13142
13138
13143
13141
13129
13127
13128
13126
13133
13130
13134
13133
13133
13138
13134
13132
13125
13125
13133
13129
13129
13124
13123
13127
13129
13132
13129
13127
13132
13135
13124
13122
13123
13121
13124
13131
13123
13134
13126
13126
13128
13126
13126
13136
13129
13133
13131
13135
13131
13132
13132
13129
13133
13138
13139
13136
13135
13134
13146
13136
13138
13138
13136
13132
13132
13138
13136
13135
13132
13135
13125
13133
13128
13124
13122
13118
13117
13124
13128
13122
13134
13127
13127
13127
13124
13126
13134
13138
13133
13136
13134
13129
13131
13136
13132
13126
13132
13130
13144
13136
13129
13136
13132
13133
13140
13134
13135
13145
13139
13141
13134
13138
13136
13138
13140
13137
13134
13133
13127
13121
13126
13122
13119
13130
13130
13132
13135
13136
13134
13134
13133
13133
13134
13139
13138
13149
13142
13141
13153
13138
13136
13135
13136
13133
13127
13128
13131
13131
13128
13127
13122
13128
13135
13133
13133
13132
13124
13120
13122
13121
13131
13131
13138
13137
13139
13136
13135
13135
13134
13136
13135
13130
13137
13140
13141
13143
13142
13133
13136
13133
13136
13141
13133
13135
13134
13134
13133
13141
13140
13145
13138
13137
13139
13132
13133
13134
13128
13136
13131
13128
13134
13131
13132
13135
13131
13131
13133
13136
13134
13138
13134
13133
13134
13132
13129
13134
13132
13136
13136
13127
13124
13125
13122
13128
13121
13121
13122
13129
13128
13135
13130
13133
13136
13132
13127
13128
13133
13140
13134
13135
13139
13132
13129
13136
13135
13139
13145
13147
13150
13148
13148
13144
13148
13146
13144
13145
13140
13136
13140
13135
13133
13132
13124
13129
13129
13126
13131
13127
13130
13135
13133
13145
13148
13138
13140
13142
13146
13145
13140
13132
13134
13133
13131
13127
13131
13130
13140
13137
13145
13140
13143
13138
13144
13144
13140
13140
13137
13138
13144
13137
13131
13133
13126
13127
13126
13124
13127
13125
13122
13126
13130
13129
13130
13125
13126
13129
13132
13134
13129
13131
13133
13132
13125
13132
13122
13131
13138
13138
13137
13135
13138
13136
13126
13132
13120
13122
13124
13125
13138
13130
13132
13134
13129
13127
13124
13122
13129
13129
13129
13132
13118
13122
13130
13129
13131
13132
13133
13136
13134
13125
13129
13130
13123
13132
13138
13139
13144
13144
13145
13140
13138
13130
13126
13128
13133
13106
12582
12091
11777
11471
11318
11240
11240
11247
11268
11304
11374
11438
11532
11608
11637
11679
11738
11789
11842
11780
11765
11789
11829
11872
11947
11886
11856
11812
11782
11782
11813
11840
11902
11952
12014
12076
12135
12187
12257
12314
12373
12419
12473
12503
12546
12584
12619
12648
12677
12696
12724
12750
12772
12799
12828
12859
12882
12892
12914
12922
12934
12944
12950
12960
12976
12978
12982
12995
13001
13019
13023
13027
13032
13039
13050
13058
13062
13072
13075
13078
13077
13077
13086
13087
13087
13094
13093
13096
13093
13092
13091
13096
13093
13091
13090
13104
13106
13110
13119
13123
13121
13127
13122
13125
13131
13132
13131
13134
13128
13123
13129
13120
13120
13120
13124
13121
13121
13134
13140
13138
13134
13131
13134
13123
13129
13129
13129
13131
13132
13134
13132
13127
13122
13123
13118
13122
13126
13126
13129
13139
13139
13143
13139
13134
13144
13138
13137
13151
13143
13150
13144
13139
13134
13132
13138
13141
13141
13141
13150
13152
13149
13138
13147
13130
13132
13132
13126
13131
13125
13132
13136
13136
13134
13142
13137
13148
13156
13148
13140
13137
13134
13134
13122
13128
13133
13132
13130
13136
13135
13133
13139
13138
13144
13147
13146
13140
13135
13138
13136
13136
13134
13125
13126
13128
13128
13134
13136
13132
13128
13129
13134
13137
13132
13138
13140
13146
13149
13138
13142
13139
13136
13143
13143
13134
13138
13131
13131
13138
13132
13134
13133
13138
13136
13134
13131
13128
13133
13136
13135
13134
13132
13130
13133
13125
13124
13131
13130
13136
13141
13141
13147
13146
13150
13145
13137
13141
13142
13135
13137
13137
13138
13145
13141
13136
13136
13130
13129
13126
13118
13112
13114
13115
13117
13120
13116
13110
13117
13119
13120
13121
13121
13124
13130
13122
13123
13131
13135
13142
13145
13142
13142
13141
13134
13140
13136
13138
13133
13132
13137
13132
13131
13128
13125
13121
13130
13121
13127
13131
13123
13130
13132
13139
13136
13137
13139
13134
13134
13136
13134
13134
13132
13138
13147
13144
13147
13153
13144
13143
13141
13133
13139
13137
13133
13134
13132
13132
13132
13128
13126
13127
13129
13134
13132
13133
13143
13144
13144
13147
13136
13136
13141
13142
13143
13140
13135
13128
13130
13129
13122
13123
13122
13125
13132
13134
13132
13136
13134
13126
13128
13127
13124
13131
13130
13137
13139
13145
13149
13146
13147
13145
13141
13141
13137
13129
13130
13122
13125
13129
13128
13128
13126
13129
13130
13132
13131
13122
13126
13134
13135
13133
13138
13143
13144
13139
13135
13130
13130
13127
13128
13128
13128
13129
13128
13135
13123
13123
13128
13129
13133
13133
13134
13141
13134
13131
13133
13123
13126
13126
13130
13125
13132
13134
13141
13139
13140
13141
13148
13144
13137
13134
13133
13127
13133
13122
13125
13125
13126
13130
13131
13131
13135
13140
13132
13136
13138
13138
13138
13133
13131
13134
13142
13139
13140
13133
13140
13129
13137
13140
13133
13133
13136
13135
13134
13136
13134
13131
13131
13137
13141
13136
13130
13134
13143
13138
13134
13131
13133
13135
13142
13131
13134
13132
13129
13133
13132
13134
13136
13135
13138
13138
13140
13138
13131
13127
13138
13134
13138
13138
13133
13127
13135
13129
13134
13132
13134
13132
13136
13132
13126
13132
13135
13133
13144
13135
