13128
13134
13135
13127
13132
13136
13139
13143
13146
13135
13138
13120
13136
13136
13133
13140
13150
13146
13150
13147
13145
13143
13137
13142
13142
13139
13144
13139
13142
13133
13131
13140
13138
13137
13135
13139
13141
13135
13127
13134
13126
13124
13131
13133
13130
13137
13138
13140
13136
13138
13143
13138
13134
13141
13135
13137
13134
13135
13135
13137
13133
13131
13134
13138
13138
13144
13140
13137
13140
13134
13134
13137
13131
13133
13136
13139
13137
13142
13138
13145
13141
13138
13143
13145
13150
13151
13142
13151
13145
13137
13142
13130
13129
13128
13130
13123
13133
13134
13138
13137
13134
13125
13125
13129
13130
13129
13130
13135
13139
13124
13125
13128
13126
13128
13132
13133
13132
13126
13129
13134
13129
13131
13136
13134
13135
13133
13131
13128
13132
13131
13136
13128
13132
13130
13133
13134
13134
13140
13140
13134
13134
13129
13134
13129
13134
13132
13131
13128
13127
13115
13116
13122
13123
13123
13126
13126
13129
13136
13138
13133
13132
13128
13129
13128
13129
13132
13131
13134
13133
13133
13136
13129
13124
13128
13126
13130
13132
13137
13140
13141
13141
13136
13135
13136
13144
13133
13141
13133
13143
13136
13134
13137
13141
13139
13142
13139
13138
13133
13131
13131
13129
13129
13130
13132
13137
13133
13132
13138
13135
13138
13149
13140
13135
13142
13137
13141
13150
13144
13147
13137
13133
13131
13134
13135
13135
13136
13136
13141
13152
13145
13138
13140
13136
13130
13134
13131
13135
13129
13134
13129
13127
13130
13135
13136
13137
13137
13132
13136
13132
13132
13131
13123
13130
13134
13138
13129
13130
13129
13138
13148
13149
13141
13145
13147
13158
13151
13142
13132
13137
13135
13142
13142
13142
13147
13143
13145
13139
13142
13133
13137
13130
13136
13141
13139
13134
13135
13145
13147
13144
13141
13150
13142
13143
13141
13137
13140
13145
13141
13139
13129
13126
13130
13133
13135
13130
13132
13142
13138
13141
13137
13128
13137
13132
13134
13136
13136
13139
13136
13132
13139
13141
13135
13132
13127
13132
13133
13141
13142
13140
13141
13140
13138
13134
13137
13139
13138
13145
13134
13138
13132
13133
13128
13133
13131
13131
13128
13134
13137
13149
13132
13127
13133
13133
13132
13128
13122
13125
13124
13123
13122
13114
13119
13120
13122
13135
13133
13144
13147
13150
13148
13150
13150
13151
13154
13151
13149
13145
13150
13147
13147
13146
13140
13137
13136
13135
13129
13126
13123
13131
13125
13131
13134
13133
13132
13133
13136
13132
13132
13128
13129
13126
13130
13137
13136
13136
13141
13138
13145
13138
13135
13130
13128
13133
13128
13125
13126
13131
13128
13126
13125
13124
13120
13127
13135
13139
13139
13138
13139
13140
13137
13136
13135
13132
13123
13125
13132
13128
13129
13133
13129
13129
13133
13134
13130
13135
13135
13140
13148
13143
13136
13140
13137
13143
13145
13140
13143
13148
13142
13143
13139
13143
13137
13133
13147
13139
13138
13142
13141
13151
13141
13136
13137
13130
13134
13134
13126
13123
13123
13123
13122
13119
13122
13124
13120
13125
13122
13128
13129
13124
13127
13132
13128
13124
13128
13125
13130
13138
13138
13138
13130
13125
13118
13124
13132
13132
13130
13130
13130
13025
12558
12228
12035
11926
11863
11855
11872
11913
11961
12019
12074
12138
12194
12257
12307
12312
12301
12307
12320
12347
12378
12425
12453
12492
12533
12559
12593
12626
12648
12683
12715
12747
12772
12803
12823
12849
12870
12894
12906
12918
12918
12936
12950
12966
12974
12984
12988
13002
13005
13014
13027
13030
13040
13051
13053
13048
13058
13069
13076
13072
13065
13066
13063
13069
13084
13085
13090
13105
13109
13109
13111
13111
13101
13113
13121
13123
13119
13119
13118
13121
13122
13121
13117
13110
13114
13117
13118
13121
13118
13125
13128
13122
13125
13124
13128
13131
13136
13142
13144
13142
13142
13146
13141
13135
13139
13139
13138
13139
13138
13143
13141
13142
13139
13144
13147
13147
13148
13143
13147
13144
13138
13138
13144
13139
13141
13137
13137
13137
13129
13132
13132
13130
13132
13133
13136
13143
13141
13138
13137
13136
13134
13138
13132
13127
13120
13121
13120
13127
13127
13134
13135
13135
13133
13126
13135
13137
13129
13133
13124
13132
13132
13123
13127
13128
13130
13130
13137
13133
13131
13127
13139
13138
13138
13140
13134
13137
13141
13141
13143
13135
13133
13140
13130
13128
13131
13124
13127
13123
13125
13124
13121
13137
13137
13142
13141
13147
13137
13138
13142
13153
13142
13145
13146
13141
13144
13143
13139
13132
13130
13133
13140
13134
13140
13135
13135
13137
13132
13131
13140
13133
13140
13140
13136
13129
13137
13132
13136
13133
13132
13133
13131
13136
13136
13129
13137
13142
13147
13140
13139
13142
13145
13143
13146
13144
13140
13145
13140
13136
13130
13133
13138
13135
13141
13141
13141
13153
13154
13148
13152
13143
13140
13137
13128
13129
13135
13129
13137
13139
13146
13146
13143
13143
13139
13139
13144
13140
13150
13141
13132
13134
13122
13120
13122
13124
13130
13131
13132
13122
13129
13123
13133
13135
13138
13138
13131
13136
13134
13131
13138
13129
13125
13135
13129
13134
13138
13132
13133
13143
13142
13138
13138
13130
13128
13126
13133
13125
13123
13129
13127
13129
13123
13117
13120
13121
13128
13129
13126
13129
13136
13130
13128
13119
13127
13132
13132
13140
13140
13138
13146
13137
13137
13135
13135
13135
13140
13137
13139
13135
13139
13141
13137
13137
13137
13136
13138
13142
13144
13140
13135
13146
13145
13142
13147
13137
13138
13142
13144
13139
13137
13134
13139
13134
13140
13138
13138
13132
13135
13139
13144
13131
13131
13131
13131
13126
13134
13131
13135
13133
13131
13138
13138
13136
13133
13132
13136
13141
13141
13139
13138
13137
13138
13129
13137
13130
13129
13123
13123
13129
13129
13123
13130
13124
13129
13127
13125
13123
13119
13121
13127
13113
13117
13126
13124
13123
13125
13113
13119
13126
13130
13127
13132
13133
13135
13138
13137
13130
13127
13129
13124
13130
13127
13127
13133
13138
13136
13139
13143
13143
13143
13142
13143
13150
13148
13146
13146
13148
13146
13140
13141
13133
13134
13142
13135
13136
13142
13134
13141
13145
13142
13146
13138
13144
13148
13140
13137
13127
13136
13136
13141
13140
13127
13127
13132
13134
13144
13133
13139
13136
13140
13137
13140
13134
13145
13142
13140
13141
13137
13135
13145
13140
13135
13140
13132
13131
13132
13141
13135
13139
13140
13142
13140
13139
13141
13140
13144
13140
13134
13131
13131
13134
13133
