13132
13126
13128
13129
13132
13128
13130
13137
13129
13134
13140
13142
13150
13154
13153
13155
13145
13140
13137
13136
13133
13126
13118
13122
13129
13130
13136
13136
13141
13133
13141
13142
13145
13144
13137
13135
13137
13133
13133
13136
13134
13131
13131
13133
13141
13138
13139
13141
13135
13138
13142
13139
13141
13148
13146
13146
13140
13137
13139
13130
13126
13134
13129
13130
13133
13127
13135
13130
13135
13122
13130
13142
13142
13145
13141
13140
13142
13138
13138
13143
13141
13137
13134
13139
13139
13137
13131
13140
13140
13134
13134
13133
13135
13135
13137
13139
13142
13138
13146
13141
13139
13139
13133
13140
13145
13144
13144
13139
13132
13126
13134
13141
13138
13137
13142
13139
13144
13127
13129
13133
13134
13134
13134
13137
13133
13140
13139
13140
13137
13149
13143
13134
13138
13136
13135
13134
13129
13130
13133
13131
13129
13133
13129
13135
13141
13135
13128
13125
13129
13128
13124
13128
13119
13127
13129
13134
13134
13123
13119
13125
13124
13123
13122
13126
13129
13123
13120
13128
13122
13124
13133
13129
13131
13129
13126
13134
13131
13133
13141
13137
13141
13143
13143
13134
13132
13131
13129
13128
13132
13121
13121
13127
13117
13118
13117
13121
13127
13130
13132
13136
13146
13147
13147
13150
13149
13149
13144
13144
13135
13140
13142
13137
13136
13138
13133
13132
13135
13134
13141
13133
13138
13143
13141
13139
13136
13139
13134
13131
13126
13126
13134
13138
13139
13132
13128
13126
13134
13128
13125
13133
13136
13136
13137
13132
13129
13133
13139
13138
13142
13140
13145
13143
13138
13137
13137
13139
13134
13123
13135
13127
13130
13137
13131
13133
13140
13141
13135
13138
13134
13126
13140
13142
13141
13138
13134
13126
13138
13135
13132
13136
13142
13145
13148
13144
13140
13132
13130
13135
13123
13122
13131
13127
13126
13130
13134
13138
13140
13137
13147
13136
13134
13132
13126
13126
13131
13138
13131
13128
13131
13128
13141
13138
13137
13138
13137
13139
13139
13132
13127
13132
13137
13142
13140
13143
13138
13139
13134
13135
13129
13132
13131
13122
13128
13126
13126
13132
13133
13135
13140
13133
13137
13143
13139
13142
13155
13151
13151
13151
13148
13148
13143
13141
13135
13133
13132
13131
13142
13136
13132
13132
13132
13127
13126
13124
13127
13127
13127
13134
13128
13129
13127
13128
13141
13139
13127
13135
13131
13130
13138
13129
13132
13138
13136
13136
13140
13141
13132
13132
13132
13132
13127
13123
13122
13118
13119
13121
13135
13129
13136
13142
13138
13127
13137
13138
13143
13149
13145
13139
13133
13140
13144
13134
13138
13149
13149
13152
13149
13137
13140
13132
13131
13132
13125
13123
13122
13119
13123
13126
13129
13127
13130
13138
13132
13137
13136
13137
13137
13134
13130
13131
13131
13125
13126
13126
13123
13126
13124
13124
13121
13127
13128
13136
13140
13136
13129
13134
13130
13131
13130
13127
13134
13134
13132
13128
13128
13126
13128
13128
13135
13133
13142
13139
13138
13142
13139
13146
13151
13142
13142
13133
13130
13127
13134
13134
13127
13129
13131
13134
13133
13125
13128
13126
13131
13130
13128
13132
13137
13131
13139
13123
13123
13134
13129
13133
13036
12830
12325
11952
11705
11451
11320
11260
11275
11305
11370
11438
11535
11607
11699
11781
11866
11936
12017
12077
12146
12199
12267
12325
12368
12422
12470
12514
12566
12603
12638
12662
12685
12703
12734
12741
12772
12799
12824
12847
12863
12883
12900
12913
12928
12935
12949
12968
12973
12987
12987
12999
13013
13023
13034
13041
13046
13042
13045
13056
13053
13062
13064
13076
13073
13084
13097
13099
13105
13105
13105
13106
13100
13095
13109
13107
13111
13113
13110
13112
13109
13113
13121
13124
13127
13125
13116
13118
13114
13116
13115
13112
13117
13117
13117
13116
13117
13122
13132
13132
13136
13130
13123
13128
13118
13121
13123
13115
13117
13123
13124
13132
13123
13120
13129
13115
13118
13119
13116
13123
13135
13137
13137
13134
13142
13138
13142
13134
13132
13135
13131
13130
13129
13126
13130
13126
13125
13122
13124
13127
13122
13124
13122
13134
13129
13129
13132
13130
13135
13132
13133
13132
13128
13126
13135
13138
13134
13138
13131
13130
13124
13130
13132
13130
13128
13129
13131
13136
13141
13138
13137
13131
13140
13135
13126
13011
12924
12873
12842
12823
12824
12824
12827
12839
12846
12860
12876
12888
12910
12928
12941
12961
12966
12976
12991
12993
13006
13025
13024
13039
13050
13055
13053
13057
13059
13064
13072
13075
13073
13085
13083
13086
13092
13089
13087
13096
13096
13102
13105
13102
13109
13113
13114
13124
13116
13117
13119
13118
13118
13121
13115
13115
13112
13111
13116
13117
13116
13130
13134
13133
13125
13120
13121
13116
13117
13124
13122
13125
13131
13133
13137
13126
13130
13129
13129
13123
13123
13118
13120
13122
13127
13130
13134
13136
13126
13138
13135
13135
13136
13132
13132
13137
13131
13131
13140
13137
13132
13142
13134
13134
13132
13132
13126
13122
13124
13128
13130
13138
13146
13144
13142
13146
13148
13146
13142
13150
13153
13151
13150
13148
13134
13137
13134
13135
13133
13135
13133
13138
13142
13142
13130
13139
13134
13132
13138
13140
13143
13146
13136
13135
13139
13132
13135
13135
13137
13137
13136
13141
13140
13146
13145
13143
13149
13142
13138
13138
13133
13134
13135
13133
13133
13141
13135
13144
13141
13139
13146
13150
13149
13146
13137
13137
13131
13132
13140
13138
13138
13144
13143
13140
13142
13137
13130
13130
13126
13125
13125
13130
13128
13136
13133
13141
13154
13152
13145
13148
13150
13153
13145
13139
13133
13137
13137
13141
13136
13133
13133
13133
13131
13124
13120
13126
13121
13120
13132
13128
13121
13124
13119
13120
13125
13125
13125
13123
13125
13129
13132
13132
13133
13132
13130
13132
13134
13131
13129
13138
13137
13137
13132
13130
13126
13125
13124
13129
13119
13124
13129
13131
13131
13135
13129
13128
13121
13120
13129
13128
13131
13140
13131
13130
13138
13135
13134
13143
13139
13140
13138
13139
13146
13147
13140
13139
13135
13130
13120
13131
13126
13132
13127
13128
13129
13130
13134
13132
13126
13132
13140
13136
13140
13141
13134
13133
13129
13123
13126
13115
13109
13124
13123
13127
13132
13130
13136
13132
13126
13124
13131
13137
13138
13136
13137
13130
13137
13127
13122
13122
13121
13120
13123
13127
13130
13137
13140
13142
13133
13144
13146
13151
13154
13149
13148
13154
13145
13141
13147
13138
13132
13137
13139
13137
13133
13134
13139
13139
13134
13138
