13131
13132
13137
13136
13134
13127
13126
13133
13128
13135
13129
13117
13113
13121
13123
13126
13123
13126
13127
13130
13132
13135
13142
13138
13142
13139
13135
13132
13143
13138
13133
13131
13127
13130
13132
13127
13140
13140
13135
13132
13127
13132
13127
13132
13131
13134
13129
13136
13127
13123
13133
13128
13126
13134
13131
13133
13141
13142
13141
13138
13143
13133
13131
13137
13134
13139
13141
13138
13137
13122
13122
13126
13128
13128
13128
13125
13124
13127
13136
13138
13128
13134
13145
13139
13137
13140
13130
13137
13126
13123
13125
13116
13119
13125
13128
13136
13136
13145
13138
13140
13138
13136
13133
13141
13139
13137
13131
13134
13139
13136
13126
13133
13139
13141
13136
13131
13129
13128
13128
13125
13128
13132
13133
13133
13137
13138
13142
13148
13142
13137
13140
13125
13120
13118
13117
13122
13126
13133
13129
13128
13132
13129
13136
13134
13138
13139
13142
13132
13137
13127
13128
13124
13123
13124
13127
13134
13126
13126
13128
13135
13135
13139
13137
13138
13136
13140
13140
13140
13135
13139
13143
13139
13134
13136
13138
13133
13134
13138
13129
13130
13134
13129
13115
13117
13109
13114
13120
13128
13134
13136
13140
13142
13138
13139
13135
13137
13135
13134
13133
13134
13122
13127
13130
13124
13130
13134
13131
13130
13124
13124
13129
13120
13119
13132
13131
13128
13132
13138
13128
13129
13129
13127
13130
13134
13130
13133
13141
13138
13146
13139
13136
13139
13133
13138
13138
13142
13147
13144
13136
13134
13121
13131
13127
13125
13138
13140
13138
13142
13131
13134
13145
13138
13136
13143
13142
13135
13128
13130
13125
13129
13138
13137
13140
13147
13145
13145
13152
13143
13139
13129
13127
13129
13128
13128
13132
13140
13145
13138
13137
13135
13126
13137
13136
13133
13133
13128
13131
13131
13126
13132
13143
13135
13136
13137
13129
13131
13129
13126
13128
13136
13132
13132
13132
13134
13131
13131
13133
13134
13135
13134
13134
13135
13136
13128
13125
13129
13133
13128
13129
13137
13126
13125
13129
13129
13134
13142
13138
13135
13139
13132
13140
13137
13136
13140
13139
13132
13142
13147
13144
13143
13147
13147
13145
13146
13148
13143
13139
13135
13138
13127
13130
13137
13134
13136
13136
13134
13136
13134
13132
13138
13131
13132
13141
13138
13136
13134
13145
13143
13141
13138
13146
13139
13138
13138
13136
13133
13140
13133
13129
13126
13136
13130
13131
13138
13139
13143
13147
13140
13144
13139
13139
13143
13141
13148
13143
13142
13140
13138
13129
13134
13138
13137
13141
13137
13142
13142
13144
13142
13138
13132
13136
13128
13129
13121
13117
13120
13120
13116
13121
13122
13118
13119
13124
13131
13132
13131
13134
13135
13142
13144
13151
13147
13142
13144
13142
13131
13134
13129
13131
13134
13125
13129
13132
13125
13123
13124
13127
13123
13118
13121
13129
13125
13124
13120
13120
13125
13127
13128
13129
13127
13132
13136
13137
13131
13129
13130
13130
13129
13133
13128
13129
13133
13135
13142
13137
13134
13138
13139
13135
13132
13122
13135
13133
13134
13133
13128
13128
13133
13136
13137
13147
13143
13150
13151
13155
13153
13145
13139
13140
13142
13143
13139
13145
13111
12461
11455
10499
9723
9299
9033
8867
8814
8895
8995
9173
9346
9500
9563
9698
9833
9997
10138
10285
10274
10359
10427
10467
10518
10620
10718
10850
10955
11074
11186
11310
11419
11525
11611
11718
11799
11886
11956
12029
12099
12160
12213
12273
12326
12386
12421
12465
12510
12548
12583
12620
12653
12680
12704
12733
12752
12769
12795
12820
12837
12857
12871
12890
12909
12919
12930
12945
12955
12962
12972
12985
12998
13007
13020
13027
13034
13040
13043
13050
13047
13053
13065
13063
13069
13074
13076
13076
13074
13076
13085
13087
13085
13096
13097
13094
13094
13096
13102
13107
13106
13112
13112
13121
13128
13121
13118
13119
13110
13101
13111
13113
13112
13123
13118
13123
13121
13123
13122
13121
13126
13125
13124
13120
13125
13130
13122
13128
13126
13123
13122
13125
13119
13121
13122
13124
13125
13121
13128
13134
13131
13132
13127
13129
13139
13135
13133
13137
13136
13134
13134
13133
13135
13127
13126
13134
13137
13136
13143
13143
13140
13144
13138
13138
13135
13138
13138
13131
13138
13138
13138
13141
13139
13140
13133
13128
13127
13114
13119
13125
13125
13122
13124
13126
13137
13136
13130
13134
13132
13134
13135
13135
13138
13136
13133
13132
13133
13126
13124
13138
13138
13136
13133
13132
13138
13151
13143
13142
13152
13147
13145
13142
13138
13142
13144
13141
13141
13134
13138
13137
13139
13137
13134
13128
13136
13127
13116
13122
13121
13127
13130
13133
13136
13139
13138
13136
13138
13134
13135
13137
13142
13133
13135
13138
13140
13146
13134
13137
13131
13132
13137
13129
13129
13126
13129
13129
13132
13126
13122
13125
13122
13127
13126
13131
13140
13127
13123
13122
13118
13119
13126
13123
13130
13132
13133
13133
13132
13133
13137
13147
13142
13139
13139
13141
13147
13148
13132
13133
13135
13128
13132
13136
13139
13149
13146
13145
13138
13138
13141
13132
13132
13129
13127
13122
13127
13119
13119
13122
13129
13130
13133
13128
13124
13131
13138
13141
13136
13133
13134
13131
13134
13125
13123
13121
13121
13129
13128
13130
13135
13135
13130
13131
13121
13119
13122
13128
13122
13119
13120
13125
13120
13129
13130
13134
13139
13136
13133
13138
13130
13132
13138
13132
13133
13129
13124
13126
13134
13137
13144
13150
13151
13150
13153
13146
13137
13140
13138
13146
13140
13140
13143
13143
13145
13151
13145
13144
13147
13139
13142
13134
13130
13135
13123
13124
13124
13125
13128
13135
13132
13132
13133
13131
13134
13133
13128
13128
13125
13122
13115
13128
13125
13128
13133
13134
13133
13136
13012
12920
12870
12834
12818
12816
12816
12830
12842
12856
12878
12890
12907
12921
12924
12941
12953
12959
12963
12977
12980
12992
12996
13006
13023
13022
13032
13048
13050
13059
13064
13072
13074
13085
13083
13084
13092
13090
13089
13104
13100
13104
13109
13115
13116
13116
13116
13110
13113
13112
13113
13103
13108
13109
13110
13105
13104
13114
13117
13113
13118
13131
13127
13132
13143
13137
13138
13138
13131
13128
13128
13129
13124
13125
13127
13123
13131
13134
13134
13141
13135
13133
13132
13127
13139
13135
13136
13142
13143
13142
13134
13122
13119
13121
13115
13121
13122
13131
13137
13131
13133
13132
13126
13128
13130
13127
13129
13135
13135
13135
13127
13133
13135
13135
13139
13138
13141
13143
13139
13151
13139
