13136
13138
13141
13139
13141
13149
13145
13156
13152
13143
13140
13136
13139
13134
13139
13140
13139
13138
13131
13131
13137
13130
13129
13145
13140
13139
13135
13139
13139
13134
13132
13136
13136
13136
13142
13137
13142
13140
13142
13149
13142
13137
13137
13132
13133
13141
13129
13129
13125
13129
13133
13136
13137
13141
13144
13144
13142
13147
13148
13140
13145
13136
13133
13132
13133
13126
13129
13132
13138
13139
13146
13148
13143
13139
13139
13140
13143
13138
13138
13137
13133
13139
13138
13132
13130
13142
13142
13142
13139
13136
13141
13135
13138
13133
13133
13136
13136
13131
13130
13139
13149
13142
13136
13147
13143
13142
13140
13138
13142
13142
13145
13142
13134
13129
13135
13133
13132
13140
13137
13138
13134
13138
13145
13146
13146
13145
13129
13130
13128
13129
13134
13134
13134
13129
13130
13133
13137
13137
13137
13137
13142
13144
13142
13149
13142
13142
13142
13138
13131
13135
13135
13138
13133
13134
13133
13135
13046
12944
12879
12845
12821
12824
12832
12834
12852
12866
12867
12887
12903
12907
12924
12930
12941
12956
12962
12976
12984
12997
13001
13010
13022
13022
13025
13036
13046
13052
13059
13063
13068
13075
13078
13083
13080
13091
13097
13096
13097
13098
13099
13104
13107
13100
13110
13111
13119
13124
13121
13128
13118
13122
13125
13128
13130
13138
13135
13132
13128
13132
13130
13134
13143
13140
13141
13149
13154
13163
13155
13149
13150
13154
13146
13141
13129
13134
13134
13137
13136
13131
13129
13136
13131
13130
13137
13131
13135
13148
13134
13132
13138
13138
13141
13142
13141
13143
13142
13139
13141
13141
13134
13131
13142
13137
13141
13140
13131
13133
13132
13131
13134
13137
13139
13144
13138
13134
13141
13132
13134
13125
13126
13137
13142
13142
13157
13155
13152
13158
13149
13146
13142
13143
13137
13137
13139
13135
13126
13135
13127
13128
13129
13131
13134
13137
13135
13137
13138
13138
13135
13138
13137
13137
13131
13134
13134
13140
13146
13139
13141
13137
13147
13141
13139
13138
13139
13127
13135
13137
13140
13143
13145
13145
13151
13152
13149
13143
13142
13140
13131
13133
13128
13134
13138
13137
13128
13135
13138
13132
13129
13128
13133
13141
13144
13146
13150
13143
13144
13139
13140
13139
13142
13144
13139
13136
13147
13144
13147
13146
13137
13135
13136
13129
13130
13132
13126
13128
13127
13139
13139
13140
13141
13136
13141
13137
13131
13136
13137
13133
13137
13144
13139
13142
13134
13143
13137
13136
13138
13129
13130
13126
13120
13125
13123
13121
13132
13126
13124
13132
13136
13136
13138
13142
13143
13151
13155
13151
13148
13146
13141
13139
13133
13131
13147
13141
13136
13148
13145
13145
13138
13134
13138
13140
13140
13138
13138
13142
13126
13129
13130
13127
13127
13135
13135
13136
13135
13133
13133
13138
13130
13133
13141
13134
13127
13128
13125
13129
13128
13126
13135
13138
13132
13133
13145
13134
13135
13134
13132
13133
13133
13143
13137
13141
13152
13157
13150
13150
13154
13145
13147
13142
13135
13141
13124
13129
13128
13125
13121
13129
13125
13124
13125
13126
13130
13132
13132
13137
13146
13145
13146
13150
13145
13143
13142
13135
13125
13134
13061
12638
11861
11210
10718
10440
10317
10277
10318
10388
10503
10613
10748
10866
11001
11075
11151
11227
11308
11267
11280
11326
11388
11329
11339
11364
11384
11324
11339
11363
11426
11490
11572
11652
11738
11815
11899
11968
12034
12100
12162
12221
12289
12343
12396
12428
12477
12520
12554
12592
12626
12651
12688
12721
12751
12771
12789
12802
12833
12844
12852
12864
12876
12891
12907
12925
12937
12950
12966
12982
12989
13001
13006
13020
13029
13039
13042
13041
13046
13064
13058
13075
13074
13081
13082
13086
13081
13087
13080
13082
13083
13079
13082
13085
13092
13107
13106
13110
13118
13116
13116
13122
13116
13114
13122
13120
13120
13120
13129
13128
13133
13129
13124
13122
13118
13124
13124
13119
13118
13125
13130
13138
13141
13139
13139
13138
13134
13135
13131
13137
13136
13133
13135
13132
13127
13132
13121
13115
13123
13128
13129
13134
13130
13133
13131
13122
13129
13133
13131
13130
13127
13133
13130
13128
13130
13131
13138
13132
13132
13135
13131
13140
13146
13145
13139
13140
13133
13137
13128
13135
13141
13137
13142
13143
13139
13134
13136
13133
13135
13131
13132
13132
13137
13134
13141
13137
13133
13126
13122
13113
13122
13129
13129
13128
13128
13128
13138
13134
13139
13149
13149
13154
13150
13154
13152
13148
13149
13151
13148
13145
13139
13138
13139
13138
13131
13135
13141
13137
13145
13139
13141
13140
13138
13138
13142
13141
13141
13137
13137
13131
13132
13126
13124
13133
13135
13133
13135
13127
13127
13120
13124
13120
13119
13118
13125
13129
13131
13131
13134
13139
13135
13135
13139
13133
13139
13139
13133
13128
13134
13129
13122
13124
13126
13130
13132
13127
13133
13139
13138
13137
13141
13138
13141
13144
13144
13140
13140
13134
13129
13131
13125
13125
13116
13114
13115
13125
13126
13128
13123
13124
13127
13133
13133
13138
13136
13144
13134
13137
13136
13131
13122
13132
13128
13128
13128
13126
13124
13124
13127
13122
13121
13131
13133
13137
13140
13138
13145
13138
13134
13134
13135
13135
13128
13132
13135
13125
13125
13122
13120
13133
13135
13132
13130
13132
13130
13136
13136
13130
13130
13129
13126
13133
13138
13138
13137
13141
13143
13138
13145
13138
13145
13140
13141
13143
13143
13141
13151
13136
13135
13135
13128
13131
13130
13132
13135
13143
13140
13142
13137
13132
13135
13124
13130
13129
13121
13134
13132
13128
13140
13135
13132
13134
13128
13124
13126
13129
13134
13131
13140
13134
13131
13143
13144
13139
13139
13131
13133
13123
13126
13127
13122
13119
13120
13122
13121
13120
13125
13127
13134
13143
13142
13130
13136
13132
13135
13138
13141
13130
13137
13137
13133
13137
13135
13137
13142
13141
13148
13143
13149
13149
13147
13153
13147
13133
13134
13134
13137
13133
13137
13137
13139
13139
13142
13148
13154
13152
13149
13148
13139
13142
13139
13135
13138
13138
13136
13137
13125
13128
13135
13131
13127
13135
13139
13145
13142
13144
13145
13137
13139
13136
13137
13136
13131
13127
13125
13122
13136
13127
13134
13134
13134
13136
13134
13132
13138
13144
13139
13137
13136
13135
13138
13133
13135
13134
13129
13132
13127
13127
13136
13131
13129
13134
13129
13132
13135
13144
13135
13132
13138
13138
13140
13137
13136
13132
13131
13129
13134
13133
13133
13137
13132
13136
13138
13141
13136
13138
