13134
13142
13138
13137
13142
13137
13137
13146
13138
13138
13143
13141
13148
13150
13146
13143
13145
13143
13147
13138
13139
13130
13127
13129
13128
13123
13127
13125
13127
13129
13127
13133
13137
13139
13148
13138
13133
13138
13134
13136
13140
13133
13129
13130
13137
13135
13128
13136
13135
13141
13139
13139
13145
13141
13141
13142
13140
13144
13141
13150
13156
13152
13153
13147
13137
13139
13144
13136
13128
13123
13126
13133
13132
13122
13132
13120
13125
13133
13130
13135
13134
13133
13141
13137
13145
13135
13140
13144
13139
13137
13140
13133
13135
13138
13128
13126
13134
13130
13126
13131
13127
13130
13130
13136
13132
13133
13132
13129
13131
13133
13134
13139
13141
13138
13144
13131
13129
13132
13128
13132
13140
13133
13138
13135
13141
13134
13132
13141
13139
13130
13123
13119
13126
13132
13133
13133
13128
13134
13135
13137
13143
13137
13145
13151
13141
13143
13151
13140
13140
13140
13134
13133
13126
13122
13131
13126
13131
13139
13136
13129
13126
13130
13133
13132
13131
13130
13124
13131
13127
13127
13127
13126
13137
13133
13127
13130
13131
13134
13140
13137
13136
13138
13133
13131
13133
13131
13131
13132
13138
13133
13134
13138
13133
13131
13138
13133
13136
13143
13143
13147
13151
13152
13147
13138
13141
13137
13142
13142
13128
13126
13112
13117
13122
13130
13129
13132
13134
13136
13131
13139
13138
13142
13144
13142
13135
13138
13139
13138
13134
13134
13131
13141
13140
13126
13129
13122
13118
13116
13120
13121
13121
13121
13114
13120
13121
13129
13125
13129
13129
13125
13127
13132
13140
13133
13131
13135
13129
13135
13130
13131
13125
13121
13119
13129
13125
13128
13129
13130
13125
13126
13123
13132
13121
13121
13129
13128
13124
13132
13133
13137
13141
13143
13142
13138
13141
13138
13139
13132
13127
13132
13132
13132
13136
13133
13126
13131
13124
13133
13130
13125
13134
13132
13133
13145
13139
13142
13135
13133
13134
13134
13123
13123
13122
13126
13131
13131
13132
13133
13134
13141
13142
13147
13144
13145
13148
13140
13136
13136
13137
13139
13132
13128
13140
13136
13133
13132
13134
13140
13135
13138
13146
13151
13142
13152
13147
13149
13146
13145
13146
13147
13145
13152
13149
13140
13140
13133
13123
13132
13122
13131
13133
13135
13139
13143
13149
13140
13133
13138
13133
13133
13128
13119
13128
13125
13128
13137
13137
13138
13140
13139
13137
13134
13130
13133
13124
13125
13119
13119
13121
13125
13127
13133
13132
13125
13139
13139
13134
13133
13134
13142
13140
13133
13128
13126
13128
13121
13123
13123
13121
13126
13129
13136
13146
13137
13140
13139
13138
13142
13137
13137
13139
13137
13142
13142
13135
13135
13137
13146
13142
13138
13138
13138
13145
13140
13143
13133
13130
13137
13137
13141
13144
13147
13141
13143
13145
13132
13134
13134
13125
13124
13120
13125
13138
13131
13139
13137
13132
13129
13131
13126
13133
13144
13146
13153
13148
13148
13145
13140
13145
13142
13137
13139
13138
13135
13141
13130
13130
13132
13133
13131
13133
13140
13139
13143
13150
13145
13139
13136
13139
13135
13130
13122
13127
13115
13121
13125
13124
13123
13120
13130
13138
13142
13147
13149
13150
13155
13153
13129
12806
12285
11905
11508
11191
11017
10959
10933
10976
11035
11130
11222
11327
11420
11522
11607
11712
11791
11878
11959
12031
12102
12178
12229
12302
12344
12399
12442
12481
12523
12565
12601
12637
12662
12697
12721
12744
12775
12801
12812
12835
12857
12875
12894
12914
12921
12939
12910
12802
12733
12704
12685
12687
12693
12711
12723
12749
12761
12779
12803
12825
12838
12865
12875
12896
12912
12932
12943
12959
12966
12981
12993
13003
13006
13009
13019
13029
13035
13040
13040
13055
13061
13063
13077
13076
13067
13072
13067
13066
13079
13069
13081
13094
13093
13099
13105
13110
13105
13107
13112
13107
13113
13110
13107
13121
13127
13125
13115
13120
13122
13126
13128
13130
13130
13128
13138
13143
13137
13132
13128
13128
13129
13126
13135
13132
13124
13126
13125
13124
13125
13126
13126
13124
13120
13121
13121
13118
13115
13119
13122
13125
13123
13118
13117
13122
13132
13130
13132
13136
13137
13131
13133
13127
13131
13132
13133
13131
13131
13129
13124
13131
13137
13137
13145
13148
13137
13145
13133
13136
13141
13134
13138
13144
13145
13142
13145
13146
13127
13133
13138
13135
13142
13137
13140
13137
13141
13138
13138
13139
13136
13131
13137
13135
13132
13130
13136
13130
13131
13136
13132
13138
13137
13139
13143
13139
13132
13136
13133
13137
13142
13137
13135
13133
13132
13136
13139
13136
13126
13130
13134
13139
13142
13137
13137
13138
13134
13131
13132
13121
13119
13124
13128
13132
13125
13134
13139
13136
13133
13138
13133
13138
13140
13141
13141
13137
13135
13138
13137
13135
13139
13140
13140
13142
13140
13145
13142
13141
13141
13144
13145
13138
13135
13132
13130
13140
13127
13122
13122
13124
13133
13126
13138
13138
13136
13137
13140
13141
13140
13139
13139
13140
13138
13129
13137
13134
13128
13138
13135
13137
13140
13135
13139
13134
13134
13138
13141
13140
13134
13138
13144
13146
13146
13145
13140
13145
13134
13130
13128
13126
13132
13127
13136
13137
13137
13144
13144
13142
13135
13138
13124
13132
13130
13133
13133
13129
13127
13135
13128
13126
13129
13125
13128
13128
13125
13126
13139
13141
13134
13134
13139
13141
13136
13134
13130
13141
13135
13140
13141
13139
13140
13144
13148
13145
13146
13139
13143
13139
13143
13143
13147
13150
13153
13155
13154
13153
13152
13160
13152
13145
13147
13133
13139
13142
13137
13128
13126
13125
13129
13132
13128
13128
13126
13127
13126
13139
13132
13133
13128
13128
13132
13137
13136
13140
13143
13145
13139
13140
13138
13142
13138
13141
13143
13146
13149
13143
13138
13142
13133
13125
13132
13135
13132
13126
13128
13131
13129
13126
13130
13129
13127
13134
13138
13131
13135
13139
13130
13132
13130
13136
13137
13132
13130
13135
13141
13138
13139
13137
13136
13138
13134
13137
13138
13139
13141
13139
13131
13139
13124
13126
13127
13115
13113
13119
13128
13135
13138
13139
13139
13139
13139
13142
13133
13126
13122
13131
13131
13125
13130
13135
13133
13138
13137
13134
13138
13140
13139
13139
13142
13144
13132
13139
13143
13133
13135
13140
13140
13152
13147
13137
13147
13138
13146
13148
13141
13145
13149
13153
13153
13148
13146
13134
13138
13133
13128
13125
13122
13123
13133
13129
13132
13131
13132
13128
13134
13132
13137
13136
13140
13143
13138
13139
13136
