13136
13134
13146
13144
13147
13141
13138
13147
13144
13143
13139
13138
13134
13135
13132
13135
13128
13132
13137
13139
13137
13136
13149
13154
13148
13141
13147
13139
13140
13146
13139
13138
13144
13143
13143
13136
13141
13135
13138
13136
13129
13126
13122
13119
13131
13129
13125
13128
13132
13135
13136
13134
13128
13132
13132
13135
13133
13136
13137
13144
13142
13145
13144
13145
13138
13131
13135
13138
13135
13135
13132
13136
13135
13143
13141
13140
13139
13138
13142
13146
13143
13143
13142
13139
13143
13138
13137
13137
13138
13142
13140
13143
13143
13139
13139
13140
13140
13145
13142
13139
13147
13148
13147
13149
13137
13137
13135
13132
13134
13138
13125
13124
13123
13134
13133
13136
13133
13139
13138
13137
13139
13134
13140
13143
13150
13145
13142
13142
13140
13133
13130
13131
13136
13137
13139
13147
13140
13147
13150
13146
13142
13135
13134
13141
13132
13129
13142
13141
13137
13137
13131
13133
13135
13136
13142
13143
13142
13139
13136
13135
13131
13132
13120
13117
13125
13123
13123
13128
13135
13136
13134
13132
13131
13134
13147
13146
13142
13139
13144
13144
13148
13139
13137
13139
13132
13133
13135
13128
13125
13135
13134
13132
13129
13132
13129
13134
13142
13138
13133
13128
13126
13129
13120
13125
13133
13122
13122
13125
13132
13125
13123
13132
13125
13131
13130
13133
13121
13134
13139
13135
13133
13133
13129
13138
13136
13135
13142
13145
13142
13141
13142
13141
13147
13147
13150
13148
13147
13137
13127
13135
13135
13135
13135
13139
13151
13138
13135
13141
13139
13144
13140
13146
13141
13142
13134
13132
13133
13134
13134
13132
13134
13132
13132
13142
13137
13138
13134
13137
13140
13148
13148
13147
13148
13149
13145
13142
13142
13141
13132
13141
13139
13148
13146
13155
13154
13151
13145
13142
13141
13143
13138
13127
13128
13128
13130
13128
13127
13126
13133
13135
13143
13141
13142
13145
13139
13134
13136
13131
13121
13125
13123
13119
13125
13127
13118
13125
13128
13123
13132
13134
13135
13136
13131
13135
13139
13132
13133
13133
13133
13131
13132
13132
13131
13131
13133
13129
13125
13130
13133
13130
13126
13125
13127
13133
13131
13132
13140
13130
13130
13133
13122
13120
13116
13117
13117
13118
13119
13114
13117
13124
13131
13133
13136
13134
13137
13135
13135
13140
13134
13137
13136
13139
13133
13136
13136
13142
13143
13146
13146
13142
13142
13141
13137
13143
13141
13131
13136
13135
13139
13132
13121
13117
13126
13125
13127
13136
13136
13138
13137
13141
13134
13140
13138
13132
13138
13132
13134
13137
13131
13133
13137
13129
13130
13137
13133
13135
13133
13136
13132
13131
13133
13136
13137
13141
13132
13124
13133
13130
13128
13138
13131
13133
13133
13127
13131
13133
13134
13133
13132
13133
13138
13142
13143
13145
13148
13135
13131
13134
13129
13129
13131
13133
13137
13137
13134
13136
13135
13137
13135
13132
13136
13134
13129
13133
13133
13127
13134
13128
13128
13136
13130
13138
13140
13133
13135
13132
13138
13132
13131
13136
13136
13137
13131
13121
13128
13123
13130
13137
13134
13134
13139
13134
13137
13136
13140
13140
13139
13137
13145
13139
13135
13135
13135
13130
13123
12716
12077
11684
11344
11046
10690
10494
10430
10397
10434
10488
10596
10691
10818
10934
11062
11179
11301
11417
11537
11624
11725
11808
11893
11970
12054
12115
12190
12245
12305
12357
12404
12448
12491
12529
12571
12596
12633
12667
12699
12717
12758
12773
12795
12817
12839
12860
12883
12896
12911
12924
12936
12948
12958
12969
12980
12987
13000
13011
13021
13023
13032
13035
13043
13045
13049
13053
13062
13066
13071
13083
13077
13084
13089
13094
13102
13094
13091
13100
13095
13099
13102
13096
13104
13107
13099
13104
13107
13111
13107
13110
13115
13110
13116
13125
13125
13129
13127
13129
13134
13128
13125
13129
13126
13126
13127
13134
13142
13137
13144
13141
13137
13128
13126
13117
13126
13130
13130
13133
13129
13132
13136
13138
13140
13140
13133
13132
13127
13137
13130
13134
13129
13124
13132
13128
13132
13134
13127
13133
13142
13132
13129
13135
13136
13134
13133
13139
13139
13140
13141
13151
13143
13143
13147
13142
13156
13151
13154
13148
13146
13140
13136
13132
13130
13134
13134
13128
13129
13125
13126
13130
13126
13130
13128
13138
13140
13141
13152
13147
13149
13145
13145
13149
13147
13148
13151
13149
13140
13139
13142
13145
13134
13134
13134
13123
13135
13137
13136
13142
13139
13138
13142
13136
13135
13140
13139
13145
13138
13137
13134
13128
13127
13127
13125
13125
13124
13128
13128
13127
13142
13136
13137
13141
13142
13143
13145
13146
13142
13144
13148
13148
13148
13154
13152
13143
13131
13127
13130
13132
13126
13122
13131
13127
13130
13135
13137
13139
13137
13134
13130
13129
13132
13136
13139
13138
13143
13138
13133
13131
13134
13122
13121
13127
13129
13131
13128
13129
13126
13130
13130
13129
13127
13131
13137
13128
13139
13141
13134
13138
13139
13137
13140
13129
13127
13134
13140
13136
13141
13137
13133
13134
13135
13133
13126
13125
13127
13127
13127
13124
13129
13123
13119
13125
13124
13130
13132
13132
13132
13136
13136
13141
13133
13132
13135
13131
13131
13133
13138
13138
13137
13129
13135
13128
13129
13132
13137
13135
13139
13134
13134
13134
13130
13124
13128
13127
13137
13137
13134
13134
13129
13118
13113
13117
13117
13123
13122
13121
13117
13122
13129
13137
13134
13141
13134
13130
13137
13132
13128
13135
13130
13128
13136
13124
13125
13134
13133
13135
13131
13132
13138
13133
13132
13134
13138
13134
13138
13139
13141
13137
13134
13129
13128
13135
13126
13127
13128
13132
13136
13138
13133
13133
13130
13122
13126
13130
13127
13125
13127
13136
13130
13130
13128
13118
13122
13128
13122
13131
13130
13129
13135
13131
13124
13124
13123
13123
13123
13125
13128
13130
13129
13131
13126
13135
13133
13136
13136
13132
13135
13134
13128
13132
13123
13128
13127
13132
13134
13137
13136
13140
13141
13133
13138
13124
13125
13130
13134
13137
13139
13140
13136
13138
13135
13134
13138
13134
13134
13137
13142
13140
13142
13138
13138
13140
13145
13141
13142
13142
13142
13139
13133
13132
13131
13128
13133
13132
13128
13132
13136
13140
13136
13123
13129
13125
13124
13130
13131
13122
13132
13139
13140
13144
13137
13141
13136
13138
13144
13140
13141
13135
13141
13140
13143
13154
13153
13144
13142
13135
13135
13128
13125
13137
13131
13142
13153
13142
13140
13131
13129
13135
13132
13132
13146
13140
13142
13139
