13141
13145
13144
13147
13147
13143
13140
13139
13136
13134
13135
13143
13149
13147
13145
13145
13138
13142
13144
13140
13137
13140
13144
13150
13151
13142
13150
13140
13134
13138
13134
13138
13145
13140
13142
13142
13143
13132
13133
13137
13142
13138
13134
13134
13136
13129
13126
13131
13135
13132
13131
13133
13138
13148
13147
13146
13134
13139
13135
13134
13138
13138
13137
13146
13149
13144
13147
13144
13142
13140
13139
13129
13129
13122
13122
13123
13119
13115
13118
13122
13118
13125
13120
13122
13137
13137
13133
13140
13136
13138
13135
13136
13128
13120
13122
13123
13124
13126
13132
13126
13130
13130
13127
13137
13140
13138
13145
13133
13130
13141
13137
13136
13139
13138
13131
13136
13134
13130
13129
13127
13118
13116
13118
13115
13123
13117
13115
13122
13125
13135
13134
13135
13135
13134
13140
13144
13137
13137
13137
13132
13138
13137
13131
13138
13141
13135
13144
13140
13140
13148
13146
13148
13151
13147
13150
13147
13152
13149
13149
13143
13135
13133
13133
13136
13140
13133
13131
13130
13132
13134
13135
13134
13123
13125
13123
13131
13127
13134
13135
13134
13135
13131
13122
13131
13130
13133
13133
13127
13127
13139
13131
13132
13127
13130
13126
13138
13132
13139
13135
13137
13138
13136
13136
13133
13140
13142
13142
13146
13143
13128
13124
13115
13114
13119
13121
13127
13121
13119
13120
13122
13125
13129
13121
13131
13127
13125
13128
13124
13126
13131
13128
13127
13120
13126
13137
13139
13141
13139
13138
13147
13144
13149
13142
13132
13132
13128
13127
13125
13124
13120
13121
13116
13119
13123
13124
13126
13125
13134
13134
13132
13137
13137
13131
13144
13138
13131
13134
13127
13130
13136
13133
13133
13134
13138
13135
13138
13139
13142
13148
13143
13134
13137
13135
13129
13134
13130
13121
13123
13131
13130
13129
13131
13124
13122
13122
13123
13114
13122
13127
13130
13127
13133
13122
13133
13137
13139
13146
13140
13135
13144
13134
13138
13141
13144
13141
13135
13133
13133
13134
13136
13136
13136
13132
13128
13127
13125
13125
13129
13126
13123
13115
13118
13120
13122
13128
13122
13124
13132
13130
13138
13140
13141
13136
13145
13137
13134
13140
13139
13141
13143
13130
13125
13129
13127
13124
13125
13126
13124
13125
13129
13131
13132
13130
13134
13133
13127
13121
13118
13121
13125
13126
13120
13131
13133
13135
13134
13128
13137
13136
13135
13144
13148
13143
13149
13138
13139
13139
13135
13129
13136
13130
13131
13137
13146
13142
13144
13143
13139
13137
13148
13150
13143
13147
13139
13145
13136
13128
13129
13131
13129
13127
13128
13125
13124
13118
13128
13125
13127
13134
13133
13137
13130
13127
13132
13129
13127
13126
13129
13124
13129
13121
13117
13122
13121
13123
13126
13125
13120
13125
13132
13134
13129
13136
13131
13140
13144
13136
13142
13138
13144
13147
13145
13151
13146
13141
13140
13138
13138
13136
13137
13136
13138
13138
13138
13138
13126
13126
13129
13119
13129
13133
13135
13139
13135
13135
13145
13144
13142
13141
13154
13141
13137
13138
13137
13143
13141
13135
13139
13126
13135
13135
13137
13138
13139
13137
13142
13128
13126
13125
13131
13136
13136
13028
12241
11418
10764
10341
10100
9988
9955
10015
10090
10228
10346
10506
10638
10798
10924
11069
11188
11316
11417
11523
11619
11725
11812
11900
11885
11901
11927
11970
12009
12063
12115
12170
12219
12277
12331
12378
12413
12464
12507
12548
12590
12621
12645
12685
12706
12740
12767
12779
12802
12829
12851
12871
12887
12909
12918
12941
12948
12965
12979
12977
12989
13000
12997
13006
13009
13013
13022
13033
13045
13054
13056
13055
13064
13067
13075
13070
13072
13077
13078
13083
13085
13086
13084
13095
13097
13098
13102
13095
13098
13103
13099
13103
13105
13107
13101
13116
13119
13113
13126
13125
13123
13131
13130
13126
13127
13125
13125
13123
13131
13126
13123
13129
13130
13123
13124
13122
13118
13123
13125
13121
13120
13118
13123
13130
13123
13123
13138
13135
13137
13148
13144
13141
13139
13136
13133
13137
13136
13139
13148
13149
13141
13142
13136
13140
13132
13134
13134
13127
13129
13126
13124
13137
13143
13147
13146
13144
13140
13144
13147
13141
13146
13147
13139
13142
13133
13127
13124
13125
13122
13123
13123
13126
13133
13126
13124
13124
13121
13117
13115
13123
13124
13134
13132
13125
13130
13134
13138
13135
13140
13136
13141
13142
13142
13133
13132
13133
13135
13140
13142
13133
13138
13132
13125
13134
13136
13134
13138
13143
13141
13138
13138
13137
13137
13141
13138
13136
13136
13135
13139
13139
13137
13134
13135
13143
13143
13138
13138
13137
13141
13135
13140
13137
13143
13142
13141
13133
13132
13143
13147
13146
13144
13139
13131
13142
13132
13128
13132
13138
13138
13134
13137
13132
13133
13140
13136
13142
13141
13134
13132
13133
13130
13132
13123
13125
13128
13126
13132
13135
13135
13128
13127
13137
13138
13129
13138
13135
13129
13126
13130
13127
13132
13137
13127
13132
13126
13119
13122
13124
13128
13124
13126
13127
13131
13142
13139
13136
13133
13137
13139
13135
13138
13146
13139
13133
13138
13135
13134
13129
13127
13126
13123
13125
13131
13124
13129
13128
13130
13131
13126
13126
13133
13128
13130
13134
13123
13116
13124
13124
13132
13126
13126
13125
13127
13120
13123
13128
13138
13138
13139
13137
13132
13143
13139
13134
13139
13136
13133
13133
13139
13137
13143
13135
13143
13132
13132
13129
13132
13137
13136
13132
13136
13130
13122
13132
13131
13133
13132
13130
13129
13134
13134
13126
13128
13130
13121
13122
13124
13123
13127
13128
13124
13128
13127
13118
13119
13115
13121
13115
13123
13124
13133
13133
13136
13126
13130
13127
13117
13120
13113
13114
13120
13119
13119
13129
13123
13125
13132
13134
13134
13137
13133
13135
13129
13132
13124
13125
13124
13126
13127
13128
13127
13142
13138
13134
13128
13129
13130
13121
13120
13119
13117
13115
13128
13124
13124
13128
13134
13134
13140
13145
13150
13142
13140
13138
13138
13134
13133
13129
13129
13129
13134
13142
13138
13137
13142
13143
13148
13146
13145
13148
13150
13149
13149
13142
13134
13133
13133
13126
13127
13127
13130
13128
13135
13127
13132
13127
13119
13125
13132
13130
13142
13137
13137
13140
13132
13132
13135
13137
13141
13151
13149
13145
13147
13149
13141
13138
13144
13135
13138
13136
13126
13129
13124
13125
13135
13133
13141
13143
13142
13154
13150
13150
13149
13139
13145
13141
13134
13136
13133
13135
13142
13138
13137
13141
13132
13126
13134
