13141
13137
13142
13142
13143
13145
13136
13133
13127
13124
13123
13121
13113
13115
13120
13122
13129
13129
13128
13120
13126
13122
13128
13129
13129
13126
13118
13125
13123
13123
13122
13130
13116
13121
13122
13124
13127
13123
13120
13122
13114
13114
13119
13126
13124
13129
13133
13134
13139
13133
13136
13142
13147
13138
13142
13135
13130
13136
13129
13133
13136
13130
13130
13136
13135
13136
13137
13134
13138
13137
13137
13137
13138
13139
13142
13133
13141
13139
13134
13143
13142
13131
13136
13131
13131
13138
13134
13132
13134
13138
13132
13134
13140
13131
13133
13138
13140
13139
13134
13130
13133
13138
13137
13143
13141
13143
13146
13137
13138
13133
13135
13138
13131
13140
13136
13132
13129
13132
13122
13123
13121
13122
13126
13123
13121
13132
13132
13139
13141
13137
13134
13133
13131
13143
13139
13145
13140
13136
13139
13133
13139
13136
13128
13130
13130
13130
13119
13118
13126
13128
13126
13128
13121
13126
13124
13125
13136
13138
13140
13144
13141
13141
13141
13137
13125
13132
13134
13137
13129
13136
13138
13138
13133
13133
13137
13140
13136
13135
13132
13124
13127
13116
13125
13127
13126
13135
13132
13136
13137
13133
13132
13142
13134
13138
13131
13132
13126
13127
13129
13136
13127
13125
13132
13131
13133
13138
13136
13136
13136
13135
13139
13133
13133
13133
13129
13130
13129
13132
13130
13133
13138
13132
13136
13136
13139
13136
13141
13141
13143
13140
13152
13154
13149
13148
13152
13141
13148
13143
13151
13158
13154
13156
13163
13155
13149
13147
13138
13140
13154
13146
13142
13141
13138
13135
13130
13132
13133
13138
13138
13140
13148
13138
13139
13144
13144
13144
13139
13130
13131
13134
13126
13131
13127
13134
13131
13133
13142
13142
13144
13145
13140
13128
13141
13135
13139
13142
13135
13141
13147
13141
13133
13128
13127
13129
13127
13135
13119
13124
13126
13125
13132
13129
13133
13129
13128
13131
13125
13128
13126
13122
13121
13130
13123
13134
13130
13135
13133
13139
13136
13138
13141
13130
13141
13131
13134
13141
13137
13139
13136
13134
13134
13135
13137
13141
13140
13141
13140
13142
13140
13148
13145
13142
13146
13142
13143
13144
13138
13141
13146
13143
13143
13142
13139
13144
13139
13140
13142
13140
13135
13143
13137
13131
13138
13131
13129
13133
13130
13127
13130
13133
13134
13127
13136
13135
13126
13130
13129
13128
13134
13134
13133
13127
13134
13132
13129
13137
13132
13139
13142
13141
13144
13154
13143
13149
13150
13143
13141
13132
13130
13131
13128
13125
13138
13135
13133
13134
13132
13137
13134
13132
13128
13127
13131
13130
13126
13132
13131
13135
13133
13135
13132
13129
13127
13136
13139
13136
13133
13138
13134
13129
13129
13126
13119
13131
13135
13144
13146
13134
13133
13136
13132
13127
13131
13131
13129
13128
13121
13127
13128
13137
13139
13142
13143
13142
13138
13139
13131
13127
13129
13133
13145
13141
13143
13149
13142
13141
13139
13138
13141
13140
13140
13136
13122
13127
13125
13117
13122
13124
13126
13138
13137
13135
13145
13136
13133
13135
13126
13126
13128
13133
13134
13132
13123
13125
13129
13138
13133
13138
13136
13137
13148
13142
13143
13118
12725
12208
11821
11350
10993
10761
10660
10631
10667
10727
10838
10934
11054
11157
11282
11393
11502
11594
11698
11779
11863
11936
12017
12082
12157
12218
12270
12331
12388
12428
12473
12507
12546
12580
12620
12646
12672
12701
12736
12755
12789
12808
12833
12856
12874
12897
12901
12916
12933
12937
12949
12955
12966
12974
12987
13005
13009
13016
13027
13021
13027
13037
13040
13041
13046
13063
13070
13069
13069
13073
13071
13086
13089
13094
13096
13096
13102
13090
13092
13101
13102
13108
13111
13106
13112
13118
13119
13122
13123
13129
13134
13128
13124
13123
13130
13137
13129
13117
13127
13124
13128
13127
13127
13124
13120
13122
13124
13126
13127
13129
13131
13136
13134
13132
13126
13128
13131
13126
13126
13125
13116
13115
13123
13117
13119
13116
13125
13133
13125
13131
13137
13133
13136
13135
13127
13130
13124
13122
13129
13124
13128
13129
13117
13124
13124
13113
13116
13119
13122
13123
13126
13124
13121
13123
13127
13127
13130
13123
13123
13129
13130
13132
13130
13133
13137
13141
13140
13148
13140
13143
13142
13141
13144
13140
13135
13138
13127
13123
13126
13127
13128
13138
13129
13126
13120
13111
13118
13123
13129
13120
13125
13132
13137
13134
13134
13137
13148
13144
13137
13138
13130
13135
13131
13137
13137
13129
13132
13130
13121
13128
13125
13133
13128
13132
13123
13132
13136
13125
13134
13125
13119
13119
13111
13116
13121
13132
13149
13148
13152
13146
13147
13140
13140
13127
13132
13136
13144
13135
13131
13134
13129
13132
13132
13133
13130
13135
13130
13139
13133
13141
13139
13138
13142
13135
13129
13130
13128
13121
13135
13134
13133
13136
13134
13138
13144
13142
13142
13144
13142
13143
13142
13146
13142
13142
13141
13136
13134
13137
13141
13146
13156
13152
13147
13146
13144
13144
13141
13138
13131
13134
13136
13125
13124
13126
13127
13128
13129
13121
13120
13114
13119
13122
13126
13122
13125
13132
13139
13137
13132
13139
13136
13148
13140
13141
13142
13143
13149
13136
13134
13135
13133
13141
13139
13135
13129
13125
13133
13134
13136
13138
13136
13135
13139
13137
13136
13146
13138
13135
13137
13137
13138
13138
13135
13133
13131
13132
13129
13122
13118
13119
13124
13127
13131
13135
13132
13135
13142
13142
13142
13143
13139
13135
13130
13133
13132
13136
13139
13138
13130
13133
13132
13126
13130
13127
13128
13135
13132
13133
13139
13133
13135
13135
13127
13132
13140
13135
13138
13140
13144
13138
13135
13136
13132
13127
13125
13125
13132
13125
13126
13136
13142
13138
13144
13140
13141
13140
13141
13151
13139
13139
13142
13135
13134
13134
13126
13136
13124
13125
13130
13127
13134
13132
13129
13136
13138
13133
13132
13132
13132
13136
13134
13144
13136
13135
13130
13133
13139
13130
13126
13134
13132
13132
13133
13134
13139
13138
13137
13135
13131
13131
13125
13127
13129
13129
13129
13133
13126
13124
13134
13128
13131
13139
13138
13140
13140
13137
13133
13135
13138
13132
13138
13142
13147
13141
13137
13140
13144
13142
13140
13140
13138
13140
13137
13134
13134
13126
13125
13132
13126
13134
13135
13138
13142
13136
13135
13133
13131
13129
13141
13137
13139
13139
13142
13142
13147
13150
13151
13146
13152
13142
13146
13148
13142
13140
13142
13137
13145
13138
13134
13135
13125
13129
13126
13123
13126
13131
