13113
13114
13106
13106
13106
13117
13121
13123
13122
13133
13138
13137
13140
13136
13130
13137
13138
13135
13145
13136
13134
13138
13134
13132
13127
13127
13134
13135
13139
13136
13134
13137
13135
13139
13139
13144
13148
13138
13132
13133
13131
13131
13126
13131
13133
13132
13134
13138
13142
13137
13134
13132
13127
13127
13127
13123
13119
13118
13127
13124
13126
13133
13125
13127
13123
13120
13117
13117
13121
13121
13125
13125
13121
13125
13131
13132
13141
13134
13134
13138
13139
13133
13138
13138
13131
13132
13131
13132
13123
13121
13125
13123
13130
13133
13130
13137
13136
13138
13139
13133
13135
13133
13124
13126
13131
13137
13138
13134
13130
13133
13135
13137
13131
13136
13141
13141
13151
13149
13148
13148
13143
13147
13147
13140
13144
13142
13146
13144
13144
13146
13141
13137
13141
13141
13146
13145
13137
13137
13143
13134
13132
13137
13129
13125
13131
13128
13123
13129
13121
13122
13126
13134
13129
13129
13123
13125
13136
13132
13134
13138
13137
13140
13144
13143
13136
13137
13136
13137
13126
13124
13124
13131
13134
13143
13145
13140
13137
13124
13140
13134
13127
13135
13129
13131
13126
13123
13119
13122
13126
13130
13123
13131
13131
13127
13128
13138
13145
13127
13133
13139
13140
13136
13127
13132
13139
13136
13134
13133
13128
13123
13124
13124
13128
13118
13131
13140
13133
13124
13130
13128
13132
13138
13132
13125
13126
13126
13134
13135
13138
13135
13134
13141
13137
13140
13145
13139
13151
13146
13143
13142
13142
13142
13148
13143
13141
13138
13135
13133
13134
13137
13135
13126
13127
13132
13133
13134
13129
13129
13135
13134
13128
13135
13134
13129
13127
13124
13131
13135
13130
13128
13129
13133
13131
13134
13134
13132
13140
13138
13140
13139
13135
13134
13139
13135
13131
13138
13140
13139
13133
13138
13142
13138
13144
13141
13134
13140
13133
13131
13141
13134
13130
13130
13123
13123
13124
13117
13117
13116
13120
13123
13124
13131
13124
13127
13133
13134
13138
13133
13135
13140
13133
13130
13130
13134
13134
13126
13127
13129
13133
13151
13144
13135
13137
13136
13133
13129
13121
13123
13127
13122
13125
13122
13118
13119
13120
13121
13126
13124
13128
13119
13125
13131
13126
13128
13125
13123
13132
13125
13119
13126
13124
13132
13133
13124
13127
13126
13122
13123
13120
13127
13119
13124
13131
13133
13132
13143
13139
13138
13138
13132
13136
13138
13140
13139
13136
13138
13142
13143
13147
13134
13132
13134
13131
13132
13127
13124
13132
13122
13125
13125
13132
13132
13130
13136
13136
13137
13138
13130
13119
13123
13125
13122
13129
13131
13129
13129
13128
13135
13148
13144
13142
13145
13138
13139
13139
13142
13143
13148
13147
13145
13140
13139
13141
13137
13136
13133
13141
13134
13132
13135
13137
13135
13134
13137
13127
13129
13122
13136
13127
13133
13133
13136
13133
13132
13132
13134
13125
13125
13128
13129
13123
13117
13117
13119
13121
13120
13129
13135
13140
13137
13134
13138
13132
13128
13125
13123
13118
13113
13114
13123
13129
13132
13135
13136
13134
13134
13130
13129
13126
13125
13128
13129
13131
13124
13125
13130
13128
13128
13127
13131
13133
13136
12894
12292
11783
11478
11317
11229
11167
11061
11053
11072
11140
11210
11303
11391
11502
11574
11616
11663
11733
11793
11864
11930
11999
12059
12131
12182
12183
12205
12244
12277
12325
12353
12393
12436
12477
12516
12564
12588
12627
12661
12693
12721
12745
12767
12788
12802
12827
12842
12871
12891
12909
12928
12942
12958
12972
12974
12982
12994
13006
13010
13009
13011
13022
13033
13039
13049
13045
13055
13060
13062
13068
13075
13080
13090
13089
13082
13090
13093
13091
13101
13100
13105
13111
13108
13109
13105
13106
13109
13108
13116
13111
13098
12969
12880
12828
12791
12782
12791
12799
12812
12830
12846
12863
12876
12896
12914
12919
12931
12947
12962
12976
12983
12999
13008
13015
13017
13024
13026
13036
13050
13046
13053
13065
13083
13085
13089
13083
13085
13089
13088
13091
13088
13085
13088
13100
13092
13102
13105
13112
13111
13112
13112
13109
13104
13110
13108
13104
13106
13109
13109
13106
13106
13108
13114
13113
13115
13124
13121
13121
13126
13122
13137
13144
13135
13135
13132
13134
13130
13131
13130
13133
13127
13121
13119
13127
13124
13124
13134
13131
13134
13137
13138
13143
13139
13144
13146
13141
13145
13145
13132
13131
13127
13130
13130
13132
13132
13133
13126
13123
13127
13121
13121
13133
13131
13132
13132
13132
13129
13128
13130
13134
13141
13145
13141
13146
13140
13140
13133
13122
13132
13128
13123
13126
13131
13122
13123
13124
13135
13143
13136
13131
13130
13135
13138
13130
13119
13132
13129
13132
13134
13136
13131
13135
13128
13126
13120
13120
13110
13119
13127
13130
13134
13136
13140
13149
13131
13125
13133
13132
13131
13132
13134
13136
13137
13137
13140
13133
13140
13137
13139
13138
13140
13137
13134
13123
13116
13125
13119
13117
13122
13117
13127
13126
13126
13125
13122
13122
13122
13118
13119
13124
13129
13127
13123
13121
13119
13125
13133
13134
13142
13142
13142
13139
13138
13137
13136
13132
13139
13147
13132
13125
13124
13129
13129
13126
13121
13118
13117
13113
13124
13121
13123
13133
13135
13134
13137
13138
13132
13127
13125
13130
13122
13124
13124
13134
13131
13130
13133
13137
13131
13128
13123
13129
13133
13130
13125
13129
13137
13132
13135
13139
13135
13134
13134
13120
13112
13121
13116
13112
13120
13118
13122
13120
13120
13121
13124
13123
13119
13119
13123
13122
13120
13125
13124
13134
13131
13141
13138
13145
13143
13149
13157
13148
13143
13142
13142
13140
13138
13140
13132
13137
13147
13139
13139
13134
13125
13138
13133
13136
13141
13140
13143
13145
13147
13143
13136
13138
13139
13141
13140
13142
13146
13137
13137
13141
13131
13133
13137
13134
13139
13137
13133
13132
13133
13128
13132
13129
13120
13118
13126
13134
13137
13134
13136
13130
13134
13142
13137
13142
13139
13137
13138
13131
13123
13124
13118
13118
13117
13128
13137
13124
13132
13136
13140
13142
13135
13133
13132
13127
13124
13123
13126
13128
13137
13129
13132
13130
13130
13134
13132
13129
13132
13136
13142
13137
13135
13136
13128
13132
13129
13129
13125
13131
13133
13130
13134
13134
13129
13132
13136
13132
13138
13141
13141
13141
13135
13130
13140
13136
13133
13135
13134
13136
13133
13135
13137
13127
13134
13135
13133
13135
13139
13138
13140
13140
13137
13140
13138
13137
13137
13135
13139
13138
13137
13137
13135
13131
13129
