13142
13141
13145
13149
13141
13134
13136
13138
13129
13126
13125
13119
13125
13132
13134
13136
13136
13131
13127
13128
13127
13128
13122
13129
13128
13138
13142
13135
13137
13134
13125
13125
13127
13129
13119
13128
13126
13133
13132
13134
13126
13132
13131
13127
13126
13131
13129
13134
13135
13133
13141
13129
13133
13134
13121
13115
13107
13107
13113
13120
13115
13113
13120
13126
13131
13136
13128
13128
13128
13128
13127
13123
13123
13126
13130
13137
13133
13133
13137
13139
13134
13138
13139
13138
13140
13139
13138
13142
13137
13139
13144
13136
13133
13135
13120
13122
13125
13125
13133
13135
13141
13138
13139
13140
13146
13143
13142
13141
13152
13154
13147
13147
13145
13137
13132
13122
13122
13129
13124
13127
13124
13128
13124
13130
13136
13137
13143
13146
13142
13140
13150
13143
13141
13141
13135
13126
13127
13133
13131
13139
13139
13136
13129
13131
13125
13131
13122
13126
13140
13135
13136
13146
13145
13138
13136
13139
13137
13136
13133
13139
13130
13126
13125
13121
13117
13128
13128
13138
13136
13137
13141
13138
13138
13140
13143
13138
13140
13139
13137
13140
13131
13124
13128
13133
13129
13128
13126
13130
13139
13142
13145
13145
13147
13153
13156
13158
13151
13155
13147
13156
13158
13160
13151
13146
13144
13147
13147
13147
13142
13140
13144
13137
13137
13137
13132
13132
13136
13138
13146
13142
13143
13146
13138
13135
13131
13124
13122
13114
13119
13121
13116
13119
13118
13119
13125
13128
13128
13133
13138
13139
13128
13130
13119
13121
13122
13122
13129
13135
13136
13134
13143
13138
13134
13143
13137
13141
13146
13143
13138
13140
13139
13133
13135
13138
13134
13132
13138
13144
13157
13144
13132
13137
13134
13140
13140
13129
13130
13123
13124
13133
13124
13126
13123
13122
13126
13129
13134
13134
13135
13137
13141
13137
13143
13150
13141
13139
13144
13147
13149
13147
13147
13142
13148
13145
13138
13142
13140
13139
13137
13131
13126
13126
13128
13139
13134
13134
13135
13130
13131
13133
13126
13130
13128
13130
13137
13130
13136
13137
13129
13124
13136
13124
13124
13129
13125
13126
13125
13121
13122
13120
13116
13111
13116
13124
13123
13122
13127
13129
13136
13125
13135
13137
13136
13139
13133
13134
13130
13127
13131
13136
13125
13121
13119
13118
13127
13122
13126
13134
13130
13124
13134
13138
13136
13138
13138
13145
13141
13144
13140
13138
13135
13135
13137
13139
13137
13141
13148
13147
13154
13146
13137
13140
13134
13146
13140
13136
13128
13130
13135
13134
13133
13135
13131
13135
13136
13136
13136
13136
13140
13135
13139
13136
13133
13142
13134
13134
13130
13122
13117
13121
13123
13122
13124
13127
13126
13132
13140
13134
13134
13130
13134
13142
13137
13136
13138
13133
13143
13147
13147
13146
13140
13136
13138
13136
13141
13142
13139
13137
13126
13126
13134
13120
13114
13119
13120
13125
13126
13127
13133
13128
13132
13136
13134
13138
13136
13131
13133
13134
13137
13132
13131
13137
13137
13133
13135
13132
13127
13131
13135
13138
13131
13140
13141
13137
13136
13135
13140
13138
13133
13129
13137
13127
13131
13133
13133
13132
13128
13128
13132
13136
13144
13141
13148
13144
13142
12883
12327
11618
11110
10810
10667
10608
10633
10679
10774
10869
10985
11079
11200
11298
11414
11517
11622
11713
11810
11887
11978
12054
12127
12183
12267
12315
12367
12411
12453
12493
12536
12576
12620
12650
12681
12704
12728
12756
12785
12800
12830
12848
12866
12877
12892
12910
12923
12941
12949
12965
12975
12980
12992
13006
13010
13021
13026
13037
13036
13043
13051
13057
13053
13060
13073
13078
13083
13085
13083
13081
13082
13087
13088
13096
13090
13089
13089
13096
13097
13110
13114
13119
13121
13106
13106
13114
13116
13119
13114
13115
13123
13122
13115
13116
13118
13128
13129
13124
13132
13131
13135
13140
13131
13129
13129
13118
13124
13131
13120
13126
13132
13125
13129
13128
13132
13131
13127
13131
13129
13133
13134
13136
13141
13139
13139
13145
13135
13126
13118
13128
13126
13123
13119
13125
13119
13127
13134
13125
13129
13137
13132
13139
13129
13124
13125
13126
13123
13129
13126
13129
13138
13136
13136
13133
13134
13130
13129
13129
13125
13125
13122
13120
13128
13126
13123
13134
13137
13136
13134
13138
13138
13143
13142
13150
13143
13145
13145
13143
13144
13138
13138
13141
13128
13123
13135
13133
13130
13135
13129
13136
13132
13131
13129
13136
13137
13134
13138
13134
13129
13137
13134
13137
13138
13133
13134
13132
13128
13131
13129
13134
13130
13137
13139
13138
13135
13138
13140
13138
13140
13140
13144
13149
13141
13140
13149
13145
13136
13135
13128
13136
13136
13134
13136
13140
13141
13139
13140
13139
13132
13132
13129
13137
13138
13134
13134
13136
13138
13142
13135
13133
13139
13138
13134
13132
13130
13132
13136
13142
13139
13137
13136
13136
13129
13131
13136
13132
13129
13136
13133
13136
13130
13126
13125
13132
13134
13136
13132
13142
13154
13157
13151
13149
13141
13133
13125
13132
13131
13124
13126
13134
13135
13138
13127
13132
13123
13127
13124
13125
13127
13138
13136
13138
13132
13133
13132
13129
13132
13132
13130
13130
13137
13137
13135
13136
13129
13132
13135
13135
13144
13139
13143
13142
13145
13138
13141
13141
13138
13137
13136
13140
13139
13141
13142
13140
13136
13137
13135
13138
13141
13133
13138
13139
13132
13130
13135
13136
13134
13138
13136
13136
13137
13138
13134
13126
13122
13118
13119
13116
13124
13128
13123
13125
13135
13123
13125
13126
13132
13130
13131
13136
13140
13140
13146
13144
13144
13139
13142
13137
13133
13139
13135
13132
13128
13128
13138
13146
13147
13145
13150
13141
13143
13145
13145
13144
13139
13136
13138
13136
13126
13126
13127
13122
13136
13134
13134
13137
13137
13138
13145
13140
13139
13130
13131
13132
13126
13122
13126
13119
13122
13118
13119
13124
13126
13130
13132
13122
13125
13129
13129
13123
13126
13134
13140
13140
13141
13136
13137
13135
13128
13132
13134
13128
13150
13142
13146
13143
13147
13147
13150
13144
13143
13142
13145
13146
13134
13139
13139
13139
13142
13142
13131
13135
13129
13124
13138
13133
13139
13142
13141
13141
13140
13135
13131
13126
13137
13129
13135
13136
13132
13132
13130
13125
13127
13127
13127
13129
13132
13132
13125
13131
13132
13131
13124
13121
13118
13128
13131
13132
13135
13132
13131
13143
13144
13141
13142
13140
13134
13139
13134
13136
13137
13139
13142
13147
13138
13136
13135
13142
13146
13143
13143
13134
13137
13125
