13128
13123
13124
13116
13121
13121
13118
13127
13135
13137
13132
13127
13123
13117
13121
13125
13124
13122
13118
13122
13129
13124
13121
13124
13122
13127
13118
13119
13125
13131
13139
13141
13134
13137
13139
13136
13135
13137
13141
13138
13133
13135
13140
13142
13140
13140
13135
13141
13141
13131
13134
13137
13138
13136
13137
13130
13132
13131
13137
13136
13132
13131
13129
13135
13139
13140
13140
13138
13142
13138
13137
13142
13136
13145
13149
13147
13142
13143
13131
13138
13130
13130
13128
13121
13118
13131
13124
13127
13126
13129
13132
13138
13141
13141
13139
13141
13132
13133
13136
13139
13145
13151
13140
13145
13136
13137
13141
13133
13131
13134
13131
13134
13129
13135
13134
13135
13135
13133
13136
13142
13136
13127
13135
13124
13125
13132
13130
13141
13145
13150
13142
13148
13144
13146
13144
13139
13135
13133
13133
13134
13137
13138
13138
13139
13137
13135
13126
13133
13140
13136
13142
13147
13135
13137
13146
13146
13145
13140
13147
13141
13142
13138
13144
13135
13136
13144
13139
13138
13131
13135
13135
13135
13135
13134
13129
13134
13136
13132
13134
13134
13138
13128
13125
13134
13133
13134
13123
13122
13125
13123
13124
13125
13121
13126
13125
13123
13127
13128
13131
13136
13133
13126
13132
13123
13128
13127
13128
13125
13123
13123
13119
13117
13119
13113
13123
13122
13123
13126
13127
13129
13130
13122
13123
13129
13116
13119
13115
13114
13120
13123
13124
13127
13125
13130
13136
13128
13138
13134
13136
13140
13131
13134
13140
13136
13141
13142
13129
13124
13121
13133
13130
13130
13126
13126
13122
13127
13130
13134
13139
13138
13149
13149
13147
13152
13149
13146
13144
13137
13135
13129
13126
13124
13129
13138
13133
13134
13135
13135
13130
13135
13124
13122
13127
13129
13131
13135
13136
13142
13140
13136
13136
13134
13133
13136
13133
13133
13134
13138
13142
13145
13152
13144
13139
13137
13142
13138
13136
13142
13137
13136
13135
13142
13131
13136
13130
13133
13132
13136
13135
13142
13135
13142
13139
13145
13135
13138
13125
13133
13125
13127
13127
13126
13119
13118
13123
13124
13120
13125
13127
13125
13134
13134
13127
13136
13132
13131
13128
13127
13127
13132
13127
13133
13129
13134
13137
13139
13138
13136
13131
13137
13134
13133
13140
13142
13139
13142
13133
13131
13128
13133
13134
13135
13125
13120
13126
13129
13130
13128
13128
13129
13128
13125
13126
13134
13134
13130
13125
13130
13129
13128
13133
13135
13131
13134
13131
13132
13129
13138
13137
13135
13127
13127
13139
13138
13128
13130
13123
13130
13124
13132
13135
13136
13138
13137
13134
13137
13130
13132
13139
13135
13137
13134
13136
13129
13129
13134
13131
13132
13127
13129
13137
13138
13135
13134
13143
13138
13141
13142
13142
13144
13134
13122
13130
13128
13132
13138
13139
13134
13134
13133
13131
13128
13132
13130
13126
13134
13135
13139
13135
13138
13145
13134
13129
13138
13140
13134
13132
13132
13137
13132
13127
13136
13137
13132
13142
13139
13137
13135
13137
13136
13131
13129
13137
13133
13131
13135
13131
13125
13131
13125
13133
13135
13127
13125
13125
13127
13128
13130
13117
13128
13134
13129
12895
12526
12137
11777
11501
11340
11280
11265
11296
11346
11427
11501
11587
11663
11751
11835
11918
11993
12070
12132
12219
12270
12330
12380
12434
12482
12522
12551
12584
12620
12646
12668
12701
12725
12754
12773
12797
12816
12850
12865
12884
12893
12908
12919
12931
12935
12956
12964
12974
12991
13001
13014
13033
13037
13042
13047
13052
13054
13059
13060
13066
13067
13070
13077
13077
13083
13078
13092
13101
13101
13103
13104
13103
13107
13102
13104
13102
13107
13108
13108
13112
13114
13115
13112
13111
13108
13111
13112
13120
13118
13114
13120
13125
13121
13121
13119
13125
13119
13124
13123
13123
13123
13123
13130
13127
13129
13131
13124
13128
13139
13139
13145
13142
13140
13142
13145
13137
13135
13141
13140
13133
13137
13132
13131
13130
13137
13134
13138
13140
13136
13142
13147
13151
13153
13151
13149
13145
13146
13138
13132
13135
13126
13116
13118
13115
13115
13123
13120
13122
13125
13127
13124
13124
13124
13123
13122
13120
13122
13137
13125
13123
13127
13131
13136
13132
13137
13135
13134
13132
13131
13116
13115
13118
13118
13122
13118
13121
13130
13129
13135
13144
13133
13134
13141
13142
13133
13138
13130
13132
13131
13124
13121
13113
13121
13121
13129
13124
13125
13138
13135
13138
13143
13145
13157
13149
13140
13135
13131
13130
13137
13129
13133
13127
13127
13126
13122
13112
13121
13117
13116
13126
13129
13129
13138
13145
13142
13143
13135
13140
13133
13128
13129
13131
13134
13138
13136
13129
13126
13126
13122
13119
13124
13130
13133
13132
13125
13120
13121
13122
13125
13124
13137
13142
13141
13143
13147
13142
13144
13137
13132
13139
13137
13142
13145
13148
13138
13139
13143
13141
13138
13144
13142
13141
13140
13132
13133
13129
13133
13141
13135
13131
13143
13147
13147
13137
13131
13135
13136
13137
13140
13140
13142
13131
13126
13123
13129
13136
13138
13134
13134
13134
13124
13125
13127
13125
13128
13129
13126
13126
13128
13125
13129
13129
13132
13130
13129
13124
13125
13134
13130
13127
13126
13125
13127
13121
13121
13127
13120
13127
13137
13132
13138
13140
13144
13144
13140
13137
13146
13150
13142
13148
13139
13137
13138
13140
13139
13134
13135
13137
13131
13126
13129
13128
13138
13140
13140
13141
13142
13146
13140
13141
13130
13131
13131
13135
13138
13137
13142
13135
13133
13130
13130
13133
13130
13130
13134
13130
13142
13140
13134
13144
13149
13149
13154
13151
13147
13142
13137
13137
13144
13137
13131
13140
13139
13137
13140
13138
13134
13149
13138
13131
13136
13129
13122
13122
13123
13126
13122
13134
13142
13145
13144
13149
13141
13144
13141
13138
13138
13132
13128
13134
13128
13127
13130
13133
13131
13137
13132
13134
13142
13142
13138
13144
13144
13144
13145
13150
13143
13140
13135
13130
13132
13134
13135
13137
13136
13140
13140
13137
13137
13131
13143
13142
13139
13136
13137
13132
13134
13132
13132
13142
13139
13135
13141
13140
13140
13139
13140
13144
13140
13144
13139
13139
13143
13142
13139
13139
13132
13139
13135
13132
13135
13128
13127
13132
13128
13128
13129
13125
13131
13123
13123
13129
13126
13139
13143
13145
13147
13149
13146
13144
13141
13137
13138
13137
13136
13145
13144
13142
13136
13137
13134
13136
13131
13125
13131
13134
13131
13141
13138
13138
13144
13139
13143
13143
13132
13127
13126
