13140
13138
13135
13135
13138
13135
13131
13133
13131
13127
13125
13125
13117
13121
13124
13129
13129
13136
13138
13140
13140
13134
13131
13133
13127
13127
13125
13122
13133
13126
13125
13125
13125
13124
13121
13133
13130
13130
13124
13137
13128
13131
13127
13128
13126
13130
13131
13143
13140
13141
13150
13146
13138
13139
13138
13147
13149
13148
13145
13141
13142
13138
13137
13137
13124
13119
13116
13117
13125
13123
13124
13133
13130
13127
13127
13123
13126
13130
13134
13136
13131
13131
13137
13131
13131
13135
13144
13151
13141
13143
13150
13153
13148
13148
13141
13145
13145
13138
13123
13130
13128
13122
13126
13129
13128
13134
13128
13126
13134
13127
13130
13130
13126
13130
13131
13132
13136
13139
13141
13143
13142
13142
13136
13139
13134
13133
13126
13130
13121
13121
13135
13134
13135
13149
13146
13146
13149
13148
13149
13147
13152
13152
13150
13142
13144
13145
13141
13140
13141
13137
13131
13132
13133
13126
13129
13135
13131
13132
13131
13135
13134
13130
13123
13123
13122
13122
13121
13132
13129
13124
13127
13118
13122
13124
13129
13130
13130
13131
13128
13132
13135
13139
13132
13134
13133
13134
13138
13137
13140
13133
13134
13134
13128
13128
13130
13131
13136
13129
13132
13129
13125
13126
13126
13117
13122
13123
13120
13125
13115
13121
13133
13127
13128
13126
13126
13134
13136
13141
13138
13137
13132
13122
13126
13125
13130
13128
13130
13130
13134
13136
13137
13138
13138
13138
13132
13138
13143
13141
13142
13152
13147
13150
13143
13139
13141
13145
13136
13140
13137
13135
13137
13134
13125
13133
13127
13136
13133
13135
13129
13139
13139
13133
13132
13132
13129
13132
13134
13130
13140
13135
13137
13143
13138
13138
13143
13130
13126
13128
13127
13139
13135
13137
13141
13133
13136
13138
13135
13134
13132
13129
13137
13131
13132
13140
13141
13144
13146
13142
13141
13137
13138
13133
13131
13136
13134
13129
13130
13130
13138
13136
13132
13132
13131
13129
13124
13124
13125
13129
13117
13120
13115
13122
13123
13127
13128
13131
13136
13132
13124
13113
13127
13115
13112
13115
13109
13122
13131
13124
13128
13130
13126
13121
13125
13130
13124
13125
13129
13134
13136
13128
13130
13139
13138
13142
13140
13140
13139
13141
13141
13144
13132
13137
13135
13137
13140
13138
13140
13144
13138
13138
13147
13138
13133
13141
13144
13141
13136
13132
13127
13134
13131
13137
13138
13138
13137
13146
13139
13139
13141
13138
13136
13139
13136
13137
13133
13137
13142
13137
13142
13148
13147
13152
13151
13150
13134
13131
13127
13134
13121
13121
13131
13135
13135
13144
13136
13139
13135
13139
13137
13134
13139
13141
13145
13140
13141
13147
13140
13134
13135
13133
13131
13133
13138
13134
13140
13137
13137
13138
13131
13133
13134
13143
13144
13137
13141
13137
13144
13143
13135
13134
13138
13130
13130
13133
13128
13127
13134
13135
13134
13129
13135
13133
13134
13137
13140
13134
13140
13144
13151
13150
13142
13140
13136
13133
13136
13050
12952
12901
12869
12847
12838
12833
12845
12853
12868
12881
12898
12921
12926
12929
12942
12950
12961
12977
12983
12953
12829
12768
12738
12705
12689
12677
12684
12680
12321
11710
11314
11083
10989
10945
10982
11022
11105
11187
11292
11382
11486
11575
11665
11746
11836
11914
11995
12055
12127
12192
12264
12317
12370
12409
12467
12508
12544
12577
12612
12645
12680
12700
12734
12751
12777
12797
12820
12834
12856
12875
12897
12909
12922
12929
12934
12951
12957
12963
12975
12994
13002
13018
13023
13038
13036
13043
13046
13049
13053
13061
13069
13074
13060
13068
13078
13078
13089
13097
13093
13097
13105
13104
13107
13112
13110
13118
13127
13126
13119
13122
13123
13117
13127
13116
13115
13113
13119
13117
13116
13116
13116
13122
13120
13125
13125
13125
13123
13118
13113
13110
13113
13120
13121
13111
13126
13125
13122
13118
13112
13111
13114
13118
13130
13123
13124
13127
13126
13126
13122
13122
13125
13126
13134
13129
13124
13132
13131
13140
13135
13134
13135
13135
13130
13130
13126
13133
13131
13123
13128
13122
13120
13134
13126
13129
13131
13125
13126
13132
13127
13135
13135
13135
13139
13137
13142
13141
13143
13138
13140
13140
13141
13137
13134
13129
13128
13132
13128
13127
13129
13133
13136
13138
13138
13140
13133
13138
13139
13137
13141
13142
13141
13142
13139
13133
13132
13129
13129
13132
13129
13127
13129
13136
13136
13133
13131
13130
13127
13127
13121
13125
13130
13130
13137
13131
13134
13136
13134
13123
13124
13127
13124
13131
13136
13137
13130
13127
13135
13138
13134
13131
13138
13138
13137
13139
13142
13135
13136
13137
13134
13140
13143
13139
13130
13128
13127
13133
13130
13139
13148
13146
13141
13142
13145
13148
13142
13148
13141
13139
13136
13140
13141
13138
13138
13140
13131
13132
13133
13129
13127
13132
13131
13133
13133
13131
13137
13136
13134
13134
13131
13134
13133
13138
13140
13141
13137
13136
13129
13133
13127
13125
13127
13122
13121
13117
13121
13122
13134
13133
13134
13133
13139
13137
13142
13141
13138
13135
13135
13132
13131
13133
13136
13132
13132
13133
13140
13140
13132
13133
13133
13139
13143
13140
13135
13136
13134
13130
13129
13128
13128
13121
13125
13131
13136
13130
13138
13148
13143
13145
13150
13148
13143
13143
13139
13142
13130
13132
13125
13130
13129
13127
13125
13123
13123
13121
13136
13136
13135
13140
13139
13137
13135
13129
13133
13133
13140
13135
13130
13140
13134
13130
13126
13130
13130
13123
13132
13140
13142
13139
13134
13130
13133
13131
13132
13134
13128
13138
13139
13140
13138
13140
13135
13139
13140
13138
13149
13140
13133
13135
13129
13131
13127
13127
13130
13128
13130
13127
13135
13132
13135
13136
13138
13140
13139
13134
13126
13135
13130
13127
13124
13130
13125
13128
13122
13129
13127
13125
13133
13138
13137
13136
13141
13145
13138
13138
13140
13138
13134
13140
13138
13136
13135
13136
13133
13131
13135
13138
13136
13136
13137
13130
13128
13131
13129
13124
13123
13127
13123
13126
13117
13118
13115
13129
13129
13129
13121
13133
13134
13133
13137
13133
13138
13139
13133
13136
13147
13138
13134
13137
13134
13133
13126
13127
13133
13135
13138
13130
13129
13138
13138
13136
13134
13130
13133
13128
13129
13135
13130
13126
13123
13123
13129
13130
13135
13137
13139
13147
13155
13142
13143
13139
13142
13145
13139
13137
13147
13138
13133
13143
13128
13127
13127
13123
13131
13137
13140
13140
13135
13145
13142
13144
13148
13146
13151
13150
