13134
13133
13143
13138
13136
13133
13137
13138
13146
13142
13152
13147
13143
13148
13138
13136
13142
13147
13146
13148
13143
13138
13136
13137
13134
13128
13132
13125
13123
13126
13124
13126
13123
13130
13125
13127
13134
13135
13130
13136
13131
13134
13131
13125
13133
13131
13132
13137
13141
13141
13147
13139
13134
13139
13138
13139
13132
13125
13125
13131
13131
13125
13129
13125
13119
13127
13128
13125
13129
13126
13126
13132
13131
13132
13127
13128
13131
13130
13135
13137
13132
13137
13140
13140
13153
13149
13152
13155
13148
13143
13144
13137
13132
13133
13128
13131
13135
13135
13128
13130
13130
13128
13129
13132
13139
13141
13140
13142
13144
13140
13132
13139
13136
13142
13142
13137
13134
13138
13137
13140
13133
13129
13122
13121
13130
13130
13131
13134
13125
13125
13134
13129
13120
13120
13128
13132
13131
13133
13126
13127
13135
13138
13134
13125
13121
13122
13119
13124
13125
13122
13129
13138
13136
13136
13130
13138
13137
13139
13135
13136
13122
13125
13128
13138
13142
13141
13140
13139
13137
13138
13142
13138
13139
13140
13136
13139
13139
13141
13133
13133
13138
13133
13133
13129
13129
13128
13121
13118
13120
13120
13127
13130
13130
13135
13131
13131
13134
13142
13147
13146
13140
13137
13135
13136
13136
13141
13144
13146
13138
13133
13136
13138
13133
13140
13142
13148
13149
13147
13139
13139
13142
13130
13130
13131
13129
13135
13131
13132
13133
13134
13126
13126
13127
13124
13128
13130
13136
13138
13131
13133
13126
13141
13137
13135
13133
13137
13134
13137
13128
13118
13123
13108
13111
13120
13121
13124
13122
13127
13122
13129
13125
13120
13123
13125
13134
13137
13134
13130
13132
13118
13123
13128
13125
13133
13135
13139
13136
13136
13139
13138
13131
13137
13126
13126
13132
13133
13137
13138
13141
13148
13155
13144
13138
13146
13147
13144
13142
13140
13138
13133
13135
13133
13129
13131
13133
13130
13135
13133
13137
13135
13141
13139
13131
13135
13126
13132
13126
13121
13120
13131
13122
13132
13137
13135
13134
13135
13133
13145
13137
13139
13135
13130
13127
13140
13130
13135
13135
13138
13137
13139
13139
13139
13143
13142
13140
13136
13133
13128
13130
13125
13131
13138
13138
13140
13143
13144
13144
13139
13139
13141
13140
13139
13144
13139
13134
13135
13131
13134
13130
13130
13135
13131
13133
13132
13128
13128
13129
13120
13124
13123
13123
13122
13119
13127
13135
13137
13143
13140
13141
13134
13140
13140
13137
13134
13132
13130
13129
13128
13121
13127
13125
13130
13131
13131
13118
12994
12918
12876
12839
12821
12818
12820
12836
12845
12851
12860
12876
12893
12907
12912
12917
12930
12949
12963
12971
12978
12990
13001
13023
13027
13035
13043
13040
13049
13045
13056
13057
13063
13063
13077
13071
13081
13084
13087
13089
13100
13102
13115
13118
13111
13120
13117
13111
13118
13110
13113
13115
13118
13121
13125
13125
13117
13121
13122
13119
13118
13114
13116
13125
13117
13118
13119
13115
13120
13117
13123
13123
13116
13122
13124
13113
13120
13120
13116
13119
13126
13126
13132
13126
13122
13128
13120
13124
13125
13126
13124
13126
13132
13127
13129
13131
13128
13132
13136
13130
13135
13135
13133
13097
12555
11790
11194
10721
10443
10327
10293
10310
10249
10293
10359
10461
10573
10710
10843
10986
11097
11223
11329
11454
11553
11664
11755
11840
11916
11991
12060
12141
12201
12255
12308
12366
12410
12454
12502
12544
12586
12618
12650
12685
12706
12734
12770
12790
12811
12828
12843
12858
12879
12902
12914
12926
12941
12958
12965
12969
12972
12984
12997
12999
13006
13020
13026
13032
13050
13047
13052
13063
13065
13073
13074
13077
13078
13083
13084
13087
13087
13087
13089
13098
13100
13105
13106
13106
13113
13113
13108
13109
13102
13108
13114
13106
13115
13112
13110
13116
13115
13116
13127
13120
13125
13127
13129
13122
13128
13119
13121
13121
13122
13115
13116
13115
13120
13117
13131
13129
13131
13135
13137
13143
13145
13141
13141
13131
13134
13132
13135
13126
13129
13131
13140
13132
13138
13136
13136
13127
13133
13126
13132
13122
13114
13126
13122
13121
13136
13133
13137
13135
13141
13142
13139
13143
13141
13142
13138
13124
13119
13119
13121
13125
13129
13123
13130
13125
13126
13121
13122
13117
13114
13115
13124
13121
13129
13131
13126
13125
13131
13124
13135
13131
13134
13138
13133
13136
13142
13137
13132
13140
13144
13142
13137
13135
13128
13128
13134
13129
13122
13129
13133
13136
13126
13120
13125
13122
13126
13123
13133
13137
13138
13142
13148
13139
13140
13142
13138
13136
13147
13144
13148
13150
13144
13148
13139
13129
13140
13136
13142
13144
13141
13131
13132
13140
13138
13134
13132
13126
13130
13129
13130
13133
13124
13134
13138
13143
13140
13140
13135
13135
13138
13132
13124
13120
13127
13134
13137
13132
13129
13129
13137
13139
13130
13136
13133
13133
13138
13132
13132
13131
13137
13134
13135
13138
13138
13139
13145
13142
13137
13141
13145
13149
13144
13135
13143
13139
13145
13143
13141
13134
13137
13129
13129
13113
13116
13125
13123
13135
13133
13138
13142
13138
13134
13137
13128
13124
13133
13131
13128
13130
13123
13125
13125
13128
13118
13132
13135
13138
13138
13135
13132
13132
13131
13130
13130
13130
13122
13124
13122
13124
13125
13127
13130
13129
13134
13133
13131
13129
13132
13127
13131
13122
13116
13131
13127
13125
13123
13120
13124
13123
13133
13130
13131
13131
13134
13133
13138
13140
13139
13138
13137
13145
13132
13140
13135
13130
13132
13139
13139
13143
13141
13139
13140
13134
13137
13139
13137
13139
13139
13140
13141
13143
13123
13133
13129
13129
13132
13124
13126
13131
13137
13137
13136
13134
13132
13135
13138
13129
13126
13119
13127
13135
13137
13132
13131
13132
13132
13142
13143
13141
13136
13135
13137
13130
13132
13130
13132
13127
13126
13128
13134
13128
13124
13136
13131
13131
13132
13128
13131
13128
13135
13141
13138
13133
13124
13128
13134
13130
13136
13134
13137
13146
13143
13144
13147
13141
13142
13131
13132
13129
13126
13134
13133
13134
13141
13142
13141
13136
13132
13129
13134
13137
13136
13143
13139
13135
13134
13130
13128
13122
13120
13126
13124
13127
13123
13128
13134
13131
13130
13121
13119
13126
13124
13113
13116
13126
13128
13133
13128
13129
13126
13123
13132
13128
13129
13133
13125
13135
13138
13141
13143
13138
13136
13136
13128
13127
13128
13129
13130
13139
13139
13140
13140
13135
13128
13126
13125
13133
13132
13126
13125
13131
13122
