13133
13135
13133
13134
13141
13149
13149
13149
13149
13145
13137
13136
13130
13132
13129
13133
13131
13134
13132
13131
13139
13138
13127
13139
13136
13128
13135
13134
13137
13138
13147
13141
13145
13144
13144
13141
13129
13134
13126
13132
13128
13131
13131
13135
13136
13132
13137
13142
13142
13134
13135
13130
13131
13115
12991
12917
12855
12836
12818
12817
12816
12826
12840
12856
12863
12878
12895
12907
12920
12931
12941
12955
12965
12974
12991
12996
13014
13019
13030
13038
13033
12934
12872
12827
12810
12799
12808
12822
12831
12848
12854
12867
12880
12892
12906
12925
12939
12952
12965
12970
12984
12991
13001
13008
13006
13010
13026
13020
13022
13041
13048
13052
13062
13068
13070
13075
13073
13080
13086
13098
13094
13100
13100
13097
13101
13094
13096
13100
13103
13107
13110
13112
13115
13116
13112
13115
13104
13105
13110
13113
13117
13122
13129
13130
13131
13131
13138
13128
13126
13137
13136
13138
13138
13137
13134
13132
13135
13134
13137
13136
13132
13131
13138
13139
13142
13140
13139
13139
13136
13131
13131
13137
13141
13139
13133
13137
13131
13141
13138
13133
13137
13136
13130
13136
13125
13125
13130
13130
13126
13127
13132
13130
13125
13132
13134
13133
13136
13127
13130
13138
13141
13144
13141
13146
13146
13141
13139
13143
13141
13138
13125
13130
13130
13136
13131
13134
13125
13129
13126
13116
13122
13130
13129
13133
13129
13128
13134
13134
13132
13132
13120
13127
13136
13145
13146
13142
13142
13139
13141
13135
13128
13123
13125
13127
13131
13128
13127
13136
13136
13129
13131
13133
13133
13132
13135
13138
13129
13136
13136
13133
13133
13134
13126
13128
13121
13126
13131
13126
13125
13126
13129
13132
13136
13128
13131
13133
13129
13125
13129
13129
13131
13133
13133
13131
13128
13126
13123
13127
13125
13126
13128
13124
13126
13124
13117
13126
13123
13122
13129
13128
13137
13139
13137
13139
13136
13136
13139
13136
13132
13128
13132
13136
13136
13141
13136
13137
13138
13132
13132
13137
13133
13133
13130
13129
13138
13129
13135
13136
13133
13135
13140
13141
13143
13146
13147
13146
13136
13139
13134
13128
13130
13122
13123
13125
13122
13123
13137
13134
13130
13126
13126
13133
13134
13134
13138
13138
13135
13143
13140
13139
13133
13134
13136
13138
13149
13137
13129
13139
13141
13139
13136
13132
13130
13128
13130
13136
13132
13132
13135
13130
13138
13140
13138
13138
13137
13127
13133
13131
13129
13136
13141
13148
13149
13142
13141
13144
13141
13137
13140
13141
13142
13143
13141
13140
13140
13138
13143
13150
13144
13132
13133
13131
13132
13132
13127
13122
13120
13138
13139
13141
13141
13143
13139
13141
13131
13129
13128
13128
13129
13138
13137
13138
13146
13140
13142
13144
13136
13134
13127
13130
13127
13134
13136
13140
13149
13142
13143
13147
13138
13138
13133
13128
13129
13129
13129
13132
13125
13132
13136
13132
13133
13129
13129
13132
13130
13131
13135
13123
13122
13132
13129
13130
13126
13136
13135
13140
13131
13126
13119
13125
13128
13133
13130
13127
13132
13127
13129
13134
13128
13131
13124
13125
13120
13124
13120
13126
13124
13124
13128
13132
13135
13144
13147
13147
13138
13138
13142
13051
12392
11471
10528
9869
9538
9362
9350
9383
9509
9633
9811
9976
10155
10314
10487
10589
10689
10785
10901
11021
11142
11252
11369
11471
11577
11662
11758
11840
11922
11997
12066
12133
12195
12260
12316
12360
12407
12450
12503
12433
12383
12367
12376
12386
12413
12431
12469
12497
12535
12571
12607
12636
12663
12691
12728
12754
12772
12785
12808
12823
12850
12871
12888
12908
12921
12941
12956
12974
12979
12988
13000
13009
13011
13020
13033
13044
13045
13045
13058
13061
13062
13074
13068
13071
13080
13084
13084
13083
13088
13086
13087
13090
13089
13099
13102
13110
13118
13117
13124
13127
13126
13123
13122
13119
13117
13122
13123
13117
13118
13112
13118
13123
13127
13119
13110
13118
13116
13108
13117
13115
13118
13128
13126
13127
13130
13130
13129
13129
13122
13126
13121
13129
13123
13131
13135
13127
13134
13134
13132
13138
13136
13136
13127
13123
13120
13124
13126
13124
13123
13132
13139
13121
13127
13127
13135
13147
13143
13141
13149
13138
13136
13137
13141
13144
13142
13137
13135
13133
13132
13123
13127
13122
13121
13125
13126
13136
13142
13133
13134
13138
13141
13138
13133
13137
13145
13153
13144
13138
13134
13141
13140
13142
13142
13143
13140
13145
13130
13131
13140
13141
13140
13138
13133
13134
13135
13133
13131
13132
13130
13131
13139
13137
13142
13141
13144
13140
13142
13134
13123
13138
13127
13122
13117
13120
13119
13127
13132
13133
13129
13129
13130
13128
13130
13126
13122
13131
13126
13130
13135
13126
13119
13126
13123
13123
13123
13125
13129
13125
13124
13122
13119
13130
13131
13122
13131
13130
13132
13124
13124
13122
13124
13138
13137
13138
13141
13138
13136
13135
13129
13133
13132
13132
13133
13130
13129
13131
13118
13121
13129
13127
13132
13127
13126
13130
13127
13133
13140
13133
13136
13136
13142
13142
13145
13141
13143
13137
13132
13126
13132
13132
13133
13133
13134
13135
13135
13137
13131
13127
13124
13133
13134
13129
13130
13128
13123
13122
13121
13120
13129
13124
13131
13139
13140
13138
13136
13138
13135
13138
13138
13136
13142
13141
13135
13138
13141
13147
13149
13146
13142
13145
13137
13139
13126
13125
13121
13122
13119
13121
13126
13127
13128
13134
13128
13130
13125
13133
13127
13121
13130
13125
13121
13128
13133
13140
13136
13137
13146
13140
13137
13135
13130
13132
13133
13135
13134
13132
13139
13131
13132
13131
13124
13131
13128
13123
13126
13127
13126
13130
13121
13123
13124
13124
13120
13115
13117
13129
13122
13114
13131
13128
13124
13133
13128
13130
13128
13134
13142
13138
13143
13135
13138
13136
13137
13130
13129
13120
13120
13106
13112
13120
13116
13121
13123
13122
13123
13121
13121
13133
13131
13135
13133
13126
13130
13136
13138
13144
13140
13137
13140
13137
13134
13134
13131
13133
13136
13135
13131
13132
13133
13133
13127
13132
13133
13132
13126
13125
13131
13129
13130
13134
13137
13137
13124
13128
13130
13139
13142
13143
13139
13138
13147
13141
13141
13138
13137
13142
13137
13142
13142
13134
13128
13132
13129
13122
13127
13135
13140
13139
13140
13138
13133
13136
13136
13136
13139
13131
13133
13131
13134
13132
13128
13134
13130
13133
13141
13138
13129
13133
13124
13128
13133
13129
13125
13131
13133
13136
13134
13122
13122
13124
13125
13128
