13121
13121
13122
13119
13124
13124
13123
13122
13125
13134
13124
13121
13124
13126
13132
13132
13127
13123
13126
13113
13122
13125
13121
13127
13126
13132
13137
13131
13138
13132
13134
13132
13132
13126
13126
13125
13127
13134
13132
13131
13129
13126
13129
13127
13129
13122
13122
13124
13125
13129
13127
13127
13135
13132
13133
13132
13129
13138
13145
13138
13133
13130
13122
13123
13125
13117
13126
13120
13117
13117
13121
13118
13121
13122
13124
13128
13123
13127
13127
13130
13131
13133
13130
13133
13140
13135
13132
13135
13130
13136
13134
13128
13126
13130
13130
13130
13121
13123
13126
13116
13118
13117
13122
13124
13129
13127
13128
13119
13121
13128
13125
13123
13125
13133
13136
13131
13137
13133
13131
13127
13130
13132
13135
13133
13134
13124
13125
13130
13132
13137
13136
13139
13146
13139
13146
13143
13139
13143
13152
13146
13155
13148
13145
13148
13144
13142
13144
13135
13136
13138
13138
13139
13134
13136
13131
13122
13121
13120
13117
13118
13115
13120
13122
13122
13126
13130
13127
13134
13135
13133
13130
13131
13134
13133
13130
13126
13120
13122
13119
13115
13119
13122
13125
13131
13128
13132
13136
13132
13136
13138
13139
13134
13134
13129
13125
13121
13129
13129
13126
13122
13126
13127
13128
13127
13142
13137
13133
13139
13131
13133
13130
13133
13140
13132
13131
13141
13138
13138
13137
13137
13139
13138
13141
13140
13140
13132
13138
13129
13128
13135
13128
13134
13136
13136
13141
13143
13150
13144
13141
13139
13132
13130
13134
13134
13140
13138
13133
13141
13135
13134
13134
13139
13137
13135
13134
13139
13139
13145
13138
13140
13137
13134
13136
13138
13138
13134
13138
13129
13121
13127
13122
13124
13130
13131
13125
13135
13140
13136
13132
13132
13134
13127
13137
13132
13139
13137
13139
13138
13139
13131
13125
13133
13133
13131
13131
13134
13134
13139
13140
13127
13123
13125
13136
13137
13133
13136
13134
13138
13130
13136
13130
13131
13126
13124
13129
13137
13139
13130
13128
13133
13133
13133
13134
13125
13130
13127
13132
13134
13132
13134
13139
13133
13136
13138
13142
13147
13149
13147
13145
13134
13133
13133
13133
13139
13129
13126
13130
13125
13128
13132
13134
13137
13134
13135
13135
13133
13135
13130
13134
13135
13138
13129
13129
13124
13134
13134
13133
13134
13135
13139
13134
13130
13123
13124
13129
13136
13136
13139
13137
13134
13134
13135
13132
13139
13142
13137
13149
13142
13142
13138
13139
13138
13142
13140
13134
13132
13132
13126
13124
13124
13123
13133
13134
13130
13135
13132
13137
13131
13127
13122
13121
13119
13127
13128
13130
13132
13125
13128
13127
13125
13130
13130
13130
13139
13139
13138
13146
13141
13135
13143
13135
13138
13138
13138
13141
13128
13130
13130
13128
13127
13125
13132
13119
13118
13127
13121
13120
13130
13127
13124
13128
13138
13135
13133
13122
13124
13126
13132
13124
13124
13129
13134
13135
13139
13135
13134
13147
13133
13132
13136
13137
13145
13140
13138
13141
13136
13141
13135
13141
13142
13137
13133
13128
13129
13134
13126
13126
13126
13124
13128
13132
13129
13130
13137
13143
13148
13144
13145
13148
13138
13137
13134
13136
13124
12817
12278
11700
11300
11087
10972
10950
10968
11040
11102
11200
11284
11388
11482
11586
11664
11767
11847
11938
12003
12081
12139
12209
12267
12327
12377
12427
12470
12516
12545
12581
12615
12648
12675
12707
12723
12752
12777
12802
12820
12845
12864
12889
12896
12906
12924
12933
12947
12964
12963
12977
12983
12999
13001
13007
13013
13022
13026
13028
13037
13044
13041
13038
13049
13056
13062
13069
13071
13077
13076
13078
13087
13093
13092
13098
13095
13097
13101
13104
13106
13105
13108
13109
13104
13107
13103
13103
13105
13112
13111
13113
13110
13112
13109
13113
13118
13121
13124
13128
13132
13139
13137
13137
13140
13138
13144
13141
13136
13125
13137
13138
13147
13133
13133
13134
13134
13138
13137
13131
13136
13131
13124
13134
13129
13128
13132
13122
13119
13131
13132
13139
13142
13145
13140
13142
13143
13142
13144
13138
13136
13133
13120
13120
13119
13122
13120
13115
13113
13118
13120
13117
13130
13126
13133
13134
13130
13135
13136
13135
13138
13139
13136
13145
13143
13146
13141
13129
13132
13125
13127
13124
13119
13127
13130
13125
13131
13127
13134
13137
13132
13136
13133
13130
13132
13133
13137
13138
13138
13137
13134
13135
13136
13124
13131
13134
13130
13135
13136
13133
13132
13122
13123
13133
13133
13132
13139
13133
13137
13134
13136
13137
13137
13137
13134
13137
13139
13136
13131
13135
13128
13133
13134
13127
13139
13136
13137
13125
13121
13124
13127
13122
13126
13122
13122
13121
13121
13126
13125
13128
13140
13135
13138
13147
13144
13139
13142
13129
13133
13129
13128
13131
13138
13140
13138
13142
13139
13137
13135
13137
13132
13137
13133
13135
13136
13135
13132
13130
13129
13125
13122
13022
12934
12880
12851
12833
12826
12832
12840
12853
12869
12882
12892
12911
12913
12921
12937
12949
12963
12969
12981
12996
13002
13013
13013
13024
13036
13042
13052
13054
13058
13072
13068
13070
13073
13071
13071
13070
13075
13081
13088
13087
13102
13099
13102
13108
13106
13107
13107
13108
13117
13113
13108
13104
13099
13102
13102
13105
13113
13117
13120
13118
13121
13120
13124
13128
13127
13124
13124
13130
13128
13133
13119
13123
13122
13121
13121
13126
13127
13127
13131
13133
13136
13142
13140
13144
13142
13142
13145
13137
13136
13128
13121
13133
13119
13115
13127
13120
13128
13125
13122
13124
13132
13129
13131
13137
13134
13132
13136
13130
13133
13136
13127
13130
13140
13142
13137
13132
13137
13133
13132
13129
13122
13120
13131
13130
13129
13134
13132
13133
13146
13141
13132
13126
13125
13124
13130
13133
13138
13134
13135
13136
13135
13133
13123
13129
13133
13134
13135
13133
13122
13127
13130
13137
13136
13140
13141
13139
13142
13145
13141
13140
13139
13138
13139
13141
13135
13131
13132
13121
13130
13122
13119
13126
13122
13119
13126
13131
13128
13131
13128
13129
13125
13123
13120
13129
13136
13134
13136
13137
13131
13141
13137
13135
13143
13147
13145
13139
13135
13132
13132
13133
13137
13134
13135
13133
13122
13125
13124
13118
13123
13120
13114
13123
13124
13122
13122
13124
13122
13123
13123
13130
13130
13135
13130
13130
13137
13135
13137
13136
13130
13139
13128
13124
13128
13134
13136
13131
13129
13131
13128
13129
13138
13136
13132
13126
13126
13128
13132
13134
13135
13129
13130
13128
13127
13128
13132
