13140
13144
13151
13143
13143
13140
13139
13143
13140
13138
13130
13133
13131
13126
13133
13139
13141
13140
13145
13143
13147
13140
13142
13144
13143
13137
13142
13136
13126
13124
13119
13126
13128
13126
13128
13127
13132
13125
13123
13132
13134
13134
13132
13133
13138
13138
13138
13132
13117
13127
13123
13125
13128
13136
13131
13131
13126
13122
13121
13125
13134
13137
13134
13145
13146
13145
13149
13142
13136
13137
13135
13129
13132
13133
13133
13132
13135
13139
13137
13137
13132
13132
13137
13136
13141
13138
13139
13140
13142
13138
13135
13128
13138
13135
13136
13138
13136
13136
13142
13137
13134
13138
13137
13144
13140
13142
13147
13145
13138
13140
13133
13129
13128
13132
13128
13130
13135
13126
13136
13138
13134
13135
13137
13133
13132
13125
13129
13133
13133
13132
13131
13136
13134
13134
13134
13145
13147
13147
13148
13147
13154
13144
13141
13143
13139
13132
13142
13139
13135
13144
13146
13144
13137
13140
13144
13139
13141
13138
13134
13145
13142
13140
13135
13137
13146
13137
13132
13131
13129
13134
13134
13127
13119
13122
13127
13130
13121
13130
13129
13133
13132
13141
13136
13137
13133
13130
13132
13124
13115
13122
13124
13128
13126
13116
13123
13123
13125
13127
13120
13122
13120
13126
13129
13133
13138
13133
13130
13141
13140
13145
13136
13142
13140
13146
13144
13141
13132
13134
13134
13131
13115
13118
13117
13125
13122
13125
13134
13132
13142
13157
13153
13151
13151
13151
13145
13142
13142
13137
13131
13129
13128
13117
13113
13116
13121
13122
13128
13135
13132
13140
13146
13146
13157
13159
13154
13151
13134
13136
13137
13135
13136
13143
13147
13152
13150
13146
13145
13139
13142
13139
13135
13132
13129
13129
13131
13131
13133
13132
13135
13138
13136
13133
13135
13135
13142
13132
13131
13138
13138
13136
13128
13130
13142
13135
13136
13137
13131
13140
13145
13134
13138
13137
13136
13144
13141
13136
13135
13134
13135
13144
13146
13141
13144
13137
13143
13141
13137
13134
13138
13137
13141
13134
13134
13132
13138
13136
13137
13138
13144
13146
13145
13147
13147
13144
13134
13141
13137
13141
13143
13141
13151
13155
13152
13152
13139
13132
13140
13133
13137
13134
13126
13127
13133
13129
13128
13128
13132
13132
13134
13140
13138
13137
13126
13125
13129
13120
13120
13124
13129
13130
13128
13126
13132
13126
13128
13129
13122
13120
13131
13134
13147
13148
13154
13151
13154
13151
13164
13157
13146
13147
13143
13140
13136
13133
13129
13123
13126
13117
13124
13123
13122
13128
13130
13131
13145
13135
13139
13141
13140
13143
13141
13138
13146
13144
13144
13144
13134
13137
13142
13138
13140
13144
13150
13148
13141
13137
13138
13138
13137
13142
13137
13131
13133
13132
13130
13128
13136
13126
13126
13127
13125
13132
13129
13122
13117
13112
13107
13107
13111
13117
13120
13135
13144
13147
13147
13141
13134
13140
13140
13133
13135
13133
13140
13135
13126
13128
13130
13132
13128
13132
13130
13132
13127
13121
13125
13120
13126
13123
13123
13132
13130
13132
13132
13133
13141
13137
13137
13140
13142
13147
13144
13145
13141
13147
13137
13144
13136
13145
13141
13133
13136
13139
13138
13148
13137
13127
12719
11865
11227
10566
10074
9811
9716
9704
9775
9861
10001
10134
10303
10455
10622
10753
10904
11036
11184
11294
11420
11501
11525
11562
11630
11686
11766
11838
11915
11982
12055
12116
12181
12232
12290
12338
12390
12431
12478
12514
12561
12591
12619
12646
12678
12702
12734
12756
12779
12802
12829
12847
12876
12900
12915
12927
12928
12943
12961
12962
12968
12987
12998
13007
13008
13019
13034
13036
13038
13048
13051
13059
13063
13066
13073
13076
13089
13098
13089
13090
13097
13096
13090
13089
13081
13091
13099
13106
13103
13109
13112
13113
13114
13114
13115
13113
13116
13122
13129
13122
13122
13128
13126
13126
13117
13115
13121
13127
13128
13127
13129
13131
13134
13132
13129
13127
13126
13125
13123
13120
13124
13123
13117
13118
13118
13114
13113
13116
13119
13124
13132
13133
13132
13134
13121
13134
13133
13127
13130
13123
13122
13134
13142
13149
13147
13145
13141
13146
13152
13146
13143
13138
13130
13137
13135
13131
13124
13128
13123
13126
13128
13126
13121
13125
13128
13130
13132
13130
13125
13134
13136
13138
13139
13131
13137
13137
13139
13138
13135
13135
13129
13134
13132
13127
13125
13126
13129
13131
13131
13135
13127
13137
13142
13143
13142
13140
13137
13141
13135
13122
13124
13123
13122
13126
13119
13124
13119
13123
13123
13122
13124
13120
13129
13135
13132
13136
13132
13122
13125
13131
13132
13140
13142
13145
13147
13139
13143
13140
13137
13139
13134
13133
13133
13138
13136
13141
13139
13144
13138
13132
13144
13137
13133
13139
13135
13135
13138
13140
13145
13138
13142
13138
13139
13136
13128
13127
13121
13118
13129
13125
13128
13128
13125
13128
13131
13127
13127
13132
13137
13138
13126
13137
13142
13131
13139
13138
13143
13158
13158
13150
13147
13139
13134
13132
13130
13128
13130
13124
13126
13135
13140
13138
13136
13125
13130
13129
13121
13120
13130
13126
13129
13128
13132
13133
13127
13127
13132
13132
13140
13149
13143
13141
13138
13132
13136
13132
13132
13140
13125
13121
13132
13125
13127
13133
13126
13124
13124
13130
13136
13133
13137
13134
13137
13149
13141
13149
13143
13143
13143
13139
13130
13138
13138
13140
13130
13134
13133
13134
13127
13129
13125
13122
13126
13128
13134
13131
13125
13134
13132
13127
13131
13122
13124
13130
13129
13122
13119
13120
13121
13133
13133
13130
13130
13134
13133
13132
13131
13134
13141
13136
13138
13132
13131
13129
13128
13133
13135
13134
13130
13134
13125
13133
13130
13136
13138
13142
13143
13142
13139
13133
13136
13133
13134
13140
13139
13141
13138
13141
13135
13127
13130
13120
13125
13130
13131
13133
13134
13129
13138
13135
13142
13140
13140
13137
13141
13140
13147
13142
13145
13146
13136
13140
13138
13133
13129
13122
13133
13138
13138
13138
13141
13140
13138
13136
13131
13136
13136
13139
13137
13137
13135
13131
13134
13136
13124
13126
13125
13133
13129
13126
13123
13129
13126
13127
13124
13127
13129
13126
13133
13133
13132
13136
13136
13129
13129
13124
13124
13136
13136
13137
13142
13134
13136
13141
13132
13138
13134
13136
13142
13145
13143
13147
13152
13149
13143
13141
13139
13138
13142
13131
13134
13129
13128
13136
13132
13132
13135
13125
13124
13132
13121
13125
13126
13119
13126
13126
13135
13138
13136
13135
13140
13138
13138
13138
