13130
13141
13138
13142
13143
13140
13139
13137
13129
13123
13126
13125
13129
13132
13139
13143
13137
13132
13142
13134
13133
13136
13128
13124
13123
13124
13129
13130
13131
13132
13134
13136
13135
13132
13135
13141
13145
13139
13140
13141
13142
13136
13131
13134
13138
13141
13139
13139
13133
13133
13134
13131
13134
13133
13127
13136
13139
13134
13139
13135
13128
13135
13134
13136
13133
13134
13135
13140
13151
13147
13139
13143
13137
13135
13135
13132
13143
13137
13135
13140
13136
13138
13131
13130
13129
13130
13129
13141
13133
13138
13133
13130
13133
13131
13131
13137
13134
13132
13136
13134
13132
13136
13134
13133
13131
13130
13133
13128
13124
13120
13125
13132
13127
13128
13130
13132
13134
13134
13129
13132
13130
13134
13129
13126
13121
13124
13124
13125
13117
13126
13124
13127
13121
13127
13131
13134
13133
13137
13143
13137
13130
13134
13127
13123
13122
13125
13123
13128
13134
13135
13131
13131
13135
13135
13137
13139
13137
13132
13130
13138
13142
13146
13133
13135
13132
13136
13143
13142
13139
13145
13145
13140
13140
13138
13139
13145
13136
13134
13140
13133
13134
13140
13131
13128
13126
13134
13140
13148
13145
13140
13142
13144
13133
13137
13134
13132
13138
13132
13131
13137
13137
13135
13131
13133
13131
13138
13136
13136
13136
13144
13143
13135
13136
13134
13134
13138
13134
13136
13136
13136
13137
13147
13135
13135
13129
13133
13132
13141
13145
13142
13143
13138
13141
13138
13131
13128
13138
13132
13128
13132
13127
13136
13141
13137
13137
13134
13135
13136
13135
13133
13134
13133
13139
13134
13137
13140
13136
13130
13141
13133
13135
13136
13134
13133
13134
13129
13129
13124
13127
13126
13127
13132
13134
13128
13125
13127
13137
13136
13131
13138
13138
13144
13144
13143
13142
13145
13142
13142
13140
13135
13138
13137
13139
13144
13141
13146
13142
13137
13137
13134
13133
13138
13130
13132
13134
13132
13137
13139
13141
13134
13134
13135
13136
13136
13140
13134
13145
13141
13142
13141
13143
13147
13141
13138
13142
13145
13141
13142
13139
13138
13134
13139
13134
13141
13141
13143
13142
13145
13151
13140
13140
13142
13141
13144
13137
13141
13146
13138
13133
13134
13134
13133
13133
13137
13132
13134
13141
13137
13137
13136
13131
13139
13136
13130
13134
13134
13135
13135
13133
13138
13143
13139
13138
13147
13146
13140
13133
13132
13132
13124
13124
13129
13126
13130
13123
13129
13130
13137
13133
13137
13136
13142
13143
13141
13141
13135
13143
13138
13134
13137
13135
13137
13131
13132
13134
13138
13140
13144
13142
13141
13141
13137
13132
13129
13134
13141
13137
13136
13142
13138
13141
13145
13140
13138
13130
13126
13123
13125
13128
13130
13133
13135
13131
13133
13123
13124
13128
13130
13123
13139
13131
13134
13139
13136
13139
13144
13142
13137
13136
13136
13136
13133
13140
13141
13143
13136
13129
13118
13124
13126
13125
13137
13134
13147
13140
13145
13146
13140
13137
13135
13126
13126
13127
13126
13124
13118
13133
13126
13127
13129
13131
13129
13135
13137
13135
13138
13133
13135
13135
13137
13127
13120
13118
13131
13133
13132
13128
13130
13138
13135
13142
13121
12747
12012
11476
11043
10768
10628
10602
10616
10690
10770
10875
10920
11007
11061
11047
11060
11116
11181
11283
11367
11464
11547
11650
11631
11641
11664
11719
11768
11825
11881
11957
12015
12092
12155
12207
12258
12330
12381
12428
12469
12509
12541
12576
12605
12635
12659
12702
12724
12753
12779
12801
12822
12843
12859
12873
12880
12894
12912
12918
12930
12941
12956
12956
12977
12989
13000
13009
13017
13029
13033
13038
13044
13050
13061
13065
13070
13088
13082
13087
13095
13094
13092
13095
13096
12985
12893
12839
12806
12790
12785
12782
12794
12806
12815
12832
12846
12862
12885
12906
12916
12930
12942
12956
12970
12978
12989
13004
13012
13016
13015
13021
13029
13032
13038
13037
13044
13061
13056
13061
13068
13062
13074
13084
13090
13093
13091
13098
13087
13082
13087
13096
13106
13104
13107
13116
13110
13116
13117
13114
13115
13115
13118
13121
13127
13116
13121
13119
13122
13123
13123
13122
13124
13119
13123
13123
13124
13133
13123
13118
13121
13120
13115
13128
13129
13129
13131
13132
13127
13124
13129
13133
13127
13126
13121
13131
13124
13118
13124
13120
13125
13124
13129
13133
13129
13125
13124
13123
13136
13142
13134
13140
13138
13140
13144
13141
13139
13143
13139
13124
13131
13132
13131
13131
13133
13125
13116
13121
13124
13133
13144
13139
13140
13133
13132
13136
13125
13129
13130
13125
13121
13115
13122
13125
13128
13131
13134
13131
13135
13135
13129
13128
13129
13130
13135
13136
13129
13137
13133
13129
13135
13135
13135
13127
13125
13126
13123
13132
13132
13139
13142
13139
13135
13139
13146
13149
13138
13135
13134
13132
13137
13134
13138
13134
13138
13133
13137
13128
13132
13130
13130
13126
13126
13134
13137
13134
13133
13139
13137
13137
13142
13141
13143
13146
13151
13149
13145
13145
13138
13141
13145
13143
13143
13142
13139
13136
13129
13130
13131
13126
13131
13126
13131
13134
13140
13129
13137
13128
13129
13130
13121
13119
13123
13131
13133
13139
13134
13135
13017
12932
12887
12855
12838
12839
12840
12845
12853
12870
12882
12898
12908
12924
12936
12935
12952
12962
12967
12981
12992
13006
13007
13011
13016
13024
13039
13046
13053
13052
13067
13069
13073
13072
13082
13088
13093
13093
13094
13100
13090
13086
13100
13102
13103
13100
13106
13112
13119
13128
13129
13120
13120
13118
13114
13118
13120
13122
13114
13119
13129
13132
13125
13130
13129
13126
13127
13119
13122
13116
13127
13130
13131
13132
13131
13140
13139
13138
13135
13140
13137
13135
13136
13126
13127
13131
13129
13130
13130
13130
13133
13137
13143
13133
13132
13130
13132
13138
13135
13133
13132
13123
13123
13122
13125
13118
13124
13121
13124
13119
13123
13126
13129
13130
13128
13126
13128
13131
13129
13141
13133
13126
13133
13129
13126
13124
13128
13126
13119
13121
13117
13117
13125
13120
13129
13130
13129
13124
13122
13120
13122
13123
13124
13126
13133
13123
13127
13120
13119
13118
13126
13129
13126
13131
13139
13133
13140
13142
13139
13150
13148
13150
13148
13149
13149
13151
13149
13143
13140
13135
13128
13132
13134
13133
13124
13127
13131
13128
13121
13120
13130
13126
13132
13122
13122
13126
13135
13125
13128
13117
13126
13125
13127
13131
13138
13141
13141
13137
13129
13137
13134
13127
13130
13138
13143
13141
13138
13134
13126
13124
13124
