13140
13138
13138
13133
13138
13132
13129
13132
13131
13129
13134
13131
13134
13131
13135
13139
13134
13132
13135
13132
13135
13127
13121
13121
13121
13122
13135
13129
13126
13137
13129
13132
13138
13136
13129
13122
13130
13122
13125
13128
13133
13130
13128
13135
13128
13116
13122
13123
13117
13113
13110
13113
13121
13117
13120
13118
13114
13119
13122
13117
13120
13119
13127
13139
13138
13137
13143
13137
13139
13133
13130
13124
13125
13117
13122
13127
13127
13125
13131
13135
13135
13143
13148
13142
13150
13143
13147
13145
13139
13135
13131
13131
13135
13137
13142
13141
13137
13136
13139
13125
13129
13128
13121
13132
13118
13108
13118
13115
13124
13130
13138
13137
13138
13135
13138
13130
13126
13126
13132
13139
13139
13142
13142
13143
13142
13138
13137
13138
13134
13132
13134
13134
13128
13131
13129
13129
13120
13131
13132
13132
13133
13131
13129
13137
13131
13127
13131
13122
13127
13128
13124
13129
13140
13139
13139
13142
13139
13137
13129
13134
13135
13134
13125
13123
13133
13126
13124
13127
13130
13137
13134
13131
13137
13132
13126
13131
13128
13130
13135
13135
13140
13140
13143
13150
13141
13139
13139
13135
13120
13134
13131
13135
13133
13141
13146
13140
13140
13140
13140
13143
13141
13132
13140
13136
13144
13139
13137
13135
13127
13124
13128
13125
13121
13123
13127
13126
13133
13137
13133
13132
13136
13138
13129
13140
13136
13136
13141
13137
13128
13136
13132
13137
13139
13140
13137
13139
13139
13135
13135
13132
13129
13134
13131
13130
13138
13128
13136
13140
13145
13147
13144
13148
13145
13140
13138
13133
13127
13133
13136
13129
13134
13132
13122
13130
13130
13134
13137
13132
13132
13132
13126
13124
13123
13121
13120
13125
13125
13130
13131
13127
13122
13125
13126
13125
13131
13124
13125
13129
13128
13129
13126
13128
13138
13133
13122
13125
13123
13142
13142
13138
13137
13132
13123
13128
13126
13120
13126
13123
13122
13129
13121
13123
13118
13126
13139
13137
13139
13133
13140
13145
13141
13139
13139
13134
13136
13128
13127
13128
13126
13129
13132
13131
13128
13124
13120
13130
13122
13125
13130
13137
13133
13138
13142
13144
13137
13134
13138
13140
13135
13133
13125
13124
13125
13128
13129
13124
13132
13134
13135
13131
13129
13127
13124
13124
13129
13122
13123
13126
13127
13127
13126
13127
13129
13133
13131
13136
13135
13138
13136
13138
13133
13137
13133
13137
13142
13140
13147
13141
13136
13140
13132
13125
13130
13133
13129
13134
13134
13127
13129
13132
13133
13138
13140
13138
13137
13131
13122
13126
13126
13131
13129
13127
13123
13127
13122
13132
13118
13126
13131
13141
13144
13147
13149
13155
13149
13142
13141
13137
13125
13130
13127
13131
13130
13136
13133
13133
13129
13132
13128
13131
13133
13137
13135
13138
13140
13138
13136
13141
13136
13141
13137
13133
13139
13139
13143
13145
13142
13147
13152
13149
13143
13139
13133
13142
13138
13132
13141
13136
13131
13142
13135
13134
13132
13132
13123
13126
13128
13126
13128
13132
13130
13132
13128
13133
13131
13125
13128
13126
13129
13134
13126
13132
13137
13135
13136
13135
13130
13125
13130
13129
13129
13134
13134
13132
13126
13130
13135
13076
12756
12495
12270
12066
11963
11908
11910
11919
11962
11999
12058
12103
12156
12204
12265
12316
12376
12424
12471
12508
12549
12591
12634
12662
12697
12717
12751
12775
12677
12602
12574
12559
12559
12576
12592
12620
12647
12662
12691
12712
12741
12767
12791
12812
12836
12857
12878
12894
12913
12926
12945
12958
12974
12975
12979
12982
12996
12991
13005
13009
13012
13015
13015
13023
13028
13034
13041
13052
13055
13061
13063
13068
13076
13079
13083
13088
13087
13089
13098
13097
13095
13106
13103
13102
13102
13106
13097
13091
13098
13102
13104
13111
13109
13122
13119
13116
13120
13122
13118
13119
13121
13125
13121
13122
13123
13130
13130
13133
13119
13115
13118
13116
13123
13119
13118
13125
13122
13122
13133
13136
13133
13138
13143
13146
13143
13139
13136
13130
13135
13135
13132
13126
13119
13118
13119
13116
13133
13125
13125
13132
13133
13129
13125
13126
13133
13133
13127
13130
13129
13140
13135
13141
13147
13140
13141
13140
13135
13130
13136
13122
13126
13130
13124
13117
13120
13127
13122
13135
13135
13130
13135
13142
13144
13143
13138
13143
13151
13141
13133
13128
13120
13125
13124
13130
13129
13137
13139
13143
13142
13142
13144
13139
13140
13150
13147
13159
13157
13151
13155
13148
13137
13142
13134
13127
13132
13138
13137
13143
13137
13131
13136
13137
13144
13143
13140
13146
13147
13136
13141
13136
13129
13129
13125
13122
13128
13133
13130
13138
13131
13130
13127
13126
13120
13124
13130
13136
13135
13136
13148
13144
13148
13156
13150
13147
13145
13140
13128
13125
13124
13118
13116
13128
13123
13123
13121
13120
13128
13134
13130
13133
13130
13136
13136
13138
13138
13133
13139
13146
13141
13142
13133
13131
13125
13126
13120
13130
13128
13125
13134
13131
13122
13127
13121
13123
13131
13136
13143
13140
13141
13139
13142
13139
13137
13132
13122
13124
13130
13124
13121
13132
13126
13127
13127
13129
13125
13122
13124
13133
13117
13122
13123
13120
13133
13139
13137
13137
13136
13130
13138
13137
13135
13140
13140
13140
13134
13135
13136
13142
13138
13137
13134
13135
13125
13128
13126
13125
13125
13124
13123
13127
13124
13124
13126
13129
13127
13130
13125
13129
13122
13137
13136
13134
13132
13136
13131
13142
13132
13132
13134
13133
13136
13139
13140
13134
13129
13130
13126
13133
13138
13139
13140
13147
13151
13152
13156
13150
13148
13140
13142
13140
13134
13133
13133
13132
13141
13136
13132
13137
13128
13133
13140
13136
13145
13141
13140
13146
13134
13126
13131
13123
13128
13136
13140
13132
13134
13134
13132
13132
13134
13131
13123
13128
13127
13132
13128
13125
13132
13136
13136
13139
13133
13138
13134
13127
13129
13133
13126
13129
13126
13126
13128
13127
13130
13135
13143
13145
13148
13139
13141
13140
13142
13141
13135
13136
13138
13143
13144
13154
13149
13141
13137
13138
13129
13128
13127
13125
13130
13137
13129
13135
13132
13137
13131
13133
13132
13128
13127
13132
13136
13136
13139
13132
13128
13120
13124
13125
13123
13117
13128
13125
13126
13138
13139
13143
13146
13148
13140
13144
13143
13150
13144
13143
13138
13146
13137
13137
13135
13129
13122
13127
13128
13133
13129
13123
13123
13125
13125
13129
13122
13117
13120
13118
13122
13116
13118
13120
13112
13114
13117
13124
13124
13138
