13141
13134
13127
13127
13124
13123
13128
13124
13123
13127
13136
13134
13133
13122
13121
13132
13129
13132
13139
13138
13142
13149
13148
13145
13143
13138
13140
13134
13137
13132
13134
13140
13140
13141
13142
13136
13137
13136
13137
13140
13129
13136
13134
13138
13139
13145
13131
13144
13134
13143
13137
13135
13136
13133
13135
13142
13131
13125
13133
13131
13126
13134
13127
13127
13130
13132
13132
13135
13143
13139
13142
13138
13129
13132
13126
13124
13130
13132
13124
13134
13136
13131
13127
13131
13131
13132
13130
13134
13131
13130
13133
13127
13123
13121
13115
13125
13121
13122
13125
13127
13132
13135
13125
13125
13132
13132
13137
13134
13139
13137
13134
13133
13132
13128
13130
13126
13133
13128
13131
13133
13135
13137
13133
13142
13145
13138
13140
13140
13141
13143
13144
13139
13140
13135
13136
13131
13128
13130
13131
13131
13131
13130
13126
13127
13133
13131
13128
13124
13127
13132
13134
13134
13132
13129
13128
13125
13129
13129
13133
13139
13137
13138
13139
13136
13135
13133
13140
13138
13136
13139
13144
13145
13144
13140
13144
13146
13134
13137
13146
13138
13141
13141
13139
13147
13139
13136
13124
13130
13131
13129
13121
13124
13123
13132
13131
13124
13126
13127
13134
13134
13128
13133
13133
13133
13137
13135
13131
13132
13125
13128
13129
13125
13132
13133
13134
13143
13138
13128
13127
13119
13124
13120
13115
13118
13125
13128
13129
13132
13138
13137
13135
13133
13135
13134
13135
13137
13145
13134
13133
13133
13129
13126
13129
13136
13136
13133
13131
13140
13134
13137
13135
13132
13137
13130
13143
13151
13148
13139
13147
13136
13135
13137
13129
13126
13132
13133
13135
13143
13143
13137
13138
13138
13132
13138
13143
13133
13134
13136
13132
13134
13138
13140
13133
13135
13136
13131
13127
13127
13120
13128
13126
13124
13127
13139
13132
13141
13138
13124
13132
13129
13130
13138
13127
13135
13136
13136
13135
13135
13136
13132
13134
13133
13137
13132
13127
13137
13130
13130
13134
13127
13120
13122
13127
13128
13126
13127
13126
13130
13121
13125
13135
13138
13149
13148
13151
13147
13142
13143
13152
13148
13144
13139
13124
13137
13134
13137
13135
13136
13130
13133
13128
13128
13121
13128
13132
13131
13133
13127
13124
13130
13128
13128
13120
13124
13126
13124
13122
13119
13124
13126
13128
13126
13130
13129
13122
13129
13130
13126
13131
13128
13131
13134
13137
13139
13142
13136
13131
13130
13128
13122
13116
13124
13125
13126
13118
13115
13123
13119
13122
13124
13128
13134
13139
13138
13142
13139
13138
13141
13135
13137
13137
13132
13132
13130
13131
13138
13135
13129
13132
13126
13128
13138
13128
13127
13130
13132
13131
13137
13134
13133
13129
13138
13142
13133
13136
13131
13141
13128
13130
13130
13129
13129
13123
13124
13126
13124
13129
13136
13118
13127
13131
13126
13129
13129
13133
13144
13144
13140
13145
13142
13140
13139
13135
13137
13137
13127
13130
13130
13129
13121
13116
13116
13122
13123
13129
13132
13141
13143
13143
13146
13148
13145
13149
13146
13136
13136
13131
13126
13125
13128
13136
13136
13130
13131
13132
13142
13136
13131
13129
13120
13114
13114
12806
11888
10869
10094
9591
9247
9126
9090
9177
9290
9469
9619
9819
9988
10182
10339
10515
10664
10832
10969
11118
11235
11365
11472
11593
11694
11787
11867
11950
12015
12094
12154
12220
12273
12324
12367
12422
12461
12507
12545
12580
12607
12644
12680
12704
12728
12755
12774
12799
12822
12836
12861
12879
12905
12929
12938
12948
12960
12972
12972
12974
12986
12999
13005
13022
13032
13031
13040
13047
13051
13051
13060
13062
13073
13067
13060
13073
13079
13079
13084
13088
13093
13099
13094
13099
13100
13102
13102
13113
13110
13103
13100
13102
13105
13120
13112
13105
13110
13108
13111
13114
13117
13121
13124
13124
13127
13119
13119
13122
13126
13122
13121
13114
13123
13117
13115
13126
13123
13125
13127
13124
13122
13127
13134
13132
13130
13125
13123
13122
13123
13123
13124
13126
13127
13132
13125
13124
13127
13123
13125
13115
13119
13122
13131
13134
13139
13133
13141
13142
13139
13142
13137
13134
13140
13133
13127
13121
13121
13114
13121
13125
13122
13126
13124
13129
13123
13132
13130
13134
13132
13132
13133
13121
13120
13124
13119
13121
13130
13125
13129
13130
13129
13129
13134
13133
13134
13137
13137
13137
13135
13140
13145
13142
13147
13139
13136
13146
13141
13134
13138
13134
13130
13125
13119
13116
13117
13125
13123
13128
13135
13141
13143
13149
13145
13146
13137
13131
13134
13139
13142
13139
13136
13136
13135
13137
13134
13126
13133
13141
13134
13140
13135
13132
13140
13131
13130
13141
13141
13136
13139
13141
13137
13143
13141
13137
13136
13139
13134
13138
13136
13136
13136
13135
13142
13135
13130
13133
13133
13136
13138
13142
13134
13131
13124
13127
13126
13119
13122
13130
13125
13116
13120
13118
13122
13130
13125
13132
13134
13134
13140
13138
13139
13141
13135
13132
13131
13141
13132
13139
13143
13141
13145
13141
13132
13131
13127
13129
13128
13137
13140
13143
13142
13140
13137
13137
13134
13126
13127
13126
13127
13129
13127
13125
13138
13134
13130
13137
13124
13118
13126
13127
13126
13137
13134
13140
13141
13139
13137
13136
13133
13121
13127
13127
13126
13140
13135
13141
13147
13145
13141
13139
13135
13133
13129
13123
13118
13118
13126
13129
13123
13126
13125
13123
13129
13122
13119
13125
13116
13110
13112
13116
13123
13122
13127
13131
13124
13128
13125
13130
13128
13133
13134
13130
13125
13134
13124
13136
13138
13134
13134
13130
13132
13134
13129
13122
13124
13114
13120
13119
13126
13131
13128
13125
13135
13130
13127
13131
13133
13133
13132
13128
13129
13138
13134
13142
13141
13141
13133
13134
13137
13140
13132
13131
13133
13139
13138
13132
13132
13129
13128
13137
13137
13130
13128
13129
13131
13132
13138
13137
13135
13137
13145
13146
13147
13147
13142
13160
13148
13144
13142
13140
13137
13139
13139
13135
13139
13140
13136
13148
13145
13146
13137
13136
13136
13141
13131
13129
13132
13132
13137
13146
13141
13137
13139
13134
13135
13128
13131
13132
13132
13136
13139
13138
13140
13140
13139
13143
13134
13128
13129
13123
13119
13122
13122
13119
13123
13124
13120
13118
13131
13138
13148
13142
13139
13148
13141
13131
13128
13125
13135
13135
13144
13145
13141
13134
13138
13132
13135
13137
13132
13129
13131
13126
13130
13125
13122
13125
13121
13120
13132
13128
13136
13132
13135
13140
13136
13134
13129
