13137
13143
13140
13138
13132
13138
13134
13131
13122
13122
13126
13128
13134
13129
13126
13135
13128
13130
13129
13120
13120
13125
13123
13127
13132
13132
13131
13132
13141
13135
13134
13142
13134
13131
13135
13138
13148
13142
13144
13137
13143
13139
13140
13137
13131
13125
13122
13121
13112
13121
13123
13121
13118
13115
13109
13114
13117
13118
13119
13116
13120
13128
13125
13121
13125
13126
13125
13125
13119
13122
13126
13134
13139
13138
13135
13135
13144
13135
13133
13138
13137
13142
13139
13138
13139
13139
13142
13143
13136
13140
13139
13139
13145
13136
13128
13131
13126
13124
13131
13130
13126
13132
13130
13125
13129
13130
13124
13124
13123
13130
13130
13136
13139
13147
13144
13139
13144
13141
13137
13132
13128
13123
13126
13130
13127
13126
13132
13129
13122
13128
13131
13126
13133
13129
13129
13124
13120
13123
13127
13125
13129
13133
13129
13132
13133
13066
12944
12882
12842
12818
12812
12811
12817
12824
12830
12855
12878
12893
12908
12924
12929
12944
12958
12963
12979
12991
12997
13010
13017
13026
13028
13035
13042
13039
13044
13047
13052
13058
13066
13073
13079
13087
13079
13082
13088
13088
13094
13097
13105
13105
13102
13105
13105
13109
13110
13114
13126
13117
13115
13113
13114
13107
13117
13121
13124
13121
13123
13129
13128
13132
13130
13126
13134
13129
13133
13132
13125
13119
13120
13123
13125
13126
13132
13130
13132
13132
13139
13137
13139
13129
13136
13137
13136
13133
13141
13142
13148
13139
13142
13143
13136
13141
13138
13142
13147
13145
13144
13142
13134
13138
13141
13137
13135
13135
13137
13143
13140
13132
13135
13127
13120
13123
13125
13129
13138
13134
13135
13124
13127
13121
13123
13123
13122
13127
13126
13123
13125
13126
13129
13132
13134
13133
13136
13139
13140
13136
13132
13138
13127
13138
13146
13146
13154
13155
13144
13145
13140
13130
13139
13132
13134
13139
13140
13139
13147
13143
13147
13149
13148
13143
13149
13145
13135
13134
13134
13133
13135
13130
13131
13128
13120
13121
13125
13129
13129
13129
13129
13126
13123
13128
13135
13133
13138
13138
13136
13137
13127
13122
13126
13120
13126
13127
13118
13122
13121
13129
13136
13133
13135
13130
13131
13128
13122
13124
13126
13126
13139
13125
13131
13132
13126
13131
13128
13136
13129
13128
13128
13130
13118
13119
13120
13125
13134
13135
13129
13132
13135
13131
13138
13131
13126
13137
13136
13141
13143
13133
13126
13123
13123
13119
13120
13123
13125
13132
13126
13127
13135
13130
13131
13132
13133
13133
13126
13132
13133
13140
13140
13148
13140
13144
13141
13141
13138
13137
13137
13144
13142
13139
13148
13142
13139
13146
13142
13134
13140
13140
13138
13136
13126
13124
13126
13133
13132
13134
13130
13133
13143
13136
13134
13132
13130
13129
13135
13135
13135
13135
13144
13148
13139
13133
13135
13133
13136
13140
13135
13133
13129
13131
13139
13132
13126
13140
13138
13139
13141
13137
13134
13135
13132
13128
13132
13132
13133
13130
13123
13123
13134
13128
13123
13133
13134
13131
13132
13126
13126
13126
13124
13128
13123
13127
13132
13136
13144
13139
13140
13138
13142
13133
13146
13143
13136
13136
13127
13126
13112
12712
12317
12074
11946
11863
11841
11856
11893
11933
11990
12038
12102
12154
12222
12275
12336
12386
12434
12469
12518
12550
12588
12625
12648
12681
12716
12745
12770
12786
12803
12829
12838
12853
12878
12882
12901
12923
12937
12955
12979
12994
12999
12999
13000
13010
13025
13039
13046
13052
13053
13061
13068
13071
13070
13075
13080
13093
13091
13087
13086
13085
13089
13093
13089
13097
13091
13089
13099
13099
13105
13111
13111
13119
13124
13118
13108
13106
13106
13116
13119
13119
13114
13121
13130
13131
13134
13132
13134
13132
13134
13134
13136
13126
13132
13133
13136
13136
13135
13137
13137
13131
13133
13139
13126
13128
13135
13137
13143
13141
13135
13133
13124
13121
13134
13132
13129
13132
13122
13121
13126
13126
13122
13122
13131
13127
13129
13132
13129
13131
13126
13134
13142
13139
13134
13138
13134
13126
13127
13127
13130
13134
13130
13126
13118
13125
13126
13123
13125
13121
13120
13126
13127
13125
13125
13124
13130
13134
13133
13138
13134
13131
13137
13138
13128
13124
13124
13129
13129
13127
13123
13115
13116
13116
13114
13126
13123
13128
13129
13132
13134
13142
13141
13142
13141
13139
13142
13144
13144
13140
13140
13142
13135
13135
13135
13133
13128
13138
13125
13130
13129
13130
13133
13126
13127
13129
13126
13132
13129
13128
13134
13135
13142
13126
13128
13127
13129
13132
13129
13131
13134
13129
13133
13138
13129
13137
13148
13141
13144
13141
13139
13145
13134
13128
13136
13133
13133
13136
13128
13133
13137
13133
13132
13134
13130
13130
13130
13128
13126
13124
13126
13131
13135
13129
13129
13136
13136
13131
13129
13124
13122
13131
13129
13131
13128
13133
13136
13133
13134
13135
13132
13137
13133
13132
13136
13135
13136
13130
13133
13139
13142
13140
13141
13148
13138
13135
13133
13131
13134
13138
13135
13130
13135
13130
13127
13131
13131
13126
13119
13126
13124
13120
13118
13117
13116
13132
13134
13132
13125
13123
13127
13123
13121
13115
13116
13110
13113
13117
13119
13125
13139
13138
13139
13139
13148
13139
13139
13137
13132
13134
13129
13119
13130
13121
13125
13128
13128
13130
13123
13110
13118
13112
13110
13110
13103
13116
13123
13119
13123
13121
13117
13123
13123
13116
13128
13125
13126
13131
13125
13127
13131
13127
13127
13131
13132
13137
13139
13145
13141
13143
13145
13143
13142
13134
13130
13076
12963
12896
12859
12839
12824
12825
12838
12843
12853
12867
12881
12897
12913
12926
12939
12949
12955
12965
12987
12991
12998
13007
13002
13011
13020
13022
13032
13039
13041
13046
13054
13068
13067
13068
13070
13068
13078
13081
13083
13095
13098
13097
13108
13112
13111
13114
13116
13115
13114
13116
13126
13121
13121
13123
13121
13125
13110
13113
13129
13128
13125
13133
13120
13114
13116
13120
13120
13123
13124
13127
13130
13132
13133
13131
13136
13132
13138
13137
13138
13128
13131
13126
13133
13129
13131
13132
13131
13134
13133
13131
13130
13126
13129
13135
13136
13134
13129
13132
13142
13134
13132
13130
13122
13122
13126
13126
13128
13135
13134
13128
13133
13126
13137
13130
13144
13143
13141
13129
13127
13134
13134
13138
13139
13141
13142
13138
13134
13141
13137
13132
13132
13121
13131
13131
13133
13129
13130
13132
13137
13139
13139
13145
13146
13136
13136
13134
13126
13121
13118
13116
