13124
13124
13126
13130
13132
13122
13134
13133
13134
13129
13124
13134
13139
13135
13129
13133
13136
13136
13132
13132
13132
13132
13140
13148
13143
13145
13140
13147
13141
13142
13137
13145
13136
13139
13142
13136
13137
13138
13145
13142
13140
13133
13136
13139
13134
13142
13138
13140
13141
13137
13134
13137
13145
13142
13137
13132
13127
13133
13134
13137
13138
13142
13130
13138
13134
13140
13145
13140
13142
13138
13134
13136
13134
13134
13137
13133
13136
13139
13135
13134
13133
13132
13127
13129
13127
13122
13125
13125
13125
13126
13126
13123
13126
13120
13122
13133
13127
13131
13130
13132
13131
13130
13127
13131
13134
13138
13144
13139
13142
13145
13155
13158
13153
13151
13157
13154
13150
13154
13141
13139
13134
13138
13137
13128
13130
13130
13132
13140
13140
13141
13136
13135
13141
13133
13129
13132
13133
13133
13125
13123
13124
13132
13130
13137
13138
13136
13141
13140
13140
13139
13136
13143
13134
13131
13131
13129
13125
13136
13137
13134
13138
13140
13146
13139
13141
13138
13145
13145
13148
13139
13140
13143
13149
13136
13132
13124
13120
13119
13119
13123
13129
13124
13124
13134
13130
13133
13130
13122
13130
13134
13135
13136
13134
13128
13140
13135
13128
13133
13128
13133
13131
13129
13130
13129
13135
13126
13124
13126
13129
13126
13132
13130
13134
13131
13130
13137
13141
13144
13146
13139
13141
13145
13144
13150
13147
13151
13145
13140
13141
13139
13148
13144
13144
13141
13148
13139
13140
13137
13135
13137
13134
13145
13146
13142
13140
13139
13135
13138
13136
13139
13137
13140
13141
13136
13134
13137
13134
13137
13130
13137
13139
13139
13138
13147
13143
13147
13140
13135
13133
13136
13139
13140
13137
13135
13145
13139
13140
13146
13140
13142
13142
13141
13148
13149
13148
13146
13150
13145
13147
13147
13155
13145
13153
13141
13130
13133
13132
13130
13130
13127
13116
13120
13117
13115
13121
13123
13125
13127
13140
13133
13135
13144
13134
13132
13145
13143
13137
13140
13137
13139
13142
13143
13153
13147
13147
13146
13143
13136
13134
13133
13135
13138
13143
13138
13136
13141
13143
13139
13129
13131
13124
13129
13131
13131
13132
13132
13135
13128
13130
13135
13134
13133
13128
13128
13143
13131
13128
13138
13132
13134
13136
13136
13141
13143
13150
13143
13143
13148
13150
13149
13147
13149
13152
13147
13145
13145
13148
13149
13144
13136
13137
13129
13121
13124
13119
13123
13122
13121
13126
13125
13130
13135
13136
13138
13147
13141
13141
13138
13139
13139
13142
13135
13138
13137
13140
13142
13134
13137
13126
13131
13123
13123
13131
13128
13122
13126
13126
13128
13128
13131
13139
13136
13136
13135
13125
13127
13133
13126
13134
13137
13136
13137
13126
13132
13134
13133
13128
13139
13135
13145
13142
13133
13125
13129
13131
13141
13144
13149
13148
13145
13148
13136
13137
13133
13128
13142
13146
13143
13147
13142
13140
13140
13140
13143
13139
13144
13145
13142
13138
13134
13124
13128
13127
13129
13139
13137
13136
13139
13133
13127
13122
13124
13119
13123
13126
13129
13130
13129
13130
13128
13126
13132
13132
13123
13122
13127
13129
13134
13134
13137
13131
13129
13013
12450
11890
11553
11369
11268
11255
11260
11313
11383
11459
11526
11625
11699
11789
11867
11952
12016
12087
12150
12212
12269
12332
12378
12432
12471
12512
12547
12586
12615
12653
12679
12712
12734
12759
12790
12807
12833
12857
12879
12890
12903
12921
12929
12948
12952
12964
12974
12986
12995
13008
13015
13032
13037
13041
13051
13054
13060
13063
13063
13067
13072
13078
13077
13074
13077
13077
13085
13094
13093
13095
13097
13096
13103
13103
13007
12902
12852
12820
12802
12800
12805
12817
12838
12855
12868
12882
12892
12899
12915
12921
12923
12945
12955
12969
12989
12994
13000
13014
13019
13025
13023
13038
13046
13053
13058
13063
13066
13070
13070
13084
13078
13075
13073
13071
13072
13084
13093
13093
13102
13105
13103
13107
13115
13124
13118
13127
13130
13128
13126
13115
13110
13112
13107
13107
13116
13123
13118
13123
13120
13123
13114
13121
13118
13126
13127
13133
13132
13131
13128
13139
13132
13132
13127
13127
13129
13131
13130
13126
13124
13129
13129
13126
13135
13131
13119
13128
13125
13131
13135
13130
13127
13134
13132
13126
13128
13125
13125
13132
13130
13126
13124
13130
13136
13142
13148
13142
13138
13142
13140
13152
13138
13139
13141
13141
13141
13140
13136
13133
13132
13129
13124
13122
13118
13123
13120
13121
13116
13118
13127
13127
13129
13142
13135
13139
13146
13144
13146
13146
13144
13146
13137
13138
13134
13137
13141
13135
13136
13132
13137
13134
13138
13140
13149
13148
13144
13142
13138
13134
13135
13127
13134
13135
13139
13133
13132
13133
13139
13141
13140
13141
13136
13134
13123
13127
13127
13132
13129
13133
13131
13130
13131
13131
13128
13130
13134
13132
13133
13129
13128
13129
13128
13130
13128
13132
13135
13145
13143
13144
13145
13141
13147
13141
13142
13139
13140
13146
13151
13150
13155
13148
13138
13146
13137
13128
13131
13128
13131
13134
13129
13126
13132
13140
13138
13139
13141
13138
13138
13138
13137
13142
13139
13134
13141
13139
13140
13136
13137
13139
13134
13138
13136
13131
13137
13134
13138
13140
13137
13137
13140
13136
13133
13146
13142
13141
13133
13006
12921
12866
12828
12817
12808
12814
12816
12829
12846
12861
12876
12891
12898
12921
12935
12953
12971
12978
12989
12994
13006
13014
13026
13038
13044
13046
13051
13061
13058
13069
13070
13074
13084
13074
13076
13088
13088
13090
13095
13087
13093
13089
13084
13096
13097
13102
13102
13104
13109
13109
13108
13114
13116
13121
13121
13124
13135
13130
13135
13133
13131
13120
13128
13121
13119
13118
13115
13121
13122
13125
13131
13131
13130
13118
13119
13126
13130
13130
13137
13141
13142
13140
13136
13134
13133
13134
13128
13126
13123
13120
13121
13121
13122
13136
13139
13146
13147
13146
13137
13139
13137
13128
13133
13135
13138
13137
13143
13143
13142
13142
13139
13137
13140
13133
13134
13136
13133
13129
13133
13127
13121
13126
13129
13131
13132
13134
13128
13126
13132
13132
13133
13136
13142
13146
13140
13142
13147
13144
13137
13137
13137
13132
13132
13134
13135
13133
13130
13129
13121
13118
13120
13126
13133
13134
13134
13134
13135
13133
13141
13141
13138
13147
13149
13145
13143
13141
13145
13146
13139
13140
13138
13130
13135
13139
13135
13130
13129
13128
13133
13135
13132
13130
13126
13126
13134
13126
13132
13134
13127
13137
13137
