13144
13144
13149
13144
13151
13140
13134
13132
13128
13134
13135
13129
13128
13126
13125
13132
13121
13118
13121
13121
13131
13132
13126
13126
13126
13129
13136
13136
13137
13131
13131
13135
13140
13132
13132
13134
13135
13134
13130
13131
13135
13132
13129
13128
13134
13135
13132
13135
13125
13132
13130
13129
13129
13130
13122
13126
13124
13122
13128
13122
13124
13130
13126
13122
13130
13134
13130
13132
13129
13129
13134
13133
13133
13132
13137
13130
13142
13138
13138
13139
13140
13140
13129
13123
13134
13127
13126
13136
13134
13137
13139
13132
13138
13138
13136
13136
13129
13124
13124
13127
13131
13131
13124
13124
13124
13131
13136
13132
13134
13137
13136
13132
13128
13130
13128
13127
13137
13126
13125
13131
13132
13128
13125
13119
13126
13125
13127
13125
13126
13122
13123
13130
13134
13129
13129
13134
13138
13134
13135
13130
13126
13134
13129
13137
13133
13133
13135
13130
13134
13131
13132
13131
13125
13128
13127
13125
13132
13126
13122
13129
13125
13126
13123
13125
13124
13119
13123
13124
13124
13137
13143
13140
13150
13144
13147
13159
13162
13163
13162
13152
13149
13140
13136
13128
13126
13135
13133
13138
13140
13140
13141
13140
13136
13133
13130
13137
13149
13141
13143
13149
13140
13136
13134
13135
13129
13136
13130
13132
13120
13123
13120
13121
13124
13130
13129
13135
13139
13135
13140
13137
13137
13148
13152
13154
13150
13149
13142
13139
13134
13135
13135
13138
13137
13134
13135
13130
13129
13130
13135
13143
13135
13128
13125
13126
13127
13133
13129
13134
13124
13136
13137
13138
13143
13140
13141
13153
13150
13147
13149
13138
13133
13138
13130
13135
13129
13134
13134
13142
13140
13138
13141
13141
13132
13137
13126
13129
13137
13130
13133
13134
13131
13137
13130
13130
13131
13132
13138
13138
13140
13143
13143
13143
13147
13149
13142
13142
13142
13138
13143
13143
13142
13144
13143
13137
13136
13145
13145
13144
13144
13146
13146
13146
13139
13138
13131
13130
13141
13133
13129
13136
13131
13126
13125
13135
13131
13136
13131
13138
13138
13137
13138
13138
13139
13135
13132
13138
13137
13132
13140
13126
13130
13138
13134
13133
13132
13136
13137
13142
13137
13135
13134
13132
13132
13128
13127
13125
13128
13120
13119
13126
13133
13135
13132
13134
13134
13135
13136
13139
13131
13133
13134
13133
13135
13132
13134
13137
13139
13133
13137
13137
13137
13140
13140
13140
13136
13140
13140
13142
13147
13143
13142
13141
13143
13146
13144
13142
13153
13153
13151
13150
13144
13148
13146
13144
13136
13133
13134
13137
13130
13134
13132
13131
13135
13140
13135
13133
13135
13138
13148
13142
13138
13145
13149
13150
13148
13141
13146
13144
13143
13138
13135
13148
13149
13145
13147
13142
13135
13131
13128
13126
13123
13129
13128
13128
13135
13132
13126
13130
13119
13127
13131
13115
13117
13119
13119
13127
13127
13122
13132
13127
13126
13137
13128
13137
13132
13139
13135
13136
13130
13127
13133
13136
13129
13132
13137
13132
13132
13128
13125
13131
13134
13137
13124
13120
13121
13119
13115
13120
13119
13128
13127
13129
13128
13132
13132
13140
13130
13131
13144
13139
13137
13136
13128
13126
13096
12695
12170
11724
11460
11234
11069
11010
11015
11043
11112
11183
11284
11378
11473
11566
11663
11751
11834
11913
11992
12061
12073
12025
12014
12033
12075
12107
12161
12202
12250
12296
12341
12354
12282
12236
12244
12255
12278
12317
12351
12385
12430
12466
12506
12538
12579
12618
12658
12682
12709
12733
12764
12779
12812
12839
12862
12882
12901
12915
12924
12933
12946
12958
12962
12973
12984
12989
12999
13008
13019
13031
13039
13044
13059
13059
13062
13073
13077
13074
13076
13082
13080
13081
13085
13086
13094
13095
13103
13104
13110
13106
13110
13113
13110
13116
13118
13127
13124
13124
13121
13126
13123
13130
13121
13121
13113
13122
13122
13122
13120
13125
13122
13118
13126
13115
13117
13121
13117
13112
13114
13117
13122
13128
13130
13124
13128
13129
13133
13139
13143
13143
13148
13140
13140
13141
13136
13143
13134
13137
13138
13134
13134
13135
13125
13139
13142
13140
13146
13145
13147
13154
13149
13141
13146
13140
13140
13140
13130
13130
13131
13134
13131
13126
13131
13132
13130
13141
13140
13148
13139
13136
13146
13143
13133
13129
13133
13129
13121
13130
13132
13133
13130
13133
13130
13130
13128
13124
13129
13132
13128
13138
13126
13132
13135
13131
13130
13131
13127
13125
13134
13139
13136
13139
13145
13145
13145
13142
13135
13136
13129
13132
13141
13141
13139
13138
13134
13131
13132
13136
13138
13138
13141
13135
13132
13136
13132
13129
13129
13127
13125
13128
13128
13130
13134
13131
13131
13133
13129
13133
13134
13135
13142
13139
13137
13131
13132
13137
13130
13132
13126
13127
13142
13132
13128
13129
13125
13120
13115
13117
13127
13137
13143
13147
13138
13134
13142
13134
13132
13137
13133
13138
13138
13133
13144
13138
13139
13138
13138
13143
13142
13134
13134
13134
13142
13135
13139
13141
13140
13145
13135
13135
13129
13127
13131
13139
13141
13139
13133
13134
13127
13132
13130
13133
13130
13133
13126
13125
13125
13132
13135
13136
13134
13123
13131
13122
13120
13128
13132
13129
13128
13127
13127
13132
13137
13132
13128
13130
13134
13135
13130
13127
13135
13134
13130
13134
13133
13132
13134
13138
13143
13139
13135
13129
13125
13132
13137
13137
13134
13137
13134
13138
13130
13121
13125
13124
13125
13132
13131
13132
13136
13136
13137
13137
13135
13125
13122
13130
13132
13129
13128
13126
13134
13130
13132
13127
13126
13128
13129
13131
13133
13123
13133
13142
13134
13145
13141
13138
13137
13133
13128
13136
13122
13124
13131
13128
13122
13133
13131
13137
13140
13139
13141
13137
13137
13136
13134
13133
13132
13134
13130
13127
13138
13134
13138
13139
13141
13141
13140
13137
13145
13143
13135
13142
13128
13133
13133
13133
13141
13138
13133
13135
13132
13125
13136
13129
13126
13126
13126
13130
13133
13123
13126
13126
13123
13132
13134
13136
13134
13135
13130
13129
13134
13133
13137
13143
13140
13138
13135
13137
13132
13133
13139
13137
13129
13132
13139
13137
13144
13144
13142
13147
13143
13138
13139
13135
13134
13133
13127
13125
13119
13125
13127
13128
13133
13137
13130
13135
13129
13139
13134
13129
13131
13132
13127
13126
13126
13130
13133
13136
13140
13142
13128
13136
13131
13128
13135
13137
13134
13133
13132
13139
13134
13130
13141
13136
13134
13149
13144
13144
13145
13143
13146
13145
13148
13137
