13139
13141
13139
13141
13137
13136
13144
13146
13134
13136
13134
13132
13136
13125
13119
13128
13124
13122
13135
13137
13138
13138
13131
13136
13134
13136
13147
13141
13143
13135
13135
13129
13123
13125
13123
13125
13132
13130
13131
13132
13133
13130
13118
13128
13130
13136
13135
13139
13134
13141
13144
13149
13150
13157
13148
13155
13149
13136
13141
13136
13137
13144
13133
13133
13131
13129
13133
13137
13134
13128
13127
13127
13134
13134
13136
13132
13134
13138
13141
13141
13141
13138
13133
13136
13130
13133
13133
13136
13138
13138
13138
13135
13136
13137
13133
13137
13129
13125
13134
13135
13140
13142
13136
13136
13141
13137
13137
13134
13133
13132
13135
13140
13135
13129
13125
13127
13137
13134
13134
13130
13127
13127
13120
13124
13128
13136
13137
13146
13144
13145
13144
13135
13137
13137
13136
13137
13142
13138
13149
13135
13135
13140
13132
13130
13127
13122
13126
13134
13133
13130
13129
13135
13141
13147
13142
13138
13149
13138
13144
13139
13137
13137
13141
13132
13129
13122
13114
13118
13114
13122
13126
13124
13134
13135
13134
13138
13132
13127
13131
13132
13126
13135
13129
13130
13133
13130
13130
13124
13119
13121
13126
13124
13125
13124
13122
13123
13134
13127
13127
13134
13133
13129
13129
13134
13133
13132
13135
13138
13136
13137
13138
13128
13133
13133
13127
13136
13134
13135
13144
13142
13138
13146
13145
13148
13144
13143
13143
13140
13138
13133
13132
13128
13131
13134
13140
13136
13151
13142
13142
13137
13132
13133
13130
13127
13125
13125
13127
13124
13126
13126
13126
13131
13134
13134
13123
13122
13116
13116
13125
13118
13123
13134
13140
13143
13146
13138
13133
13133
13129
13128
13126
13133
13137
13139
13139
13134
13137
13130
13130
13128
13139
13146
13139
13136
13139
13140
13142
13147
13145
13147
13148
13147
13144
13142
13146
13154
13149
13143
13147
13143
13140
13138
13138
13142
13145
13139
13141
13138
13140
13132
13134
13137
13132
13129
13130
13129
13137
13130
13130
13131
13131
13132
13138
13136
13139
13143
13145
13142
13142
13147
13142
13135
13138
13130
13124
13129
13125
13128
13139
13130
13126
13136
13142
13143
13137
13135
13134
13132
13126
13131
13134
13137
13130
13126
13123
13129
13125
13127
13126
13126
13130
13126
13127
13124
13120
13121
13130
13130
13130
13129
13137
13130
13135
13133
13133
13138
13140
13140
13133
13129
13131
13134
13130
13136
13134
13134
13136
13135
13136
13124
13128
13136
13140
13142
13147
13143
13146
13139
13138
13142
13141
13137
13132
13132
13133
13137
13137
13152
13146
13152
13150
13155
13157
13153
13149
13154
13151
13143
13148
13136
13130
13138
13137
13133
13136
13141
13146
13147
13145
13139
13131
13130
13132
13136
13133
13137
13143
13147
13140
13139
13139
13137
13139
13136
13135
13126
13129
13130
13124
13132
13134
13127
13133
13132
13128
13134
13137
13133
13142
13133
13136
13138
13149
13148
13146
13149
13144
13144
13140
13140
13135
13141
13137
13142
13144
13140
13150
13141
13138
13140
13138
13146
13147
13145
13152
13147
13150
13142
13129
13135
13141
13137
13134
13126
13116
13124
13119
13113
13120
13120
13122
13071
12525
11707
10923
10254
9911
9714
9582
9355
9278
9272
9374
9479
9645
9793
9989
10151
10336
10489
10600
10691
10813
10920
11050
11159
11287
11394
11508
11601
11690
11764
11851
11922
12007
12076
12139
12201
12270
12317
12374
12428
12477
12513
12552
12585
12617
12643
12677
12696
12725
12757
12786
12807
12828
12844
12869
12874
12891
12904
12918
12928
12938
12951
12965
12972
12978
12991
12993
13007
13022
13027
13033
13043
13047
13060
13062
13071
13075
13078
13077
13085
13078
13081
13088
13092
13091
13089
13100
13099
13099
13105
13109
13108
13107
13112
13121
13110
13119
13118
13115
13120
13119
13125
13124
13123
13122
13127
13122
13122
13135
13137
13138
13130
13132
13127
13127
13123
13129
13119
13121
13131
13127
13131
13125
13120
13128
13130
13132
13130
13129
13128
13134
13129
13126
13124
13122
13117
13123
13125
13126
13119
13118
13122
13131
13134
13132
13134
13133
13138
13136
13137
13133
13132
13130
13133
13129
13131
13139
13129
13125
13142
13147
13139
13134
13135
13135
13123
13128
13131
13127
13129
13126
13125
13118
13118
13129
13131
13126
13134
13130
13135
13137
13135
13142
13134
13135
13140
13141
13140
13138
13131
13142
13136
13132
13131
13124
13126
13136
13130
13130
13139
13138
13140
13148
13154
13154
13151
13151
13140
13142
13137
13138
13130
13126
13122
13133
13124
13126
13134
13131
13128
13125
13119
13119
13121
13124
13132
13123
13137
13140
13136
13137
13137
13136
13134
13125
13123
13133
13131
13134
13136
13139
13142
13144
13138
13133
13128
13138
13138
13137
13140
13139
13142
13133
13130
13133
13125
13127
13129
13132
13127
13129
13122
13126
13123
13125
13129
13129
13131
13131
13132
13129
13133
13130
13129
13132
13127
13133
13129
13128
13133
13130
13138
13143
13142
13148
13141
13147
13135
13143
13150
13147
13137
13137
13135
13141
13138
13141
13146
13134
13134
13132
13135
13135
13128
13133
13135
13129
13133
13141
13139
13149
13142
13136
13133
13129
13124
13130
13122
13125
13129
13125
13141
13139
13137
13134
13136
13139
13132
13133
13130
13128
13125
13125
13123
13133
13132
13131
13128
13129
13126
13123
13124
13124
13125
13122
13130
13119
13122
13132
13126
13128
13134
13128
13128
13127
13121
13128
13128
13124
13130
13130
13123
13128
13130
13140
13133
13131
13126
13126
13130
13119
13124
13118
13118
13119
13122
13119
13120
13128
13134
13133
13135
13138
13128
13135
13138
13131
13130
13122
13122
13126
13128
13131
13130
13126
13127
13127
13122
13124
13129
13136
13131
13133
13135
13135
13135
13139
13136
13139
13147
13149
13144
13138
13133
13141
13140
13145
13146
13144
13145
13140
13138
13140
13136
13136
13135
13133
13133
13131
13129
13128
13136
13131
13137
13139
13137
13146
13143
13140
13138
13137
13135
13140
13140
13141
13133
13136
13132
13137
13138
13134
13133
13132
13134
13142
13136
13142
13144
13137
13133
13128
13123
13121
13120
13127
13130
13130
13132
13130
13137
13136
13137
13136
13133
13133
13126
13138
13136
13137
13139
13135
13136
13136
13134
13131
13132
13134
13130
13134
13136
13133
13132
13140
13130
13121
12998
12917
12870
12839
12833
12831
12829
12835
12842
12853
12867
12868
12889
12910
12929
12942
12950
12965
12977
12981
12989
13001
13007
13020
13036
13039
13046
13054
13051
13064
13059
13071
13061
