13133
13134
13140
13137
13138
13140
13141
13141
13137
13136
13127
13131
13129
13125
13123
13125
13111
13113
13127
13121
13121
13127
13127
13132
13143
13140
13135
13135
13132
13124
13128
13133
13136
13134
13136
13136
13136
13131
13134
13138
13132
13140
13142
13139
13138
13140
13137
13148
13142
13140
13141
13138
13135
13138
13139
13140
13142
13139
13147
13140
13137
13142
13137
13143
13144
13140
13146
13139
13132
13130
13129
13126
13134
13138
13145
13145
13145
13131
13127
13135
13133
13133
13130
13132
13138
13138
13137
13133
13131
13137
13139
13137
13139
13136
13138
13140
13138
13136
13141
13136
13137
13139
13131
13124
13124
13128
13134
13138
13137
13135
13134
13127
13122
13118
13115
13112
13124
13120
13118
13126
13133
13134
13122
13126
13126
13125
13127
13141
13132
13132
13141
13131
13135
13127
13130
13135
13131
13132
13143
13146
13146
13140
13141
13142
13148
13146
13150
13141
13145
13143
13145
13142
13139
13133
13134
13127
13131
13121
13123
13129
13134
13138
13137
13140
13145
13145
13142
13142
13143
13144
13142
13134
13126
13133
13133
13139
13131
13140
13146
13138
13134
13136
13135
13133
13133
13132
13122
13122
13126
13135
13140
13145
13139
13143
13136
13132
13137
13141
13142
13145
13143
13142
13142
13147
13146
13147
13141
13139
13139
13142
13142
13140
13136
13135
13132
13135
13128
13132
13130
13122
13131
13129
13130
13133
13136
13133
13136
13138
13142
13134
13134
13135
13129
13133
13133
13134
13134
13134
13133
13136
13136
13140
13132
13132
13125
13123
13119
13124
13130
13133
13135
13130
13126
13135
13130
13138
13136
13127
13141
13135
13137
13144
13137
13141
13139
13134
13134
13135
13126
13125
13131
13137
13130
13136
13134
13131
13143
13140
13136
13142
13143
13144
13145
13140
13141
13141
13142
13147
13139
13141
13136
13137
13134
13136
13125
13136
13135
13133
13146
13136
13130
13133
13133
13134
13129
13132
13127
13125
13133
13123
13128
13134
13128
13129
13136
13135
13141
13136
13141
13140
13140
13132
13132
13132
13137
13138
13135
13138
13131
13136
13139
13138
13145
13141
13143
13142
13141
13127
13128
13123
13121
13131
13133
13129
13134
13139
13142
13138
13135
13134
13136
13136
13135
13134
13131
13128
13135
13124
13127
13125
13132
13123
13126
13124
13127
13134
13137
13138
13127
13134
13135
13141
13136
13134
13129
13137
13133
13133
13133
13133
13127
13126
13118
13116
13115
13113
13115
13119
13119
13125
13129
13127
13129
13135
13133
13132
13140
13136
13133
13141
13147
13147
13142
13137
13132
13136
13134
13135
13128
13132
13131
13129
13122
13121
13118
13123
13121
13120
13134
13125
13125
13128
13125
13130
13124
13125
13133
13131
13135
13138
13135
13135
13131
13135
13131
13132
13132
13127
13128
13132
13132
13133
13132
13136
13131
13133
13133
13135
13134
13139
13144
13140
13139
13135
13139
13144
13143
13138
13139
13138
13134
13133
13133
13128
13134
13134
13137
13139
13140
13139
13137
13138
13134
13133
13136
13130
13136
13125
13123
13126
13130
13129
13137
13133
13134
13131
13128
13126
13120
13125
13131
13130
13140
13138
13140
13137
13130
13131
13133
13128
13123
13131
13132
13131
13132
12817
11966
11050
10481
10154
10012
9962
10006
10079
10209
10327
10486
10610
10762
10895
11032
11154
11283
11390
11505
11601
11703
11785
11877
11960
12046
12109
12179
12226
12285
12334
12383
12421
12473
12506
12542
12582
12615
12643
12688
12715
12741
12762
12783
12801
12830
12849
12869
12878
12901
12908
12918
12925
12939
12960
12977
12987
12999
13009
13015
13025
13025
13024
13021
13022
13033
13036
13046
13054
13065
13074
13072
13077
13093
13098
13094
13100
13098
13101
13103
13102
13099
13102
13108
13109
13110
13119
13116
13120
13120
13123
13127
13113
13106
13106
13107
13110
13112
13116
13123
13119
13118
13117
13113
13122
13120
13116
13120
13122
13121
13120
13125
13121
13124
13124
13128
13135
13126
13123
13119
13124
13130
13131
13125
13130
13134
13135
13134
13138
13135
13133
13136
13130
13130
13131
13127
13130
13123
13126
13125
13128
13124
13128
13125
13118
13125
13121
13129
13134
13131
13131
13130
13130
13138
13129
13132
13136
13131
13126
13129
13122
13119
13117
13118
13116
13121
13122
13122
13126
13127
13126
13136
13134
13138
13138
13145
13146
13141
13141
13143
13138
13134
13138
13132
13135
13141
13137
13138
13136
13129
13138
13136
13131
13137
13138
13137
13148
13143
13138
13138
13134
13136
13133
13137
13137
13133
13132
13136
13138
13134
13134
13150
13141
13140
13143
13142
13139
13141
13142
13143
13144
13144
13146
13137
13138
13137
13129
13136
13129
13131
13143
13138
13132
13136
13123
13124
13125
13117
13119
13123
13128
13142
13136
13139
13139
13140
13138
13134
13137
13128
13132
13140
13136
13137
13144
13145
13146
13144
13140
13127
13138
13133
13141
13138
13144
13141
13141
13137
13136
13134
13138
13131
13137
13144
13131
13132
13128
13127
13129
13138
13128
13138
13138
13143
13137
13145
13148
13135
13138
13125
13123
13125
13122
13127
13128
13134
13130
13130
13134
13132
13132
13134
13130
13126
13133
13138
13136
13131
13139
13136
13137
13134
13130
13133
13133
13133
13135
13129
13133
13135
13146
13145
13142
13145
13146
13149
13151
13148
13143
13139
13134
13141
13110
12998
12924
12879
12861
12850
12845
12844
12858
12867
12884
12896
12902
12908
12911
12928
12946
12966
12975
12977
12995
13003
12998
13009
13019
13030
13040
13045
13052
13052
13063
13067
13072
13074
13075
13074
13080
13078
13076
13092
13089
13087
13094
13096
13101
13100
13102
13097
13104
13108
13115
13113
13118
13119
13115
13116
13119
13117
13116
13115
13116
13124
13122
13124
13128
13139
13135
13134
13129
13131
13134
13133
13134
13130
13129
13129
13132
13124
13132
13137
13136
13136
13137
13135
13136
13131
13132
13133
13134
13135
13135
13130
13130
13129
13128
13131
13130
13127
13132
13130
13120
13128
13114
13119
13126
13128
13129
13129
13132
13137
13139
13145
13144
13137
13142
13149
13141
13138
13144
13149
13142
13142
13141
13139
13142
13138
13143
13141
13146
13145
13141
13142
13146
13142
13137
13134
13134
13140
13148
13139
13127
13128
13129
13135
13137
13135
13142
13137
13132
13129
13131
13130
13127
13125
13127
13129
13134
13131
13130
13137
13120
13119
13118
13119
13131
13127
13126
13135
13137
13143
13138
13124
13122
13122
13127
13130
13135
13131
13137
13133
13126
13133
13133
13133
13137
13140
13139
13141
13140
13137
13136
13128
13130
