13140
13138
13140
13138
13136
13134
13128
13135
13127
13134
13133
13133
13134
13131
13123
13130
13129
13134
13140
13137
13135
13142
13145
13147
13144
13132
13131
13132
13132
13125
13131
13136
13128
13134
13130
13131
13132
13128
13134
13132
13130
13135
13135
13130
13141
13137
13142
13138
13136
13137
13138
13136
13135
13138
13140
13135
13134
13119
13128
13126
13126
13125
13126
13130
13136
13135
13138
13137
13139
13139
13127
13134
13131
13126
13131
13134
13142
13132
13133
13135
13134
13131
13131
13138
13133
13133
13139
13145
13143
13141
13139
13131
13138
13129
13124
13132
13132
13135
13142
13133
13130
13134
13126
13122
13128
13126
13123
13129
13127
13126
13128
13129
13124
13126
13125
13124
13126
13130
13132
13137
13133
13132
13130
13128
13137
13136
13137
13132
13134
13132
13130
13130
13124
13129
13122
13127
13123
13125
13132
13122
13120
13127
13030
12942
12884
12849
12830
12819
12825
12824
12834
12857
12873
12881
12900
12912
12935
12947
12959
12971
12974
12975
12982
12994
13007
13012
13021
13029
13024
13040
13045
13052
13062
13067
13069
13078
13082
13090
13098
13096
13100
13096
13096
13100
13093
13095
13103
13109
13113
13104
13102
13106
13113
13115
13111
13105
13119
13111
13114
13116
13117
13122
13122
13123
13117
13115
13112
13119
13123
13129
13137
13133
13134
13136
13140
13143
13137
13135
13142
13145
13142
13145
13147
13138
13136
13132
13125
13127
13137
13132
13139
13136
13133
13126
13131
13133
13133
13124
13131
13127
13122
13124
13124
13128
13133
13134
13131
13138
13137
13137
13128
13120
13123
13119
13117
13124
13131
13122
13132
13132
13129
13131
13132
13130
13128
13127
13129
13122
13123
13124
13127
13137
13138
13135
13135
13132
13136
13135
13130
13138
13133
13138
13141
13138
13133
13124
13129
13132
13134
13130
13130
13129
13133
13133
13122
13137
13131
13130
13139
13137
13146
13149
13145
13140
13146
13143
13147
13138
13132
13122
13137
13144
13141
13129
13133
13132
13138
13138
13146
13143
13145
13148
13145
13148
13137
13134
13139
13138
13136
13138
13137
13132
13136
13135
13132
13140
13135
13137
13144
13134
13136
13142
13144
13145
13143
13145
13136
13136
13139
13141
13137
13138
13142
13135
13134
13129
13130
13128
13126
13130
13133
13138
13135
13128
13135
13136
13135
13133
13121
13126
13134
13130
13136
13139
13136
13129
13121
13121
13128
13132
13131
13131
13126
13126
13129
13130
13130
13130
13129
13123
13127
13131
13134
13129
13127
13129
13135
13132
13131
13135
13138
13142
13141
13141
13142
13136
13133
13134
13131
13133
13131
13133
13138
13138
13145
13146
13141
13140
13152
13144
13142
13137
13135
13130
13133
13136
13137
13133
13134
13139
13142
13142
13139
13137
13126
13126
13127
13133
13135
13136
13145
13137
13143
13142
13134
13139
13138
13137
13134
13136
13137
13126
13140
13148
13147
13149
13149
13143
13155
13139
13133
13129
13121
13135
13136
13135
13131
13135
13143
13140
13143
13141
13137
13145
13137
13138
13132
13126
13127
13136
13139
13140
13146
13150
13148
13140
13141
13137
13145
13143
13147
13141
13144
13140
13138
13142
13136
13129
13152
13145
13139
12481
11355
10543
10057
9780
9686
9661
9740
9830
9974
10107
10276
10416
10584
10728
10887
11010
11150
11266
11393
11504
11614
11705
11802
11879
11965
12035
12110
12168
12235
12284
12342
12381
12434
12476
12518
12542
12594
12630
12672
12701
12725
12750
12772
12790
12817
12838
12863
12871
12893
12905
12924
12943
12959
12961
12986
12983
12998
13008
13004
13013
13008
13022
13027
13030
13033
13037
13036
13052
13060
13064
13073
13082
13093
13099
13102
13100
13103
13098
13087
13088
13087
13090
13089
13088
13091
13094
13107
13106
13112
13119
13116
13123
13126
13121
13130
13124
13126
13123
13125
13123
13118
13116
13124
13116
13122
13128
13127
13130
13129
13122
13118
13120
13119
13127
13130
13122
13134
13126
13128
13132
13135
13132
13140
13139
13149
13149
13151
13145
13150
13148
13147
13150
13144
13137
13134
13121
13128
13139
13136
13141
13138
13139
13142
13143
13133
13140
13139
13136
13133
13124
13122
13130
13129
13135
13130
13126
13136
13129
13125
13132
13133
13136
13135
13136
13138
13129
13133
13125
13129
13124
13133
13132
13133
13131
13138
13133
13129
13127
13128
13124
13121
13124
13123
13126
13118
13125
13122
13129
13135
13134
13136
13132
13126
13132
13120
13118
13131
13121
13127
13133
13135
13137
13137
13133
13138
13133
13141
13132
13131
13128
13132
13125
13127
13119
13129
13122
13124
13132
13128
13133
13136
13131
13137
13137
13140
13147
13138
13137
13142
13139
13142
13133
13129
13133
13134
13121
13119
13119
13115
13123
13128
13134
13136
13131
13135
13137
13145
13137
13146
13136
13133
13133
13133
13128
13131
13132
13135
13145
13149
13149
13140
13144
13150
13151
13140
13145
13133
13128
13132
13131
13125
13123
13122
13127
13131
13133
13138
13135
13138
13148
13144
13146
13144
13146
13150
13149
13144
13140
13137
13142
13142
13143
13134
13130
13137
13135
13129
13134
13136
13123
13118
13121
13123
13124
13123
13132
13132
13145
13148
13144
13148
13149
13149
13153
13146
13138
13145
13147
13146
13147
13141
13150
13156
13158
13154
13149
13151
13142
13138
13140
13134
13138
13142
13143
13147
13137
13140
13145
13149
13147
13144
13145
13140
13133
13136
13137
13133
13131
13134
13137
13137
13135
13138
13144
13135
13126
13132
13122
13121
13131
13129
13128
13125
13135
13136
13135
13132
13124
13124
13134
13132
13132
13142
13138
13140
13139
13140
13136
13132
13134
13129
13133
13130
13131
13129
13130
13124
13129
13129
13133
13137
13138
13132
13139
13135
13132
13143
13139
13140
13145
13137
13133
13128
13135
13134
13132
13133
13128
13136
13139
13133
13137
13127
13128
13130
13131
13130
13130
13133
13133
13131
13129
13122
13120
13124
13133
13126
13142
13145
13141
13147
13145
13145
13155
13152
13151
13153
13145
13144
13143
13139
13142
13141
13142
13132
13135
13135
13133
13137
13138
13133
13133
13125
13121
13129
13122
13120
13124
13125
13135
13136
13132
13136
13137
13135
13137
13135
13141
13142
13141
13140
13142
13138
13147
13147
13137
13136
13134
13130
13143
13139
13134
13135
13135
13134
13132
13136
13135
13139
13137
13138
13135
13127
13128
13132
13124
13124
13127
13123
13126
13124
13132
13134
13138
13142
13141
13140
13137
13132
13131
13129
13136
13135
13139
13137
13132
13129
13128
13126
13129
13126
13129
13133
13135
13136
13138
13138
13136
