13141
13147
13143
13139
13139
13133
13135
13144
13135
13138
13134
13132
13123
13124
13121
13128
13129
13141
13142
13138
13135
13135
13133
13135
13125
13122
13131
13130
13120
13125
13123
13126
13133
13134
13131
13137
13139
13142
13147
13151
13144
13151
13154
13150
13148
13146
13137
13138
13138
13140
13140
13143
13146
13144
13145
13143
13132
13132
13128
13127
13131
13129
13125
13131
13122
13122
13122
13119
13113
13119
13112
13124
13128
13129
13125
13121
13123
13121
13124
13126
13122
13124
13116
13116
13123
13126
13125
13130
13126
13124
13117
13117
13115
13114
13119
13124
13118
13116
13122
13115
13113
13127
13124
13135
13125
13128
13135
13134
13125
13126
13121
13122
13120
13123
13128
13137
13139
13129
13119
13124
13129
13130
13132
13134
13146
13139
13138
13143
13136
13138
13131
13137
13134
13137
13135
13141
13132
13134
13138
13133
13138
13132
13133
13144
13134
13134
13133
13134
13122
13127
13125
13121
13128
13125
13133
13134
13138
13137
13136
13141
13139
13136
13130
13136
13136
13134
13136
13138
13136
13136
13131
13130
13127
13130
13137
13137
13138
13140
13133
13131
13137
13139
13136
13137
13134
13132
13129
13127
13120
13132
13126
13135
13137
13143
13156
13147
13152
13150
13151
13147
13146
13139
13133
13134
13133
13122
13124
13128
13128
13132
13119
13122
13134
13136
13134
13141
13137
13136
13139
13139
13137
13145
13139
13144
13135
13144
13148
13151
13153
13156
13150
13155
13146
13145
13146
13141
13141
13139
13134
13132
13129
13132
13127
13125
13133
13130
13130
13138
13136
13138
13141
13142
13148
13149
13148
13138
13140
13138
13141
13138
13138
13136
13142
13143
13138
13135
13138
13137
13135
13138
13139
13142
13136
13138
13139
13138
13145
13134
13136
13137
13139
13136
13132
13126
13129
13127
13129
13133
13128
13128
13131
13132
13129
13132
13130
13137
13130
13132
13130
13125
13133
13129
13131
13132
13134
13135
13149
13138
13137
13140
13134
13129
13138
13138
13139
13141
13133
13132
13132
13136
13131
13139
13141
13138
13145
13137
13140
13141
13134
13135
13135
13137
13130
13135
13143
13140
13144
13146
13147
13142
13142
13142
13135
13141
13137
13136
13148
13142
13143
13145
13137
13137
13138
13137
13142
13140
13141
13132
13138
13140
13131
13135
13138
13140
13147
13146
13147
13145
13145
13144
13149
13142
13144
13142
13141
13147
13146
13147
13143
13137
13129
13130
13126
13135
13126
13135
13144
13139
13132
13135
13133
13138
13145
13150
13145
13144
13141
13139
13142
13131
13127
13134
13139
13135
13146
13141
13131
13138
13134
13140
13148
13142
13137
13141
13134
13133
13122
13123
13126
13122
13129
13126
13136
13138
13136
13130
13138
13132
13134
13134
13130
13135
13135
13141
13141
13135
13136
13130
13128
13137
13135
13128
13138
13140
13147
13142
13141
13140
13137
13137
13133
13137
13139
13143
13137
13135
13139
13147
13153
13152
13146
13137
13131
13129
13125
13129
13136
13136
13134
13143
13135
13140
13141
13138
13134
13134
13132
13128
13131
13133
13134
13138
13142
13145
13149
13139
13142
13144
13149
13140
13143
13140
13147
13138
13142
13143
13142
13144
13140
13131
13131
13010
12597
11871
10903
10154
9700
9432
9359
9354
9444
9552
9718
9869
10054
10210
10395
10544
10714
10857
11007
11130
11263
11380
11504
11597
11693
11784
11877
11954
12026
12086
12169
12226
12293
12343
12379
12425
12469
12509
12548
12586
12621
12662
12679
12699
12727
12746
12776
12801
12819
12834
12850
12869
12884
12901
12920
12932
12949
12963
12974
12984
12990
13000
13021
13023
13028
13032
13032
13034
13034
13032
13032
13042
13051
13058
13056
13074
13080
13087
13095
13098
13094
13098
13093
13100
13108
13103
13099
13105
13100
13102
13110
13110
13109
13111
13109
13115
13118
13126
13126
13130
13126
13125
13115
13115
13118
13126
13125
13124
13128
13128
13127
13128
13120
13128
13120
13125
13125
13120
13119
13117
13112
13125
13122
13122
13122
13118
13119
13127
13125
13130
13134
13128
13129
13133
13127
13132
13131
13126
13135
13130
13136
13137
13149
13141
13134
13143
13140
13144
13147
13147
13149
13152
13147
13142
13136
13139
13133
13131
13125
13129
13134
13138
13129
13119
13124
13116
13115
13127
13131
13131
13133
13135
13135
13132
13137
13132
13137
13141
13135
13128
13123
13122
13127
13124
13121
13128
13131
13127
13121
13128
13126
13134
13139
13139
13138
13147
13148
13147
13151
13140
13141
13141
13134
13136
13147
13138
13131
13140
13134
13142
13134
13140
13135
13137
13139
13137
13138
13137
13137
13144
13145
13140
13144
13132
13128
13127
13127
13125
13113
13117
13117
13115
13116
13122
13121
13124
13129
13130
13132
13139
13141
13140
13131
13132
13133
13126
13125
13131
13127
13126
13131
13133
13137
13136
13133
13134
13135
13140
13134
13135
13137
13142
13148
13140
13134
13134
13131
13138
13146
13142
13141
13138
13149
13158
13148
13153
13146
13140
13140
13141
13138
13142
13129
13128
13133
13129
13127
13132
13128
13130
13132
13129
13123
13126
13132
13125
13124
13121
13119
13132
13130
13139
13142
13135
13133
13140
13138
13140
13136
13146
13139
13138
13139
13139
13132
13128
13132
13130
13139
13134
13133
13147
13148
13145
13148
13138
13140
13147
13137
13146
13141
13140
13142
13143
13142
13138
13135
13128
13133
13133
13128
13129
13134
13134
13134
13145
13150
13144
13141
13134
13128
13130
13129
13145
13137
13141
13145
13135
13133
13133
13137
13139
13134
13124
13130
13136
13138
13133
13126
13129
13130
13127
13124
13125
13132
13135
13142
13149
13143
13141
13143
13144
13148
13138
13141
13145
13139
13137
13139
13139
13141
13140
13134
13130
13126
13127
13132
13132
13136
13143
13139
13144
13142
13142
13142
13140
13143
13147
13144
13143
13146
13148
13150
13141
13135
13138
13136
13135
13132
13128
13131
13124
13127
13127
13124
13130
13128
13133
13142
13139
13139
13142
13132
13125
13122
13134
13130
13131
13130
13132
13137
13142
13141
13133
13136
13135
13130
13129
13123
13120
13124
13122
13127
13125
13126
13131
13136
13144
13143
13142
13135
13139
13143
13133
13130
13137
13145
13138
13139
13142
13141
13136
13141
13137
13132
13134
13135
13126
13127
13130
13133
13133
13128
13132
13137
13137
13140
13142
13130
13135
13136
13139
13135
13134
13126
13132
13128
13129
13124
13122
13126
13131
13133
13127
13120
13123
13119
13120
13121
13119
13117
13121
13127
13126
13120
13120
13126
13132
13134
13136
13129
13133
13125
13123
13133
13125
13130
13135
