13141
13147
13142
13143
13141
13140
13137
13135
13131
13130
13131
13124
13126
13125
13131
13136
13133
13129
13133
13126
13125
13132
13127
13121
13132
13126
13127
13122
13127
13126
13126
13130
13127
13126
13127
13134
13143
13132
13130
13135
13135
13146
13145
13139
13137
13135
13141
13147
13146
13147
13148
13147
13148
13150
13151
13157
13146
13138
13140
13130
13121
13126
13123
13123
13122
13127
13130
13130
13128
13138
13143
13142
13134
13124
13131
13123
13130
13118
13119
13128
13127
13123
13123
13114
13120
13122
13129
13128
13131
13132
13134
13131
13130
13132
13134
13139
13134
13131
13143
13132
13133
13138
13131
13138
13138
13143
13143
13138
13138
13138
13142
13144
13141
13136
13125
13132
13141
13135
13127
13130
13132
13132
13131
13132
13131
13135
13140
13141
13138
13140
13147
13142
13134
13128
13120
13125
13117
13116
13128
13126
13126
13130
13132
13134
13136
13136
13136
13136
13136
13131
13129
13134
13130
13131
13130
13130
13129
13124
13130
13130
13124
13133
13128
13135
13130
13134
13139
13138
13130
13126
13132
13135
13138
13123
13128
13125
13121
13126
13131
13126
13122
13127
13122
13130
13132
13133
13136
13129
13136
13130
13136
13143
13138
13140
13139
13139
13137
13126
13126
13126
13125
13138
13140
13133
13136
13143
13143
13147
13139
13147
13151
13146
13145
13143
13145
13146
13156
13145
13149
13139
13141
13145
13139
13139
13130
13131
13120
13122
13129
13132
13133
13137
13135
13133
13134
13125
13121
13121
13126
13134
13135
13132
13130
13128
13125
13124
13126
13130
13130
13133
13131
13128
13125
13126
13121
13133
13133
13122
13127
13121
13126
13131
13135
13140
13142
13138
13135
13134
13129
13130
13134
13134
13133
13133
13133
13133
13135
13136
13135
13140
13137
13144
13145
13149
13146
13143
13138
13141
13136
13135
13139
13139
13143
13142
13142
13146
13142
13139
13141
13136
13132
13138
13137
13138
13139
13140
13137
13133
13131
13127
13130
13134
13137
13141
13140
13138
13146
13136
13133
13134
13132
13142
13141
13142
13142
13146
13146
13153
13149
13151
13152
13142
13139
13132
13132
13136
13132
13135
13144
13136
13134
13140
13142
13149
13144
13145
13145
13139
13137
13126
13123
13125
13119
13124
13119
13123
13127
13126
13131
13142
13142
13145
13145
13147
13151
13144
13141
13140
13128
13128
13127
13126
13134
13136
13134
13144
13143
13144
13145
13138
13136
13137
13125
13126
13122
13126
13126
13132
13125
13128
13123
13131
13129
13123
13118
13115
13118
13121
13116
13123
13118
13126
13128
13135
13133
13127
13130
13130
13130
13137
13138
13132
13135
13137
13138
13137
13132
13126
13134
13135
13126
13132
13126
13127
13128
13126
13129
13136
13136
13124
13126
13123
13121
13134
13136
13136
13139
13135
13132
13140
13130
13136
13131
13132
13141
13143
13137
13142
13142
13135
13139
13144
13147
13145
13146
13153
13152
13144
13152
13143
13143
13150
13142
13147
13146
13140
13142
13139
13140
13130
13123
13130
13126
13129
13122
13116
13126
13125
13129
13134
13125
13130
13127
13129
13137
13131
13133
13132
13120
13128
13135
13137
13149
13148
13143
13149
13141
13141
13148
13134
13136
13135
13137
13133
13134
13140
13136
13137
13090
12599
11842
11370
11097
10933
10895
10891
10931
10962
11038
11106
11220
11322
11437
11527
11628
11709
11801
11876
11954
12022
12102
12160
12226
12279
12325
12377
12432
12472
12525
12553
12592
12630
12661
12682
12724
12744
12763
12783
12810
12828
12847
12864
12883
12896
12909
12915
12929
12935
12955
12972
12978
12983
12988
12997
13011
13016
13028
13037
13032
13047
13053
13060
13065
13069
13069
13076
13076
13083
13088
13086
13085
13091
13088
13092
13097
13095
13100
13108
13107
13107
13108
13114
13107
13111
13111
13117
13126
13122
13123
13127
13123
13127
13128
13128
13130
13127
13130
13134
13125
13127
13132
13125
13122
13123
13120
13132
13130
13128
13139
13134
13131
13133
13133
13134
13137
13140
13141
13137
13130
13124
13134
13136
13126
13128
13125
13119
13129
13122
13125
13125
13128
13130
13140
13099
12966
12889
12839
12819
12814
12805
12816
12821
12842
12859
12875
12890
12902
12908
12921
12926
12943
12953
12965
12971
12989
12997
13010
13022
13032
13029
13034
13043
13049
13050
13051
13060
13074
13072
13070
13074
13072
13077
13076
13081
13080
13086
13094
13108
13105
13107
13102
13103
13101
13108
13101
13107
13114
13109
13109
13104
13109
13106
13104
13110
13116
13123
13116
13118
13125
13119
13123
13135
13133
13128
13125
13129
13135
13124
13123
13131
13137
13134
13134
13132
13126
13124
13127
13134
13130
13130
13132
13127
13134
13140
13142
13142
13142
13146
13147
13139
13139
13138
13134
13132
13134
13134
13131
13131
13137
13135
13142
13143
13143
13139
13133
13124
13128
13126
13126
13133
13135
13141
13135
13140
13140
13144
13143
13150
13143
13143
13144
13137
13140
13138
13135
13134
13132
13132
13141
13129
13126
13133
13125
13127
13122
13120
13115
13116
13118
13117
13120
13122
13116
13112
13111
13102
13104
13099
13103
13115
13118
13124
13129
13130
13134
13135
13138
13140
13134
13137
13137
13132
13134
13138
13128
13129
13126
13122
13133
13133
13124
13121
13113
13116
13123
13120
13121
13130
13137
13133
13138
13139
13139
13135
13133
13133
13130
13124
13124
13129
13122
13122
13119
13118
13124
13126
13121
13122
13115
13117
13125
13130
13126
13125
13129
13132
13126
13132
13134
13130
13130
13127
13116
13124
13130
13129
13133
13135
13139
13139
13142
13139
13140
13140
13142
13138
13142
13133
13132
13135
13137
13140
13140
13137
13142
13146
13145
13139
13133
13138
13131
13130
13133
13132
13137
13137
13137
13126
13134
13133
13137
13137
13132
13135
13141
13145
13144
13142
13145
13139
13129
13126
13128
13138
13138
13139
13143
13144
13149
13138
13142
13141
13138
13142
13137
13136
13130
13134
13134
13142
13137
13132
13129
13131
13126
13131
13121
13117
13123
13115
13113
13126
13125
13133
13139
13136
13130
13129
13137
13134
13128
13128
13119
13126
13131
13129
13133
13127
13133
13134
13139
13134
13130
13124
13128
13126
13123
13121
13112
13120
13124
13122
13119
13122
13119
13128
13137
13129
13136
13136
13132
13135
13133
13132
13134
13131
13134
13134
13135
13129
13130
13138
13142
13141
13140
13140
13147
13137
13134
13142
13141
13138
13139
13138
13141
13139
13141
13137
13129
13134
13143
13135
13138
13140
13137
13142
13134
13130
13137
13126
13133
13141
13134
13129
13134
13136
13134
13128
13130
13128
