13134
13130
13133
13140
13141
13136
13136
13139
13131
13130
13132
13132
13142
13137
13132
13132
13128
13130
13122
13121
13124
13123
13122
13121
13117
13124
13128
13120
13125
13126
13126
13130
13126
13126
13135
13129
13128
13137
13132
13132
13133
13136
13132
13132
13132
13132
13136
13142
13136
13138
13135
13135
13140
13128
13134
13134
13130
13124
13121
13121
13121
13123
13121
13127
13124
13131
13137
13132
13136
13136
13136
13146
13140
13135
13140
13137
13144
13134
13129
13132
13137
13139
13140
13133
13134
13127
13119
13123
13126
13131
13135
13130
13136
13132
13129
13138
13134
13134
13132
13134
13129
13135
13135
13138
13134
13141
13144
13131
13133
13129
13133
13137
13136
13139
13142
13142
13142
13141
13133
13131
13134
13133
13138
13136
13143
13138
13146
13150
13141
13142
13134
13133
13141
13138
13137
13148
13142
13139
13142
13135
13132
13138
13136
13134
13129
13133
13139
13136
13133
13132
13130
13136
13135
13132
13128
13130
13130
13134
13129
13133
13136
13131
13129
13132
13133
13129
13137
13138
13135
13128
13122
13124
13127
13122
13115
13125
13132
13138
13137
13142
13136
13132
13135
13132
13123
13129
13128
13117
13125
13123
13121
13124
13128
13122
13135
13130
13134
13142
13137
13140
13139
13134
13133
13132
13138
13143
13139
13140
13143
13139
13130
13128
13132
13128
13135
13139
13135
13133
13127
13123
13132
13131
13128
13135
13133
13135
13142
13140
13136
13133
13133
13137
13131
13128
13136
13139
13144
13152
13146
13152
13153
13149
13148
13141
13147
13145
13131
13135
13133
13125
13120
13118
13128
13127
13126
13130
13138
13140
13144
13147
13151
13153
13150
13149
13141
13140
13130
13132
13133
13135
13131
13133
13127
13122
13125
13118
13123
13129
13128
13125
13123
13130
13127
13127
13122
13127
13132
13138
13091
12979
12902
12850
12839
12824
12830
12826
12837
12849
12862
12873
12895
12900
12918
12940
12949
12961
12968
12989
12995
13000
13012
13020
13019
13019
13038
13046
13050
13056
13052
13062
13070
13082
13083
13080
13085
13089
13086
13095
13086
13089
13088
13098
13104
13095
13096
13103
13105
13113
13114
13108
13106
13112
13120
13128
13125
13127
13124
13127
13128
13126
13132
13128
13129
13126
13144
13136
13127
13129
13122
13125
13133
13132
13133
13132
13128
13138
13141
13139
13140
13135
13135
13132
13150
13142
13144
13140
13137
13136
13133
13138
13133
13133
13139
13143
13139
13134
13135
13134
13141
13138
13131
13130
13134
13132
13143
13128
13125
13130
13126
13130
13131
13127
13121
13124
13127
13126
13125
13124
13125
13129
13133
13126
13136
13131
13131
13137
13136
13137
13139
13135
13137
13145
13151
13153
13145
13145
13147
13137
13144
13138
13137
13137
13134
13138
13143
13137
13133
13137
13129
13139
13138
13133
13125
13116
13121
13121
13115
13132
13134
13138
13144
13148
13155
13148
13150
13150
13138
13138
13136
13135
13129
13133
13134
13136
13127
13129
13132
13135
13139
13140
13143
13153
13147
13136
13143
13131
13130
13131
13126
13120
13126
13121
13131
13124
13134
13127
13133
13131
13132
13129
13123
13115
13123
13117
13119
13119
13115
13111
13105
13110
13118
12732
11754
10907
10409
10108
9969
9919
9965
10033
10161
10285
10437
10572
10728
10855
11010
11126
11254
11370
11484
11584
11690
11780
11874
11948
12033
12093
12163
12215
12270
12316
12382
12418
12462
12502
12541
12582
12622
12658
12692
12724
12750
12782
12799
12818
12841
12854
12877
12891
12904
12917
12926
12937
12958
12968
12978
12997
13003
13016
13022
13025
13027
13031
13045
13042
13052
13056
13059
13069
13074
13083
13095
13087
13086
13099
13094
13087
13086
13091
13097
13099
13103
13108
13099
13100
13106
13110
13112
13120
13123
13126
13122
13127
13134
13127
13122
13126
13126
13128
13131
13122
13122
13129
13132
13124
13117
13116
13124
13126
13126
13115
13126
13120
13124
13124
13118
13125
13126
13123
13124
13126
13117
13124
13117
13125
13125
13127
13126
13130
13133
13130
13125
13123
13126
13125
13118
13131
13124
13122
13126
13134
13138
13144
13145
13140
13139
13141
13143
13139
13126
13124
13128
13123
13120
13124
13118
13113
13116
13113
13121
13120
13128
13132
13129
13129
13137
13133
13125
13132
13126
13130
13130
13126
13129
13123
13120
13127
13127
13129
13135
13133
13133
13131
13137
13128
13132
13131
13137
13136
13141
13134
13142
13137
13144
13143
13140
13137
13136
13139
13137
13132
13133
13127
13112
13123
13128
13132
13129
13135
13137
13142
13142
13133
13138
13138
13141
13147
13147
13140
13142
13138
13137
13133
13138
13132
13128
13132
13128
13133
13133
13133
13145
13139
13138
13143
13136
13133
13137
13133
13133
13132
13131
13142
13134
13138
13141
13125
13135
13136
13134
13138
13132
13131
13139
13136
13130
13137
13130
13138
13141
13144
13145
13146
13139
13137
13133
13139
13136
13133
13136
13130
13130
13124
13120
13133
13135
13134
13133
13139
13137
13136
13132
13127
13119
13132
13136
13121
13118
13130
13132
13137
13131
13123
13129
13126
13124
13137
13127
13129
13136
13135
13129
13128
13121
13117
13125
13125
13121
13121
13129
13130
13140
13146
13143
13147
13140
13145
13142
13143
13136
13137
13132
13137
13138
13135
13139
13132
13138
13136
13140
13133
13129
13126
13135
13128
13126
13129
13125
13134
13136
13128
13126
13130
13129
13126
13137
13135
13145
13140
13141
13136
13141
13140
13138
13138
13127
13128
13129
13123
13122
13129
13120
13132
13135
13122
13002
12914
12866
12834
12822
12828
12825
12834
12851
12857
12868
12887
12900
12915
12936
12946
12960
12970
12977
12986
12996
13005
13015
13010
13023
13024
13037
13040
13045
13056
13060
13073
13079
13084
13086
13085
13088
13095
13098
13108
13105
13105
13107
13112
13115
13118
13109
13100
13107
13108
13106
13107
13104
13109
13100
13108
13108
13114
13112
13116
13119
13120
13119
13120
13113
13116
13128
13126
13129
13132
13124
13132
13127
13127
13114
13121
13124
13129
13118
13123
13133
13132
13135
13137
13140
13133
13132
13134
13131
13123
13121
13128
13130
13137
13138
13138
13138
13138
13137
13135
13129
13129
13127
13137
13138
13135
13140
13132
13129
13136
13139
13144
13140
13139
13138
13134
13130
13138
13123
13126
13126
13120
13123
13121
13122
13128
13130
13124
13136
13136
13137
13138
13132
13135
13134
13131
13135
13136
13136
13139
13130
13128
13126
13128
13125
13123
13130
13126
13129
13133
13128
13131
13128
13131
13120
13125
13125
13136
13130
13143
13138
13134
13134
13141
