13141
13134
13135
13137
13139
13141
13136
13133
13133
13126
13129
13121
13118
13118
13118
13123
13127
13132
13126
13131
13143
13138
13149
13149
13150
13147
13145
13154
13147
13141
13142
13141
13132
13138
13138
13131
13130
13129
13125
13130
13133
13125
13132
13129
13132
13134
13124
13121
13126
13133
13132
13134
13134
13134
13135
13136
13133
13126
13119
13118
13121
13126
13130
13132
13126
13134
13140
13140
13138
13141
13139
13136
13138
13135
13132
13132
13132
13139
13145
13155
13155
13151
13150
13144
13142
13141
13130
13134
13137
13144
13141
13136
13129
13130
13126
13132
13132
13130
13130
13133
13143
13143
13137
13140
13134
13137
13134
13135
13128
13129
13133
13124
13122
13129
13134
13135
13133
13140
13137
13136
13128
13127
13135
13126
13125
13131
13125
13122
13136
13136
13143
13142
13150
13146
13143
13139
13128
13132
13131
13132
13140
13135
13132
13141
13143
13139
13134
13132
13134
13130
13130
13138
13135
13143
13142
13139
13142
13141
13137
13140
13138
13129
13135
13131
13128
13133
13139
13135
13137
13142
13145
13136
13138
13130
13134
13137
13136
13134
13134
13133
13143
13139
13138
13133
13129
13135
13131
13132
13138
13141
13142
13146
13146
13146
13149
13143
13143
13141
13137
13140
13134
13133
13134
13134
13129
13127
13133
13127
13129
13136
13139
13134
13139
13138
13139
13140
13142
13142
13134
13131
13132
13126
13127
13135
13134
13133
13140
13136
13137
13140
13142
13143
13140
13135
13132
13131
13133
13130
13126
13132
13128
13126
13132
13136
13130
13136
13135
13140
13140
13146
13144
13150
13157
13154
13150
13150
13150
13144
13139
13138
13141
13133
13134
13139
13135
13133
13134
13131
13137
13135
13136
13139
13134
13137
13144
13137
13137
13132
13133
13142
13134
13129
13140
13135
13127
13139
13135
13130
13123
13117
13117
13116
13113
13116
13125
13131
13130
13130
13129
13134
13142
13142
13135
13132
13133
13133
13135
13134
13124
13121
13124
13131
13127
13135
13134
13133
13142
13144
13143
13145
13138
13134
13139
13135
13136
13132
13131
13134
13134
13141
13146
13139
13143
13139
13136
13129
13130
13130
13132
13121
13130
13130
13130
13134
13134
13134
13139
13139
13136
13143
13132
13140
13129
13135
13136
13145
13142
13134
13129
13132
13133
13121
13129
13124
13126
13135
13133
13137
13146
13147
13149
13146
13144
13144
13149
13147
13148
13140
13143
13142
13145
13137
13140
13137
13138
13141
13127
13127
13129
13133
13143
13146
13141
13136
13142
13137
13144
13143
13142
13152
13144
13139
13147
13142
13143
13140
13148
13151
13151
13147
13142
13134
13132
13130
13128
13131
13135
13132
13138
13135
13142
13139
13135
13136
13141
13140
13128
13139
13134
13139
13145
13148
13143
13140
13141
13140
13141
13140
13139
13142
13141
13139
13145
13132
13127
13130
13120
13131
13137
13142
13141
13143
13139
13137
13132
13138
13133
13132
13124
13129
13138
13138
13131
13134
13130
13129
13127
13122
13121
13122
13121
13126
13120
13118
13126
13125
13129
13131
13126
13137
13126
13132
13131
13126
13127
13126
13126
13139
13142
13147
13146
13143
13148
13147
13148
13153
13150
13143
13143
13139
13144
13141
13137
13137
13133
13063
12322
11398
10566
9906
9433
9162
9081
9085
9193
9318
9493
9652
9847
10027
10213
10295
10430
10555
10694
10746
10819
10900
11016
11112
11240
11346
11456
11551
11650
11733
11814
11890
11967
12038
12123
12169
12235
12293
12357
12409
12453
12488
12530
12565
12598
12630
12651
12680
12709
12734
12767
12790
12820
12843
12858
12868
12888
12903
12917
12927
12929
12943
12955
12973
12981
12994
13004
13019
13030
13037
13039
13056
13057
13062
13069
13075
13073
13079
13078
13081
13080
13083
13088
13088
13097
13098
13092
13096
13092
13091
13098
13096
13100
13109
13110
13109
13120
13122
13126
13126
13122
13123
13117
13117
13110
13119
13117
13121
13124
13122
13126
13123
13121
13119
13127
13119
13125
13132
13137
13134
13131
13129
13131
13126
13128
13132
13126
13132
13131
13130
13134
13130
13130
13131
13139
13131
13134
13125
13123
13129
13126
13133
13131
13136
13133
13141
13137
13133
13135
13138
13133
13129
13123
13122
13126
13125
13126
13124
13121
13121
13123
13121
13122
13123
13129
13133
13123
13125
13129
13119
13125
13125
13124
13133
13130
13137
13144
13140
13142
13144
13139
13139
13142
13144
13136
13130
13130
13124
13127
13132
13128
13132
13127
13125
13128
13121
13123
13130
13130
13132
13128
13137
13135
13137
13136
13140
13134
13137
13139
13134
13139
13137
13138
13143
13134
13123
13137
13135
13130
13137
13132
13132
13137
13137
13128
13127
13136
13129
13128
13132
13140
13142
13142
13143
13149
13142
13141
13142
13145
13136
13136
13137
13133
13131
13133
13141
13134
13138
13147
13136
13146
13143
13139
13145
13138
13132
13146
13133
13132
13137
13134
13137
13136
13131
13127
13134
13133
13126
13127
13126
13129
13134
13128
13129
13134
13130
13124
13123
13119
13116
13117
13115
13125
13128
13130
13138
13129
13132
13136
13137
13144
13138
13141
13144
13142
13143
13146
13139
13129
13137
13132
13138
13138
13137
13138
13138
13134
13133
13132
13137
13140
13138
13141
13142
13147
13145
13145
13148
13146
13141
13146
13145
13145
13140
13146
13143
13134
13138
13131
13134
13137
13133
13126
13132
13138
13139
13139
13132
13125
13123
13121
13124
13128
13132
13131
13132
13131
13125
13127
13136
13143
13140
13136
13139
13138
13137
13136
13134
13128
13132
13131
13130
13124
13127
13129
13141
13138
13133
13133
13125
13134
13127
13128
13130
13127
13127
13135
13138
13138
13149
13143
13139
13142
13142
13142
13134
13141
13133
13145
13145
13147
13143
13137
13135
13145
13138
13135
13133
13124
13126
13121
13119
13115
13115
13110
13123
13119
13130
13126
13128
13129
13134
13130
13140
13138
13136
13138
13133
13136
13140
13135
13133
13135
13133
13130
13134
13132
13133
13133
13138
13134
13138
13134
13132
13140
13137
13133
13135
13133
13133
13138
13140
13136
13140
13135
13141
13140
13145
13136
13130
13126
13127
13127
13129
13127
13129
13135
13132
13134
13142
13140
13138
13146
13149
13139
13140
13141
13139
13137
13138
13132
13130
13132
13137
13147
13138
13133
13133
13139
13139
13133
13128
13119
13118
13119
13122
13123
13129
13129
13135
13142
13137
13132
13142
13142
13139
13138
13135
13135
13141
13142
13141
13144
13136
13128
13127
13130
13125
13120
13121
13125
13132
13128
13125
13128
13131
13131
13135
13144
13141
13136
13132
13133
13133
