13148
13140
13140
13139
13136
13132
13138
13140
13140
13150
13144
13141
13153
13141
13137
13144
13135
13132
13127
13128
13128
13131
13134
13141
13132
13133
13142
13136
13137
13136
13137
13137
13129
13128
13131
13124
13128
13133
13133
13139
13139
13147
13152
13149
13149
13142
13133
13140
13140
13131
13133
13130
13133
13137
13130
13133
13129
13133
13137
13138
13133
13128
13134
13143
13134
13137
13136
13134
13126
13131
13134
13139
13146
13142
13143
13138
13136
13139
13141
13147
13143
13134
13147
13139
13142
13135
13135
13139
13138
13145
13133
13127
13129
13128
13125
13129
13120
13122
13126
13123
13131
13128
13132
13140
13147
13154
13160
13150
13148
13142
13133
13140
13137
13138
13147
13141
13145
13145
13146
13142
13144
13144
13142
13138
13133
13135
13137
13137
13131
13135
13141
13138
13144
13143
13146
13148
13151
13146
13142
13142
13145
13138
13138
13137
13134
13124
13132
13129
13134
13126
13132
13138
13138
13133
13135
13134
13136
13139
13129
13134
13133
13131
13131
13132
13133
13132
13126
13126
13124
13122
13131
13134
13134
13122
13119
13132
13131
13135
13136
13138
13143
13140
13138
13138
13134
13132
13134
13135
13136
13135
13133
13146
13148
13134
13139
13132
13132
13134
13130
13128
13137
13128
13129
13129
13131
13124
13122
13122
13128
13125
13123
13128
13134
13132
13132
13132
13139
13137
13139
13141
13140
13132
13131
13136
13131
13132
13133
13127
13127
13130
13132
13136
13128
13122
13127
13122
13124
13124
13113
13114
13121
13127
13134
13140
13136
13128
13131
13132
13129
13129
13128
13124
13137
13133
13136
13137
13141
13137
13136
13134
13129
13128
13122
13131
13127
13126
13128
13121
13125
13132
13131
13140
13136
13128
13137
13135
13137
13140
13140
13142
13144
13140
13138
13136
13148
13138
13137
13139
13135
13131
13131
13133
13140
13132
13128
13137
13135
13139
13132
13133
13137
13136
13129
13138
13130
13139
13141
13133
13130
13134
13067
12960
12894
12858
12838
12839
12844
12850
12851
12857
12867
12884
12897
12908
12926
12938
12959
12966
12973
12990
12997
13006
13018
13021
13032
13051
13048
13056
13060
13061
13059
13061
13065
13073
13073
13077
13078
13078
13085
13087
13084
13098
13097
13102
13121
13113
13113
13117
13123
13122
13128
13131
13129
13129
13133
13129
13125
13121
13120
13127
13130
13134
13144
13141
13139
13138
13131
13129
13129
13123
13132
13129
13139
13144
13138
13141
13129
13126
13133
13134
13127
13135
13133
13133
13134
13129
13126
13126
13126
13129
13131
13136
13130
13127
13132
13133
13135
13128
13132
13136
13131
13133
13137
13129
13133
13139
13134
13139
13130
13125
13129
13124
13121
13118
13123
13125
13130
13130
13136
13136
13139
13142
13137
13134
13138
13135
13137
13147
13146
13147
13144
13142
13130
13127
13131
13124
13125
13127
13128
13130
13129
13123
13128
13131
13126
13130
13130
13130
13128
13127
13134
13138
13135
13142
13141
13144
13143
13138
13131
13128
13124
13134
13133
13128
13137
13132
13128
13132
13126
13133
13131
13133
13130
13129
13137
13135
13137
13143
13144
13146
13150
13146
13151
13142
13139
13146
13139
13145
13146
13143
13137
13129
13127
13125
13121
13125
13131
13124
13112
12747
12075
11525
11203
11009
10948
10924
10966
11017
11106
11187
11299
11404
11503
11585
11685
11770
11863
11940
12020
12086
12162
12221
12289
12332
12381
12428
12478
12521
12556
12582
12615
12645
12678
12710
12733
12763
12787
12806
12825
12841
12849
12742
12674
12638
12628
12623
12636
12653
12682
12699
12735
12755
12777
12797
12821
12843
12860
12863
12875
12887
12896
12914
12935
12940
12956
12973
12988
13005
13007
13013
13023
13023
13034
13036
13032
13042
13051
13053
13061
13060
13066
13076
13080
13083
13090
13089
13089
13095
13097
13100
13095
13100
13097
13100
13107
13109
13110
13110
13115
13116
13124
13127
13133
13126
13121
13118
13119
13112
13107
13103
13106
13113
13110
13116
13118
13122
13128
13127
13130
13129
13131
13132
13129
13127
13136
13126
13115
13121
13118
13118
13124
13125
13129
13125
13126
13129
13118
13127
13123
13123
13121
13122
13126
13125
13128
13135
13142
13141
13140
13136
13142
13150
13149
13147
13146
13145
13145
13146
13142
13140
13139
13147
13149
13143
13148
13137
13136
13137
13135
13122
13122
13123
13130
13126
13129
13133
13135
13148
13148
13153
13150
13142
13147
13135
13138
13142
13137
13142
13134
13131
13130
13122
13121
13122
13131
13131
13133
13130
13134
13133
13130
13136
13129
13127
13138
13126
13134
13142
13143
13147
13141
13140
13144
13137
13137
13138
13133
13139
13139
13140
13142
13137
13135
13129
13119
13129
13131
13130
13126
13134
13136
13138
13140
13146
13131
13129
13132
13134
13143
13139
13136
13138
13141
13143
13152
13150
13147
13150
13148
13142
13143
13138
13140
13138
13140
13142
13149
13148
13145
13141
13144
13140
13147
13139
13128
13138
13132
13137
13144
13145
13150
13148
13147
13150
13140
13136
13137
13133
13134
13130
13130
13125
13136
13132
13139
13132
13133
13140
13139
13131
13134
13132
13135
13134
13135
13139
13149
13148
13150
13148
13145
13145
13149
13142
13140
13139
13137
13134
13130
13131
13129
13131
13134
13138
13133
13137
13142
13137
13141
13143
13142
13141
13130
13125
13125
13123
13129
13139
13131
13131
13133
13135
13142
13143
13143
13140
13136
13139
13142
13137
13133
13135
13139
13127
13127
13132
13124
13130
13131
13131
13136
13132
13133
13134
13130
13134
13135
13128
13133
13130
13131
13140
13144
13131
13138
13125
13130
13133
13134
13134
13136
13138
13127
13123
13128
13128
13132
13131
13129
13130
13131
13122
13134
13124
13127
13137
13133
13129
13127
13131
13132
13127
13126
13134
13135
13138
13143
13137
13141
13138
13139
13146
13138
13132
13134
13122
13122
13131
13126
13131
13134
13136
13145
13145
13141
13140
13139
13138
13128
13131
13130
13134
13142
13135
13134
13141
13150
13150
13151
13143
13142
13138
13139
13142
13135
13140
13142
13138
13140
13138
13133
13142
13143
13134
13139
13133
13132
13130
13127
13128
13130
13139
13145
13148
13139
13136
13148
13149
13145
13148
13145
13142
13145
13141
13131
13128
13132
13137
13136
13139
13135
13130
13136
13138
13127
13127
13121
13126
13125
13129
13132
13126
13126
13120
13129
13132
13127
13134
13129
13127
13140
13138
13129
13130
13129
13126
13139
13138
13137
13134
13134
13127
13132
13128
13137
13137
13126
13130
13128
13124
13128
13134
13135
13138
13133
13139
13145
13143
13151
13154
