13128
13124
13126
13128
13129
13126
13124
13134
13131
13133
13132
13133
13136
13139
13143
13146
13141
13135
13140
13132
13130
13134
13132
13140
13142
13147
13148
13144
13140
13139
13141
13140
13139
13133
13134
13130
13134
13122
13115
13119
13121
13124
13128
13125
13123
13129
13131
13133
13125
13118
13124
13125
13127
13127
13131
13139
13131
13131
13138
13131
13133
13135
13127
13130
13141
13135
13137
13142
13142
13141
13134
13133
13124
13132
13131
13130
13132
13125
13129
13137
13132
13132
13129
13124
13125
13128
13123
13129
13126
13125
13132
13125
13134
13133
13138
13142
13134
13129
13131
13127
13121
13120
13121
13117
13127
13136
13139
13135
13136
13133
13134
13135
13134
13133
13130
13131
13140
13136
13137
13139
13140
13135
13133
13128
13142
13138
13137
13139
13132
13137
13139
13130
13134
13135
13135
13136
13128
13130
13138
13136
13136
13135
13122
13129
13133
13137
13133
13135
13140
13138
13137
13141
13138
13137
13141
13135
13144
13131
13125
13131
13126
13135
13134
13137
13136
13135
13131
13136
13130
13129
13120
13128
13135
13132
13129
13136
13130
13131
13134
13134
13130
13129
13128
13125
13131
13136
13136
13132
13129
13120
13115
13112
13118
13115
13122
13123
13131
13126
13123
13126
13127
13125
13126
13128
13132
13132
13142
13142
13133
13132
13132
13131
13132
13134
13132
13134
13126
13127
13136
13134
13136
13141
13139
13136
13130
13128
13132
13125
13125
13122
13128
13131
13124
13129
13134
13134
13141
13133
13133
13136
13132
13137
13136
13142
13140
13143
13150
13154
13144
13148
13141
13138
13145
13141
13142
13137
13130
13125
13131
13132
13127
13132
13135
13136
13141
13142
13137
13131
13130
13128
13130
13130
13126
13132
13133
13130
13134
13132
13129
13135
13127
13133
13134
13135
13130
13137
13133
13133
13124
13127
13132
13132
13134
13135
13132
13132
13135
13133
13137
13131
13130
13134
13134
13130
13127
13123
13129
13129
13128
13123
13125
13127
13129
13128
13127
13122
13132
13129
13123
13120
13116
13116
13119
13116
13122
13126
13132
13135
13129
13129
13135
13134
13135
13127
13120
13125
13121
13115
13113
13117
13124
13134
13125
13132
13129
13132
13125
13127
13127
13130
13135
13141
13136
13139
13137
13136
13146
13131
13129
13135
13134
13128
13122
13125
13127
13125
13132
13132
13128
13129
13133
13131
13136
13136
13143
13142
13143
13137
13142
13139
13146
13143
13133
13127
13132
13125
13128
13126
13131
13130
13140
13143
13140
13147
13143
13143
13150
13144
13142
13140
13142
13140
13133
13136
13136
13139
13140
13144
13144
13144
13142
13140
13142
13134
13133
13136
13132
13131
13131
13126
13129
13127
13129
13125
13132
13133
13142
13139
13141
13135
13140
13140
13140
13143
13148
13144
13145
13137
13136
13140
13141
13140
13137
13136
13139
13140
13135
13130
13127
13126
13130
13126
13132
13136
13140
13147
13142
13132
13133
13134
13136
13136
13134
13131
13123
13120
13121
13125
13126
13123
13118
13127
13123
13126
13129
13130
13131
13128
13126
13127
13120
13118
13115
13116
13124
13122
13121
13131
13130
13133
13135
13133
13126
13137
13133
13137
13128
13130
13136
13130
13130
13055
12945
12884
12845
12746
12190
11714
11333
11097
11002
10939
10945
10987
11066
11140
11248
11333
11443
11543
11643
11730
11822
11897
11982
12049
12124
12178
12241
12292
12355
12409
12454
12497
12530
12570
12604
12631
12673
12693
12718
12752
12771
12798
12829
12852
12868
12879
12893
12903
12925
12938
12948
12963
12964
12972
12993
13008
13011
13030
13037
13042
13043
13044
13049
13058
13054
13055
13050
13058
13058
13058
13069
13073
13073
13085
13083
13090
13102
13094
13091
13100
13094
13103
13107
13114
13117
13114
13115
13112
13113
13120
13120
13122
13117
13110
13117
13118
13127
13130
13127
13133
13136
13138
13140
13142
13131
13134
13124
13124
13122
13118
13111
13125
13127
13133
13127
13126
13141
13133
13132
13132
13121
13129
13130
13128
13130
13134
13131
13134
13134
13141
13141
13138
13139
13138
13144
13139
13135
13134
13140
13136
13136
13134
13128
13134
13135
13136
13125
13132
13140
13142
13140
13133
13131
13140
13133
13133
13135
13137
13131
13133
13136
13137
13133
13128
13131
13130
13133
13132
13129
13139
13141
13134
13139
13135
13132
13129
13129
13130
13136
13131
13131
13129
13137
13136
13136
13135
13139
13133
13137
13130
13139
13135
13135
13132
13134
13135
13136
13130
13130
13137
13130
13128
13129
13122
13125
13119
13007
12905
12847
12815
12806
12783
12765
12754
12773
12773
12785
12796
12807
12819
12839
12855
12873
12887
12910
12918
12935
12941
12958
12963
12981
12990
13009
13011
13016
13025
13038
13033
13041
13052
13046
13050
13059
13064
13064
13061
13064
13071
13077
13083
13088
13083
13082
13086
13096
13098
13098
13100
13094
13099
13100
13103
13108
13113
13118
13115
13120
13117
13115
13115
13114
13114
13119
13128
13119
13125
13125
13118
13118
13120
13126
13123
13129
13132
13132
13125
13126
13126
13129
13132
13131
13124
13129
13123
13131
13123
13125
13127
13130
13136
13138
13137
13134
13135
13139
13142
13145
13149
13148
13147
13149
13137
13134
13131
13127
13117
13122
13113
13114
13117
13124
13123
13132
13130
13131
13132
13134
13132
13132
13124
13133
13123
13124
13124
13128
13121
13125
13132
13135
13138
13143
13135
13136
13143
13144
13147
13140
13142
13148
13149
13148
13138
13132
13129
13124
13125
13130
13123
13125
13130
13125
13126
13126
13136
13139
13131
13142
13137
13134
13137
13137
13142
13146
13134
13134
13125
13125
13131
13128
13121
13119
13123
13123
13131
13131
13140
13132
13137
13139
13142
13136
13131
13127
13138
13138
13133
13141
13136
13142
13146
13139
13139
13140
13137
13136
13140
13136
13132
13135
13140
13131
13138
13140
13136
13147
13139
13140
13135
13133
13130
13130
13130
13129
13128
13129
13131
13123
13123
13127
13122
13128
13127
13133
13137
13141
13142
13148
13143
13137
13147
13143
13151
13149
13150
13148
13145
13143
13139
13126
13137
13126
13131
13124
13120
13122
13127
13126
13130
13126
13131
13129
13128
13132
13134
13128
13133
13127
13129
13129
13125
13132
13137
13141
13147
13147
13145
13149
13137
13132
13136
13125
13131
13133
13133
13136
13138
13127
13120
13125
13129
13127
13124
13123
13129
13129
13123
13127
13132
13130
13128
13131
13127
13129
13138
13139
13143
13130
13130
13135
13129
13125
13131
13121
13127
13128
13130
13142
13131
13134
13140
13136
13145
13143
13138
13138
13137
13147
13142
