13129
13131
13130
13128
13123
13121
13125
13132
13137
13129
13135
13132
13126
13127
13130
13133
13138
13138
13138
13145
13148
13141
13134
13137
13135
13131
13125
13123
13125
13128
13119
13124
13123
13123
13128
13127
13132
13139
13137
13138
13136
13137
13147
13140
13142
13140
13139
13145
13137
13130
13131
13128
13123
13124
13119
13121
13118
13120
13123
13128
13130
13133
13136
13134
13134
13133
13129
13126
13131
13127
13125
13137
13137
13134
13131
13134
13134
13136
13134
13136
13135
13138
13135
13134
13137
13137
13135
13140
13139
13135
13140
13138
13132
13135
13126
13126
13120
13122
13125
13130
13128
13128
13128
13130
13123
13126
13120
13118
13127
13111
13118
13125
13130
13126
13128
13133
13135
13139
13133
13128
13127
13132
13143
13135
13137
13135
13137
13146
13142
13139
13135
13133
13128
13134
13123
13132
13126
13131
13125
13118
13117
13116
13122
13127
13125
13136
13134
13129
13140
13135
13142
13141
13144
13146
13139
13135
13128
13131
13130
13126
13120
13131
13128
13122
13121
13123
13126
13132
13125
13121
13131
13129
13136
13138
13137
13137
13140
13136
13135
13132
13138
13139
13133
13130
13122
13118
13122
13113
13133
13124
13121
13126
13128
13135
13136
13139
13134
13131
13132
13128
13124
13123
13130
13135
13133
13128
13132
13133
13126
13120
13123
13121
13123
13124
13123
13125
13121
13123
13131
13125
13133
13133
13133
13136
13136
13141
13134
13131
13143
13132
13134
13135
13132
13131
13133
13125
13117
13113
13120
13120
13115
13119
13126
13123
13128
13126
13124
13136
13134
13128
13137
13131
13128
13131
13130
13129
13136
13145
13155
13156
13147
13146
13152
13150
13145
13139
13136
13135
13139
13134
13135
13134
13132
13138
13133
13131
13130
13125
13130
13129
13136
13135
13137
13143
13141
13138
13141
13139
13135
13132
13148
13142
13148
13147
13141
13139
13136
13138
13136
13128
13126
13121
13123
13127
13127
13128
13134
13126
13133
13130
13124
13126
13125
13124
13120
13125
13124
13131
13131
13131
13130
13133
13134
13132
13138
13137
13130
13124
13129
13131
13131
13121
13117
13123
13125
13127
13131
13133
13136
13137
13134
13126
13137
13134
13133
13131
13131
13130
13135
13136
13131
13134
13138
13132
13136
13141
13143
13140
13137
13136
13133
13136
13139
13135
13139
13131
13127
13128
13125
13119
13129
13122
13119
13124
13129
13129
13128
13129
13119
13121
13123
13124
13126
13133
13136
13139
13137
13124
13131
13117
13117
13121
13121
13120
13115
13123
13128
13124
13121
13127
13128
13131
13128
13129
13129
13130
13130
13136
13129
13120
13130
13122
13124
13129
13128
13139
13146
13147
13151
13142
13145
13139
13142
13145
13140
13141
13135
13135
13135
13133
13127
13127
13132
13135
13144
13141
13150
13152
13156
13162
13160
13157
13158
13147
13149
13145
13137
13133
13125
13118
13124
13122
13120
13121
13117
13120
13120
13123
13135
13134
13135
13132
13134
13134
13131
13133
13137
13137
13148
13142
13137
13140
13141
13130
13137
13135
13136
13138
13135
13143
13139
13138
13137
13136
13131
13137
13126
13130
13129
13129
13134
13129
13132
13134
13138
13147
13137
13134
13138
13138
13140
13130
13131
13134
13138
13138
13143
12931
12045
11147
10543
10180
10021
9949
9987
10050
10173
10289
10442
10580
10733
10866
11015
11132
11269
11382
11490
11589
11687
11775
11877
11958
12038
12105
12163
12224
12285
12333
12384
12424
12472
12512
12549
12593
12626
12652
12676
12702
12734
12747
12764
12788
12811
12837
12853
12879
12897
12912
12929
12943
12945
12954
12970
12977
12986
12995
12997
13019
13026
13031
13031
13036
13039
13054
13056
13066
13079
13079
13081
13084
13084
13086
13088
13093
13094
13102
13102
13098
13104
13109
13103
13103
13097
13100
13105
13105
13112
13118
13112
13112
13108
13109
13114
13128
13126
13133
13134
13143
13138
13134
13136
13130
13134
13135
13129
13128
13129
13121
13121
13121
13121
13121
13122
13127
13129
13127
13131
13127
13128
13132
13136
13139
13142
13137
13142
13140
13133
13135
13132
13136
13131
13134
13124
13121
13117
13117
13119
13129
13126
13125
13128
13128
13125
13127
13111
13114
13109
13118
13126
13123
13126
13119
13128
13130
13119
13123
13128
13132
13142
13139
13139
13135
13134
13138
13137
13141
13140
13129
13131
13135
13120
13130
13134
13134
13136
13133
13134
13138
13120
13125
13128
13116
13118
13130
13127
13129
13126
13128
13125
13122
13133
13124
13128
13131
13131
13135
13135
13134
13136
13128
13122
13126
13130
13131
13126
13133
13134
13138
13134
13135
13132
13133
13128
13132
13134
13132
13130
13128
13125
13120
13132
13129
13128
13135
13129
13129
13133
13134
13129
13140
13147
13142
13143
13150
13147
13148
13150
13142
13151
13137
13138
13132
13126
13129
13126
13117
13123
13122
13120
13135
13130
13139
13148
13141
13149
13154
13156
13156
13151
13142
13150
13142
13137
13147
13149
13146
13149
13141
13138
13141
13142
13141
13142
13140
13139
13138
13132
13134
13134
13135
13132
13131
13141
13132
13126
13120
13119
13121
13131
13130
13126
13133
13129
13123
13124
13116
13122
13126
13130
13119
13135
13133
13133
13135
13134
13132
13142
13144
13145
13142
13143
13139
13137
13134
13138
13139
13133
13126
13129
13117
13119
13124
13130
13132
13132
13139
13142
13142
13141
13138
13143
13143
13147
13138
13141
13142
13150
13158
13156
13141
13148
13142
13144
13146
13133
13131
13129
13129
13136
13132
13135
13132
13136
13131
13126
13126
13124
13125
13126
13116
13124
13124
13125
13131
13137
13129
13131
13135
13128
13135
13129
13137
13141
13135
13142
13145
13148
13146
13142
13131
13130
13133
13132
13143
13145
13138
13138
13128
13126
13123
13126
13130
13132
13134
13142
13134
13139
13136
13149
13141
13142
13143
13140
13137
13144
13138
13136
13135
13125
13133
13140
13139
13143
13144
13143
13139
13132
13135
13128
13129
13139
13127
13125
13133
13127
13129
13136
13141
13143
13146
13149
13148
13149
13142
13137
13138
13140
13133
13134
13128
13132
13128
13124
13125
13131
13127
13125
13122
13123
13129
13124
13131
13135
13138
13132
13134
13136
13140
13138
13132
13139
13137
13145
13154
13143
13139
13136
13137
13136
13138
13135
13129
13121
13124
13127
13125
13121
13121
13129
13120
13136
13142
13132
13133
13134
13140
13140
13141
13135
13140
13133
13138
13133
13137
13141
13135
13133
13149
13146
13139
13147
13142
13149
13152
13152
13146
13151
13150
13147
13142
13144
13138
13134
13139
13130
13121
13129
13123
13132
13125
