13130
13122
13128
13128
13125
13130
13126
13123
13124
13122
13135
13124
13127
13130
13133
13130
13137
13132
13133
13132
13139
13134
13135
13136
13137
13133
13134
13131
13129
13119
13123
13125
13119
13113
13115
13110
13120
13125
13126
13133
13132
13137
13131
13122
13131
13134
13134
13144
13142
13139
13146
13131
13131
13136
13129
13132
13130
13132
13138
13143
13142
13133
13133
13136
13140
13139
13136
13133
13145
13150
13147
13144
13138
13134
13135
13132
13134
13134
13125
13132
13133
13131
13132
13127
13136
13132
13132
13136
13135
13130
13143
13137
13135
13133
13130
13131
13131
13134
13141
13135
13142
13136
13134
13135
13130
13130
13133
13134
13139
13131
13130
13130
13135
13130
13138
13143
13143
13139
13138
13142
13131
13134
13133
13125
13126
13126
13124
13132
13135
13131
13134
13132
13128
13136
13129
13133
13137
13136
13139
13138
13136
13130
13130
13133
13135
13145
13143
13138
13141
13135
13134
13133
13129
13134
13125
13123
13120
13125
13117
13117
13118
13126
13125
13129
13131
13129
13129
13132
13126
13129
13134
13128
13130
13129
13127
13122
13128
13125
13126
13132
13134
13130
13133
13138
13137
13136
13136
13136
13142
13138
13139
13140
13137
13139
13139
13141
13144
13136
13132
13137
13127
13126
13129
13125
13119
13124
13123
13125
13121
13116
13132
13132
13136
13142
13139
13147
13142
13139
13147
13144
13154
13143
13147
13146
13149
13148
13146
13138
13151
13150
13153
13144
13145
13141
13140
13139
13138
13135
13138
13133
13130
13134
13130
13125
13121
13118
13113
13116
13115
13115
13126
13123
13118
13127
13124
13121
13120
13123
13129
13124
13130
13121
13127
13133
13130
13134
13129
13123
13130
13131
13131
13136
13137
13138
13138
13146
13144
13142
13135
13136
13129
13131
13133
13124
13133
13137
13135
13140
13133
13118
13123
13125
13119
13132
13127
13128
13136
13132
13137
13137
13136
13129
13136
13138
13127
13126
13122
13123
13128
13122
13116
13124
13121
13131
13130
13134
13140
13140
13139
13143
13134
13138
13141
13139
13142
13140
13139
13143
13139
13134
13145
13140
13136
13129
13130
13134
13137
13143
13141
13146
13146
13143
13141
13134
13124
13126
13130
13127
13134
13132
13124
13125
13121
13123
13122
13126
13132
13127
13122
13124
13126
13127
13119
13120
13126
13130
13130
13131
13124
13124
13134
13126
13130
13128
13122
13123
13126
13123
13126
13128
13132
13128
13136
13138
13139
13140
13147
13143
13153
13135
13133
13137
13134
13136
13141
13136
13129
13130
13128
13131
13124
13136
13146
13141
13146
13130
13135
13137
13138
13130
13134
13125
13130
13136
13130
13131
13125
13122
13118
13111
13114
13118
13124
13130
13131
13129
13132
13129
13134
13128
13135
13138
13137
13136
13137
13136
13137
13131
13122
13127
13125
13130
13139
13127
13126
13126
13128
13137
13130
13134
13140
13132
13135
13137
13131
13133
13132
13136
13131
13122
13129
13122
13126
13123
13114
13119
13126
13129
13133
13129
13125
13125
13132
13130
13122
13128
13132
13144
13137
13138
13141
13146
13143
13139
13142
13138
13135
13135
13123
13122
13129
13117
13006
12915
12864
12834
12830
12834
12834
12827
12798
12778
12724
12355
11797
11283
10933
10730
10661
10640
10694
10755
10826
10892
10997
11090
11210
11315
11428
11523
11632
11719
11816
11886
11975
12035
12114
12180
12245
12297
12354
12393
12436
12476
12525
12567
12598
12632
12664
12697
12732
12753
12774
12789
12805
12829
12849
12858
12887
12903
12923
12935
12941
12959
12968
12983
12985
12996
13003
13011
13013
13036
13031
13031
13034
13049
13059
13068
13066
13071
13083
13086
13077
13083
13083
13090
13096
13095
13100
13102
13110
13112
13109
13104
13103
13103
13104
13110
13117
13122
13127
13132
13121
13125
13127
13124
13122
13119
13114
13111
13099
13107
13111
13112
13112
13117
13118
13125
13121
13122
13135
13126
13131
13127
13122
13130
13132
13138
13138
13143
13139
13133
13127
13133
13126
13126
13129
13123
13130
13125
13128
13127
13131
13130
13130
13127
13127
13133
13133
13127
13122
13132
13130
13125
13131
13131
13127
13120
13117
13116
13130
13128
13129
13137
13139
13139
13141
13140
13140
13139
13141
13138
13142
13145
13138
13138
13137
13130
13134
13124
13128
13129
13125
13129
13125
13130
13134
13130
13137
13137
13132
13128
13131
13125
13131
13128
13131
13132
13129
13126
13136
13130
13128
13132
13129
13131
13128
13129
13123
13124
13123
13124
13118
13117
13119
13119
13123
13119
13129
13119
13119
13126
13124
13132
13133
13134
13137
13124
13125
13122
13118
13123
13130
13133
13137
13137
13143
13140
13138
13129
13137
13137
13145
13142
13139
13144
13146
13148
13142
13148
13149
13141
13134
13130
13126
13126
13127
13128
13130
13126
13124
13123
13125
13129
13133
13133
13134
13137
13140
13141
13139
13138
13140
13139
13131
13138
13142
13139
13135
13131
13132
13130
13132
13139
13135
13130
13130
13134
13128
13121
13118
13114
13117
13118
13119
13123
13124
13123
13128
13125
13122
13133
13129
13129
13133
13136
13133
13132
13128
13126
13129
13135
13134
13138
13141
13138
13139
13140
13134
13131
13140
13142
13142
13148
13141
13137
13135
13136
13135
13142
13142
13140
13140
13141
13141
13148
13141
13137
13147
13138
13137
13131
13130
13134
13137
13136
13138
13137
13138
13137
13126
13126
13146
13137
13139
13143
13139
13140
13142
13123
13124
13128
13134
13138
13133
13138
13137
13133
13131
13131
13133
13131
13127
13129
13129
13126
13135
13139
13139
13134
13132
13134
13128
13138
13133
13123
13129
13125
13126
13137
13127
13132
13133
13134
13135
13140
13135
13141
13140
13136
13144
13138
13133
13137
13128
13129
13132
13135
13137
13136
13129
13126
13127
13130
13125
13128
13128
13127
13143
13141
13134
13139
13139
13138
13133
13130
13127
13128
13134
13144
13137
13139
13138
13138
13138
13138
13131
13137
13125
13122
13128
13127
13123
13129
13127
13132
13140
13138
13137
13133
13134
13136
13143
13147
13145
13145
13143
13143
13151
13146
13138
13139
13135
13134
13133
13127
13132
13134
13142
13143
13141
13141
13139
13140
13139
13132
13126
13132
13129
13135
13138
13133
13141
13151
13145
13149
13154
13145
13144
13139
13129
13126
13131
13136
13135
13127
13133
13135
13138
13133
13138
13136
13136
13141
13137
13130
13133
13134
13140
13139
13139
13135
13136
13138
13140
13141
13135
13142
13141
13140
13137
13131
13134
13139
13138
13140
13142
13140
13141
13141
13139
13132
13125
13136
13133
13137
13141
13134
13137
13132
