13102
13108
13107
13111
13111
13108
13109
13113
13108
13109
13116
13121
13113
13117
13123
13117
13126
13128
13117
13113
13114
13109
13115
13118
13112
13116
13113
13118
13126
13126
13123
13124
13120
13122
13125
13132
13129
13130
13127
13137
13137
13143
13145
13136
13141
13136
13127
13132
13131
13130
13137
13133
13138
13139
13136
13137
13137
13133
13128
13132
13136
13137
13136
13137
13136
13134
13135
13137
13135
13133
13127
13137
13128
13131
13121
13128
13120
13116
13123
13126
13121
13127
13125
13123
13134
13125
13124
13133
13136
13136
13144
13138
13135
13140
13133
13131
13126
13124
13139
13141
13141
13136
13144
13144
13143
13140
13137
13132
13135
13127
13115
13118
13121
13125
13125
13124
13121
13128
13124
13122
13115
13115
13130
13134
13136
13131
13129
13128
13118
13115
13119
13122
13125
13133
13126
13138
13142
13140
13144
13131
13130
13135
13143
13143
13138
13138
13136
13136
13141
13132
13133
13136
13136
13127
13127
13132
13137
13131
13139
13137
13128
13128
13135
13126
13126
13128
13119
13130
13132
13136
13138
13130
13126
13136
13133
13139
13142
13141
13136
13136
13136
13137
13134
13141
13134
13129
13127
13123
13125
13128
13131
13137
13132
13138
13137
13141
13135
13135
13140
13136
13124
13135
13138
13134
13136
13136
13135
13140
13138
13131
13141
13138
13131
13133
13136
13135
13137
13137
13133
13130
13127
13120
13115
13122
13123
13120
13120
13125
13135
13133
13135
13122
13121
13112
13107
13113
13116
13115
13119
13128
13129
13132
13128
13132
13131
13136
13131
13133
13128
13117
13127
13132
13127
13133
13129
13135
13127
13130
13131
13129
13134
13136
13137
13140
13145
13143
13147
13142
13148
13140
13130
13134
13134
13132
13131
13135
13127
13140
13130
13133
13119
13123
13128
13129
13142
13139
13136
13141
13142
13135
13144
13140
13139
13137
13131
13131
13129
13132
13129
13124
13130
13131
13130
13129
13130
13128
13131
13125
13134
13124
13123
13122
13121
13126
13128
13120
13126
13135
13136
13138
13130
13135
13135
13125
13134
13134
13129
13137
13132
13129
13133
13128
13136
13127
13133
13135
13138
13135
13129
13135
13132
13126
13128
13134
13133
13134
13136
13133
13134
13132
13128
13132
13134
13136
13133
13132
13131
13134
13137
13143
13137
13136
13141
13142
13144
13141
13141
13142
13142
13136
13138
13134
13135
13138
13134
13130
13130
13136
13137
13129
13127
13116
13116
13117
13122
13122
13127
13134
13136
13130
13133
13137
13141
13144
13141
13137
13132
13134
13129
13135
13126
13132
13138
13133
13142
13142
13146
13146
13148
13147
13149
13135
13132
13127
13124
13133
13139
13138
13139
13145
13140
13132
13129
13131
13129
13132
13136
13138
13142
13139
13140
13139
13140
13140
13140
13138
13139
13137
13140
13137
13138
13138
13138
13133
13134
13129
13132
13134
13127
13127
13133
13125
13127
13136
13134
13136
13133
13132
13132
13133
13132
13125
13132
13135
13134
13131
13126
13125
13135
13131
13137
13139
13142
13138
13142
13139
13141
13139
13129
13138
13130
13136
13132
13136
13136
13138
13133
13138
13126
13133
13143
13135
13135
13140
13136
13141
13146
13143
13142
13136
13132
13133
13134
13134
13139
13129
13118
12817
12152
11669
11202
10616
10289
10110
10067
10071
10158
10247
10396
10517
10667
10805
10948
11068
11212
11328
11441
11536
11636
11728
11830
11901
11982
12057
12130
12196
12262
12305
12360
12399
12450
12486
12530
12572
12615
12641
12669
12687
12723
12740
12774
12798
12815
12830
12855
12865
12881
12899
12913
12935
12948
12965
12976
12981
12997
13012
13009
13016
13013
13015
13028
13022
13030
13041
13053
13057
13057
13065
13068
13079
13082
13076
13083
13095
13093
13097
13102
13097
13103
13105
13103
13104
13100
13103
13102
13107
13115
13120
13124
13130
13119
13126
13120
13117
13121
13118
13120
13119
13116
13115
13129
13122
13119
13120
13111
13126
13124
13117
13116
13116
13123
13128
13130
13128
13137
13138
13137
13136
13138
13135
13136
13139
13135
13136
13133
13126
13124
13128
13125
13127
13126
13134
13128
13131
13132
13127
13122
13125
13125
13125
13129
13123
13124
13130
13120
13116
13114
13113
13116
13122
13131
13124
13130
13134
13135
13134
13138
13130
13145
13147
13146
13141
13140
13139
13135
13142
13138
13137
13136
13138
13133
13137
13138
13135
13130
13138
13126
13135
13127
13133
13141
13134
13134
13141
13134
13135
13126
13131
13130
13134
13133
13132
13131
13131
13132
13133
13138
13140
13142
13135
13134
13134
13133
13135
13129
13126
13131
13129
13133
13139
13138
13141
13136
13132
13137
13128
13126
13133
13134
13130
13144
13135
13133
13133
13129
13128
13127
13125
13128
13128
13132
13133
13136
13139
13147
13145
13143
13142
13144
13134
13137
13140
13134
13137
13135
13133
13142
13135
13138
13141
13137
13140
13143
13134
13133
13132
13125
13124
13125
13117
13128
13128
13132
13130
13119
13126
13135
13136
13135
13132
13133
13132
13139
13138
13141
13133
13130
13126
13130
13121
13130
13132
13141
13147
13150
13147
13149
13150
13148
13151
13144
13148
13152
13148
13151
13143
13137
13141
13137
13126
13133
13135
13134
13137
13137
13144
13149
13142
13142
13143
13143
13132
13136
13132
13129
13128
13134
13131
13135
13132
13134
13136
13128
13137
13135
13136
13140
13138
13139
13144
13133
13130
13140
13137
13144
13149
13140
13146
13140
13134
13142
13141
13138
13142
13132
13133
13132
13128
13130
13130
13137
13142
13148
13153
13147
13146
13139
13141
13139
13138
13136
13135
13129
13120
13122
13121
13122
13123
13118
13117
13113
13117
13121
13121
13121
13123
13123
13134
13129
13128
13134
13129
13130
13122
13121
13126
13127
13132
13123
13121
13123
13119
13126
13133
13132
13137
13141
13139
13147
13137
13138
13136
13133
13130
13128
13132
13130
13131
13130
13133
13126
13125
13126
13124
13129
13134
13128
13130
13133
13129
13138
13135
13138
13142
13140
13139
13140
13140
13145
13145
13146
13135
13134
13133
13130
13127
13132
13124
13138
13134
13135
13139
13140
13142
13136
13134
13136
13138
13130
13134
13129
13132
13137
13135
13140
13134
13138
13136
13138
13134
13145
13140
13136
13136
13130
13133
13135
13142
13143
13148
13153
13146
13147
13145
13141
13146
13139
13138
13138
13137
13137
13128
13126
13132
13134
13140
13149
13146
13144
13148
13139
13143
13142
13137
13146
13144
13143
13147
13146
13140
13146
13144
13140
13144
13145
13144
13145
13144
13142
13138
13143
13135
13134
13135
13130
13136
13139
13136
13145
13140
