13130
13119
13126
13122
13123
13132
13134
13131
13133
13135
13134
13137
13142
13142
13142
13148
13145
13151
13151
13148
13156
13153
13146
13148
13146
13149
13145
13146
13136
13133
13128
13132
13129
13130
13133
13136
13142
13139
13126
13133
13133
13133
13146
13144
13142
13142
13140
13141
13136
13140
13134
13134
13144
13143
13145
13152
13142
13141
13145
13141
13145
13143
13141
13147
13141
13133
13123
13132
13137
13136
13128
13132
13129
13138
13136
13132
13129
13133
13130
13131
13130
13123
13136
13123
13123
13127
13123
13123
13127
13134
13131
13136
13134
13133
13126
13136
13138
13137
13140
13138
13144
13139
13138
13138
13131
13133
13137
13135
13135
13126
13125
13132
13129
13129
13137
13133
13135
13129
13124
13129
13121
13115
13125
13121
13121
13117
13123
13126
13126
13126
13121
13122
13124
13126
13133
13133
13128
13123
13123
13117
13129
13125
13127
13126
13127
13122
13129
13120
13123
13129
13135
13135
13132
13132
13131
13122
13126
13124
13134
13140
13135
13132
13136
13129
13135
13135
13141
13137
13140
13140
13135
13139
13136
13131
13134
13142
13141
13143
13143
13141
13142
13139
13135
13140
13127
13123
13123
13125
13121
13121
13134
13135
13133
13144
13148
13144
13142
13139
13141
13141
13141
13132
13143
13138
13140
13143
13136
13134
13138
13132
13128
13120
13128
13127
13134
13138
13141
13137
13144
13147
13148
13136
13132
13135
13127
13132
13131
13130
13130
13128
13126
13128
13123
13123
13128
13127
13130
13130
13124
13131
13125
13136
13142
13139
13143
13146
13141
13134
13134
13130
13135
13138
13134
13126
13128
13131
13135
13130
13128
13129
13138
13128
13130
13132
13128
13128
13126
13118
13120
13120
13121
13118
13114
13121
13119
13125
13130
13138
13134
13142
13135
13136
13135
13129
13126
13132
13129
13130
13140
13140
13139
13143
13133
13127
13124
13131
13126
13132
13130
13129
13137
13134
13129
13133
13128
13131
13131
13132
13127
13127
13127
13130
13133
13134
13138
13136
13135
13133
13134
13139
13137
13133
13133
13132
13128
13129
13127
13125
13129
13133
13131
13133
13131
13131
13131
13138
13137
13136
13137
13130
13142
13130
13129
13132
13135
13138
13142
13148
13143
13154
13153
13148
13139
13138
13136
13143
13146
13142
13139
13140
13133
13133
13136
13133
13133
13139
13135
13140
13145
13145
13140
13147
13139
13135
13130
13127
13126
13130
13133
13129
13132
13130
13131
13131
13134
13134
13140
13138
13141
13139
13139
13141
13135
13138
13141
13141
13139
13135
13134
13138
13132
13137
13135
13120
13123
13126
13129
13131
13138
13133
13139
13143
13146
13140
13136
13134
13130
13128
13127
13129
13136
13131
13130
13133
13141
13139
13136
13140
13142
13139
13145
13147
13130
13132
13132
13125
13127
13132
13131
13137
13129
13123
13129
13126
13122
13120
13123
13132
13134
13139
13143
13143
13147
13144
13150
13152
13152
13143
13141
13138
13149
13138
13134
13140
13139
13138
13134
13133
13138
13137
13141
13138
13131
13132
13129
13133
13142
13139
13133
13142
13143
13143
13142
13139
13131
13144
13146
13144
13138
13136
13145
13145
13146
13139
13137
13140
13136
13140
13134
13131
13133
13134
13128
13128
13126
13130
13103
12658
12161
11767
11385
11121
11001
10940
10967
11007
11094
11176
11275
11374
11484
11567
11667
11738
11826
11906
11981
12052
12124
12189
12255
12310
12369
12407
12459
12506
12549
12578
12612
12639
12612
12533
12502
12492
12511
12521
12544
12565
12590
12609
12637
12664
12688
12717
12745
12770
12799
12818
12841
12863
12880
12892
12917
12918
12934
12951
12957
12964
12980
12988
12997
13002
13016
13016
13022
13035
13040
13049
13055
13060
13071
13073
13069
13074
13080
13090
13090
13096
13097
13103
13108
13111
13108
13110
13112
13118
13124
13116
13113
13120
13115
13114
13120
13113
13111
13120
13117
13114
13119
13119
13124
13122
13121
13121
13121
13124
13124
13121
13124
13125
13130
13129
13125
13122
13127
13126
13131
13133
13129
13131
13134
13138
13132
13129
13142
13132
13136
13133
13131
13136
13131
13129
13134
13125
13130
13129
13130
13125
13127
13118
13124
13126
13134
13137
13128
13137
13136
13138
13143
13140
13142
13142
13145
13148
13151
13144
13145
13142
13150
13139
13138
13137
13133
13140
13147
13130
13138
13131
13132
13142
13136
13131
13137
13136
13132
13132
13131
13129
13137
13140
13144
13147
13148
13147
13144
13151
13144
13145
13143
13137
13136
13133
13133
13129
13130
13127
13132
13136
13142
13141
13135
13132
13133
13131
13139
13134
13142
13139
13138
13143
13138
13132
13133
13138
13139
13151
13143
13143
13140
13134
13128
13129
13131
13129
13132
13129
13130
13135
13131
13129
13136
13137
13137
13133
13131
13132
13128
13134
13131
13127
13127
13126
13120
13122
13122
13123
13130
13134
13136
13138
13134
13129
13134
13122
13132
13138
13138
13139
13142
13143
13150
13148
13140
13132
13132
13132
13136
13132
13126
13123
13129
13127
13131
13130
13134
13130
13138
13137
13134
13133
13135
13137
13134
13134
13137
13134
13128
13131
13120
13121
13117
13117
13137
13135
13139
13132
13132
13135
13137
13133
13129
13127
13139
13132
13138
13146
13140
13136
13135
13131
13124
13121
13117
13118
13118
13124
13126
13138
13131
13132
13131
13135
13143
13137
13144
13138
13138
13140
13147
13147
13149
13144
13156
13148
13151
13144
13141
13141
13145
13134
13134
13136
13129
13122
13125
13133
13126
13124
13124
13127
13127
13125
13135
13131
13127
13126
13126
13130
13132
13132
13135
13135
13126
13133
13128
13121
13123
13124
13120
13115
13119
13120
13127
13118
13127
13135
13135
13135
13138
13132
13140
13140
13136
13132
13131
13130
13129
13133
13134
13124
13125
13124
13121
13122
13119
13129
13132
13134
13134
13136
13131
13136
13130
13134
13129
13127
13127
13123
13127
13124
13119
13110
13125
13123
13121
13127
13126
13129
13138
13143
13143
13140
13140
13136
13140
13140
13138
13136
13137
13137
13138
13133
13129
13132
13129
13126
13131
13128
13130
13127
13137
13139
13141
13138
13139
13133
13133
13133
13128
13130
13137
13125
13132
13129
13126
13135
13135
13142
13143
13142
13140
13139
13138
13051
12950
12884
12841
12821
12817
12816
12832
12840
12857
12876
12893
12911
12922
12933
12938
12957
12966
12975
12984
12989
12998
12996
13011
13022
13030
13033
13039
13047
13060
13058
13061
13074
13066
13073
13074
13080
13077
13091
13096
13097
13100
13098
13108
13106
13106
13116
13119
13114
13118
13132
13126
13135
13128
13124
13122
13121
