13120
13122
13124
13125
13123
13121
13126
13135
13128
13125
13132
13131
13130
13138
13123
13122
13118
13122
13121
13113
13119
13121
13125
13129
13127
13127
13125
13130
13133
13124
13129
13136
13137
13140
13138
13140
13140
13142
13144
13152
13143
13145
13149
13144
13143
13144
13143
13147
13148
13143
13150
13139
13137
13142
13135
13134
13126
13128
13130
13136
13133
13131
13130
13137
13138
13139
13135
13131
13141
13135
13136
13137
13134
13137
13134
13136
13134
13136
13138
13136
13129
13135
13134
13130
13123
13125
13127
13130
13128
13127
13138
13136
13133
13136
13132
13135
13141
13141
13134
13138
13134
13131
13128
13128
13122
13135
13137
13140
13145
13143
13142
13142
13139
13138
13135
13130
13132
13129
13128
13136
13137
13143
13145
13145
13146
13142
13150
13143
13130
13124
13132
13123
13121
13133
13125
13127
13124
13122
13124
13133
13137
13138
13139
13141
13137
13141
13137
13129
13131
13128
13120
13131
13134
13135
13135
13133
13132
13128
13126
13136
13133
13140
13143
13149
13146
13144
13149
13150
13143
13138
13135
13132
13134
13136
13133
13134
13136
13139
13136
13138
13132
13130
13130
13137
13135
13136
13135
13139
13146
13142
13142
13138
13138
13140
13134
13134
13137
13143
13140
13146
13140
13140
13138
13134
13135
13135
13133
13139
13140
13132
13135
13129
13125
13136
13132
13138
13144
13144
13142
13148
13142
13140
13139
13139
13137
13135
13122
13127
13133
13131
13134
13140
13140
13140
13136
13137
13134
13136
13137
13139
13132
13130
13125
13129
13141
13141
13137
13142
13136
13139
13150
13141
13140
13136
13127
13133
13136
13128
13124
13124
13136
13137
13139
13137
13140
13138
13147
13146
13145
13136
13128
13130
13125
13125
13130
13133
13129
13128
13125
13125
13126
13131
13136
13138
13138
13133
13135
13128
13122
13121
13126
13120
13124
13132
13129
13137
13137
13138
13134
13131
13129
13125
13132
13130
13130
13130
13132
13135
13141
13132
13134
13131
13133
13130
13134
13137
13139
13140
13136
13140
13125
13122
13125
13123
13126
13126
13130
13140
13131
13133
13142
13140
13141
13146
13147
13144
13142
13146
13145
13145
13150
13143
13144
13136
13131
13131
13133
13130
13132
13126
13130
13126
13124
13125
13127
13127
13126
13127
13126
13131
13125
13134
13131
13132
13139
13143
13139
13146
13139
13135
13151
13136
13134
13129
13125
13125
13120
13118
13118
13118
13115
13108
13115
13120
13126
13131
13129
13126
13137
13130
13132
13133
13129
13123
13129
13132
13132
13130
13141
13145
13134
13133
13136
13133
13134
13132
13128
13133
13122
13119
13130
13127
13125
13136
13131
13135
13130
13127
13137
13137
13142
13132
13129
13134
13137
13135
13130
13127
13132
13132
13123
13118
13115
13114
13123
13129
13132
13139
13128
13140
13141
13136
13143
13135
13126
13126
13121
13129
13132
13134
13137
13135
13142
13142
13143
13152
13146
13141
13135
13136
13134
13132
13134
13136
13140
13137
13132
13126
13126
13129
13127
13134
13132
13134
13138
13134
13126
13126
13133
13137
13138
13134
13141
13142
13146
13150
13146
13147
13142
13143
13154
13138
13134
13143
13141
13138
13139
13132
13135
13132
13128
13095
12603
11872
11194
10701
10457
10317
10303
10327
10413
10510
10643
10762
10903
11004
11068
11132
11231
11318
11410
11498
11601
11684
11788
11867
11950
12026
12106
12158
12216
12269
12323
12378
12435
12474
12514
12551
12583
12620
12656
12676
12708
12745
12762
12781
12796
12813
12840
12859
12877
12888
12901
12918
12935
12949
12966
12974
12990
12998
13004
13007
13018
13020
13021
13028
13034
13047
13056
13060
13071
13069
13079
13090
13083
13091
13098
13105
13108
13114
13117
13100
13104
13110
13116
13112
13110
13112
13112
13105
13107
13110
13118
13125
13125
13120
13125
13127
13122
13132
13125
13127
13118
13122
13121
13121
13123
13123
13122
13124
13128
13130
13126
13133
13123
13122
13125
13130
13119
13120
13118
13114
13122
13124
13129
13132
13129
13131
13131
13133
13130
13132
13128
13132
13131
13130
13136
13137
13144
13138
13131
13127
13134
13132
13135
13133
13126
13134
13132
13125
13137
13135
13126
13134
13127
13130
13131
13136
13134
13133
13131
13131
13133
13136
13132
13136
13127
13127
13127
13123
13123
13125
13130
13122
13121
13123
13127
13131
13138
13141
13134
13142
13143
13140
13138
13137
13139
13142
13136
13135
13133
13125
13116
13116
13117
13124
13129
13120
13113
13111
13114
13116
13121
13125
13121
13125
13132
13131
13127
13126
13131
13138
13135
13138
13141
13143
13152
13150
13153
13151
13145
13149
13155
13145
13145
13137
13130
13132
13121
13116
13123
13116
13116
13117
13118
13119
13117
13122
13133
13132
13142
13138
13142
13148
13143
13146
13143
13138
13138
13127
13133
13134
13128
13133
13132
13131
13133
13134
13141
13139
13137
13142
13147
13138
13136
13133
13133
13138
13137
13137
13135
13127
13126
13131
13124
13122
13118
13120
13129
13133
13133
13128
13129
13131
13131
13123
13121
13116
13123
13117
13118
13121
13118
13123
13126
13123
13125
13126
13121
13115
13121
13127
13127
13131
13138
13137
13137
13142
13130
13120
13135
13134
13133
13135
13134
13133
13142
13142
13142
13140
13140
13132
13131
13132
13140
13135
13137
13137
13148
13140
13142
13146
13137
13137
13131
13125
13128
13131
13127
13138
13138
13144
13145
13135
13138
13141
13141
13138
13142
13134
13142
13133
13135
13133
13130
13139
13148
13144
13134
13126
13139
13128
13130
13133
13126
13133
13134
13138
13137
13132
13122
13121
13126
13127
13126
13132
13136
13133
13135
13140
13136
13140
13141
13136
13138
13137
13137
13143
13133
13133
13137
13134
13135
13134
13136
13135
13136
13138
13138
13136
13137
13138
13135
13139
13135
13133
13135
13129
13134
13120
13121
13126
13137
13129
13130
13130
13133
13128
13131
13136
13136
13138
13147
13141
13146
13138
13137
13142
13138
13137
13139
13136
13134
13135
13140
13136
13136
13132
13127
13127
13130
13133
13127
13136
13131
13140
13137
13138
13151
13145
13146
13144
13147
13143
13149
13144
13136
13129
13132
13133
13135
13131
13134
13130
13135
13134
13138
13147
13149
13145
13155
13141
13139
13137
13133
13130
13134
13126
13123
13126
13130
13128
13133
13136
13135
13131
13133
13132
13137
13133
13133
13126
13121
13125
13126
13126
13124
13121
13125
13137
13129
13130
13131
13134
13138
13142
13142
13139
13137
13139
13145
13138
13135
13138
13135
13146
13142
13136
13131
13132
13132
13134
13138
13134
13132
13133
13130
13128
13131
13124
