13139
13135
13132
13131
13135
13125
13121
13128
13123
13126
13121
13124
13123
13124
13138
13145
13127
13135
13134
13137
13137
13134
13134
13138
13129
13124
13132
13130
13131
13131
13128
13132
13128
13128
13123
13131
13136
13131
13132
13132
13129
13133
13131
13132
13134
13124
13120
13125
13131
13138
13139
13140
13142
13140
13147
13154
13146
13145
13149
13148
13149
13147
13139
13143
13140
13140
13146
13142
13141
13148
13143
13141
13137
13138
13137
13139
13136
13137
13130
13134
13136
13135
13135
13131
13130
13133
13135
13136
13135
13132
13132
13137
13133
13137
13134
13142
13146
13158
13154
13143
13145
13141
13136
13141
13128
13121
13126
13124
13125
13122
13120
13120
13122
13120
13120
13122
13124
13128
13126
13136
13135
13140
13140
13139
13139
13132
13131
13136
13130
13131
13134
13140
13136
13134
13138
13136
13130
13136
13136
13129
13125
13131
13126
13129
13131
13127
13130
13128
13122
13129
13129
13128
13127
13135
13127
13132
13121
13124
13123
13126
13120
13122
13126
13129
13131
13129
13134
13138
13136
13139
13142
13139
13141
13143
13141
13147
13146
13148
13148
13149
13145
13138
13133
13142
13142
13132
13140
13135
13139
13137
13133
13143
13146
13146
13144
13144
13145
13128
13130
13133
13127
13134
13135
13133
13141
13136
13139
13140
13138
13131
13129
13127
13127
13133
13132
13137
13135
13146
13145
13138
13137
13139
13140
13148
13137
13131
13147
13139
13138
13140
13137
13139
13148
13143
13142
13150
13146
13143
13142
13138
13138
13143
13136
13138
13145
13140
13140
13140
13141
13132
13132
13124
13125
13125
13119
13128
13124
13126
13129
13128
13125
13133
13128
13138
13131
13124
13137
13132
13131
13134
13136
13136
13141
13141
13137
13137
13131
13133
13134
13135
13134
13132
13128
13129
13132
13129
13124
13135
13136
13140
13139
13138
13143
13144
13143
13143
13131
13132
13134
13134
13137
13136
13133
13138
13135
13132
13137
13124
13131
13137
13134
13131
13132
13132
13128
13129
13129
13129
13131
13128
13125
13126
13123
13119
13126
13119
13131
13135
13140
13144
13141
13147
13140
13132
13125
13136
13131
13138
13141
13134
13133
13137
13136
13141
13140
13140
13141
13136
13143
13148
13145
13145
13142
13139
13136
13131
13129
13127
13132
13139
13144
13145
13145
13142
13142
13135
13135
13131
13123
13118
13119
13127
13127
13127
13133
13128
13127
13135
13141
13140
13133
13139
13126
13136
13137
13123
13132
13129
13126
13130
13135
13139
13146
13147
13144
13141
13149
13149
13144
13145
13147
13137
13136
13140
13146
13138
13143
13151
13149
13149
13142
13138
13132
13129
13132
13136
13125
13129
13133
13136
13139
13139
13137
13140
13134
13140
13142
13142
13144
13146
13147
13147
13144
13138
13130
13122
13121
13121
13123
13128
13134
13128
13127
13132
13136
13132
13134
13139
13136
13134
13126
13129
13126
13126
13126
13128
13125
13123
13129
13138
13139
13132
13127
13122
13120
13121
13131
13130
13124
13124
13120
13120
13120
13126
13133
13135
13138
13136
13136
13132
13134
13136
13131
13137
13148
13142
13135
13138
13142
13139
13137
13137
13130
13124
13129
13126
13118
13129
13126
13130
13139
13142
12907
12175
11392
10820
10437
10151
10044
10008
10071
10151
10285
10402
10537
10599
10721
10833
10959
11066
11192
11295
11415
11506
11610
11692
11793
11878
11967
12035
12096
12158
12232
12287
12337
12384
12427
12472
12512
12553
12587
12622
12649
12689
12710
12728
12755
12776
12799
12833
12851
12864
12881
12900
12920
12933
12944
12951
12968
12979
12993
13000
12996
13002
13014
13013
13018
13026
13034
13036
13042
13054
13060
13071
13069
13079
13082
13080
13087
13093
13094
13095
13091
13100
13108
13102
13104
13106
13102
13115
13112
13109
13109
13108
13109
13118
13130
13135
13132
13133
13126
13125
13118
13120
13115
13114
13118
13123
13127
13124
13123
13123
13122
13129
13121
13122
13122
13124
13128
13126
13117
13116
13120
13121
13117
13115
13118
13122
13128
13136
13132
13138
13134
13138
13139
13133
13133
13134
13132
13136
13126
13138
13135
13139
13138
13134
13137
13139
13135
13135
13125
13126
13130
13133
13126
13129
13124
13128
13126
13129
13136
13129
13126
13128
13131
13131
13136
13139
13141
13148
13147
13144
13144
13139
13141
13137
13137
13135
13142
13137
13133
13125
13121
13119
13123
13127
13128
13134
13125
13133
13125
13122
13115
13118
13127
13132
13122
13130
13131
13135
13130
13130
13129
13130
13128
13121
13132
13124
13133
13138
13138
13142
13146
13137
13133
13134
13130
13128
13131
13133
13134
13130
13138
13138
13149
13138
13137
13145
13142
13132
13129
13131
13135
13132
13132
13135
13134
13141
13137
13132
13138
13132
13130
13131
13126
13128
13131
13134
13131
13137
13135
13129
13131
13139
13134
13132
13133
13129
13138
13136
13134
13133
13134
13135
13139
13130
13127
13124
13129
13136
13139
13140
13146
13148
13144
13138
13134
13140
13137
13132
13128
13132
13129
13136
13135
13133
13135
13128
13125
13117
13122
13126
13124
13126
13128
13121
13128
13131
13131
13136
13135
13134
13139
13132
13134
13126
13124
13132
13132
13130
13134
13129
13136
13132
13135
13140
13135
13139
13145
13140
13144
13140
13130
13140
13139
13135
13139
13133
13129
13137
13135
13136
13130
13129
13130
13130
13128
13126
13131
13135
13129
13128
13125
13131
13136
13134
13125
13128
13127
13124
13122
13127
13125
13125
13123
13131
13124
13125
13125
13119
13119
13124
13130
13132
13127
13119
13127
13126
13127
13135
13128
13128
13135
13131
13129
13131
13131
13133
13143
13145
13139
13136
13135
13140
13144
13139
13129
13124
13130
13135
13130
13132
13136
13133
13134
13136
13127
13130
13133
13137
13135
13137
13130
13139
13135
13132
13134
13131
13129
13136
13130
13125
13126
13124
13129
13131
13131
13130
13131
13132
13132
13132
13127
13125
13125
13116
13121
13130
13133
13138
13128
13138
13148
13146
13141
13145
13138
13139
13145
13138
13138
13134
13132
13138
13132
13131
13134
13134
13136
13144
13140
13139
13140
13133
13136
13133
13131
13126
13129
13133
13134
13133
13133
13124
13129
13122
13131
13129
13119
13127
13136
13124
13120
13116
13125
13129
13128
13132
13140
13137
13135
13140
13135
13137
13133
13129
13134
13125
13134
13132
13129
13140
13141
13144
13146
13153
13141
13141
13142
13138
13136
13142
13143
13147
13153
13144
13138
13142
13141
13138
13130
13124
13118
13119
13123
13129
13127
13132
13129
13131
13133
13135
13135
13144
13139
13140
13145
13137
13137
13142
