13135
13129
13137
13129
13131
13127
13128
13129
13120
13125
13126
13130
13137
13135
13141
13143
13140
13141
13140
13138
13148
13146
13144
13144
13147
13145
13128
13128
13126
13134
13125
13128
13119
13132
13140
13135
13133
13136
13131
13134
13132
13131
13134
13124
13120
13125
13122
13132
13124
13124
13124
13126
13122
13123
13113
13127
13126
13127
13122
13121
13125
13121
13123
13130
13128
13124
13132
13135
13135
13136
13129
13131
13133
13130
13130
13131
13130
13132
13131
13137
13134
13130
13131
13137
13136
13139
13129
13126
13137
13141
13141
13139
13144
13139
13141
13145
13139
13138
13137
13134
13142
13138
13142
13142
13133
13132
13126
13123
13118
13115
13117
13123
13118
13122
13124
13129
13126
13132
13134
13141
13137
13137
13145
13137
13134
13139
13134
13132
13136
13141
13136
13127
13127
13126
13126
13129
13134
13131
13134
13126
13129
13125
13124
13128
13127
13127
13122
13128
13131
13128
13126
13127
13121
13118
13124
13129
13123
13131
13136
13144
13145
13141
13150
13141
13144
13147
13137
13140
13148
13152
13147
13148
13145
13137
13142
13141
13144
13139
13141
13137
13147
13138
13134
13144
13140
13133
13134
13125
13125
13133
13131
13132
13140
13140
13134
13130
13130
13129
13132
13133
13130
13122
13135
13138
13144
13148
13145
13144
13142
13149
13147
13148
13142
13138
13139
13147
13141
13137
13131
13137
13140
13139
13136
13138
13138
13138
13136
13138
13139
13143
13145
13147
13144
13143
13144
13131
13134
13131
13137
13137
13129
13127
13132
13128
13133
13135
13134
13130
13132
13133
13128
13129
13123
13126
13131
13133
13129
13133
13135
13137
13142
13133
13121
13130
13126
13126
13133
13127
13120
13116
13121
13124
13115
13117
13118
13120
13114
13119
13120
13127
13125
13122
13127
13131
13129
13131
13132
13135
13133
13129
13127
13124
13128
13132
13133
13132
13134
13133
13136
13137
13140
13135
13122
13134
13133
13135
13130
13133
13131
13137
13129
13132
13128
13128
13130
13129
13132
13135
13136
13141
13138
13141
13144
13141
13136
13139
13137
13138
13143
13140
13143
13140
13144
13150
13148
13151
13144
13142
13145
13144
13151
13138
13137
13143
13148
13141
13134
13131
13136
13138
13135
13132
13125
13126
13125
13124
13125
13125
13122
13130
13124
13122
13135
13133
13136
13140
13142
13140
13138
13135
13136
13139
13132
13128
13129
13134
13137
13131
13129
13133
13137
13139
13131
13133
13131
13134
13134
13136
13136
13141
13143
13147
13148
13146
13144
13139
13135
13138
13136
13139
13133
13135
13137
13132
13135
13139
13134
13138
13137
13136
13140
13143
13138
13137
13137
13135
13130
13128
13131
13126
13139
13137
13135
13150
13143
13144
13146
13144
13141
13140
13139
13148
13133
13136
13131
13123
13126
13131
13125
13031
12938
12878
12859
12841
12838
12844
12856
12864
12877
12891
12902
12912
12928
12936
12946
12959
12971
12990
12990
12999
13017
13019
13025
13029
13030
13040
13045
13053
13054
13057
13070
13079
13075
13076
13080
13087
13089
13100
13104
13108
13102
13108
13117
13113
13111
13115
13120
13119
13123
13120
13117
13117
13113
13124
13129
13127
13126
13124
13130
13130
13134
13128
13124
13125
13118
12864
12452
11936
11499
11183
11025
10948
10950
10977
11052
11130
11232
11325
11441
11539
11638
11723
11821
11889
11972
12046
12117
12171
12230
12290
12352
12396
12447
12484
12522
12554
12587
12625
12659
12686
12721
12747
12774
12796
12829
12850
12864
12874
12886
12904
12909
12923
12932
12957
12966
12984
13000
13015
13019
13035
13039
13037
13047
13046
13048
13057
13058
13059
13067
13067
13069
13077
13080
13087
13083
13095
13098
13100
13102
13109
13117
13118
13124
13124
13119
13116
13120
13118
13113
13117
13111
13118
13114
13121
13121
13122
13123
13123
13120
13130
13117
13117
13129
13118
13114
13121
13116
13122
13130
13129
13129
13125
13132
13131
13127
13133
13126
13126
13126
13133
13143
13130
13132
13138
13140
13141
13133
13122
13127
13125
13130
13135
13132
13133
13143
13140
13141
13140
13131
13140
13129
13121
13121
13113
13120
13121
13114
13115
13115
13116
13124
13121
13122
13122
13131
13140
13139
13133
13136
13137
13134
13125
13130
13137
13136
13132
13124
13119
13120
13128
13140
13138
13134
13142
13140
13144
13143
13138
13144
13145
13141
13139
13150
13147
13144
13149
13141
13139
13135
13139
13134
13138
13140
13141
13135
13134
13135
13138
13137
13130
13132
13127
13126
13130
13132
13130
13126
13132
13131
13135
13129
13138
13132
13134
13132
13130
13122
13124
13122
13130
13124
13125
13132
13134
13128
13136
13126
13133
13127
13132
13129
13125
13125
13128
13118
13123
13127
13129
13126
13125
13127
13125
13125
13129
13123
13121
13120
13129
13133
13130
13126
13132
13122
13128
13132
13128
13128
13126
13131
13141
13132
13125
13135
13133
13135
13137
13126
13125
13129
13135
13137
13133
13133
13138
13134
13138
13137
13134
13126
13138
13146
13140
13141
13147
13146
13141
13141
13141
13140
13134
13131
13130
13127
13123
13126
13134
13136
13140
13138
13144
13141
13134
13138
13139
13136
13141
13139
13135
13144
13148
13144
13141
13138
13142
13139
13137
13134
13138
13144
13149
13148
13144
13134
13140
13140
13139
13133
13137
13137
13131
13132
13134
13130
13130
13126
13132
13140
13139
13137
13139
13135
13132
13142
13140
13143
13149
13148
13151
13157
13154
13156
13147
13145
13135
13141
13146
13141
13140
13136
13139
13137
13129
13128
13132
13129
13124
13122
13120
13120
13121
13122
13125
13124
13127
13125
13127
13135
13133
13137
13142
13131
13128
13136
13134
13126
13133
13134
13138
13148
13142
13143
13138
13136
13137
13133
13133
13133
13134
13129
13136
13140
13139
13137
13141
13134
13140
13141
13137
13141
13139
13136
13138
13138
13139
13138
13142
13131
13135
13131
13132
13128
13134
13145
13137
13134
13138
13126
13126
13124
13126
13116
13121
13131
13136
13137
13146
13142
13146
13143
13138
13148
13140
13130
13140
13133
13143
13141
13132
13132
13133
13132
13133
13127
13135
13136
13136
13135
13132
13136
13141
13133
13130
13140
13136
13134
13137
13137
13134
13142
13144
13141
13139
13141
13137
13141
13146
13146
13147
13150
13134
13140
13131
13125
13127
13127
13134
13133
13138
13135
13143
13143
13138
13133
13128
13133
13137
13137
13143
13136
13137
13130
13123
13131
13130
13126
13128
13131
13138
13139
13137
13138
13135
13131
13135
13132
13133
13138
13139
13134
13133
13140
13132
13127
13132
13133
13136
13139
13137
13138
13141
