13132
13138
13138
13132
13132
13128
13126
13126
13132
13135
13135
13140
13144
13148
13142
13143
13142
13145
13142
13138
13145
13146
13145
13152
13147
13138
13144
13130
13126
13127
13126
13125
13133
13135
13132
13129
13134
13128
13132
13135
13125
13126
13135
13135
13141
13133
13138
13138
13139
13141
13140
13137
13145
13140
13142
13143
13135
13131
13127
13123
13118
13128
13123
13128
13126
13131
13135
13129
13130
13134
13136
13133
13133
13134
13134
13138
13142
13143
13146
13148
13152
13146
13135
13133
13136
13126
13126
13130
13126
13129
13133
13130
13133
13136
13141
13148
13131
13137
13138
13132
13139
13135
13134
13140
13134
13131
13134
13123
13125
13126
13119
13124
13131
13129
13123
13129
13123
13123
13121
13121
13120
13121
13119
13119
13135
13133
13141
13138
13136
13143
13135
13134
13142
13138
13138
13138
13136
13136
13139
13138
13143
13149
13151
13155
13150
13141
13146
13138
13134
13133
13138
13137
13136
13135
13137
13136
13131
13126
13126
13129
13128
13130
13131
13138
13144
13133
13128
13134
13130
13132
13126
13126
13131
13130
13136
13134
13128
13132
13138
13142
13147
13143
13138
13146
13148
13141
13141
13140
13137
13139
13133
13133
13136
13137
13131
13128
13129
13120
13133
13137
13137
13133
13130
13132
13132
13136
13134
13139
13142
13148
13143
13139
13139
13137
13132
13136
13119
13114
13116
13121
13128
13123
13126
13130
13133
13131
13141
13134
13133
13137
13133
13132
13134
13133
13124
13123
13126
13126
13128
13133
13131
13124
13131
13130
13126
13119
13117
13117
13121
13130
13131
13134
13132
13139
13135
13137
13138
13143
13147
13142
13142
13139
13138
13141
13142
13140
13144
13139
13140
13142
13135
13138
13140
13132
13138
13134
13142
13139
13144
13139
13137
13137
13138
13134
13142
13137
13134
13137
13133
13130
13131
13141
13138
13140
13142
13136
13136
13133
13138
13140
13142
13145
13144
13144
13146
13138
13145
13141
13142
13150
13148
13148
13144
13134
13135
13128
13129
13122
13123
13121
13118
13127
13128
13126
13133
13124
13122
13136
13135
13136
13140
13140
13153
13148
13141
13140
13135
13140
13141
13140
13150
13146
13142
13150
13144
13139
13143
13143
13144
13147
13151
13154
13151
13152
13145
13137
13136
13123
13129
13127
13132
13131
13132
13125
13131
13117
13119
13120
13125
13122
13120
13125
13130
13134
13133
13138
13133
13141
13134
13122
13121
13121
13127
13133
13133
13137
13145
13144
13145
13156
13144
13139
13140
13136
13136
13136
13138
13137
13136
13132
13130
13137
13133
13138
13139
13128
13126
13128
13126
13125
13125
13132
13130
13136
13137
13144
13138
13145
13142
13139
13140
13136
13143
13143
13146
13135
13138
13131
13130
13127
13126
13131
13136
13140
13138
13137
13139
13137
13144
13141
13137
13130
13131
13117
13124
13125
13128
13132
13129
13136
13131
13135
13135
13131
13129
13128
13131
13132
13136
13130
13127
13125
13119
13124
13125
13122
13134
13127
13134
13139
13134
13133
13134
13137
13140
13140
13143
13143
13139
13139
13144
13146
13140
13139
13141
13128
13129
13129
13135
13137
13129
13132
13131
13126
13128
13130
13135
13137
13132
13126
13136
13135
13133
13062
12540
12035
11590
11252
11083
10981
10857
10797
10828
10868
10957
11043
11156
11252
11355
11449
11555
11643
11746
11825
11915
11984
11980
11979
12007
12028
12077
12123
12181
12222
12272
12318
12366
12414
12466
12507
12550
12584
12626
12662
12698
12717
12740
12756
12776
12804
12818
12840
12861
12880
12896
12916
12925
12932
12945
12961
12966
12983
12986
12990
13007
13005
13009
13017
13029
13033
13038
13042
13047
13054
13056
13069
13058
13077
13085
13085
13095
13089
13094
13094
13098
13095
13101
13105
13108
13109
13107
13110
13107
13114
13115
13116
13115
13118
13122
13126
13133
13131
13129
13132
13139
13129
13128
13128
13125
13129
13134
13141
13137
13135
13138
13146
13145
13147
13152
13150
13149
13147
13145
13146
13148
13143
13149
13143
13138
13136
13122
13127
13134
13140
13140
13140
13145
13137
13144
13140
13129
13131
13135
13135
13146
13137
13138
13136
13134
13135
13134
13131
13130
13132
13135
13135
13133
13138
13134
13131
13125
13122
13121
13128
13119
13116
13130
13121
13127
13129
13130
13132
13134
13137
13137
13130
13126
13130
13134
13141
13128
13122
13119
13117
13120
13115
13117
13123
13122
13129
13125
13121
13122
13128
13126
13135
13127
13132
13129
13120
13125
13120
13119
13128
13123
13123
13126
13127
13131
13131
13141
13147
13149
13150
13157
13152
13154
13146
13156
13154
13149
13143
13138
13141
13142
13133
13131
13132
13126
13136
13131
13139
13142
13136
13136
13142
13132
13140
13144
13139
13144
13145
13145
13152
13147
13136
13139
13132
13135
13136
13144
13139
13147
13146
13146
13136
13136
13132
13132
13134
13141
13142
13134
13136
13138
13128
13123
13124
13127
13135
13130
13122
13127
13131
13141
13145
13134
13143
13142
13143
13149
13149
13149
13154
13142
13137
13142
13137
13135
13138
13136
13138
13145
13148
13148
13148
13148
13150
13148
13147
13139
13137
13137
13131
13140
13129
13126
13126
13122
13130
13137
13131
13133
13132
13134
13141
13136
13139
13137
13136
13144
13141
13132
13138
13134
13138
13137
13125
13130
13141
13138
13138
13139
13137
13143
13141
13140
13130
13131
13137
13136
13141
13134
13130
13142
13132
13127
13129
13123
13132
13134
13133
13131
13132
13133
13138
13134
13136
13131
13135
13135
13134
13131
13137
13129
13127
13137
13132
13129
13134
13134
13133
13137
13130
13132
13130
13133
13139
13133
13137
13134
13137
13132
13134
13136
13135
13136
13138
13132
13131
13133
13130
13125
13131
13133
13134
13126
13134
13143
13131
13126
13123
13130
13138
13133
13140
13140
13133
13126
13133
13127
13127
13133
13130
13128
13124
13129
13121
13126
13127
13133
13135
13133
13131
13133
13133
13127
13131
13128
13129
13127
13128
13135
13135
13134
13135
13131
13133
13137
13129
13138
13132
13133
13141
13142
13140
13140
13136
13128
13135
13131
13129
13133
13132
13132
13128
13125
13121
13118
13128
13128
13125
13120
13122
13135
13141
13142
13138
13135
13139
13142
13144
13145
13144
13144
13141
13141
13142
13148
13141
13147
13149
13152
13158
13147
13148
13147
13136
13136
13134
13125
13132
13129
13126
13125
13137
13133
13133
13138
13135
13133
13133
13140
13141
13146
13139
13139
13135
13135
13137
13137
13137
13142
13141
13143
13145
13136
13137
13142
13142
13142
13140
13141
13143
13134
13139
13139
13133
13123
13135
