13124
13117
13125
13123
13132
13138
13137
13136
13145
13143
13151
13153
13151
13144
13145
13156
13151
13145
13141
13143
13145
13135
13133
13133
13124
13128
13126
13124
13125
13133
13141
13142
13138
13146
13141
13140
13138
13144
13142
13141
13140
13133
13131
13128
13126
13132
13124
13125
13131
13143
13146
13145
13147
13142
13145
13141
13135
13134
13131
13131
13128
13127
13117
13122
13126
13130
13133
13138
13144
13146
13149
13148
13134
13138
13138
13139
13134
13129
13137
13143
13132
13132
13137
13127
13133
13135
13136
13141
13144
13152
13154
13145
13147
13139
13131
13140
13138
13134
13142
13137
13149
13142
13140
13139
13136
13134
13137
13135
13138
13133
13138
13131
13128
13129
13140
13141
13144
13141
13137
13142
13133
13123
13129
13126
13130
13131
13128
13131
13134
13125
13137
13132
13137
13139
13137
13147
13144
13135
13128
13123
13133
13136
13129
13137
13134
13136
13133
13130
13131
13134
13128
13134
13127
13126
13129
13132
13132
13134
13131
13139
13131
13128
13137
13131
13128
13137
13126
13128
13136
13134
13142
13138
13134
13129
13138
13138
13137
13136
13135
13137
13146
13139
13141
13144
13141
13140
13135
13130
13133
13133
13131
13134
13125
13133
13129
13128
13122
13120
13128
13135
13136
13134
13139
13138
13141
13145
13139
13134
13138
13136
13135
13135
13133
13131
13138
13143
13141
13147
13140
13138
13144
13130
13129
13132
13133
13136
13133
13130
13125
13127
13126
13129
13130
13130
13135
13135
13138
13142
13146
13147
13140
13137
13140
13138
13142
13140
13137
13145
13146
13143
13145
13141
13138
13132
13128
13132
13130
13133
13133
13129
13131
13121
13120
13118
13122
13136
13134
13136
13141
13135
13135
13139
13136
13134
13138
13131
13135
13141
13142
13147
13140
13139
13148
13138
13137
13137
13128
13126
13124
13122
13119
13125
13125
13126
13126
13133
13137
13137
13137
13143
13144
13139
13141
13146
13144
13146
13134
13139
13137
13136
13132
13139
13140
13143
13142
13138
13141
13138
13138
13148
13138
13138
13139
13128
13130
13128
13115
13114
13116
13112
13116
13119
13120
13124
13130
13136
13133
13133
13142
13135
13144
13134
13134
13140
13130
13130
13126
13129
13129
13134
13139
13135
13135
13131
13129
13128
13138
13137
13135
13140
13138
13137
13142
13139
13144
13146
13139
13138
13142
13142
13143
13144
13141
13140
13132
13129
13127
13122
13124
13126
13135
13131
13129
13135
13127
13126
13132
13127
13133
13137
13137
13140
13133
13133
13137
13135
13140
13137
13136
13138
13129
13134
13142
13138
13129
13132
13133
13129
13132
13122
13115
13114
13110
13116
13117
13119
13120
13129
13129
13127
13137
13129
13127
13134
13133
13132
13128
13129
13131
13130
13129
13134
13135
13137
13138
13138
13143
13143
13140
13143
13141
13132
13141
13142
13133
13138
13126
13138
13134
13135
13131
13086
12971
12900
12857
12833
12820
12814
12824
12817
12788
12764
12757
12756
12766
12775
12796
12807
12834
12856
12876
12882
12894
12909
12927
12930
12949
12957
12965
12985
12994
12997
13009
13018
13023
13039
13045
13050
13054
13062
13072
13079
13076
13080
13082
13085
13093
13094
13091
13094
13101
13100
13105
13094
12668
12027
11640
11406
11290
11238
11250
11285
11348
11418
11509
11580
11675
11754
11840
11921
11994
12057
12133
12191
12251
12301
12360
12413
12467
12516
12558
12585
12634
12661
12694
12723
12742
12761
12787
12808
12837
12848
12868
12892
12908
12927
12941
12949
12956
12967
12971
12980
12987
12994
13015
13024
13035
13041
13046
13048
13044
13042
13046
13042
13049
13064
13065
13071
13077
13081
13095
13098
13102
13100
13110
13111
13109
13112
13110
13114
13119
13114
13114
13118
13034
12918
12724
12603
12534
12494
12480
12479
12494
12514
12537
12563
12599
12629
12656
12696
12726
12744
12786
12799
12819
12846
12863
12875
12896
12905
12925
12929
12948
12953
12970
12980
12982
12992
12998
13009
13024
13023
13031
13039
13042
13051
13056
13058
13063
13067
13067
13074
13070
13076
13080
13086
13093
13096
13099
13106
13108
13108
13116
13116
13110
13119
13116
13113
13115
13105
13103
13107
13112
13115
13116
13114
13128
13126
13130
13132
13142
13139
13135
13140
13143
13139
13135
13137
13131
13133
13131
13134
13123
13126
13130
13131
13136
13134
13130
13136
13132
13128
13135
13130
13125
13133
13134
13129
13131
13133
13138
13137
13129
13118
13119
13128
13127
13132
13127
13126
13141
13141
13144
13143
13142
13146
13139
13143
13136
13127
13126
13126
13127
13131
13130
13136
13133
13123
13124
13128
13123
13132
13140
13132
13129
13132
13130
13137
13133
13131
13138
13137
13141
13137
13134
13133
13128
13125
13121
13124
13128
13117
13127
13128
13133
13137
13139
13139
13144
13144
13143
13148
13149
13145
13150
13153
13152
13159
13151
13151
13145
13144
13152
13142
13141
13145
13143
13140
13142
13145
13146
13140
13145
13138
13136
13138
13133
13130
13141
13138
13134
13128
13127
13138
13134
13138
13142
13138
13144
13138
13142
13139
13132
13130
13135
13127
13127
13122
13117
13125
13124
13128
13132
13129
13129
13133
13134
13137
13142
13146
13142
13134
13140
13135
13139
13142
13141
13139
13131
13126
13134
13123
13126
13131
13131
13129
13130
13127
13130
13129
13128
13128
13119
13133
13131
13135
13139
13142
13143
13149
13137
13132
13148
13141
13143
13141
13139
13145
13152
13144
13149
13148
13147
13145
13139
13139
13142
13139
13136
13141
13143
13145
13141
13144
13147
13137
13139
13134
13135
13123
13123
13129
13123
13126
13121
13122
13126
13131
13132
13133
13128
13128
13131
13122
13128
13127
13126
13123
13124
13123
13127
13128
13139
13141
13142
13141
13140
13141
13144
13144
13151
13142
13142
13139
13126
13128
13131
13143
13138
13144
13144
13153
13146
13148
13146
13137
13137
13138
13136
13140
13130
13129
13138
13134
13135
13132
13125
13121
13127
13130
13134
13132
13129
13133
13126
13133
13127
13128
13130
13130
13142
13136
13132
13136
13136
13140
13144
13145
13138
13137
13134
13137
13128
13135
13136
13126
13129
13135
13133
13139
13142
13142
13149
13138
13135
13141
13140
13143
13141
13138
13135
13140
13139
13143
13136
13143
13138
13144
13145
13143
13157
13150
13149
13146
13142
13142
13138
13141
13140
13139
13128
13133
13129
13137
13138
13132
13130
13136
13141
13141
13134
13133
13138
13133
13125
13134
13133
13135
13142
13140
13151
13152
13148
13143
13145
13139
13133
13136
13135
13131
13134
13133
13131
13128
13125
13130
13121
13122
13124
13126
