13141
13134
13136
13130
13141
13128
13131
13134
13134
13137
13135
13136
13139
13141
13134
13136
13133
13136
13137
13133
13142
13138
13135
13137
13134
13130
13142
13132
13133
13133
13129
13133
13134
13129
13127
13128
13133
13130
13138
13137
13132
13134
13129
13132
13135
13138
13134
13139
13138
13138
13136
13131
13126
13132
13135
13137
13131
13136
13134
13137
13142
13145
13144
13150
13146
13137
13140
13133
13134
13133
13136
13136
13150
13143
13139
13135
13138
13133
13134
13137
13139
13137
13142
13136
13141
13134
13134
13138
13134
13141
13146
13143
13144
13134
13129
13124
13110
13115
13119
13123
13134
13134
13135
13137
13130
13123
13135
13121
13124
13130
13126
13128
13136
13136
13138
13138
13138
13135
13141
13138
13140
13131
13133
13136
13140
13136
13131
13135
13137
13133
13129
13128
13127
13136
13137
13135
13136
13139
13138
13131
13127
13124
13125
13126
13126
13128
13126
13122
13123
13126
13130
13128
13135
13133
13134
13130
13124
13128
13124
13131
13129
13125
13129
13129
13132
13132
13134
13145
13149
13146
13143
13146
13147
13138
13141
13135
13124
13123
13136
13135
13139
13140
13135
13135
13133
13130
13142
13137
13131
13138
13135
13132
13139
13137
13136
13138
13139
13139
13138
13142
13130
13133
13130
13132
13140
13127
13130
13129
13129
13130
13126
13128
13128
13132
13134
13140
13132
13140
13141
13141
13133
13135
13132
13138
13138
13128
13128
13124
13117
13127
13129
13130
13134
13134
13133
13127
13129
13130
13129
13135
13136
13142
13137
13134
13138
13129
13134
13133
13128
13127
13128
13130
13126
13127
13123
13126
13121
13128
13136
13122
13125
13127
13123
13124
13127
13130
13138
13133
13142
13143
13134
13135
13137
13128
13129
13123
13126
13117
13121
13130
13134
13132
13130
13127
13131
13126
13126
13137
13136
13132
13136
13130
13136
13134
13133
13141
13144
13139
13149
13134
13136
13132
13141
13140
13139
13138
13139
13137
13134
13135
13136
13137
13143
13144
13144
13139
13138
13130
13129
13127
13123
13123
13126
13129
13126
13119
13118
13128
13133
13136
13137
13142
13148
13151
13147
13142
13134
13141
13143
13139
13141
13138
13137
13147
13137
13139
13140
13132
13129
13126
13119
13121
13123
13133
13136
13141
13147
13136
13135
13141
13136
13138
13128
13128
13133
13132
13129
13126
13124
13126
13121
13131
13132
13122
13125
13123
13115
13117
13118
13119
13128
13134
13133
13136
13135
13131
13142
13138
13143
13148
13141
13140
13141
13143
13149
13138
13137
13130
13132
13132
13132
13119
13126
13130
13137
13126
13126
13129
13128
13125
13121
13122
13123
13127
13130
13139
13132
13128
13134
13134
13133
13134
13136
13138
13136
13136
13139
13141
13139
13147
13142
13144
13144
13137
13137
13144
13150
13151
13143
13136
13132
13127
13129
13127
13137
13134
13134
13142
13133
13126
13120
13122
13131
13134
13140
13140
13136
13144
13148
13145
13134
13133
13133
13138
13131
13122
13128
13125
13120
13130
13119
13115
13121
13135
13137
13139
13141
13136
13142
13139
13138
13132
13126
13124
13132
13129
13128
13132
13130
13138
13138
13141
13138
13138
13142
13143
13140
13138
13142
13138
13142
13145
13148
13145
13135
12821
12468
12176
12011
11920
11884
11871
11903
11937
11992
12040
12102
12150
12213
12269
12320
12354
12324
12319
12338
12347
12388
12416
12455
12488
12518
12549
12588
12621
12658
12683
12708
12743
12784
12796
12834
12856
12867
12883
12895
12905
12920
12924
12945
12955
12963
12971
12982
12988
13002
13006
13008
13017
13023
13037
13041
13050
13058
13063
13061
13064
13062
13068
13064
13079
13077
13080
13083
13085
13087
13091
13086
13089
13085
13084
13088
13095
13101
13111
13104
13103
13112
13113
13111
13115
13102
13107
13110
13114
13123
13125
13129
13130
13125
13132
13135
13134
13134
13138
13148
13138
13135
13134
13129
13136
13128
13124
13119
13119
13121
13124
13125
13130
13128
13128
13119
13121
13124
13133
13137
13129
13137
13132
13127
13129
13126
13120
13125
13127
13130
13130
13128
13133
13140
13144
13138
13133
13129
13121
13127
13118
13114
13117
13118
13127
13122
13118
13121
13122
13126
13130
13130
13132
13138
13132
13128
13128
13128
13134
13138
13140
13149
13142
13143
13146
13141
13140
13136
13135
13134
13129
13128
13137
13138
13142
13140
13149
13149
13151
13156
13138
13133
13139
13144
13139
13138
13130
13134
13136
13143
13143
13135
13140
13149
13143
13146
13140
13140
13141
13136
13133
13142
13129
13142
13154
13151
13155
13151
13151
13151
13143
13141
13138
13133
13133
13130
13133
13130
13124
13130
13127
13122
13120
13123
13123
13126
13128
13126
13133
13132
13128
13130
13128
13133
13126
13134
13127
13128
13137
13129
13131
13139
13135
13141
13143
13144
13137
13137
13136
13141
13135
13133
13127
13124
13125
13123
13121
13131
13126
13142
13134
13134
13137
13139
13133
13132
13135
13126
13124
13122
13122
13125
13132
13138
13141
13148
13145
13141
13137
13129
13125
13132
13126
13132
13131
13127
13127
13127
13122
13121
13115
13114
13114
13122
13123
13118
13121
13134
13132
13132
13125
13128
13132
13132
13133
13126
13128
13132
13130
13130
13127
13124
13128
13133
13130
13129
13137
13146
13151
13145
13146
13145
13133
13137
13138
13133
13133
13134
13133
13132
13133
13135
13134
13126
13122
13125
13120
13122
13119
13138
13135
13132
13133
13132
13132
13131
13129
13130
13125
13126
13124
13120
13124
13123
13123
13125
13127
13124
13138
13128
13132
13136
13127
13124
13128
13125
13131
13140
13141
13142
13139
13143
13144
13142
13138
13131
13140
13138
13139
13143
13137
13137
13131
13136
13129
13132
13124
13134
13139
13138
13143
13133
13132
13135
13135
13147
13143
13139
13146
13143
13134
13143
13137
13136
13136
13135
13138
13139
13144
13144
13152
13152
13146
13153
13153
13147
13147
13150
13141
13142
13143
13140
13144
13142
13138
13133
13125
13123
13121
13117
13121
13120
13122
13129
13131
13131
13133
13137
13142
13141
13143
13149
13136
13128
13133
13127
13131
13134
13134
13142
13139
13145
13133
13134
13138
13143
13146
13142
13141
13152
13148
13149
13148
13143
13135
13136
13128
13130
13132
13133
13139
13140
13140
13138
13133
13126
13131
13137
13142
13141
13133
13139
13135
13149
13152
13143
13147
13142
13138
13140
13133
13131
13125
13125
13128
13122
13098
12980
12892
12856
12824
12805
12803
12809
12821
12841
12855
12867
12883
12903
12913
12926
12937
12952
12957
12970
12973
12986
12996
13003
13009
13022
13031
13042
13057
