13135
13138
13142
13134
13142
13142
13137
13137
13140
13140
13137
13137
13136
13131
13127
13135
13134
13144
13137
13138
13149
13144
13143
13146
13147
13143
13142
13141
13141
13136
13143
13143
13149
13145
13148
13146
13139
13136
13134
13133
13127
13134
13142
13132
13126
13129
13129
13134
13140
13131
13131
13137
13136
13131
13135
13138
13131
13133
13136
13128
13135
13127
13134
13138
13135
13145
13143
13136
13146
13149
13141
13137
13133
13133
13130
13126
13127
13126
13118
13126
13123
13116
13119
13124
13121
13128
13126
13127
13133
13132
13134
13138
13142
13126
13132
13133
13127
13133
13137
13136
13139
13134
13134
13140
13138
13132
13128
13127
13132
13131
13132
13147
13149
13144
13143
13147
13146
13145
13143
13145
13146
13138
13154
13134
13126
13129
13135
13137
13142
13147
13144
13145
13141
13140
13150
13150
13154
13153
13145
13144
13141
13133
13125
13132
13129
13127
13130
13129
13132
13136
13131
13139
13132
13138
13143
13137
13138
13133
13133
13135
13134
13132
13141
13132
13133
13138
13139
13139
13132
13129
13138
13140
13137
13138
13132
13133
13137
13143
13136
13128
13136
13134
13132
13130
13124
13131
13127
13132
13126
13133
13136
13145
13148
13147
13147
13141
13141
13137
13138
13142
13142
13128
13135
13132
13130
13132
13128
13132
13132
13136
13130
13133
13130
13130
13126
13128
13131
13126
13124
13120
13127
13120
13117
13119
13121
13129
13133
13131
13136
13140
13139
13133
13131
13129
13130
13135
13144
13145
13141
13147
13139
13133
13143
13140
13129
13138
13136
13135
13147
13146
13143
13140
13137
13131
13127
13139
13138
13135
13132
13132
13140
13132
13133
13134
13132
13138
13140
13139
13136
13132
13127
13137
13131
13128
13133
13134
13126
13132
13130
13134
13129
13131
13138
13133
13136
13140
13133
13138
13136
13138
13140
13138
13149
13141
13148
13146
13141
13138
13140
13140
13134
13141
13136
13142
13142
13147
13145
13142
13152
13148
13147
13148
13153
13147
13152
13152
13153
13145
13151
13151
13140
13141
13142
13138
13134
13138
13131
13133
13133
13138
13143
13144
13142
13140
13136
13141
13139
13135
13138
13149
13157
13148
13144
13141
13133
13134
13128
13126
13129
13132
13124
13126
13119
13127
13136
13138
13134
13132
13132
13126
13128
13125
13134
13126
13130
13138
13137
13143
13141
13133
13132
13133
13133
13135
13133
13134
13129
13137
13136
13133
13136
13122
13130
13131
13128
13139
13140
13141
13141
13132
13127
13124
13116
13115
13116
13116
13125
13132
13130
13135
13134
13130
13133
13124
13119
13122
13127
13130
13143
13144
13151
13141
13143
13132
13135
13135
13129
13131
13127
13128
13136
13123
13128
13137
13136
13142
13132
13129
13131
13132
13132
13133
13129
13135
13134
13129
13132
13135
13136
13145
13136
13130
13137
13138
13126
13126
13132
13127
13128
13126
13127
13127
13130
13129
13127
13130
13124
13125
13129
13132
13133
13125
13127
13125
13129
13133
13133
13137
13144
13141
13144
13153
13143
13147
13140
13132
13129
13133
13131
13135
13137
13133
13144
13134
13135
13133
13133
13132
13126
13126
13129
13134
13137
13131
13131
13137
13142
13140
13143
13140
13150
13140
12994
12648
12420
12283
12204
12166
12159
12168
12202
12236
12276
12320
12365
12407
12461
12495
12534
12575
12608
12635
12679
12698
12728
12764
12796
12824
12849
12862
12875
12881
12903
12908
12923
12929
12943
12963
12982
12991
13006
13001
13012
13023
13030
13042
13037
13037
13044
13051
13051
13057
13055
13066
13079
13084
13094
13094
13093
13107
13102
13097
13105
13095
13089
13100
13094
13104
13115
13115
13123
13130
13129
13131
13128
13132
13134
13140
13137
13131
13130
13128
13127
13132
13126
13124
13127
13131
13130
13127
13119
13121
13113
13112
13118
13120
13123
13129
13122
13129
13126
13123
13131
13135
13132
13136
13136
13129
13129
13127
13119
13121
13123
13119
13120
13131
13122
13127
13133
13128
13132
13133
13135
13137
13137
13131
13126
13131
13128
13132
13128
13133
13129
13130
13138
13137
13141
13135
13128
13132
13133
13131
13142
13136
13135
13132
13128
13127
13129
13130
13127
13124
13134
13127
13129
13130
13127
13135
13137
13131
13145
13136
13138
13137
13132
13134
13126
13131
13134
13138
13134
13136
13130
13132
13143
13136
13141
13145
13145
13144
13149
13140
13151
13133
13135
13135
13123
13125
13125
13124
13127
13138
13139
13131
13131
13127
13123
13123
13117
13116
13123
13117
13125
13131
13138
13138
13140
13137
13134
13125
13125
13132
13118
13122
13126
13121
13130
13130
13127
13140
13136
13135
13146
13146
13146
13150
13153
13148
13147
13140
13141
13130
13130
13138
13134
13135
13139
13143
13147
13148
13149
13136
13134
13136
13138
13136
13136
13134
13134
13137
13138
13134
13126
13130
13139
13136
13133
13134
13129
13129
13126
13127
13129
13125
13124
13133
13127
13130
13131
13138
13136
13141
13142
13138
13134
13142
13140
13138
13139
13136
13142
13130
13120
13129
13120
13121
13113
13118
13124
13131
13132
13138
13127
13132
13128
13126
13122
13125
13123
13131
13137
13133
13137
13131
13132
13135
13135
13129
13130
13133
13134
13136
13137
13137
13149
13149
13145
13140
13143
13133
13140
13132
13136
13133
13130
13126
13126
13124
13126
13120
13117
13129
13121
13123
13131
13131
13133
13131
13138
13139
13139
13140
13149
13150
13154
13146
13142
13136
13140
13138
13138
13135
13143
13138
13139
13137
13131
13124
13128
13125
13135
13129
13131
13137
13142
13139
13140
13139
13145
13145
13143
13146
13140
13146
13145
13138
13142
13137
13134
13135
13141
13133
13140
13133
13131
13130
13127
13131
13139
13141
13142
13139
13140
13127
13128
13126
13129
13130
13134
13136
13143
13146
13146
13147
13151
13152
13146
13142
13142
13143
13147
13151
13145
13142
13142
13134
13136
13132
13132
13132
13131
13122
13132
13122
13123
13133
13119
13119
13124
13130
13133
13129
13133
13123
13124
13133
13126
13132
13131
13133
13145
13138
13140
13137
13135
13136
13137
13129
13138
13133
13135
13137
13134
13136
13141
13138
13142
13138
13137
13140
13136
13126
13134
13130
13129
13137
13132
13129
13136
13139
13137
13136
13136
13131
13133
13138
13134
13137
13137
13138
13151
13137
13131
13129
13135
13132
13137
13139
13142
13138
13131
13132
13125
13123
13125
13129
13130
13129
13128
13133
13131
13133
13145
13143
13144
13143
13134
13132
13137
13134
13131
13131
13130
13128
13127
13130
13131
13132
13129
13131
13147
13137
13133
13139
13136
13142
13150
13145
13147
13147
