13128
13134
13128
13133
13128
13132
13125
13130
13122
13128
13134
13125
13124
13127
13133
13130
13126
13124
13136
13124
13127
13126
13119
13129
13130
13137
13135
13131
13133
13125
13132
13137
13133
13134
13137
13132
13141
13137
13130
13141
13140
13146
13135
13129
13133
13138
13140
13138
13136
13141
13141
13134
13130
13126
13125
13127
13126
13124
13132
13126
13125
13128
13124
13129
13131
13124
13132
13129
13129
13129
13127
13131
13132
13133
13134
13124
13134
13132
13129
13128
13134
13135
13137
13136
13138
13133
13134
13130
13131
13138
13139
13130
13137
13138
13139
13143
13133
13124
13129
13124
13126
13133
13134
13134
13146
13142
13144
13134
13130
13132
13135
13141
13139
13135
13129
13128
13135
13120
13119
13128
13128
13130
13134
13126
13129
13137
13133
13139
13126
13129
13131
13125
13134
13137
13140
13139
13139
13131
13144
13135
13127
13130
13133
13129
13127
13127
13125
13127
13128
13132
13141
13148
13146
13147
13136
13132
13140
13137
13134
13146
13146
13140
13138
13135
13132
13135
13138
13145
13137
13138
13135
13139
13143
13138
13133
13137
13132
13130
13137
13135
13138
13150
13153
13159
13154
13150
13144
13140
13142
13138
13144
13141
13144
13143
13146
13142
13149
13142
13137
13138
13134
13133
13126
13136
13134
13139
13140
13138
13133
13140
13151
13148
13149
13148
13140
13133
13134
13131
13134
13124
13128
13132
13132
13138
13141
13141
13134
13137
13143
13137
13134
13134
13139
13138
13140
13134
13137
13128
13128
13136
13127
13127
13127
13122
13125
13127
13124
13135
13121
13122
13127
13133
13136
13138
13138
13139
13130
13134
13136
13134
13139
13139
13134
13133
13134
13130
13129
13132
13132
13132
13133
13132
13128
13130
13131
13130
13134
13130
13130
13136
13131
13127
13133
13129
13126
13132
13136
13139
13134
13131
13126
13131
13125
13127
13125
13130
13129
13124
13130
13126
13120
13133
13128
13138
13142
13141
13141
13145
13133
13128
13129
13126
13130
13133
13122
13131
13129
13125
13126
13132
13129
13134
13137
13130
13129
13138
13142
13143
13130
13131
13129
13123
13126
13127
13126
13128
13130
13118
13116
13114
13111
13121
13121
13124
13122
13128
13129
13130
13131
13129
13126
13138
13138
13136
13142
13138
13139
13139
13133
13140
13131
13134
13136
13136
13138
13151
13151
13162
13158
13164
13158
13150
13153
13141
13141
13138
13135
13137
13141
13136
13126
13133
13125
13129
13130
13137
13132
13131
13137
13127
13133
13131
13137
13132
13137
13142
13150
13141
13134
13134
13126
13121
13117
13116
13125
13131
13127
13133
13125
13134
13139
13143
13143
13137
13131
13139
13134
13135
13135
13133
13135
13136
13139
13133
13132
13135
13137
13135
13139
13129
13131
13136
13137
13133
13132
13132
13133
13127
13123
13132
13132
13131
13133
13128
13132
13135
13131
13132
13122
13127
13134
13133
13135
13136
13133
13133
13128
13115
13129
13119
13121
13133
13121
13118
13114
13121
13128
13131
13126
13121
13127
13128
13134
13142
13140
13142
13147
13141
13139
13140
13139
13140
13139
13139
13138
13142
13144
13142
13126
13136
13132
13129
13134
13128
13126
13132
13126
13126
13134
13131
13134
13139
13123
13005
12691
12114
11556
11227
11046
10961
10962
10984
11049
11117
11224
11319
11431
11523
11630
11716
11817
11888
11971
12034
12105
12160
12157
12142
12155
12177
12217
12258
12306
12344
12383
12428
12474
12508
12551
12586
12628
12665
12699
12720
12750
12764
12789
12808
12822
12848
12867
12879
12895
12916
12929
12941
12962
12961
12964
12978
12979
12992
12994
13010
13012
13023
13023
13030
13030
13044
13054
13054
13066
13074
13078
13088
13081
13084
13088
13094
13092
13103
13101
13108
13106
13116
13119
13115
13116
13112
13115
13119
13121
13122
13113
13112
13123
13115
13117
13128
13128
13136
13131
13137
13133
13135
13134
13136
13135
13133
13128
13130
13126
13129
13126
13128
13119
13116
13123
13124
13119
13129
13130
13128
13129
13131
13131
13131
13137
13140
13137
13138
13134
13135
13129
13131
13141
13133
13132
13133
13129
13131
13123
13127
13119
13126
13126
13130
13126
13130
13127
13127
13126
13127
13130
13136
13140
13138
13143
13138
13141
13142
13133
13136
13138
13133
13139
13139
13136
13135
13135
13145
13148
13141
13138
13135
13142
13143
13134
13135
13138
13138
13137
13134
13134
13136
13134
13138
13134
13135
13130
13121
13119
13123
13118
13132
13130
13124
13138
13135
13137
13139
13134
13134
13137
13142
13147
13146
13148
13146
13149
13149
13150
13147
13146
13140
13146
13130
13129
13132
13131
13131
13132
13137
13131
13137
13138
13138
13126
13138
13140
13132
13137
13137
13140
13143
13136
13129
13133
13131
13124
13134
13134
13134
13140
13144
13139
13133
13135
13129
13128
13129
13125
13126
13126
13123
13124
13121
13111
13119
13123
13128
13129
13132
13130
13132
13130
13135
13130
13138
13135
13133
13132
13132
13135
13135
13135
13131
13137
13132
13132
13146
13145
13149
13148
13153
13145
13146
13141
13137
13133
13136
13130
13132
13130
13134
13147
13136
13135
13134
13134
13130
13131
13125
13130
13130
13130
13133
13126
13135
13137
13132
13141
13138
13136
13134
13128
13119
13126
13121
13125
13135
13131
13134
13129
13129
13135
13136
13135
13131
13130
13137
13138
13142
13139
13142
13146
13139
13140
13139
13140
13133
13131
13137
13130
13128
13127
13127
13122
13130
13133
13130
13136
13135
13130
13136
13133
13135
13143
13134
13132
13134
13124
13127
13129
13132
13139
13140
13145
13134
13137
13134
13135
13138
13136
13134
13140
13138
13139
13138
13139
13143
13146
13141
13133
13132
13131
13132
13126
13135
13143
13137
13141
13138
13139
13140
13142
13142
13143
13143
13143
13150
13146
13143
13145
13141
13142
13142
13142
13133
13130
13130
13132
13124
13128
13129
13132
13125
13122
13130
13122
13123
13124
13128
13131
13126
13128
13133
13136
13142
13146
13142
13151
13146
13144
13139
13134
13126
13129
13115
13117
13123
13119
13120
13127
13131
13132
13134
13128
13126
13119
13126
13121
13129
13130
13135
13143
13140
13142
13138
13134
13139
13132
13128
13124
13132
13128
13134
13130
13129
13126
13130
13131
13129
13123
13129
13127
13129
13131
13132
13134
13143
13139
13135
13138
13134
13130
13129
13131
13134
13129
13137
13126
13123
13126
13124
13130
13121
13121
13129
13127
13134
13130
13133
13137
13138
13133
13138
13137
13134
13128
13129
13132
13132
13134
13138
13134
13142
13148
13145
13140
13150
13144
13133
13135
13132
13133
13127
13131
13125
