13130
13131
13129
13132
13126
13125
13129
13129
13123
13129
13124
13134
13139
13142
13132
13126
13116
13129
13132
13135
13135
13131
13133
13145
13139
13138
13145
13132
13135
13138
13131
13130
13135
13128
13127
13127
13126
13122
13128
13129
13128
13130
13127
13128
13125
13123
13118
13123
13120
13119
13119
13120
13124
13122
13130
13134
13128
13135
13141
13137
13139
13141
13146
13146
13139
13139
13135
13133
13128
13138
13129
13130
13137
13140
13137
13140
13134
13132
13134
13138
13140
13138
13135
13138
13149
13144
13141
13149
13148
13143
13137
13132
13138
13142
13140
13143
13141
13140
13143
13144
13147
13147
13142
13141
13138
13131
13140
13134
13142
13139
13139
13138
13142
13137
13138
13137
13138
13131
13133
13138
13137
13134
13133
13130
13131
13131
13126
13129
13130
13136
13131
13135
13132
13132
13129
13139
13131
13135
13130
13125
13122
13135
13135
13145
13141
13134
13144
13138
13131
13132
13132
13133
13132
13138
13133
13140
13139
13130
13132
13138
13139
13142
13136
13139
13147
13136
13134
13134
13129
13124
13123
13122
13126
13128
13126
13129
13121
13122
13129
13129
13125
13122
13124
13126
13124
13122
13128
13126
13127
13130
13123
13124
13127
13129
13124
13127
13128
13128
13128
13133
13132
13130
13124
13127
13131
13128
13128
13131
13130
13129
13138
13140
13138
13140
13140
13141
13134
13134
13138
13138
13141
13139
13138
13142
13136
13129
13130
13121
13122
13131
13127
13124
13128
13132
13133
13138
13135
13130
13137
13139
13136
13136
13132
13131
13140
13138
13133
13139
13136
13137
13135
13132
13134
13130
13135
13136
13134
13139
13134
13131
13132
13134
13138
13138
13132
13133
13135
13135
13135
13136
13137
13135
13127
13132
13132
13135
13128
13124
13124
13120
13122
13130
13129
13137
13140
13137
13129
13138
13140
13136
13129
13131
13128
13135
13133
13130
13132
13136
13149
13148
13154
13151
13145
13143
13135
13134
13136
13136
13134
13139
13133
13124
13127
13130
13132
13138
13142
13136
13141
13141
13142
13140
13146
13143
13148
13139
13142
13140
13140
13144
13139
13138
13135
13132
13135
13141
13142
13144
13140
13136
13137
13143
13141
13144
13144
13147
13139
13145
13138
13142
13141
13143
13139
13144
13148
13147
13144
13133
13131
13138
13135
13134
13122
13120
13133
13134
13134
13128
13124
13131
13128
13127
13134
13131
13125
13124
13118
13118
13112
13113
13113
13113
13113
13119
13115
13123
13132
13127
13132
13137
13136
13143
13140
13136
13133
13140
13141
13143
13134
13138
13144
13139
13130
13137
13147
13139
13142
13144
13142
13143
13147
13141
13143
13141
13139
13141
13141
13134
13134
13128
13121
13122
13115
13119
13112
13114
13120
13125
13123
13129
13129
13136
13128
13124
13117
13112
13110
13116
13111
13114
13113
13123
13121
13121
13138
13127
13126
13131
13123
13127
13133
13134
13130
13126
13126
13132
13124
13128
13123
13132
13133
13136
13135
13146
13143
13141
13148
13142
13132
13132
13135
13138
13131
13131
13131
13131
13136
13131
13128
13137
13130
13134
13131
13133
13141
13134
13139
13137
13136
13139
13135
13133
13137
13132
13138
13139
13132
13141
13140
13133
13135
13137
13142
13147
13143
13139
13141
13136
12914
12133
11170
10561
10226
10034
9991
9999
10092
10188
10331
10459
10624
10759
10908
11036
11168
11285
11402
11509
11617
11701
11793
11881
11967
12038
12113
12178
12241
12301
12358
12408
12458
12490
12529
12562
12603
12633
12675
12690
12718
12746
12766
12792
12815
12834
12854
12865
12893
12908
12927
12936
12950
12957
12957
12969
12982
12979
12990
12998
12997
13012
13013
13019
13034
13042
13050
13061
13067
13073
13077
13086
13088
13086
13078
13084
13094
13089
13101
13095
13093
13103
13100
13105
13109
13106
13106
13107
13113
13104
13101
13109
13109
13123
13122
13130
13133
13133
13126
13129
13125
13131
13129
13128
13125
13121
13120
13121
13115
13116
13124
13129
13130
13130
13134
13138
13131
13130
13137
13130
13117
13124
13123
13128
13138
13139
13141
13140
13137
13137
13129
13129
13129
13133
13135
13132
13145
13137
13137
13141
13140
13135
13128
13133
13135
13131
13130
13130
13121
13123
13127
13128
13129
13135
13123
13130
13133
13126
13136
13131
13134
13135
13131
13141
13136
13137
13141
13137
13134
13132
13125
13132
13130
13130
13130
13125
13138
13132
13139
13137
13133
13136
13134
13129
13134
13128
13125
13131
13131
13130
13131
13129
13126
13131
13135
13141
13135
13135
13141
13139
13134
13134
13137
13138
13142
13144
13141
13138
13142
13141
13144
13148
13142
13151
13158
13147
13150
13144
13142
13142
13141
13144
13142
13141
13135
13134
13133
13136
13132
13134
13135
13133
13132
13132
13135
13139
13137
13146
13147
13143
13134
13139
13135
13135
13136
13137
13138
13135
13126
13126
13128
13131
13134
13132
13137
13130
13145
13140
13137
13136
13135
13134
13132
13142
13152
13147
13139
13149
13141
13142
13141
13134
13138
13135
13136
13142
13136
13131
13145
13131
13134
13136
13125
13129
13133
13123
13117
13121
13136
13140
13135
13141
13142
13146
13144
13140
13144
13140
13140
13141
13137
13147
13150
13144
13153
13146
13140
13147
13133
13131
13130
13125
13130
13125
13124
13132
13123
13126
13134
13137
13132
13134
13135
13138
13141
13134
13129
13137
13142
13134
13134
13134
13143
13140
13141
13134
13140
13138
13139
13138
13133
13129
13129
13135
13135
13133
13133
13144
13140
13141
13144
13147
13146
13151
13150
13158
13150
13142
13152
13144
13141
13135
13134
13132
13134
13132
13127
13127
13131
13125
13121
13123
13123
13129
13125
13127
13138
13142
13147
13139
13136
13141
13145
13142
13146
13141
13135
13142
13128
13133
13136
13141
13136
13143
13142
13154
13144
13138
13143
13139
13134
13143
13135
13135
13134
13136
13135
13133
13135
13138
13143
13137
13136
13134
13133
13129
13137
13126
13118
13116
13112
13119
13116
13120
13116
13113
13113
13116
13118
13116
13122
13128
13131
13130
13129
13128
13133
13130
13140
13130
13133
13136
13125
13122
13122
13115
13113
13110
13112
13110
13118
13118
13119
13125
13128
13127
13136
13129
13128
13128
13132
13132
13128
13131
13128
13129
13134
13133
13134
13133
13136
13137
13138
13140
13143
13146
13140
13139
13145
13140
13132
13135
13129
13131
13128
13129
13130
13134
13127
13129
13130
13137
13133
13136
13134
13134
13133
13133
13132
13128
13122
13125
13124
13131
13130
13133
13141
13145
13148
13145
13143
13138
13137
13137
13139
13142
13130
13129
13138
13134
13129
13137
