13143
13141
13135
13138
13137
13130
13123
13132
13135
13135
13128
13132
13130
13131
13132
13135
13128
13134
13133
13127
13128
13124
13135
13139
13125
13123
13130
13126
13126
13130
13129
13133
13131
13131
13134
13132
13135
13137
13133
13132
13133
13130
13131
13135
13144
13136
13139
13143
13149
13144
13140
13137
13137
13137
13142
13146
13137
13147
13146
13144
13142
13140
13136
13138
13133
13131
13132
13126
13120
13124
13127
13128
13133
13128
13128
13127
13124
13127
13120
13127
13131
13139
13139
13146
13144
13140
13133
13135
13133
13133
13125
13121
13116
13120
13121
13129
13129
13137
13137
13130
13130
13134
13131
13135
13139
13136
13140
13133
13128
13136
13133
13132
13130
13127
13126
13127
13131
13128
13130
13134
13133
13137
13139
13145
13147
13137
13135
13138
13139
13136
13132
13130
13126
13124
13127
13123
13119
13122
13128
13125
13125
13127
13129
13130
13128
13126
13144
13139
13133
13133
13131
13136
13136
13135
13137
13133
13140
13134
13134
13131
13128
13126
13122
13131
13131
13134
13134
13136
13137
13136
13134
13131
13138
13133
13135
13134
13130
13134
13137
13138
13144
13147
13138
13140
13135
13139
13145
13139
13139
13145
13132
13128
13126
13132
13123
13132
13131
13132
13135
13133
13124
13127
13127
13127
13136
13130
13125
13129
13125
13128
13132
13126
13132
13142
13135
13132
13122
13135
13138
13134
13130
13134
13136
13141
13134
13128
13135
13128
13129
13136
13135
13138
13144
13144
13141
13140
13137
13133
13133
13138
13131
13132
13130
13132
13137
13136
13140
13140
13134
13131
13126
13124
13124
13124
13125
13129
13134
13140
13133
13134
13133
13134
13128
13136
13136
13137
13145
13130
13123
13130
13122
13121
13124
13123
13132
13135
13135
13135
13132
13132
13123
13122
13121
13123
13125
13124
13129
13134
13127
13129
13137
13135
13135
13141
13139
13146
13130
13131
13131
13133
13132
13131
13132
13137
13134
13124
13127
13121
13112
13125
13117
13114
13117
13117
13123
13123
13130
13131
13131
13139
13147
13147
13147
13142
13146
13138
13137
13136
13132
13131
13125
13129
13131
13128
13126
13132
13132
13134
13129
13119
13121
13124
13122
13123
13122
13128
13135
13132
13132
13135
13133
13137
13137
13125
13130
13119
13119
13122
13127
13128
13133
13137
13138
13135
13139
13138
13140
13141
13139
13138
13142
13143
13143
13147
13147
13147
13134
13137
13137
13132
13125
13129
13129
13135
13133
13131
13138
13139
13135
13142
13143
13146
13149
13140
13136
13136
13134
13130
13134
13134
13144
13142
13148
13143
13145
13142
13135
13093
12969
12893
12844
12822
12805
12802
12813
12818
12828
12853
12877
12891
12910
12918
12932
12948
12959
12966
12982
12980
12990
13006
13006
13015
13022
13035
13034
13047
13055
13060
13063
13076
13080
13075
13076
13071
13081
13070
13086
13088
13096
13099
13097
13100
13104
13106
13108
13106
13107
13100
13102
13103
13105
13112
13115
13124
13119
13117
13124
13123
13119
13116
13109
13113
13116
13116
13119
13124
13125
13128
13133
13139
13139
13142
13145
13134
13138
13125
13128
13135
13133
13132
13126
13122
13132
13126
13119
13125
13122
13127
13133
13136
13144
13121
12518
11557
10816
10292
9936
9740
9700
9714
9817
9923
10078
10219
10388
10528
10696
10837
10986
11117
11249
11360
11476
11569
11684
11772
11874
11956
12028
12093
12166
12220
12276
12321
12374
12412
12462
12502
12546
12576
12618
12656
12694
12721
12740
12765
12794
12807
12824
12844
12854
12871
12888
12905
12921
12930
12946
12960
12979
12990
12994
12998
13009
13014
13022
13020
13019
13026
13039
13033
13044
13045
13048
13058
13059
13068
13072
13076
13080
13074
13087
13091
13091
13098
13097
13097
13110
13104
13108
13112
13120
13116
13121
13114
13112
13115
13113
13117
13122
13125
13121
13120
13120
13124
13125
13120
13122
13117
13121
13120
13125
13120
13120
13129
13134
13131
13129
13130
13125
13116
13122
13119
13122
13133
13131
13133
13135
13126
13130
13133
13127
13134
13130
13128
13131
13120
13121
13121
13123
13125
13124
13131
13130
13134
13144
13136
13137
13135
13126
13134
13127
13133
13124
13128
13129
13127
13124
13129
13134
13139
13139
13139
13134
13138
13134
13128
13127
13119
13125
13130
13130
13132
13134
13133
13130
13131
13132
13126
13119
13128
13119
13116
13120
13116
13123
13117
13120
13126
13127
13126
13126
13123
13131
13137
13132
13133
13125
13129
13125
13133
13131
13132
13132
13136
13134
13124
13135
13118
13120
13122
13116
13116
13122
13128
13133
13132
13135
13129
13130
13129
13127
13126
13120
13117
13126
13122
13129
13139
13140
13140
13134
13136
13140
13138
13133
13136
13136
13138
13135
13137
13131
13131
13140
13138
13134
13129
13134
13129
13132
13135
13135
13133
13138
13133
13131
13123
13118
13122
13128
13128
13127
13126
13127
13127
13136
13124
13122
13124
13122
13133
13138
13140
13149
13152
13152
13154
13142
13139
13134
13135
13134
13133
13127
13129
13123
13121
13124
13125
13121
13131
13124
13125
13130
13137
13134
13137
13133
13122
13127
13127
13127
13129
13133
13131
13136
13129
13126
13132
13132
13123
13122
13118
13124
13124
13117
13123
13124
13124
13119
13118
13122
13120
13123
13131
13129
13119
13120
13117
13120
13128
13126
13131
13131
13135
13132
13124
13126
13124
13136
13141
13133
13127
13126
13131
13136
13133
13132
13139
13136
13141
13138
13132
13133
13134
13141
13146
13136
13141
13141
13138
13149
13144
13143
13141
13138
13139
13145
13139
13139
13146
13140
13135
13139
13138
13138
13139
13135
13131
13133
13126
13124
13128
13131
13131
13143
13133
13136
13139
13143
13135
13140
13138
13136
13137
13135
13135
13119
13125
13128
13127
13132
13129
13128
13132
13126
13131
13137
13120
13123
13130
13129
13128
13132
13131
13134
13137
13138
13136
13132
13135
13131
13129
13134
13126
13131
13124
13117
13121
13129
13130
13127
13123
13121
13129
13126
13131
13134
13132
13137
13138
13134
13136
13134
13134
13133
13136
13134
13128
13128
13137
13134
13140
13136
13142
13139
13137
13130
13126
13121
13122
13120
13128
13134
13131
13138
13138
13140
13140
13138
13131
13131
13128
13134
13138
13136
13132
13124
13128
13126
13129
13127
13134
13135
13142
13134
13135
13140
13140
13136
13143
13135
13132
13138
13140
13144
13143
13139
13138
13139
13143
13142
13140
13143
13142
13142
13143
13142
13149
13142
13141
13135
13132
13135
13139
13147
13155
13146
13155
13149
13143
13137
13138
13139
13144
13141
13142
13147
13140
13146
13147
