13134
13128
13132
13132
13133
13141
13131
13129
13136
13138
13129
13126
13123
13128
13131
13129
13125
13131
13131
13129
13135
13126
13127
13128
13131
13135
13141
13130
13132
13134
13129
13127
13124
13136
13141
13137
13137
13135
13135
13142
13143
13135
13144
13141
13145
13153
13148
13152
13144
13147
13148
13147
13137
13133
13142
13137
13127
13127
13121
13120
13132
13140
13134
13140
13130
13131
13128
13124
13125
13121
13124
13130
13125
13130
13129
13128
13127
13130
13135
13136
13129
13129
13136
13138
13139
13144
13142
13145
13152
13141
13142
13135
13138
13133
13126
13132
13127
13126
13123
13121
13125
13122
13127
13127
13123
13126
13131
13137
13137
13131
13129
13128
13131
13133
13137
13127
13133
13135
13137
13134
13119
13121
13129
13121
13126
13121
13120
13117
13113
13113
13115
13111
13112
13115
13123
13133
13132
13129
13130
13134
13143
13135
13136
13134
13125
13135
13127
13132
13131
13126
13125
13132
13135
13134
13136
13125
13128
13130
13130
13134
13132
13133
13138
13132
13136
13140
13136
13139
13135
13134
13132
13135
13140
13142
13134
13134
13129
13128
13132
13127
13133
13127
13127
13130
13131
13137
13135
13135
13135
13137
13145
13144
13141
13138
13139
13133
13145
13153
13149
13146
13139
13132
13134
13133
13132
13130
13126
13134
13138
13140
13129
13128
13131
13128
13127
13123
13118
13120
13125
13124
13130
13127
13134
13134
13138
13136
13137
13133
13135
13139
13145
13140
13128
13133
13142
13136
13148
13140
13142
13146
13141
13136
13138
13141
13131
13130
13132
13130
13134
13129
13134
13133
13141
13144
13146
13138
13136
13134
13137
13135
13135
13131
13132
13138
13138
13138
13136
13137
13133
13133
13130
13131
13129
13130
13133
13129
13133
13132
13133
13138
13141
13140
13149
13149
13140
13140
13137
13142
13138
13141
13142
13141
13139
13129
13126
13122
13119
13120
13131
13125
13132
13128
13122
13126
13127
13131
13137
13136
13139
13135
13135
13139
13131
13136
13138
13136
13136
13137
13133
13139
13138
13134
13132
13134
13123
13127
13120
13120
13128
13130
13134
13138
13137
13138
13132
13138
13129
13135
13137
13131
13139
13131
13124
13122
13122
13122
13122
13120
13123
13130
13135
13144
13135
13132
13129
13133
13134
13132
13130
13132
13121
13124
13133
13132
13126
13130
13131
13126
13122
13124
13128
13124
13127
13124
13124
13130
13134
13141
13143
13145
13147
13137
13137
13142
13139
13138
13126
13131
13132
13132
13129
13130
13125
13135
13142
13133
13138
13132
13139
13141
13140
13131
13141
13137
13125
13137
13139
13135
13145
13137
13137
13137
13138
13134
13132
13139
13138
13137
13138
13136
13141
13132
13121
13114
13113
13115
13117
13126
13128
13131
13131
13138
13137
13141
13147
13147
13150
13142
13144
13145
13133
13134
13129
13119
13110
13111
13115
13126
13127
13134
13137
13138
13141
13138
13141
13139
13139
13140
13148
13139
13149
13135
13135
13140
13141
13142
13146
13138
13136
13141
13143
13139
13135
13136
13137
13134
13138
13143
13149
13153
13143
13141
13149
13140
13137
13138
13138
13142
13134
13134
13129
13129
13134
13128
13131
13125
13124
13126
13127
13123
13125
13118
13121
13127
13133
13133
13127
13124
13006
12681
12458
12260
12035
11794
11669
11608
11606
11620
11674
11735
11806
11870
11945
11998
12074
12138
12202
12251
12315
12360
12420
12456
12503
12541
12582
12615
12646
12677
12715
12740
12765
12782
12806
12824
12845
12862
12884
12896
12907
12922
12935
12950
12963
12975
12984
12991
13006
13007
13013
13014
13026
13035
13042
13047
13049
13048
13054
13061
13061
13072
13074
13077
13079
13081
13088
13090
13091
13092
13088
13101
13113
13103
13106
13115
13110
13112
13111
13113
13112
13112
13111
13115
13110
13111
13117
13110
13111
13106
13105
13106
13109
13114
13116
13120
13121
13125
13125
13118
13126
13120
13119
13123
13121
13118
13118
13120
13110
13128
13119
13117
13115
13115
13116
13116
13120
13116
13124
13122
13126
13140
13140
13137
13138
13142
13146
13148
13143
13140
13137
13140
13142
13135
13136
13134
13132
13143
13148
13140
13135
13137
13135
13130
13139
13135
13136
13138
13131
13129
13134
13130
13134
13137
13135
13134
13137
13140
13138
13140
13137
13129
13135
13129
13124
13132
13133
13130
13141
13140
13146
13150
13145
13144
13139
13129
13127
13129
13125
13122
13131
13134
13129
13126
13126
13127
13125
13134
13130
13134
13130
13128
13136
13133
13127
13125
13118
13114
13117
13131
13122
13128
13133
13138
13133
13139
13142
13135
13142
13145
13149
13150
13144
13135
13143
13142
13134
13136
13128
13134
13123
13128
13125
13120
13121
13121
13128
13133
13131
13127
13125
13123
13128
13126
13124
13133
13134
13140
13146
13136
13131
13129
13130
13139
13131
13138
13139
13134
13138
13138
13132
13131
13130
13130
13129
13129
13125
13129
13127
13126
13135
13132
13134
13137
13134
13135
13136
13132
13133
13136
13142
13139
13141
13137
13131
13132
13117
13120
13119
13118
13123
13124
13130
13131
13130
13128
13133
13132
13137
13135
13140
13129
13124
13126
13132
13132
13128
13134
13133
13137
13140
13141
13135
13133
13127
13125
13127
13135
13140
13140
13137
13134
13142
13140
13139
13140
13141
13140
13141
13140
13135
13141
13139
13141
13140
13132
13132
13131
13136
13133
13135
13140
13134
13139
13150
13150
13143
13145
13141
13139
13143
13138
13137
13134
13138
13140
13143
13146
13149
13156
13147
13137
13137
13129
13128
13131
13130
13132
13133
13134
13132
13130
13128
13125
13121
13121
13124
13116
13119
13121
13124
13131
13130
13131
13134
13125
13131
13135
13134
13132
13126
13134
13137
13142
13141
13137
13142
13138
13140
13140
13142
13136
13147
13139
13130
13138
13134
13132
13135
13127
13133
13130
13133
13134
13130
13131
13127
13130
13138
13134
13127
13134
13123
13121
13129
13127
13126
13127
13128
13122
13119
13121
13119
13119
13128
13128
13131
13138
13135
13132
13134
13138
13147
13140
13142
13138
13143
13148
13146
13138
13142
13139
13142
13148
13139
13140
13137
13138
13147
13141
13133
13137
13131
13129
13141
13134
13128
13132
13129
13130
13137
13134
13138
13132
13129
13131
13128
13131
13132
13135
13134
13130
13136
13131
13130
13135
13136
13130
13135
13134
13139
13137
13137
13133
13132
13139
13142
13140
13147
13139
13135
13143
13144
13133
13137
13133
13131
13131
13131
13122
13132
13131
13133
13128
13126
13120
13120
13125
13125
13119
13121
13123
13133
13130
13131
13136
13137
13144
13142
13134
13132
13132
