13138
13141
13142
13138
13142
13151
13147
13146
13133
13134
13133
13133
13125
13122
13122
13129
13121
13121
13127
13131
13132
13129
13128
13128
13130
13127
13134
13137
13134
13137
13134
13142
13139
13139
13131
13129
13134
13129
13131
13138
13134
13133
13136
13134
13135
13131
13134
13139
13127
13129
13130
13129
13129
13130
13125
13129
13127
13115
13124
13119
13126
13130
13123
13122
13133
13133
13133
13133
13129
13121
13124
13126
13128
13126
13128
13123
13130
13120
13126
13130
13128
13129
13132
13134
13134
13136
13128
13137
13134
13133
13135
13136
13138
13144
13144
13154
13146
13136
13146
13141
13134
13141
13131
13135
13133
13137
13133
13130
13125
13122
13122
13126
13129
13122
13129
13135
13134
13135
13132
13127
13120
13123
13124
13123
13128
13132
13132
13138
13126
13125
13130
13126
13135
13138
13137
13145
13144
13136
13142
13129
13132
13136
13121
13131
13129
13139
13137
13139
13138
13141
13143
13150
13144
13135
13127
13129
13141
13143
13144
13153
13149
13143
13136
13138
13140
13147
13139
13142
13134
13130
13122
13124
13121
13133
13120
13128
13126
13123
13136
13133
13129
13138
13137
13139
13141
13131
13126
13127
13129
13121
13123
13129
13134
13135
13136
13130
13135
13136
13136
13136
13135
13134
13135
13132
13135
13134
13127
13135
13139
13138
13140
13140
13138
13138
13129
13127
13115
13115
13122
13122
13130
13139
13138
13137
13137
13136
13133
13131
13130
13135
13141
13139
13141
13136
13133
13126
13129
13121
13125
13136
13133
13137
13134
13137
13135
13135
13128
13129
13126
13124
13140
13140
13144
13144
13142
13139
13137
13137
13148
13141
13137
13146
13140
13138
13134
13133
13134
13133
13135
13130
13128
13129
13129
13128
13128
13117
13129
13130
13133
13132
13130
13127
13130
13127
13130
13131
13127
13131
13128
13133
13136
13136
13139
13136
13133
13130
13122
13121
13123
13116
13117
13117
13112
13115
13128
13131
13135
13139
13136
13125
13134
13133
13130
13130
13123
13123
13120
13122
13126
13127
13126
13130
13128
13136
13134
13135
13131
13141
13138
13140
13140
13138
13141
13144
13147
13143
13138
13135
13140
13137
13134
13140
13134
13131
13136
13134
13138
13141
13140
13140
13141
13132
13132
13135
13132
13133
13134
13131
13131
13132
13137
13130
13130
13125
13123
13122
13120
13125
13123
13121
13121
13116
13115
13114
13112
13118
13120
13116
13123
13112
13111
13119
13126
13121
13125
13122
13125
13125
13125
13121
13126
13132
13132
13136
13136
13137
13139
13133
13129
13130
13134
13134
13139
13137
13145
13140
13139
13139
13131
13138
13140
13139
13139
13139
13137
13142
13137
13134
13142
13138
13137
13142
13130
13129
13127
13123
13126
13127
13132
13128
13134
13139
13137
13137
13139
13138
13139
13137
13142
13141
13133
13135
13132
13130
13123
13118
13116
13121
13115
13119
13116
13113
13122
13128
13129
13128
13123
13122
13135
13124
13121
13125
13122
13121
13124
13128
13128
13131
13134
13134
13131
13142
13141
13145
13146
13139
13147
13142
13135
13134
13124
13123
13126
13136
13131
13137
13138
13141
13137
13142
13137
13136
13127
13131
13128
13133
13134
13129
13135
13132
13130
13132
13130
12959
12218
11212
10210
9556
9160
8880
8816
8820
8941
9066
9261
9437
9657
9842
10050
10221
10414
10571
10739
10876
11024
11152
11285
11399
11509
11608
11713
11798
11893
11969
12046
12113
12175
12231
12296
12330
12391
12436
12477
12516
12552
12588
12623
12665
12694
12716
12744
12774
12795
12812
12825
12842
12866
12879
12897
12915
12933
12947
12957
12957
12958
12973
12982
12996
12998
12998
13016
13020
13040
13050
13054
13058
13060
13063
13070
13070
13077
13078
13076
13073
13085
13082
13091
13095
13093
13090
13093
13088
13092
13095
13101
13098
13105
13105
13119
13120
13126
13131
13127
13127
13121
13117
13116
13117
13111
13119
13124
13119
13121
13115
13111
13117
13119
13118
13129
13122
13121
13126
13124
13130
13121
13125
13128
13132
13127
13123
13136
13145
13143
13140
13142
13134
13130
13123
13135
13135
13138
13139
13134
13139
13142
13138
13129
13137
13133
13134
13139
13137
13140
13138
13135
13140
13139
13131
13126
13127
13124
13130
13126
13122
13128
13129
13129
13136
13141
13139
13142
13145
13145
13141
13138
13138
13139
13135
13139
13145
13143
13146
13146
13147
13142
13139
13138
13146
13135
13136
13134
13126
13121
13132
13124
13129
13126
13125
13133
13134
13140
13150
13142
13144
13146
13146
13143
13144
13144
13147
13150
13148
13144
13145
13140
13138
13142
13131
13126
13120
13125
13120
13124
13132
13131
13135
13132
13134
13133
13139
13137
13134
13134
13130
13127
13130
13132
13134
13139
13130
13122
13133
13123
13125
13122
13116
13124
13124
13129
13133
13138
13136
13137
13139
13141
13140
13143
13133
13129
13131
13121
13122
13118
13122
13126
13127
13124
13126
13118
13124
13131
13130
13137
13137
13138
13146
13136
13130
13143
13133
13132
13134
13140
13140
13137
13133
13132
13132
13136
13124
13132
13132
13134
13142
13139
13131
13138
13122
13124
13121
13122
13123
13126
13133
13137
13143
13139
13138
13129
13135
13137
13133
13137
13131
13128
13130
13124
13126
13127
13127
13126
13127
13125
13130
13126
13118
13113
13110
13107
13114
13120
13125
13131
13133
13136
13134
13140
13134
13135
13143
13145
13138
13131
13135
13142
13134
13129
13131
13128
13132
13131
13134
13132
13126
13124
13129
13120
13116
13118
13115
13120
13124
13116
13122
13120
13119
13117
13124
13121
13120
13122
13122
13124
13122
13122
13127
13130
13130
13134
13140
13141
13142
13144
13144
13146
13146
13138
13135
13128
13135
13137
13136
13133
13138
13136
13139
13141
13135
13139
13135
13136
13143
13140
13133
13128
13131
13133
13136
13134
13130
13129
13139
13137
13139
13137
13129
13135
13132
13133
13131
13127
13132
13133
13144
13139
13137
13129
13126
13120
13128
13132
13129
13132
13133
13132
13135
13129
13121
13130
13130
13131
13127
13122
13129
13133
13131
13125
13127
13131
13127
13132
13138
13137
13135
13140
13136
13139
13130
13135
13131
13133
13132
13136
13136
13132
13141
13141
13143
13138
13140
13144
13143
13143
13143
13146
13143
13142
13139
13145
13130
13133
13138
13134
13140
13148
13149
13144
13135
13129
13123
13131
13133
13137
13134
13134
13132
13137
13129
13119
13133
13128
13135
13131
13125
13125
13124
13123
13132
13125
13132
13130
13127
13137
13139
13136
13139
13133
13131
13137
13128
13131
13132
13134
13133
13133
13133
13130
13130
13136
13131
