13145
13134
13130
13130
13130
13139
13139
13136
13139
13135
13131
13131
13132
13130
13142
13140
13146
13143
13139
13132
13142
13140
13138
13135
13134
13138
13141
13138
13132
13129
13125
13125
13121
13128
13133
13135
13139
13139
13133
13138
13133
13128
13127
13129
13128
13134
13133
13137
13137
13136
13140
13141
13136
13125
13126
13132
13127
13125
13128
13129
13141
13135
13129
13139
13142
13144
13148
13141
13142
13138
13137
13138
13124
13130
13129
13132
13138
13138
13135
13140
13136
13136
13138
13138
13126
13129
13128
13125
13132
13134
13131
13138
13134
13135
13133
13138
13136
13136
13137
13134
13133
13130
13136
13138
13135
13136
13130
13135
13131
13136
13128
13131
13128
13129
13128
13129
13127
13130
13138
13136
13140
13130
13129
13132
13134
13139
13129
13135
13141
13141
13140
13135
13141
13135
13133
13131
13125
13126
13131
13130
13139
13133
13136
13138
13137
13134
13131
13130
13130
13132
13138
13143
13150
13143
13145
13133
13140
13139
13139
13142
13139
13136
13146
13144
13144
13148
13144
13144
13148
13143
13147
13146
13141
13137
13133
13134
13135
13129
13133
13131
13137
13131
13140
13141
13140
13136
13136
13133
13134
13125
13126
13123
13113
13121
13116
13116
13114
13123
13125
13127
13130
13126
13133
13128
13122
13129
13126
13120
13122
13123
13121
13121
13122
13130
13128
13136
13133
13132
13134
13126
13136
13133
13137
13136
13135
13138
13140
13137
13145
13144
13138
13146
13142
13147
13142
13137
13142
13145
13141
13144
13138
13137
13141
13133
13127
13127
13127
13129
13125
13125
13123
13121
13125
13123
13126
13132
13131
13134
13137
13130
13134
13129
13126
13135
13137
13137
13138
13142
13139
13138
13135
13142
13145
13145
13144
13138
13143
13144
13139
13146
13139
13132
13140
13123
13125
13125
13128
13125
13128
13138
13137
13138
13138
13137
13131
13135
13123
13128
13124
13124
13129
13125
13124
13131
13125
13122
13119
13119
13128
13127
13128
13133
13128
13137
13134
13133
13133
13134
13141
13144
13140
13135
13133
13127
13126
13135
13127
13129
13134
13131
13131
13130
13136
13127
13125
13133
13129
13134
13135
13142
13144
13133
13133
13140
13134
13135
13134
13132
13134
13128
13128
13128
13122
13122
13122
13115
13117
13121
13123
13125
13127
13127
13135
13132
13131
13135
13125
13124
13130
13128
13119
13125
13130
13140
13141
13137
13131
13131
13129
13122
13126
13119
13118
13129
13122
13128
13126
13130
13133
13139
13137
13134
13129
13135
13132
13130
13130
13136
13133
13137
13128
13126
13139
13131
13131
13138
13139
13143
13147
13143
13143
13141
13142
13142
13136
13137
13138
13132
13133
13127
13129
13122
13127
13134
13133
13138
13135
13137
13140
13134
13130
13128
13126
13129
13126
13130
13128
13134
13130
13139
13135
13134
13141
13134
13134
13137
13132
13136
13137
13137
13126
13133
13128
13125
13124
13133
13134
13135
13148
13150
13150
13145
13147
13148
13149
13146
13143
13139
13144
13138
13129
13130
13116
13123
13122
13124
13126
13136
13137
13138
13142
13142
13140
13137
13137
13137
13118
13120
13125
13133
13127
13125
13131
13126
13130
13138
13142
13138
13148
13147
13149
13136
13127
13128
13127
13133
13127
13087
12510
11908
11421
11054
10721
10474
10343
10295
10329
10381
10490
10557
10660
10750
10878
10987
11118
11224
11345
11446
11562
11650
11755
11838
11928
11996
12073
12132
12197
12255
12321
12369
12431
12456
12500
12538
12584
12626
12657
12680
12710
12733
12764
12780
12799
12817
12835
12852
12874
12891
12907
12927
12941
12956
12977
12978
12993
13005
13013
13023
13028
13029
13034
13048
13051
13058
13055
13060
13060
13066
13066
13072
13086
13087
13088
13093
13092
13094
13087
13088
13085
13090
13086
13093
13086
13098
13100
13104
13105
13106
13115
13131
13129
13125
13129
13126
13123
13134
13125
13125
13124
13122
13118
13122
13113
13109
13114
13123
13118
13124
13115
13118
13126
13115
13118
13126
13125
13128
13129
13130
13136
13134
13136
13138
13128
13128
13130
13129
13129
13134
13137
13147
13146
13145
13144
13137
13138
13146
13130
13134
13137
13133
13134
13143
13150
13142
13150
13147
13138
13140
13136
13135
13137
13136
13132
13135
13136
13143
13136
13133
13134
13136
13127
13130
13120
13127
13125
13128
13138
13135
13144
13151
13147
13144
13141
13131
13133
13136
13131
13132
13137
13135
13134
13134
13133
13129
13141
13153
13156
13152
13155
13150
13155
13151
13150
13145
13148
13142
13132
13134
13133
13132
13129
13135
13138
13147
13154
13146
13147
13138
13141
13143
13140
13138
13149
13145
13138
13142
13134
13134
13126
13128
13126
13131
13130
13127
13126
13132
13132
13124
13127
13136
13140
13133
13129
13134
13133
13134
13130
13132
13130
13132
13131
13140
13137
13136
13142
13143
13151
13143
13142
13154
13155
13150
13155
13141
13138
13138
13138
13138
13141
13146
13144
13141
13146
13140
13143
13143
13137
13138
13142
13132
13127
13123
13113
13118
13124
13134
13137
13136
13139
13141
13134
13135
13126
13134
13129
13129
13131
13132
13128
13136
13131
13131
13142
13140
13134
13138
13140
13145
13147
13139
13136
13138
13133
13138
13134
13132
13126
13135
13130
13133
13137
13128
13129
13135
13136
13134
13134
13140
13141
13142
13138
13140
13131
13137
13143
13135
13138
13138
13138
13146
13139
13141
13146
13140
13138
13147
13142
13138
13138
13139
13137
13137
13136
13134
13137
13139
13136
13132
13129
13124
13128
13120
13128
13132
13138
13136
13132
13134
13137
13140
13142
13143
13140
13140
13135
13134
13145
13141
13141
13142
13138
13132
13132
13135
13127
13131
13138
13138
13139
13140
13139
13138
13136
13137
13140
13141
13138
13143
13138
13136
13146
13138
13138
13139
13142
13142
13145
13139
13139
13135
13134
13136
13132
13139
13133
13133
13137
13139
13144
13145
13149
13144
13142
13137
13136
13139
13136
13133
13133
13139
13134
13130
13131
13130
13131
13145
13141
13143
13134
13135
13137
13138
13141
13149
13142
13140
13142
13140
13142
13132
13132
13131
13129
13134
13140
13134
13137
13133
13134
13139
13136
13133
13135
13132
13129
13132
13127
13129
13131
13135
13133
13130
13131
13136
13137
13141
13140
13142
13135
13133
13139
13134
13127
13124
13126
13126
13126
13129
13119
13125
13130
13134
13130
13142
13134
13131
13121
13123
13122
13127
13121
13118
13131
13119
13123
13130
13121
13123
13129
13138
13139
13146
13148
13139
13140
13141
13144
13139
13141
13149
13153
13149
13153
13150
13145
13154
13150
13155
13153
13147
