13128
13127
13132
13131
13131
13135
13134
13132
13138
13135
13132
13135
13142
13140
13140
13141
13136
13134
13139
13138
13140
13133
13129
13133
13132
13137
13136
13130
13131
13135
13137
13148
13142
13138
13142
13135
13138
13141
13139
13144
13133
13130
13136
13132
13132
13130
13129
13126
13129
13132
13137
13131
13131
13128
13136
13129
13127
13134
13132
13131
13131
13132
13131
13133
13126
13138
13140
13139
13151
13150
13149
13154
13147
13147
13139
13133
13136
13139
13142
13143
13140
13141
13149
13143
13145
13140
13142
13144
13144
13139
13137
13132
13134
13134
13138
13149
13147
13142
13137
13133
13138
13127
13124
13126
13132
13132
13129
13124
13120
13120
13121
13126
13123
13129
13139
13133
13131
13132
13130
13134
13131
13127
13138
13122
13127
13125
13131
13132
13142
13136
13140
13135
13135
13137
13132
13132
13127
13133
13134
13139
13145
13137
13138
13134
13136
13141
13139
13134
13142
13140
13141
13142
13134
13135
13142
13137
13135
13130
13133
13133
13131
13132
13136
13134
13135
13135
13135
13133
13135
13135
13137
13140
13147
13139
13140
13141
13150
13143
13149
13142
13143
13143
13142
13144
13142
13131
13132
13131
13135
13133
13130
13135
13126
13132
13135
13137
13141
13136
13133
13129
13129
13124
13136
13129
13129
13132
13128
13132
13134
13130
13134
13130
13137
13140
13133
13137
13135
13137
13131
13132
13139
13137
13139
13142
13138
13136
13134
13134
13133
13134
13130
13136
13133
13137
13137
13129
13133
13138
13141
13148
13151
13140
13147
13138
13134
13133
13134
13134
13142
13133
13138
13137
13139
13137
13132
13135
13135
13135
13135
13091
12982
12906
12859
12835
12823
12817
12835
12842
12853
12862
12876
12886
12893
12906
12929
12944
12959
12970
12986
12995
12994
12997
13001
13004
13017
13033
13036
13037
13043
13049
13051
13064
13067
13069
13079
13093
13093
13100
13101
13099
13102
13100
13097
13100
13102
13105
13102
13105
13116
13118
13115
13119
13114
13116
13117
13119
13125
13129
13128
13121
13126
13116
13126
13123
13128
13129
13125
13123
13126
13129
13135
13138
13145
13145
13149
13143
13141
13144
13146
13145
13149
13143
13136
13130
13130
13137
13131
13124
13128
13124
13123
13126
13120
13129
13126
13123
13133
13135
13132
13139
13141
13143
13147
13147
13137
13134
13131
13125
13130
13138
13141
13134
13135
13135
13132
13131
13133
13139
13144
13138
13141
13135
13130
13135
13135
13141
13141
13134
13132
13132
13130
13126
13128
13138
13139
13138
13136
13134
13129
13132
13131
13126
13133
13131
13130
13133
13127
13133
13128
13135
13133
13140
13142
13136
13127
13129
13123
13121
13123
13125
13118
13118
13122
13128
13134
13138
13136
13141
13142
13137
13131
13133
13129
13131
13131
13129
13133
13134
13142
13142
13140
13139
13139
13132
13132
13132
13129
13130
13126
13128
13125
13122
13127
13129
13127
13126
13133
13131
13136
13136
13143
13137
13133
13143
13141
13142
13145
13150
13144
13141
13147
13148
13141
13144
13137
13129
13131
13137
13136
13137
13126
13128
13131
13119
13117
13122
13121
13123
13126
13126
13125
13123
13130
13125
13130
13130
13134
13132
13130
13121
13130
13124
13119
13123
13107
12837
12059
11157
10561
10206
10046
9971
9984
10034
10150
10256
10411
10542
10700
10836
10975
11097
11217
11240
11300
11369
11456
11532
11627
11703
11799
11876
11960
12027
12093
12151
12219
12271
12329
12375
12425
12462
12445
12370
12346
12342
12360
12379
12412
12435
12466
12504
12541
12573
12610
12632
12671
12698
12728
12761
12783
12804
12837
12844
12856
12866
12873
12890
12905
12917
12938
12945
12954
12974
12992
13000
13013
13017
13029
13027
13033
13032
13037
13046
13049
13052
13056
13061
13060
13064
13070
13075
13078
13083
13086
13089
13094
13098
13102
13105
13102
13103
13109
13106
13108
13115
13112
13119
13121
13124
13126
13130
13132
13126
13119
13122
13119
13116
13115
13115
13125
13113
13120
13126
13126
13122
13119
13123
13136
13133
13127
13132
13133
13138
13154
13143
13148
13145
13139
13138
13137
13128
13135
13131
13138
13145
13139
13138
13140
13138
13140
13138
13144
13138
13138
13138
13141
13138
13140
13132
13140
13132
13134
13137
13137
13137
13132
13135
13134
13135
13133
13138
13131
13135
13134
13132
13138
13136
13131
13135
13134
13133
13138
13136
13142
13141
13133
13134
13135
13137
13142
13140
13145
13137
13141
13137
13137
13138
13134
13129
13133
13122
13122
13123
13114
13115
13125
13125
13127
13129
13131
13134
13133
13138
13140
13136
13125
13129
13127
13130
13124
13114
13120
13125
13133
13137
13126
13131
13131
13132
13137
13138
13143
13140
13148
13149
13152
13145
13152
13147
13148
13135
13126
13126
13133
13134
13131
13126
13132
13134
13135
13135
13128
13124
13127
13125
13135
13138
13134
13134
13140
13135
13137
13128
13124
13128
13122
13124
13126
13128
13125
13124
13133
13130
13128
13135
13139
13145
13143
13139
13139
13138
13136
13141
13141
13140
13135
13138
13137
13138
13136
13139
13133
13139
13139
13134
13137
13135
13135
13131
13125
13124
13130
13131
13131
13136
13136
13134
13129
13133
13129
13131
13129
13128
13131
13132
13144
13143
13142
13138
13136
13122
13119
13121
13120
13128
13122
13127
13134
13135
13138
13142
13140
13138
13144
13141
13139
13135
13144
13147
13149
13137
13137
13137
13133
13134
13133
13133
13134
13132
13126
13129
13137
13138
13140
13143
13143
13142
13146
13138
13141
13137
13136
13133
13136
13130
13130
13126
13130
13136
13145
13144
13139
13136
13131
13123
13121
13130
13131
13131
13133
13122
13134
13121
13126
13131
13128
13135
13139
13135
13133
13136
13136
13127
13125
13127
13125
13122
13120
13119
13125
13131
13131
13133
13128
13129
13125
13122
13127
13130
13126
13132
13131
13139
13142
13139
13149
13145
13141
13134
13130
13126
13135
13129
13125
13129
13130
13134
13144
13137
13134
13131
13132
13136
13145
13143
13139
13140
13145
13146
13151
13145
13142
13133
13135
13133
13133
13134
13128
13126
13122
13130
13118
13131
13128
13132
13133
13134
13129
13137
13132
13130
13137
13137
13140
13142
13141
13141
13148
13141
13143
13141
13139
13137
13137
13136
13141
13142
13144
13148
13147
13131
13130
13126
13125
13122
13118
13120
13117
13123
13123
13133
13126
13129
13126
13126
13135
13131
13123
13124
13128
13131
13139
13130
13128
13132
13132
13132
13140
13134
13136
13132
13126
13123
13126
13133
13137
13137
13146
13145
13151
13147
13146
13145
13142
13142
13140
13143
13151
13155
