13146
13142
13138
13138
13135
13132
13128
13132
13130
13136
13134
13134
13137
13141
13140
13142
13132
13131
13128
13125
13131
13135
13127
13137
13131
13121
13128
13132
13129
13136
13122
13127
13126
13133
13131
13131
13133
13130
13126
13127
13119
13117
13118
13120
13128
13119
13123
13130
13132
13131
13129
13133
13134
13138
13148
13145
13131
13138
13144
13138
13138
13139
13136
13138
13146
13150
13155
13148
13151
13141
13136
13138
13138
13132
13127
13131
13135
13134
13132
13125
13129
13127
13132
13129
13140
13130
13129
13135
13139
13138
13138
13134
13134
13135
13132
13127
13122
13124
13130
13134
13134
13130
13126
13136
13137
13132
13141
13142
13139
13147
13134
13130
13129
13135
13130
13137
13132
13136
13133
13133
13127
13125
13118
13122
13125
13120
13119
13122
13117
13117
13120
13128
13127
13128
13120
13131
13121
13132
13132
13126
13123
13127
13125
13141
13132
13129
13136
13131
13130
13130
13130
13134
13132
13134
13138
13135
13135
13135
13140
13138
13142
13146
13141
13152
13151
13144
13144
13143
13132
13132
13135
13127
13127
13125
13126
13127
13121
13122
13123
13127
13131
13139
13139
13147
13145
13146
13149
13139
13135
13138
13132
13133
13132
13137
13135
13142
13144
13144
13139
13136
13129
13134
13125
13124
13132
13130
13131
13134
13134
13136
13142
13143
13140
13150
13143
13146
13131
13135
13134
13134
13135
13137
13125
13135
13126
13129
13133
13124
13127
13135
13133
13129
13132
13134
13131
13134
13133
13131
13133
13137
13135
13141
13145
13134
13137
13138
13136
13136
13135
13138
13135
13135
13133
13128
13129
13129
13122
13127
13127
13123
13130
13127
13125
13134
13132
13124
13132
13135
13136
13138
13140
13144
13143
13140
13140
13152
13149
13146
13149
13145
13147
13141
13139
13137
13145
13135
13136
13140
13144
13142
13141
13141
13134
13129
13135
13135
13126
13132
13131
13132
13127
13127
13131
13139
13142
13139
13153
13148
13137
13142
13139
13133
13137
13143
13141
13140
13143
13138
13135
13134
13132
13129
13124
13123
13127
13121
13130
13128
13130
13133
13131
13132
13134
13132
13140
13139
13129
13129
13129
13129
13129
13128
13134
13145
13137
13138
13143
13139
13134
13138
13140
13140
13139
13133
13137
13133
13130
13126
13129
13133
13133
13131
13131
13126
13135
13133
13132
13138
13138
13139
13134
13129
13130
13128
13127
13127
13122
13131
13132
13137
13137
13140
13142
13140
13143
13139
13138
13138
13139
13135
13131
13132
13132
13136
13135
13138
13141
13137
13138
13141
13138
13127
13133
13139
13146
13138
13131
13130
13137
13137
13139
13139
13143
13144
13141
13138
13130
13138
13137
13138
13132
13129
13125
13140
13141
13140
13143
13147
13147
13151
13145
13145
13142
13140
13138
13138
13136
13132
13134
13141
13138
13139
13133
13132
13141
13126
13126
13126
13120
13120
13118
13123
13126
13127
13131
13135
13125
13129
13130
13129
13128
13129
13129
13129
13127
13131
13131
13134
13133
13135
13129
13129
13131
13130
13131
13129
13128
13126
13125
13125
13122
13126
13126
13129
13139
13125
13126
13126
13131
13136
13139
13132
13123
13124
13123
13129
13129
13132
13139
13132
13127
13135
13137
13131
13133
13131
13107
12518
11342
10418
9802
9331
9113
9022
9066
9142
9303
9460
9660
9831
10029
10194
10382
10540
10713
10850
11004
11128
11263
11283
11308
11354
11427
11499
11579
11655
11741
11817
11898
11961
12036
12091
12156
12220
12281
12335
12394
12430
12484
12524
12566
12600
12641
12668
12696
12716
12751
12777
12797
12811
12830
12837
12854
12871
12889
12901
12918
12925
12938
12956
12966
12978
12984
12989
13003
13020
13030
13047
13053
13057
13063
13065
13066
13069
13075
13084
13087
13081
13083
13085
13079
13086
13092
13096
13095
13099
13100
13095
13093
13105
13110
13109
13122
13115
13116
13116
13119
13122
13126
13122
13120
13125
13122
13123
13124
13126
13122
13125
13129
13125
13128
13127
13126
13129
13119
13111
13128
13123
13125
13134
13127
13127
13130
13134
13133
13133
13126
13122
13130
13137
13139
13145
13146
13144
13148
13142
13130
13135
13131
13134
13139
13129
13121
13116
13116
13117
13112
13119
13123
13127
13132
13135
13135
13140
13132
13132
13135
13130
13126
13136
13131
13131
13137
13135
13132
13132
13140
13140
13133
13134
13130
13129
13133
13127
13139
13133
13130
13138
13136
13137
13135
13136
13136
13140
13134
13134
13119
13125
13133
13137
13133
13142
13134
13139
13142
13138
13139
13129
13130
13137
13131
13132
13134
13130
13141
13147
13144
13145
13153
13151
13151
13143
13139
13135
13147
13133
13136
13132
13128
13132
13133
13135
13132
13132
13131
13133
13136
13144
13148
13137
13141
13138
13139
13143
13138
13128
13132
13122
13122
13129
13124
13132
13128
13136
13138
13138
13142
13134
13132
13135
13134
13128
13127
13126
13134
13133
13126
13134
13129
13133
13133
13127
13135
13135
13134
13143
13133
13131
13131
13128
13130
13130
13128
13135
13126
13129
13141
13141
13145
13147
13142
13136
13134
13141
13144
13142
13144
13141
13137
13137
13144
13139
13136
13135
13137
13132
13136
13135
13130
13137
13131
13134
13135
13128
13132
13138
13134
13138
13137
13132
13136
13137
13137
13140
13138
13134
13142
13135
13126
13130
13124
13122
13122
13121
13122
13119
13124
13125
13120
13130
13128
13122
13124
13122
13128
13127
13135
13135
13132
13125
13122
13115
13121
13114
13118
13132
13138
13137
13140
13139
13148
13150
13153
13151
13140
13134
13144
13138
13138
13134
13134
13135
13133
13128
13131
13132
13133
13132
13133
13139
13136
13138
13137
13137
13133
13119
13123
13129
13142
13145
13148
13149
13144
13144
13143
13142
13141
13138
13135
13132
13141
13146
13138
13149
13145
13147
13154
13141
13134
13135
13132
13128
13126
13123
13129
13136
13141
13136
13136
13134
13130
13136
13132
13135
13138
13134
13138
13142
13137
13134
13133
13134
13130
13125
13124
13129
13135
13135
13142
13137
13139
13139
13139
13144
13135
13132
13135
13136
13124
13138
13131
13134
13130
13129
13133
13133
13140
13143
13150
13150
13146
13148
13144
13139
13141
13135
13132
13135
13136
13140
13141
13147
13152
13147
13146
13150
13145
13147
13138
13133
13142
13148
13143
13151
13141
13133
13144
13144
13151
13147
13142
13141
13146
13142
13136
13132
13133
13130
13134
13138
13137
13136
13130
13133
13139
13137
13125
13128
13124
13125
13126
13120
13118
13122
13125
13128
13121
13129
13136
13134
13136
13136
13128
13138
13137
13137
13148
13132
13136
13144
