13131
13133
13138
13136
13142
13139
13138
13142
13134
13134
13131
13137
13133
13132
13131
13135
13131
13135
13132
13135
13138
13132
13126
13133
13129
13139
13138
13139
13144
13143
13141
13142
13134
13133
13136
13133
13127
13138
13136
13139
13136
13140
13133
13134
13132
13132
13136
13145
13145
13143
13145
13143
13145
13141
13140
13143
13141
13146
13149
13144
13142
13146
13145
13151
13142
13141
13143
13139
13136
13134
13131
13134
13124
13121
13127
13127
13123
13132
13138
13139
13143
13142
13140
13144
13142
13137
13137
13139
13133
13138
13134
13131
13134
13131
13123
13122
13118
13126
13130
13136
13131
13134
13132
13131
13129
13129
13129
13125
13126
13132
13129
13138
13134
13128
13136
13123
13118
13122
13116
13125
13131
13124
13123
13135
13129
13119
13121
13117
13119
13120
13123
13131
13130
13128
13137
13136
13134
13136
13129
13134
13133
13138
13131
13134
13127
13141
13139
13137
13137
13137
13136
13136
13133
13137
13142
13130
13126
13132
13128
13127
13130
13128
13128
13128
13125
13131
13132
13130
13127
13129
13129
13123
13123
13116
13119
13126
13133
13129
13125
13122
13111
13117
13114
13119
13117
13128
13124
13115
13113
13121
13117
13124
13120
13116
13125
13122
13130
13138
13130
13136
13133
13134
13131
13134
13127
13128
13130
13133
13133
13138
13140
13146
13143
13140
13142
13148
13139
13143
13135
13135
13133
13133
13134
13139
13128
13132
13131
13131
13133
13135
13134
13139
13133
13133
13141
13139
13139
13142
13136
13139
13137
13133
13133
13138
13141
13142
13142
13142
13139
13138
13140
13139
13140
13127
13124
13125
13119
13121
13120
13123
13129
13123
13126
13122
13116
13114
13111
13115
13112
13118
13115
13128
13126
13120
13129
13128
13136
13139
13137
13138
13145
13133
13134
13125
13131
13135
13128
13126
13128
13132
13134
13125
13131
13134
13138
13140
13134
13135
13134
13141
13144
13141
13141
13141
13136
13139
13138
13140
13140
13143
13148
13153
13153
13148
13148
13147
13148
13140
13137
13137
13134
13133
13134
13142
13140
13141
13138
13136
13135
13132
13131
13131
13139
13136
13136
13135
13128
13131
13135
13127
13135
13133
13135
13135
13124
13129
13134
13132
13134
13136
13129
13138
13133
13135
13142
13134
13126
13123
13120
13127
13123
13124
13125
13132
13127
13122
13120
13130
13126
13124
13120
13121
13129
13123
13125
13124
13131
13135
13131
13132
13126
13125
13122
13123
13116
13128
13126
13132
13132
13135
13139
13138
13144
13133
13131
13132
13133
13137
13132
13139
13146
13154
13155
13155
13154
13139
13136
13137
13136
13135
13126
13124
13129
13126
13122
13118
13127
13134
13144
13140
13138
13135
13133
13134
13130
13136
13136
13133
13137
13133
13130
13127
13122
13121
13124
13120
13120
13115
13116
13119
13122
13127
13133
13132
13133
13136
13132
13140
13135
13131
13124
13124
13133
13126
13129
13123
13124
13128
13121
13116
13112
13113
13115
13122
13123
13133
13130
13123
13129
13137
13139
13136
13132
13133
13142
13134
13131
13143
13134
13130
13127
13125
13126
13133
13124
13125
13125
13133
13126
13130
13128
13127
13137
13132
13134
13138
13139
13142
13140
13140
13140
13140
13074
12687
12165
11710
11445
11292
11240
11227
11266
11325
11402
11471
11564
11643
11741
11826
11909
11983
12056
12126
12191
12252
12313
12364
12433
12475
12528
12556
12589
12613
12652
12669
12701
12722
12745
12770
12797
12817
12852
12874
12885
12902
12916
12934
12950
12967
12977
12987
12993
13008
13012
13020
13032
13033
13035
13043
13038
13052
13062
13065
13066
13067
13063
13068
13080
13093
13094
13092
13097
13104
13104
13103
13101
13106
13106
13108
13109
13111
13112
13115
13117
13123
13124
13021
12916
12856
12820
12805
12799
12803
12804
12811
12836
12849
12874
12899
12905
12921
12934
12944
12948
12955
12969
12977
12993
13008
13012
13017
13024
13026
13035
13037
13039
13049
13052
13061
13065
13067
13073
13077
13077
13081
13076
13080
13084
13089
13088
13094
13100
13103
13102
13104
13114
13110
13114
13122
13123
13121
13120
13066
12955
12889
12849
12827
12824
12830
12830
12843
12846
12866
12884
12886
12894
12920
12932
12945
12957
12974
12977
12991
13004
13014
13011
13022
13032
13035
13043
13046
13054
13068
13069
13068
13078
13085
13089
13090
13089
13094
13092
13107
13109
13112
13113
13108
13114
13111
13105
13111
13115
13113
13124
13118
13112
13121
13116
13113
13113
13113
13113
13115
13122
13130
13124
13123
13120
13130
13128
13126
13126
13133
13126
13124
13131
13119
13121
13126
13124
13122
13130
13126
13124
13130
13132
13134
13137
13138
13136
13141
13136
13126
13137
13130
13134
13138
13142
13141
13131
13133
13135
13131
13131
13132
13123
13131
13127
13120
13118
13121
13119
13133
13131
13127
13134
13123
13121
13129
13126
13134
13137
13134
13131
13133
13138
13137
13141
13146
13143
13147
13156
13159
13157
13144
13145
13150
13144
13138
13132
13133
13134
13135
13136
13132
13124
13131
13132
13128
13125
13120
13125
13128
13123
13122
13131
13123
13121
13129
13124
13127
13129
13139
13146
13141
13142
13135
13141
13137
13133
13131
13133
13131
13136
13131
13137
13136
13130
13136
13137
13139
13149
13147
13141
13145
13138
13136
13135
13130
13126
13133
13129
13130
13127
13123
13133
13135
13135
13139
13138
13137
13141
13138
13138
13131
13126
13124
13122
13129
13120
13124
13128
13133
13139
13139
13133
13137
13131
13133
13137
13133
13136
13135
13143
13147
13136
13140
13143
13146
13142
13140
13140
13142
13133
13133
13141
13135
13145
13151
13146
13143
13141
13140
13137
13129
13131
13130
13136
13138
13144
13146
13145
13147
13149
13141
13135
13136
13139
13137
13137
13139
13142
13138
13139
13135
13128
13134
13127
13129
13126
13132
13124
13135
13124
13123
13133
13124
13127
13135
13134
13142
13148
13155
13157
13155
13145
13140
13137
13140
13130
13137
13129
13133
13141
13134
13139
13139
13140
13152
13151
13145
13149
13148
13148
13152
13142
13146
13144
13143
13141
13137
13128
13133
13128
13128
13140
13135
13133
13135
13137
13137
13129
13126
13127
13130
13135
13120
13113
13117
13117
13116
13113
13110
13110
13114
13121
13128
13129
13132
13140
13139
13137
13136
13130
13130
13127
13132
13139
13137
13144
13135
13139
13142
13138
13128
13134
13129
13124
13134
13136
13133
13130
13128
13137
13132
13131
13121
13120
13134
13129
13135
13137
13137
13143
13136
13132
13132
13132
13132
13124
13134
13127
13123
13122
13131
13124
13127
13133
13127
13127
13130
