13136
13144
13147
13146
13147
13148
13149
13157
13143
13137
13139
13139
13140
13139
13137
13136
13135
13139
13135
13130
13130
13127
13132
13132
13127
13122
13131
13124
13129
13122
13118
13125
13129
13130
13129
13133
13143
13142
13144
13144
13137
13145
13146
13135
13137
13138
13134
13147
13134
13136
13145
13140
13141
13138
13137
13140
13140
13137
13131
13128
13134
13131
13132
13124
13125
13128
13129
13121
13133
13129
13124
13124
13127
13122
13117
13120
13116
13119
13130
13133
13134
13137
13136
13132
13133
13132
13132
13138
13141
13142
13147
13141
13143
13140
13140
13136
13134
13136
13135
13137
13136
13122
13124
13122
13118
13120
13129
13132
13135
13138
13135
13141
13134
13135
13132
13138
13139
13145
13145
13146
13134
13143
13137
13134
13136
13135
13128
13134
13142
13140
13138
13135
13135
13137
13138
13143
13143
13143
13151
13141
13142
13141
13145
13144
13140
13147
13141
13141
13142
13137
13138
13146
13147
13148
13148
13140
13142
13136
13126
13134
13124
13126
13131
13126
13124
13125
13124
13129
13124
13122
13135
13126
13119
13131
13126
13128
13130
13133
13132
13133
13133
13130
13130
13130
13128
13123
13126
13117
13134
13130
13135
13134
13131
13122
13118
13110
13112
13114
13111
13119
13117
13113
13123
13126
13137
13149
13152
13150
13152
13142
13146
13141
13137
13138
13143
13139
13145
13139
13136
13133
13132
13128
13131
13137
13131
13127
13130
13131
13140
13130
13129
13133
13138
13133
13137
13138
13140
13134
13136
13134
13129
13129
13130
13125
13126
13128
13123
13128
13127
13122
13131
13125
13130
13131
13133
13130
13134
13129
13127
13121
13125
13122
13126
13132
13133
13134
13134
13133
13137
13132
13132
13137
13137
13132
13124
13131
13136
13133
13127
13129
13120
13131
13135
13131
13127
13129
13126
13129
13129
13126
13133
13127
13134
13137
13142
13135
13133
13132
13131
13140
13140
13136
13125
13126
13130
13130
13127
13128
13133
13131
13129
13129
13123
13123
13126
13128
13130
13125
13126
13130
13126
13129
13132
13128
13140
13144
13142
13144
13142
13139
13147
13145
13147
13149
13146
13143
13141
13135
13139
13138
13143
13139
13140
13140
13143
13144
13138
13135
13138
13138
13140
13142
13141
13140
13141
13134
13131
13128
13128
13137
13134
13138
13148
13149
13147
13147
13148
13138
13134
13128
13125
13123
13118
13129
13126
13126
13135
13141
13140
13147
13147
13140
13138
13144
13136
13135
13134
13136
13138
13137
13130
13133
13131
13136
13137
13131
13134
13140
13148
13157
13148
13152
13156
13145
13146
13144
13142
13141
13130
13129
13136
13126
13129
13134
13125
13126
13124
13126
13121
13116
13115
13115
13120
13122
13119
13111
13113
13122
13129
13120
13126
13122
13123
13132
13131
13130
13132
13124
13125
13136
13134
13134
13137
13138
13136
13136
13135
13137
13133
13133
13138
13132
13133
13138
13132
13128
13134
13128
13130
13128
13140
13133
13129
13135
13143
13145
13149
13151
13156
13146
13145
13147
13146
13142
13145
13132
13133
13127
13127
13130
13125
13132
13132
13129
13128
13125
13119
13132
13133
13128
13139
13135
13146
13142
13140
13146
13146
13147
13148
13146
13146
13140
13143
13033
12632
12182
11878
11696
11615
11564
11583
11616
11673
11734
11757
11782
11829
11876
11921
11964
12017
12074
12135
12194
12252
12297
12349
12398
12448
12482
12537
12582
12609
12642
12677
12698
12726
12750
12781
12805
12830
12851
12873
12889
12901
12914
12924
12932
12949
12958
12963
12977
12990
13001
13015
13024
13038
13040
13050
13045
13047
13053
13057
13053
13057
13062
13060
13075
13072
13077
13093
13086
13099
13106
13103
13107
13106
13112
13117
13120
13120
13122
13122
13117
13118
13122
13126
13130
13142
13132
13125
13126
13125
13123
13123
13122
13126
13125
13124
13129
13127
13132
13133
13136
13137
13136
13136
13140
13137
13135
13142
13131
13121
13125
13119
13126
13125
13135
13134
13134
13121
13125
13128
13133
13132
13140
13141
13150
13153
13140
13131
13131
13135
13142
13132
13131
13130
13136
13132
13137
13135
13137
13141
13137
13140
13141
13137
13137
13136
13131
13135
13131
13129
13137
13138
13135
13136
13137
13136
13132
13131
13131
13137
13140
13136
13132
13136
13135
13143
13134
13129
13131
13132
13137
13136
13141
13139
13141
13140
13141
13143
13146
13149
13149
13147
13147
13143
13141
13137
13136
13143
13135
13133
13137
13127
13128
13129
13133
13125
13122
13121
13116
13125
13132
13131
13143
13136
13136
13144
13138
13133
13140
13142
13140
13136
13139
13134
13137
13144
13144
13134
13128
13126
13123
13126
13129
13130
13133
13135
13127
13139
13137
13136
13143
13143
13146
13147
13146
13144
13140
13139
13138
13139
13140
13135
13136
13140
13135
13137
13126
13124
13127
13134
13138
13141
13139
13137
13135
13131
13132
13123
13127
13128
13128
13129
13123
13124
13130
13125
13130
13141
13133
13132
13139
13138
13146
13145
13143
13142
13146
13147
13137
13132
13135
13131
13126
13124
13117
13120
13117
13118
13123
13112
13119
13126
13131
13137
13136
13130
13135
13126
13128
13128
13120
13119
13127
13129
13133
13133
13132
13133
13125
13122
13121
13110
13115
13116
13124
13124
13117
13120
13121
13122
13129
13126
13130
13126
13133
13134
13133
13139
13139
13142
13148
13145
13141
13137
13134
13136
13138
13131
13130
13123
13116
13117
13122
13124
13130
13140
13138
13147
13140
13142
13149
13147
13143
13141
13134
13133
13131
13125
13134
13130
13137
13140
13143
13139
13134
13134
13132
13137
13140
13134
13139
13139
13138
13142
13140
13148
13155
13149
13144
13144
13145
13144
13146
13148
13150
13146
13142
13145
13137
13125
13133
13125
13133
13131
13133
13135
13137
13133
13135
13131
13134
13140
13145
13143
13142
13147
13138
13144
13142
13152
13149
13141
13147
13134
13137
13134
13136
13139
13142
13144
13143
13138
13140
13146
13147
13147
13142
13152
13149
13142
13140
13134
13138
13133
13133
13127
13139
13145
13144
13144
13147
13143
13148
13143
13138
13146
13144
13147
13146
13140
13142
13143
13139
13145
13138
13134
13136
13137
13131
13137
13126
13128
13134
13131
13138
13132
13123
13134
13130
13134
13145
13145
13147
13149
13148
13149
13145
13149
13140
13137
13141
13136
13139
13134
13134
13131
13126
13121
13125
13125
13126
13132
13130
13132
13136
13126
13129
13126
13127
13123
13115
13112
13117
13117
13135
13134
13128
13134
13123
13125
13137
13140
13139
13142
13139
13143
13140
13145
13134
13129
13128
13128
13132
13125
13128
13129
13124
