13149
13139
13142
13138
13137
13128
13126
13123
13115
13117
13114
13119
13122
13122
13123
13127
13125
13134
13137
13136
13137
13131
13135
13143
13138
13132
13142
13140
13140
13143
13142
13140
13141
13131
13126
13129
13123
13124
13127
13129
13130
13132
13135
13137
13144
13141
13141
13149
13151
13146
13140
13137
13135
13137
13142
13138
13135
13142
13142
13137
13139
13138
13136
13133
13131
13131
13130
13121
13124
13136
13129
13129
13133
13136
13141
13143
13143
13138
13135
13129
13128
13126
13117
13120
13119
13120
13118
13123
13121
13128
13129
13138
13141
13137
13137
13140
13133
13141
13144
13131
13129
13130
13139
13141
13135
13137
13151
13146
13149
13146
13138
13138
13138
13134
13137
13132
13133
13140
13147
13147
13141
13134
13123
13125
13125
13123
13114
13127
13132
13133
13140
13134
13148
13152
13157
13154
13147
13142
13140
13134
13141
13134
13136
13137
13127
13124
13136
13130
13123
13129
13127
13130
13139
13141
13143
13147
13155
13156
13155
13157
13152
13142
13146
13140
13146
13134
13129
13134
13135
13131
13132
13129
13134
13137
13136
13137
13136
13138
13147
13142
13141
13140
13140
13150
13147
13144
13149
13143
13144
13146
13140
13145
13144
13139
13139
13143
13142
13134
13135
13140
13139
13134
13133
13133
13136
13129
13126
13132
13131
13134
13133
13134
13132
13136
13135
13139
13135
13141
13141
13136
13141
13137
13141
13144
13134
13135
13142
13136
13130
13131
13130
13137
13143
13144
13143
13147
13143
13144
13145
13138
13134
13142
13137
13137
13134
13126
13124
13128
13127
13133
13130
13126
13133
13135
13137
13138
13135
13139
13135
13130
13133
13132
13136
13137
13134
13131
13136
13136
13138
13142
13144
13139
13145
13146
13142
13135
13138
13136
13133
13125
13122
13128
13136
13136
13144
13143
13141
13146
13143
13138
13133
13138
13138
13138
13127
13126
13130
13130
13131
13132
13130
13134
13137
13138
13129
13130
13135
13127
13126
13135
13131
13127
13128
13128
13123
13129
13130
13136
13141
13138
13141
13135
13134
13130
13137
13135
13126
13132
13127
13124
13123
13129
13131
13135
13123
13131
13125
13129
13134
13134
13138
13140
13143
13152
13144
13136
13142
13140
13138
13138
13140
13139
13141
13137
13128
13129
13134
13137
13140
13143
13139
13138
13135
13140
13144
13134
13127
13130
13126
13124
13126
13123
13118
13118
13117
13115
13107
13106
13112
13110
13117
13130
13132
13132
13126
13121
13131
13125
13127
13134
13125
13133
13145
13143
13148
13146
13154
13153
13148
13149
13139
13139
13143
13137
13138
13124
13120
13125
13122
13122
13121
13124
13132
13135
13139
13140
13133
13140
13144
13141
13141
13139
13138
13139
13142
13132
13142
13138
13137
13141
13141
13141
13133
13134
13129
13125
13127
13124
13125
13127
13126
13136
13135
13136
13138
13135
13136
13142
13142
13137
13125
13127
13123
13127
13120
13124
13123
13128
13134
13131
13131
13127
13129
13132
13131
13126
13131
13127
13129
13135
13139
13125
13131
13136
13135
13130
13130
13129
13134
13136
13142
13137
13137
13136
13134
13136
13133
13137
13135
13134
13127
13131
13130
13132
13132
13137
13133
13133
13144
13137
13139
13133
13132
13139
13139
13131
13114
12753
12217
11586
11096
10814
10687
10619
10644
10692
10788
10878
11003
11118
11242
11349
11469
11563
11665
11747
11846
11923
12010
12081
12156
12216
12281
12332
12374
12419
12455
12498
12533
12571
12614
12635
12665
12702
12729
12746
12779
12802
12826
12848
12863
12884
12902
12911
12925
12934
12949
12964
12980
12987
12989
12999
13002
13006
13014
13014
13021
13030
13037
13045
13045
13050
13062
13068
13068
13083
13079
13089
13100
13096
13104
13108
13105
13115
13107
13103
13108
13102
13107
13102
13097
13096
13103
13099
13104
13108
13108
13115
13117
13129
13128
13130
13134
13132
13141
13137
13135
13138
13134
13137
13134
13133
13129
13122
13115
13119
13119
13123
13129
13127
13126
13125
13127
13132
13131
13131
13138
13134
13137
13144
13137
13143
13138
13139
13146
13141
13147
13142
13136
13132
13130
13133
13124
13125
13135
13131
13129
13132
13133
13136
13131
13136
13134
13131
13135
13137
13132
13130
13129
13130
13133
13127
13120
13129
13126
13137
13144
13137
13135
13141
13136
13139
13134
13131
13132
13136
13135
13125
13129
13138
13140
13144
13140
13128
13136
13133
13131
13130
13127
13129
13125
13124
13131
13128
13128
13134
13133
13138
13132
13137
13131
13131
13131
13134
13139
13145
13156
13152
13155
13163
13154
13152
13147
13146
13151
13154
13152
13146
13143
13145
13136
13131
13133
13136
13141
13131
13128
13128
13130
13138
13140
13138
13131
13128
13126
13123
13123
13123
13134
13132
13134
13134
13132
13134
13123
13125
13126
13127
13135
13140
13137
13138
13137
13141
13134
13138
13133
13133
13122
13129
13122
13124
13119
13126
13135
13132
13122
13129
13128
13128
13125
13122
13126
13131
13127
13122
13121
13124
13131
13131
13134
13132
13123
13134
13127
13130
13143
13137
13136
13143
13137
13136
13138
13142
13142
13137
13135
13128
13132
13129
13124
13118
13118
13119
13131
13134
13134
13130
13128
13122
13127
13125
13127
13122
13127
13130
13126
13133
13137
13148
13157
13155
13153
13157
13153
13144
13141
13134
13130
13127
13123
13127
13131
13137
13141
13143
13142
13138
13144
13151
13143
13140
13135
13133
13131
13120
13120
13128
13126
13133
13135
13134
13136
13139
13140
13136
13131
13134
13135
13125
13131
13135
13133
13138
13130
13122
13127
13125
13127
13129
13133
13134
13146
13146
13142
13137
13129
13123
13120
13123
13122
13119
13123
13122
13136
13133
13133
13140
13144
13142
13137
13137
13132
13129
13133
13143
13134
13144
13142
13139
13147
13145
13140
13145
13145
13143
13159
13147
13149
13141
13136
13136
13130
13132
13132
13130
13123
13129
13123
13130
13131
13137
13135
13131
13135
13129
13131
13133
13126
13122
13127
13129
13127
13126
13128
13125
13120
13124
13130
13125
13126
13133
13139
13139
13139
13130
13138
13133
13135
13138
13131
13128
13131
13126
13130
13127
13126
13125
13125
13128
13131
13127
13131
13129
13138
13134
13135
13131
13132
13129
13130
13125
13126
13134
13132
13137
13140
13141
13146
13147
13140
13137
13138
13139
13130
13123
13126
13114
13115
13115
13112
13111
13114
13120
13128
13122
13134
13131
13130
13136
13133
13128
13129
13133
13142
13138
13134
13134
13133
13136
13130
13129
13128
13135
13140
13141
13139
13136
13135
13138
13145
13139
13141
13142
13144
13137
13141
13138
13131
13134
