13033
13036
13040
13046
13052
13054
13057
13071
13075
13084
13077
13080
13081
13086
13080
13090
13084
13092
13099
13100
13099
13105
13110
13109
13109
13105
13112
13111
13111
13125
13127
13122
13126
13126
13132
13130
13130
13131
13129
13131
13129
13131
13124
13124
13134
13126
13134
13141
13139
13139
13133
13135
13134
13128
13123
13124
13115
13123
13125
13132
13125
13124
13121
13125
13121
13124
13133
13134
13119
13115
13113
13118
13122
13130
13129
13122
13122
13121
13126
13124
13123
13129
13128
13132
13140
13133
13130
13135
13132
13140
13129
13133
13137
13138
13134
13135
13127
13132
13134
13129
13129
13124
13129
13135
13132
13131
13135
13130
13128
13140
13134
13138
13141
13141
13135
13143
13143
13138
13132
13129
13126
13127
13130
13131
13136
13135
13140
13142
13138
13141
13146
13149
13148
13147
13153
13155
13148
13145
13145
13141
13145
13146
13138
13142
13133
13132
13135
13129
13133
13136
13138
13136
13138
13136
13134
13135
13137
13135
13135
13137
13135
13135
13136
13138
13140
13135
13137
13140
13129
13128
13129
13131
13130
13131
13128
13132
13123
13136
13142
13134
13141
13146
13146
13139
13135
13134
13142
13131
13129
13135
13139
13140
13143
13140
13136
13139
13135
13126
13116
13120
13125
13129
13130
13132
13131
13130
13131
13136
13130
13128
13127
13125
13127
13123
13122
13132
13127
13131
13131
13122
13124
13126
13129
13134
13128
13116
13130
13121
13122
13131
13123
13123
13127
13133
13135
13135
13131
13125
13125
13129
13128
13131
13132
13135
13149
13143
13139
13140
13133
13136
13141
13141
13137
13134
13127
13133
13124
13127
13122
13121
13125
13125
13118
13127
13124
13127
13137
13129
13126
13125
13124
13118
13127
13127
13120
13114
13119
13120
13126
13131
13136
13139
13134
13132
13133
13131
13127
13134
13132
13147
13143
13144
13147
13147
13146
13150
13150
13147
13149
13146
13149
13148
13145
13143
13140
13133
13143
13126
13122
13116
13113
13120
13125
13126
13133
13143
13144
13137
13134
13138
13134
13134
13133
13132
13135
13128
13129
13130
13136
13136
13135
13137
13137
13133
13129
13136
13124
13127
13125
13123
13125
13131
13121
13128
13126
13125
13137
13133
13130
13136
13125
13125
13131
13132
13134
13139
13142
13137
13138
13140
13137
13144
13144
13135
13140
13127
13125
13128
13128
13134
13131
13131
13131
13134
13135
13136
13122
13131
13133
13124
13128
13134
13126
13132
13119
13116
13122
13113
13106
13119
13122
13124
13138
13138
13137
13140
13145
13143
13138
13132
13124
13124
13112
13122
13129
13131
13135
13138
13141
13137
13135
13131
13132
13130
13121
13125
13125
13126
13127
13127
13130
13135
13138
13142
13134
13127
13135
13132
13128
13125
13118
13120
13124
13118
13119
13126
13127
13124
13129
13132
13130
13131
13135
13128
13129
13120
13116
13120
13110
13110
13111
13118
13119
13130
13132
13135
13129
13131
13127
13125
13129
13122
13124
13138
13135
13134
13141
13136
13130
13130
13128
13128
13135
13133
13137
13130
13128
13119
13122
13122
13128
13139
13141
13140
13139
13131
13121
13125
13123
13116
13116
13122
13126
13133
13132
13126
13128
13140
13143
13151
13155
13156
13075
12768
12123
11579
11211
10821
10539
10384
10351
10368
10452
10539
10670
10781
10923
11038
11167
11288
11413
11515
11619
11704
11812
11887
11970
12044
12123
12184
12240
12294
12352
12398
12456
12503
12537
12565
12601
12629
12679
12706
12725
12748
12774
12794
12822
12836
12856
12873
12891
12907
12929
12932
12939
12960
12972
12984
12987
12995
13010
13013
13024
13028
13037
13042
13042
13046
13057
13059
13062
13073
13081
13091
13094
13099
13094
13096
13094
13095
13105
13104
13100
13101
13102
13101
13114
13112
13109
13116
13105
13108
13114
13107
13109
13108
13110
13115
13112
13111
13115
13118
13125
13125
13132
13127
13123
13127
13128
13129
13126
13127
13129
13138
13136
13143
13143
13142
13143
13138
13142
13139
13129
13136
13131
13122
13126
13132
13133
13140
13137
13133
13130
13134
13139
13142
13140
13140
13142
13142
13143
13143
13140
13138
13138
13131
13130
13135
13130
13132
13127
13126
13124
13131
13132
13135
13130
13127
13127
13130
13131
13132
13130
13139
13137
13130
13141
13141
13143
13140
13128
13133
13134
13136
13133
13132
13123
13125
13118
13116
13116
13112
13117
13116
13129
13129
13133
13137
13139
13147
13136
13134
13136
13142
13136
13138
13135
13138
13142
13149
13150
13150
13138
13141
13133
13127
13126
13127
13120
13114
13116
13121
13129
13134
13136
13132
13139
13137
13130
13135
13132
13133
13138
13138
13142
13131
13130
13138
13132
13132
13128
13125
13134
13135
13137
13144
13128
13139
13135
13137
13149
13150
13149
13153
13148
13141
13151
13148
13145
13154
13149
13147
13149
13143
13147
13137
13133
13134
13129
13136
13130
13132
13134
13131
13134
13125
13125
13131
13128
13133
13129
13134
13134
13137
13145
13144
13139
13143
13140
13143
13149
13146
13144
13145
13139
13139
13140
13135
13122
13133
13137
13136
13140
13146
13142
13144
13152
13136
13132
13132
13134
13131
13123
13120
13116
13115
13116
13122
13123
13132
13133
13139
13150
13149
13150
13147
13141
13144
13145
13142
13145
13148
13148
13147
13134
13122
13132
13127
13121
13130
13124
13124
13132
13131
13126
13133
13135
13135
13134
13147
13147
13142
13145
13139
13139
13137
13135
13134
13128
13130
13128
13127
13130
13134
13126
13131
13121
13126
13127
13125
13123
13121
13121
13123
13073
12952
12893
12844
12821
12818
12815
12830
12843
12852
12866
12882
12893
12915
12924
12946
12955
12972
12981
12986
12996
13000
13004
13017
13028
13032
13041
13043
13053
13061
13060
13065
13063
13065
13073
13074
13082
13090
13091
13096
13093
13094
13099
13096
13099
13108
13100
13106
13100
13108
13106
13108
13110
13117
13111
13115
13114
13119
13112
13121
13132
13132
13138
13143
13144
13146
13143
13143
13138
13137
13137
13138
13126
13132
13129
13128
13134
13136
13134
13136
13136
13129
13138
13138
13131
13139
13127
13122
13128
13122
13119
13126
13119
13113
13115
13119
13124
13128
13139
13126
13135
13130
13129
13136
13130
13137
13123
13126
13131
13134
13138
13137
13127
13137
13134
13131
13134
13127
13122
13133
13134
13141
13149
13145
13144
13154
13151
13148
13143
13147
13137
13142
13137
13130
13139
13140
13136
13139
13132
13129
13128
13129
13123
13130
13121
13129
13130
13131
13128
13132
13133
13134
13127
13132
13126
13121
13122
13119
13119
13120
13116
13117
13129
13132
13125
13129
