13130
13130
13125
13122
13130
13132
13132
13137
13131
13121
13135
13124
13128
13132
13129
13137
13133
13141
13140
13140
13133
13134
13142
13143
13141
13140
13135
13120
13119
13118
13122
13124
13128
13132
13131
13136
13144
13139
13132
13136
13126
13134
13139
13138
13139
13127
13124
13132
13121
13116
13125
13123
13132
13136
13134
13137
13139
13142
13138
13144
13151
13139
13146
13153
13151
13148
13145
13140
13135
13134
13133
13129
13131
13120
13124
13130
13133
13130
13137
13139
13139
13150
13150
13145
13151
13144
13142
13152
13147
13136
13136
13131
13128
13131
13123
13119
13125
13128
13130
13132
13141
13135
13142
13132
13130
13135
13133
13136
13137
13132
13134
13141
13135
13134
13130
13132
13129
13131
13123
13135
13130
13138
13133
13129
13132
13132
13136
13142
13147
13141
13156
13149
13151
13148
13144
13143
13147
13151
13151
13145
13145
13134
13138
13139
13136
13125
13128
13127
13123
13118
13120
13123
13123
13131
13136
13137
13139
13142
13137
13142
13136
13142
13153
13147
13144
13141
13136
13132
13127
13122
13122
13121
13117
13118
13120
13130
13137
13139
13147
13140
13138
13133
13137
13139
13141
13141
13141
13140
13140
13131
13131
13133
13141
13144
13140
13131
13125
13120
13120
13133
13131
13129
13128
13128
13125
13129
13121
13129
13127
13128
13139
13134
13128
13133
13136
13138
13134
13130
13132
13138
13145
13138
13141
13140
13146
13146
13152
13146
13160
13151
13145
13142
13142
13142
13145
13141
13149
13139
13137
13145
13137
13134
13145
13148
13147
13147
13142
13147
13142
13140
13141
13138
13136
13136
13133
13135
13135
13138
13151
13147
13154
13147
13145
13139
13141
13137
13131
13131
13141
13134
13124
13130
13131
13138
13137
13145
13150
13150
13141
13137
13131
13137
13138
13137
13136
13130
13131
13133
13133
13129
13143
13137
13130
13136
13135
13130
13132
13130
13130
13134
13137
13133
13132
13138
13143
13148
13142
13140
13143
13140
13138
13143
13144
13138
13144
13134
13132
13131
13131
13135
13128
13126
13132
13135
13136
13145
13138
13139
13137
13131
13134
13125
13125
13127
13125
13121
13121
13126
13130
13134
13133
13127
13127
13134
13134
13138
13142
13137
13142
13134
13134
13140
13134
13138
13133
13135
13142
13147
13151
13154
13155
13155
13158
13156
13154
13151
13147
13151
13143
13143
13152
13143
13141
13137
13136
13136
13137
13136
13133
13124
13123
13123
13126
13134
13134
13135
13136
13133
13137
13136
13134
13136
13138
13143
13148
13149
13147
13147
13146
13139
13139
13139
13142
13145
13142
13137
13134
13137
13131
13126
13132
13129
13129
13138
13135
13133
13135
13141
13149
13149
13157
13146
13150
13148
13144
13146
13146
13139
13144
13147
13152
13148
13139
13140
13132
13126
13123
13127
13131
13132
13127
13133
13135
13131
13138
13143
13138
13138
13127
13122
13133
13127
13129
13132
13125
13127
13128
13124
13120
13118
13122
13124
13135
13138
13141
13140
13141
13139
13146
13142
13145
13144
13140
13146
13134
13135
13131
13133
13140
13139
13136
13135
13135
13134
13141
13140
13135
13138
13134
13136
13143
13140
13141
13141
13142
13140
13146
13144
13136
13128
13128
13129
13125
13014
12116
11353
10803
10465
10193
10027
10007
10025
10130
10234
10378
10503
10662
10795
10943
11063
11193
11312
11434
11532
11634
11724
11827
11907
11993
12053
12121
12181
12254
12302
12353
12403
12448
12485
12534
12567
12609
12638
12670
12700
12720
12747
12778
12792
12823
12836
12855
12874
12901
12921
12936
12945
12958
12965
12980
12983
12989
13000
13008
13000
13007
13013
13023
13033
13044
13043
13049
13043
13055
13064
13061
13068
13074
13080
13088
13085
13089
13096
13102
13104
13114
13119
13121
13117
13121
13115
13108
13108
13112
13116
13119
13120
13122
13125
13131
13136
13129
13130
13124
13121
13126
13124
13117
13130
13128
13130
13136
13132
13134
13142
13134
13138
13132
13123
13124
13135
13126
13121
13130
13132
13132
13133
13138
13136
13150
13141
13134
13144
13137
13132
13131
13128
13128
13124
13123
13132
13126
13138
13150
13146
13145
13137
13132
13140
13135
13132
13133
13123
13129
13126
13127
13132
13129
13137
13141
13146
13151
13146
13142
13141
13139
13139
13139
13138
13137
13132
13131
13128
13117
13122
13117
13119
13124
13118
13123
13126
13124
13132
13142
13137
13140
13149
13151
13148
13145
13138
13146
13135
13133
13137
13129
13129
13137
13140
13137
13137
13133
13128
13134
13139
13133
13135
13134
13133
13141
13137
13132
13130
13136
13141
13139
13142
13143
13147
13150
13151
13153
13152
13146
13144
13145
13137
13137
13139
13140
13130
13133
13125
13118
13126
13123
13126
13133
13138
13141
13139
13137
13139
13132
13135
13136
13138
13143
13142
13142
13138
13139
13131
13130
13129
13135
13131
13136
13138
13138
13145
13142
13141
13146
13140
13138
13137
13140
13138
13134
13135
13143
13139
13145
13140
13133
13137
13134
13135
13131
13138
13141
13136
13143
13146
13144
13149
13148
13145
13148
13147
13141
13140
13133
13135
13137
13141
13142
13138
13134
13138
13131
13125
13126
13128
13137
13136
13132
13135
13136
13134
13143
13133
13127
13137
13142
13146
13143
13140
13134
13133
13127
13120
13121
13128
13130
13134
13135
13133
13134
13133
13137
13137
13139
13139
13134
13134
13128
13127
13123
13128
13126
13132
13138
13137
13135
13137
13137
13144
13140
13145
13147
13141
13140
13142
13135
13142
13142
13143
13143
13144
13143
13141
13143
13147
13140
13142
13131
13128
13130
13124
13120
13125
13126
13127
13141
13143
13139
13143
13138
13137
13135
13134
13129
13134
13138
13139
13140
13143
13131
13128
13134
13127
13121
13130
13131
13137
13126
13122
13130
13137
13140
13133
13132
13132
13130
13136
13132
13129
13137
13134
13133
13131
13130
13127
13126
13125
13130
13129
13133
13137
13136
13139
13139
13135
13136
13138
13135
13142
13133
13126
13135
13132
13130
13135
13132
13129
13131
13130
13133
13131
13128
13126
13126
13135
13134
13131
13127
13130
13138
13129
13130
13138
13136
13137
13137
13132
13129
13131
13128
13137
13133
13128
13132
13130
13134
13139
13138
13143
13144
13134
13142
13131
13138
13145
13145
13144
13147
13140
13142
13142
13141
13133
13133
13132
13133
13138
13135
13135
13140
13132
13125
13132
13136
13134
13134
13134
13131
13132
13138
13145
13140
13147
13145
13149
13156
13151
13145
13140
13139
13142
13149
13137
13139
13143
13147
13154
13153
13151
13151
13147
13151
13143
13143
13140
13135
13130
13132
13128
13142
13132
