13146
13142
13134
13132
13130
13132
13133
13134
13135
13138
13128
13132
13134
13129
13124
13128
13127
13132
13127
13137
13139
13139
13135
13139
13132
13132
13130
13131
13136
13138
13137
13138
13139
13137
13138
13130
13126
13131
13121
13136
13134
13131
13136
13133
13135
13131
13140
13147
13142
13138
13133
13130
13148
13136
13139
13135
13134
13137
13137
13133
13129
13135
13134
13137
13129
13134
13139
13137
13137
13141
13141
13141
13132
13132
13141
13135
13141
13147
13154
13153
13151
13147
13149
13139
13142
13133
13129
13132
13131
13133
13134
13137
13144
13140
13143
13145
13144
13139
13136
13133
13129
13122
13126
13123
13125
13126
13127
13127
13138
13138
13136
13140
13133
13127
13128
13124
13131
13134
13142
13139
13147
13142
13140
13138
13134
13127
13125
13132
13127
13124
13131
13130
13137
13133
13132
13138
13134
13140
13142
13140
13139
13131
13129
13136
13128
13132
13140
13141
13148
13147
13145
13147
13141
13133
13141
13128
13128
13130
13131
13136
13128
13129
13137
13131
13132
13122
13123
13121
13125
13119
13123
13122
13137
13136
13136
13137
13128
13133
13136
13135
13128
13130
13137
13139
13133
13128
13120
13120
13133
13138
13139
13142
13135
13138
13152
13145
13140
13146
13140
13146
13148
13146
13142
13145
13143
13139
13144
13136
13137
13139
13144
13140
13138
13138
13139
13139
13141
13147
13141
13139
13143
13138
13149
13153
13142
13142
13148
13144
13141
13140
13145
13150
13145
13143
13143
13139
13135
13130
13127
13125
13136
13132
13131
13123
13125
13121
13130
13134
13124
13126
13132
13128
13134
13132
13132
13131
13138
13132
13125
13118
13116
13124
13125
13130
13124
13132
13139
13134
13133
13130
13124
13125
13126
13131
13141
13133
13131
13132
13114
13120
13120
13116
13118
13120
13122
13125
13128
13135
13147
13139
13145
13138
13138
13134
13129
13132
13131
13135
13133
13135
13132
13135
13125
13132
13125
13132
13134
13135
13137
13145
13140
13150
13146
13143
13147
13135
13128
13135
13130
13126
13128
13125
13128
13123
13129
13127
13121
13126
13136
13141
13127
13129
13135
13140
13139
13139
13136
13141
13134
13136
13130
13126
13121
13125
13113
13119
13124
13123
13122
13129
13129
13124
13126
13124
13134
13132
13129
13134
13129
13138
13139
13137
13140
13139
13137
13132
13128
13125
13129
13132
13142
13132
13138
13133
13132
13138
13129
13131
13126
13129
13127
13132
13128
13132
13129
13135
13144
13144
13143
13142
13138
13144
13140
13138
13138
13132
13131
13134
13126
13127
13130
13135
13140
13136
13135
13130
13133
13132
13135
13135
13123
13119
13124
13119
13120
13121
13119
13120
13133
13133
13137
13131
13128
13128
13123
13124
13124
13123
13118
13125
13129
13134
13131
13130
13137
13129
13129
13135
13136
13140
13143
13141
13136
13135
13139
13138
13139
13136
13134
13131
13137
13135
13143
13142
13138
13147
13141
13137
13136
13142
13155
13149
13146
13147
13137
13131
13132
13134
13134
13139
13132
13134
13132
13131
13134
13135
13133
13132
13132
13138
13135
13137
13136
13138
13148
13142
13140
13140
13139
13145
13140
13139
13142
13133
13141
13140
13129
13137
13129
13133
13131
13131
13131
13131
13126
13043
12475
11535
10798
10319
10083
9965
9941
9946
10046
10138
10286
10416
10575
10705
10800
10808
10882
10946
11047
11133
11250
11355
11464
11563
11666
11751
11853
11925
11998
12071
12143
12200
12264
12313
12369
12409
12462
12502
12545
12581
12628
12658
12690
12720
12742
12763
12785
12802
12821
12839
12854
12877
12902
12915
12931
12938
12947
12966
12970
12977
12984
12991
12996
12998
13011
13017
13034
13031
13037
13051
13059
13063
13066
13074
13081
13094
13091
13098
13094
13099
13102
13105
13105
13106
13105
13108
13103
13106
13114
13107
13105
13117
13117
13121
13125
13128
13126
13125
13130
13116
13120
13132
13135
13131
13122
13110
13118
13109
13110
13117
13122
13130
13131
13132
13129
13131
13127
13139
13127
13136
13137
13133
13135
13139
13136
13140
13133
13129
13137
13134
13134
13131
13128
13132
13130
13133
13133
13129
13131
13123
13121
13122
13125
13126
13128
13117
13128
13119
13122
13132
13129
13125
13124
13132
13126
13134
13137
13138
13135
13139
13142
13138
13148
13147
13148
13149
13137
13138
13136
13137
13135
13140
13139
13129
13127
13127
13126
13128
13131
13130
13128
13133
13136
13139
13134
13135
13140
13132
13140
13141
13142
13140
13141
13140
13145
13146
13143
13146
13144
13143
13143
13138
13144
13142
13139
13133
13134
13128
13134
13125
13125
13131
13131
13132
13139
13141
13140
13139
13143
13135
13137
13142
13141
13137
13140
13132
13139
13131
13134
13135
13134
13134
13130
13135
13131
13133
13134
13134
13126
13137
13139
13136
13138
13141
13137
13147
13133
13132
13142
13142
13132
13140
13135
13139
13142
13134
13133
13129
13134
13130
13125
13136
13132
13132
13126
13122
13130
13131
13127
13130
13127
13131
13134
13131
13123
13131
13135
13137
13131
13135
13130
13125
13126
13129
13136
13140
13135
13135
13145
13138
13131
13132
13122
13130
13130
13119
13121
13124
13128
13135
13136
13148
13142
13141
13140
13141
13148
13142
13136
13133
13134
13123
13122
13126
13134
13136
13132
13136
13134
13138
13132
13129
13134
13135
13141
13142
13140
13149
13152
13150
13138
13140
13125
13130
13138
13137
13135
13138
13147
13143
13143
13144
13136
13138
13142
13138
13140
13125
13128
13133
13136
13139
13128
13136
13140
13138
13141
13137
13133
13138
13142
13143
13135
13138
13136
13141
13135
13136
13133
13132
13130
13137
13129
13131
13129
13132
13133
13132
13137
13134
13136
13136
13135
13137
13132
13126
13134
13133
13131
13126
13124
13130
13123
13127
13130
13132
13132
13134
13139
13149
13145
13143
13141
13141
13136
13147
13148
13139
13144
13135
13133
13139
13129
13135
13130
13142
13146
13142
13139
13140
13142
13148
13145
13148
13144
13144
13151
13144
13144
13147
13145
13142
13135
13137
13139
13135
13134
13140
13130
13137
13139
13144
13138
13137
13140
13148
13144
13138
13147
13138
13139
13139
13127
13127
13131
13137
13131
13136
13142
13141
13130
13132
13122
13132
13132
13131
13138
13124
13125
13131
13130
13134
13126
13134
13145
13151
13150
13151
13150
13151
13152
13147
13135
13138
13137
13143
13140
13132
13144
13136
13137
13135
13136
13134
13134
13139
13137
13133
13134
13129
13131
13128
13127
13125
13132
13136
13144
13147
13150
13150
13145
13147
13147
13146
13148
13143
13137
13144
13141
13139
13137
13139
13142
13142
