13140
13130
13127
13121
13127
13124
13121
13122
13119
13119
13122
13121
13133
13133
13126
13127
13125
13127
13127
13131
13134
13137
13142
13143
13143
13138
13135
13122
13117
13117
13118
13123
13131
13133
13142
13137
13138
13131
13130
13135
13135
13132
13127
13128
13137
13138
13140
13138
13131
13129
13134
13131
13131
13118
13122
13128
13124
13122
13127
13132
13134
13135
13143
13147
13140
13133
13138
13131
13125
13131
13125
13133
13140
13133
13133
13137
13128
13128
13131
13139
13143
13145
13141
13146
13145
13143
13144
13142
13136
13137
13138
13128
13121
13121
13127
13134
13133
13141
13141
13134
13145
13139
13136
13142
13144
13141
13146
13130
13122
13126
13130
13139
13137
13130
13127
13128
13125
13116
13122
13118
13115
13109
13121
13121
13127
13124
13126
13130
13126
13126
13128
13124
13133
13136
13136
13136
13131
13130
13129
13133
13135
13132
13138
13141
13141
13141
13148
13139
13143
13146
13144
13143
13145
13141
13145
13138
13141
13137
13136
13138
13142
13141
13146
13144
13153
13150
13143
13143
13137
13130
13129
13134
13133
13137
13130
13133
13134
13138
13142
13139
13133
13132
13125
13139
13132
13132
13141
13133
13129
13134
13125
13123
13125
13123
13122
13129
13127
13128
13135
13132
13132
13134
13135
13132
13138
13131
13127
13126
13129
13123
13130
13129
13133
13136
13138
13146
13141
13134
13136
13134
13131
13133
13129
13134
13121
13126
13130
13128
13127
13134
13130
13137
13140
13141
13141
13145
13145
13138
13137
13135
13131
13126
13127
13129
13133
13126
13127
13134
13133
13138
13141
13140
13144
13141
13144
13146
13143
13140
13141
13133
13127
13131
13126
13131
13132
13126
13133
13125
13130
13137
13144
13139
13141
13147
13143
13138
13139
13134
13139
13142
13135
13139
13132
13124
13130
13133
13131
13141
13143
13150
13141
13139
13146
13144
13132
13136
13134
13131
13134
13131
13135
13138
13129
13130
13120
13119
13130
13130
13128
13136
13130
13138
13146
13149
13147
13145
13146
13151
13142
13138
13132
13127
13132
13130
13126
13122
13122
13120
13127
13126
13131
13129
13121
13122
13121
13120
13118
13122
13126
13127
13126
13135
13132
13135
13134
13129
13135
13129
13123
13124
13123
13122
13125
13131
13136
13132
13138
13136
13140
13137
13136
13132
13131
13131
13132
13127
13123
13127
13128
13128
13129
13130
13133
13134
13136
13138
13132
13140
13138
13140
13152
13147
13147
13151
13140
13138
13141
13137
13137
13142
13141
13140
13143
13138
13136
13138
13146
13145
13148
13148
13148
13141
13131
13133
13136
13140
13133
13136
13132
13120
13124
13126
13126
13127
13130
13134
13126
13134
13138
13133
13139
13137
13139
13143
13132
13130
13129
13124
13124
13138
13134
13145
13142
13133
13134
13128
13130
13132
13128
13125
13125
13126
13133
13134
13135
13127
13128
13133
13126
13132
13126
13127
13134
13132
13135
13136
13127
13131
13136
13138
13141
13140
13147
13159
13157
13148
13157
13141
13146
13144
13141
13139
13138
13134
13133
13131
13133
13127
13130
13132
13126
13130
13127
13129
13131
13122
13132
13133
13137
13137
13137
13134
13144
13142
13139
13140
13136
13135
13142
13141
13142
12662
11805
11075
10569
10201
10045
9973
10014
10070
10194
10302
10448
10577
10736
10867
10896
10919
10990
11062
11159
11256
11366
11461
11558
11644
11746
11832
11919
11985
12064
12118
12187
12236
12287
12336
12383
12437
12495
12536
12585
12618
12655
12681
12717
12733
12769
12777
12797
12823
12839
12856
12865
12883
12899
12913
12931
12933
12936
12953
12959
12968
12979
12988
13000
12998
13011
13027
13025
13036
13049
13053
13067
13077
13074
13085
13087
13095
13103
13100
13103
13105
13104
13108
13109
13108
13113
13111
13109
13115
13118
13119
13115
13117
13125
13119
13124
13126
13130
13129
13129
13131
13130
13125
13130
13126
13124
13123
13136
13138
13138
13141
13134
13136
13133
13131
13118
13122
13117
13108
13120
13123
13123
13127
13125
13115
13125
13121
13123
13122
13123
13122
13128
13122
13120
13125
13128
13133
13131
13136
13135
13133
13127
13126
13129
13124
13133
13130
13131
13128
13121
13125
13134
13132
13131
13134
13139
13138
13141
13133
13139
13138
13134
13140
13132
13121
13132
13127
13127
13136
13135
13132
13133
13132
13131
13127
13131
13128
13124
13130
13130
13126
13124
13122
13139
13136
13134
13131
13127
13132
13130
13122
13122
13120
13127
13132
13134
13137
13134
13131
13127
13128
13133
13133
13131
13125
13125
13116
13117
13124
13124
13121
13126
13126
13127
13122
13134
13133
13143
13141
13138
13138
13148
13138
13142
13136
13139
13133
13131
13141
13147
13141
13144
13150
13150
13142
13137
13135
13137
13131
13142
13136
13132
13135
13132
13126
13133
13133
13123
13131
13126
13120
13129
13131
13139
13144
13144
13140
13143
13147
13146
13142
13144
13135
13141
13134
13131
13133
13126
13123
13121
13126
13137
13133
13140
13142
13137
13137
13133
13131
13134
13134
13134
13137
13139
13128
13132
13131
13133
13137
13133
13135
13137
13134
13137
13139
13150
13139
13142
13142
13142
13142
13144
13137
13144
13137
13132
13135
13133
13137
13137
13138
13140
13132
13135
13138
13133
13133
13131
13128
13125
13133
13134
13137
13135
13133
13133
13129
13124
13123
13119
13122
13122
13123
13126
13129
13133
13129
13136
13136
13129
13136
13136
13139
13142
13131
13129
13135
13136
13135
13132
13136
13137
13138
13144
13146
13140
13141
13141
13136
13131
13132
13133
13138
13134
13133
13134
13131
13128
13135
13139
13137
13139
13137
13136
13131
13131
13121
13123
13122
13131
13129
13135
13139
13150
13145
13146
13144
13140
13146
13137
13133
13136
13132
13124
13126
13126
13136
13137
13137
13139
13139
13135
13136
13128
13123
13129
13125
13123
13133
13127
13128
13139
13136
13137
13133
13136
13133
13127
13119
13119
13118
13122
13122
13132
13125
13122
13125
13135
13133
13131
13132
13131
13126
13136
13134
13132
13136
13132
13133
13127
13131
13130
13130
13131
13130
13134
13127
13131
13128
13127
13129
13128
13135
13133
13130
13136
13128
13131
13136
13131
13137
13137
13137
13138
13131
13128
13125
13130
13133
13130
13130
13133
13138
13141
13145
13138
13144
13144
13135
13134
13134
13134
13142
13145
13146
13158
13147
13141
13146
13144
13143
13142
13136
13129
13126
13132
13127
13128
13136
13134
13133
13137
13126
13131
13124
13121
13125
13132
13135
13130
13140
13142
13150
13150
13152
13138
13141
13139
13134
13130
13126
13121
13128
13120
13118
13126
13122
13118
13127
