13138
13143
13139
13140
13140
13139
13130
13134
13126
13126
13127
13124
13128
13133
13130
13141
13137
13134
13141
13136
13125
13130
13128
13132
13129
13131
13132
13135
13136
13133
13130
13132
13124
13128
13134
13137
13143
13138
13137
13140
13141
13138
13142
13148
13147
13148
13141
13141
13142
13147
13139
13140
13138
13134
13133
13136
13124
13122
13127
13122
13121
13126
13119
13126
13126
13126
13130
13132
13126
13129
13127
13138
13134
13135
13127
13129
13135
13132
13133
13132
13131
13134
13134
13140
13136
13127
13125
13128
13112
13120
13122
13123
13122
13129
13129
13132
13135
13135
13141
13140
13144
13143
13138
13137
13145
13136
13129
13131
13119
13128
13131
13132
13140
13133
13126
13122
13129
13130
13128
13133
13138
13143
13135
13143
13143
13150
13151
13150
13147
13143
13148
13138
13139
13145
13137
13139
13140
13138
13149
13144
13137
13141
13134
13134
13138
13139
13137
13138
13140
13138
13130
13134
13126
13128
13129
13128
13135
13127
13120
13124
13124
13125
13126
13125
13119
13115
13122
13123
13121
13125
13124
13118
13132
13132
13141
13142
13137
13134
13132
13138
13144
13139
13146
13140
13135
13138
13133
13127
13128
13128
13126
13129
13130
13128
13128
13128
13134
13124
13119
13120
13119
13129
13133
13133
13129
13136
13142
13150
13147
13144
13139
13135
13138
13138
13135
13144
13135
13133
13144
13139
13135
13130
13124
13129
13135
13135
13135
13141
13154
13153
13151
13144
13149
13150
13151
13148
13153
13148
13145
13140
13139
13138
13140
13141
13132
13139
13133
13133
13129
13127
13135
13133
13137
13130
13124
13129
13121
13122
13130
13132
13132
13136
13132
13131
13131
13129
13132
13131
13135
13134
13137
13134
13126
13132
13135
13136
13134
13129
13124
13132
13132
13132
13134
13138
13135
13138
13140
13138
13137
13139
13142
13142
13137
13137
13134
13141
13140
13137
13137
13134
13120
13123
13128
13135
13129
13133
13130
13126
13133
13133
13138
13143
13141
13145
13144
13136
13141
13132
13131
13136
13138
13139
13137
13136
13132
13129
13133
13135
13125
13125
13130
13131
13125
13134
13138
13136
13138
13134
13134
13132
13132
13130
13124
13127
13122
13127
13129
13128
13138
13135
13130
13138
13137
13133
13142
13137
13143
13139
13143
13147
13143
13138
13133
13136
13134
13132
13131
13132
13128
13133
13130
13127
13130
13138
13142
13142
13136
13129
13136
13129
13134
13132
13136
13136
13133
13131
13131
13135
13131
13133
13132
13134
13128
13129
13132
13132
13140
13139
13138
13146
13133
13134
13139
13140
13131
13139
13130
13133
13126
13129
13135
13134
13141
13141
13132
13138
13134
13136
13134
13138
13128
13136
13134
13139
13142
13141
13136
13142
13141
13139
13137
13136
13133
13137
13126
13128
13127
13121
13120
13127
13126
13125
13121
13126
13125
13124
13127
13134
13129
13132
13135
13132
13134
13129
13132
13132
13130
13125
13136
13132
13126
13132
13130
13124
13133
13127
13126
13121
13125
13124
13115
13123
13118
13123
13126
13132
13139
13133
13132
13131
13129
13126
13128
13126
13128
13133
13130
13126
13118
13126
13133
13135
13133
13137
13142
13139
13131
13135
13138
13129
13127
13133
13092
12528
11569
10512
9759
9305
9096
8999
8919
8924
9036
9162
9349
9517
9727
9914
10120
10287
10475
10547
10658
10759
10888
11007
11139
11245
11365
11470
11578
11635
11625
11633
11683
11734
11798
11856
11940
11999
12075
12144
12211
12269
12319
12364
12411
12445
12491
12522
12566
12599
12636
12660
12702
12716
12749
12772
12795
12818
12839
12861
12869
12887
12910
12922
12928
12944
12956
12978
12987
12994
13004
13016
13022
13032
13033
13033
13048
13055
13058
13054
13057
13059
13066
13077
13079
13077
13074
13081
13085
13088
13087
13090
13097
13096
13100
13098
13100
13108
13110
13119
13123
13122
13117
13113
13112
13108
13105
13113
13113
13109
13111
13117
13117
13124
13124
13122
13126
13129
13125
13127
13117
13115
13115
13118
13124
13131
13125
13124
13134
13132
13127
13125
13132
13131
13055
12947
12884
12848
12826
12814
12815
12820
12835
12846
12857
12869
12884
12900
12920
12929
12941
12951
12962
12974
12983
12984
13000
13005
13013
13027
13026
13029
13043
13048
13053
13055
13064
13060
13067
13078
13087
13091
13094
13089
13103
13103
13095
13099
13102
13109
13113
13109
13110
13116
13117
13113
13112
13110
13106
13108
13115
13117
13127
13137
13143
13141
13148
13142
13135
13129
13123
13130
13134
13129
13130
13135
13133
13130
13134
13137
13132
13129
13129
13126
13126
13123
13121
13125
13127
13131
13125
13129
13132
13137
13142
13137
13133
13132
13131
13130
13136
13124
13130
13136
13134
13128
13134
13125
13126
13126
13130
13134
13127
13121
13122
13126
13127
13130
13125
13121
13123
13125
13136
13139
13145
13134
13135
13134
13140
13137
13132
13130
13131
13136
13138
13139
13134
13135
13133
13134
13138
13138
13134
13144
13130
13127
13128
13124
13122
13129
13121
13121
13124
13130
13133
13132
13134
13135
13138
13136
13135
13134
13130
13131
13142
13135
13141
13137
13134
13136
13136
13139
13135
13135
13136
13132
13126
13126
13130
13123
13125
13128
13129
13129
13126
13122
13129
13119
13119
13120
13120
13123
13127
13131
13131
13132
13133
13137
13147
13150
13148
13147
13145
13142
13151
13139
13134
13136
13134
13132
13127
13129
13133
13134
13130
13138
13134
13136
13135
13128
13126
13118
13124
13127
13121
13120
13133
13132
13124
13128
13121
13123
13122
13137
13133
13138
13133
13137
13131
13133
13133
13138
13136
13135
13142
13137
13138
13146
13145
13145
13138
13134
13139
13139
13136
13141
13126
13128
13129
13126
13129
13130
13142
13149
13153
13144
13146
13138
13136
13135
13134
13133
13131
13132
13129
13131
13136
13125
13132
13135
13136
13138
13136
13136
13138
13140
13138
13139
13133
13136
13127
13129
13124
13130
13137
13141
13137
13141
13133
13122
13121
13127
13128
13129
13131
13134
13139
13134
13127
13129
13118
13118
13119
13134
13127
13124
13119
13123
13125
13127
13122
13120
13119
13126
13128
13124
13120
13125
13129
13132
13134
13139
13138
13148
13143
13147
13151
13154
13153
13147
13151
13150
13144
13147
13141
13137
13142
13134
13135
13137
13130
13130
13136
13132
13126
13129
13129
13129
13131
13132
13127
13129
13125
13123
13129
13130
13133
13137
13142
13143
13142
13137
13135
13138
13139
13138
13123
13132
13134
13134
13141
13138
13138
13142
13135
13133
13137
13135
13137
13140
13141
13133
13134
13131
13137
13136
13127
13129
