13143
13138
13135
13132
13144
13139
13132
13135
13125
13134
13133
13138
13138
13138
13142
13137
13132
13135
13133
13133
13138
13139
13134
13134
13127
13124
13130
13132
13136
13135
13130
13138
13140
13137
13137
13138
13145
13134
13137
13136
13134
13141
13144
13140
13135
13129
13129
13126
13120
13121
13118
13123
13120
13125
13130
13133
13127
13132
13132
13126
13134
13130
13134
13135
13136
13137
13150
13139
13142
13141
13135
13137
13132
13129
13123
13117
13118
13118
13126
13124
13123
13125
13127
13129
13131
13132
13133
13137
13133
13129
13132
13132
13141
13134
13133
13135
13126
13123
13120
13127
13125
13123
13133
13135
13129
13130
13141
13131
13131
13137
13135
13128
13131
13130
13125
13128
13132
13131
13134
13137
13137
13143
13134
13131
13132
13132
13133
13133
13127
13130
13132
13130
13136
13134
13129
13137
13131
13133
13131
13130
13140
13138
13130
13137
13136
13127
13134
13132
13131
13136
13141
13138
13141
13132
13136
13137
13141
13130
13133
13137
13139
13135
13129
13128
13137
13137
13135
13133
13136
13136
13139
13140
13143
13144
13147
13146
13143
13145
13143
13131
13136
13136
13133
13135
13122
13128
13131
13127
13128
13136
13130
13135
13137
13136
13136
13130
13136
13136
13134
13138
13140
13139
13137
13127
13139
13131
13126
13128
13137
13133
13142
13137
13138
13128
13132
13130
13131
13128
13133
13130
13125
13128
13125
13126
13122
13126
13134
13139
13140
13138
13142
13135
13136
13128
13124
13124
13121
13118
13117
13125
13126
13135
13133
13120
13136
13128
13123
13125
13125
13130
13129
13129
13125
13116
13122
13125
13121
13125
13128
13128
13133
13138
13142
13139
13146
13142
13153
13147
13147
13149
13139
13143
13144
13142
13142
13137
13145
13132
13138
13134
13126
13134
13142
13138
13144
13140
13146
13144
13143
13145
13143
13134
13129
13126
13126
13133
13127
13133
13132
13128
13134
13137
13137
13141
13139
13132
13139
13131
13125
13116
13121
13121
13124
13130
13132
13131
13134
13135
13141
13137
13134
13128
13129
13125
13136
13135
13134
13140
13143
13147
13139
13135
13137
13139
13135
13145
13139
13142
13140
13138
13141
13139
13134
13138
13133
13127
13132
13121
13123
13134
13132
13129
13134
13132
13124
13122
13120
13115
13128
13138
13133
13131
13138
13132
13139
13138
13142
13148
13145
13150
13143
13146
13142
13140
13137
13148
13141
13143
13137
13136
13140
13147
13146
13134
13126
13131
13139
13133
13131
13134
13128
13140
13144
13141
13142
13138
13138
13136
13134
13131
13129
13132
13133
13131
13136
13127
13132
13132
13128
13123
13121
13122
13120
13118
13124
13119
13117
13122
13126
13126
13131
13132
13130
13139
13132
13133
13133
13133
13135
13139
13142
13138
13138
13138
13133
13134
13132
13132
13132
13123
13131
13128
13126
13122
13127
13117
13124
13125
13129
13130
13129
13131
13137
13138
13133
13141
13128
13121
13127
13126
13130
13138
13138
13148
13145
13139
13144
13131
13131
13133
13134
13137
13141
13143
13131
13130
13129
13131
13139
13139
13142
13139
13140
13139
13149
13141
13134
13132
13132
13137
13133
13132
13129
13133
13131
13140
13127
13130
13134
13138
13141
13140
13135
13144
13143
13141
13151
13069
12597
12108
11605
11242
11048
10942
10934
10957
11034
11104
11204
11296
11404
11501
11605
11678
11701
11718
11777
11835
11911
11966
12040
12100
12167
12227
12280
12328
12382
12424
12476
12514
12549
12588
12620
12656
12685
12706
12745
12760
12781
12802
12814
12834
12850
12864
12875
12899
12917
12930
12945
12964
12974
12982
12991
13002
13015
13010
13020
13025
13030
13037
13045
13054
13064
13076
13079
13084
13077
13088
13088
13082
13086
13091
13088
13101
13107
13108
13114
13104
13107
13107
13107
13111
13115
13114
13106
13104
13108
13107
13112
13111
13112
13110
13111
13110
13125
13129
13128
13132
13128
13133
13132
13136
13136
13136
13135
13140
13140
13140
13132
13131
13125
13126
13128
13133
13136
13139
13147
13139
13134
13139
13142
13140
13135
13134
13133
13133
13138
13134
13132
13132
13132
13135
13136
13137
13139
13134
13137
13137
13131
13132
13138
13140
13149
13145
13143
13140
13135
13137
13142
13142
13144
13149
13142
13141
13130
13129
13136
13134
13137
13142
13132
13134
13132
13132
13139
13140
13142
13139
13144
13149
13150
13150
13147
13141
13141
13132
13138
13137
13139
13139
13135
13135
13136
13132
13133
13128
13125
13132
13134
13133
13139
13135
13134
13144
13138
13136
13146
13141
13141
13141
13139
13140
13138
13132
13133
13132
13134
13130
13133
13133
13134
13131
13126
13125
13133
13136
13131
13134
13127
13131
13126
13127
13139
13137
13140
13150
13146
13148
13152
13149
13148
13149
13145
13148
13142
13134
13139
13133
13127
13132
13131
13132
13129
13123
13130
13136
13132
13130
13126
13136
13130
13133
13138
13133
13139
13132
13139
13141
13133
13132
13129
13130
13129
13127
13119
13130
13123
13123
13119
13117
13124
13119
13117
13129
13118
13113
13127
13122
13120
13125
13127
13131
13132
13132
13136
13138
13144
13144
13145
13143
13147
13146
13143
13135
13141
13133
13134
13138
13130
13138
13135
13140
13151
13145
13134
13140
13133
13139
13137
13138
13128
13133
13129
13131
13129
13121
13130
13131
13139
13143
13139
13135
13133
13137
13135
13138
13139
13135
13131
13143
13138
13139
13140
13139
13147
13143
13140
13139
13139
13138
13140
13139
13140
13137
13134
13136
13123
13131
13133
13130
13132
13140
13140
13147
13137
13138
13138
13136
13136
13136
13134
13133
13139
13141
13137
13141
13132
13132
13132
13132
13129
13129
13129
13126
13133
13129
13132
13136
13143
13138
13139
13138
13135
13135
13135
13135
13128
13138
13137
13135
13137
13138
13126
13129
13126
13127
13141
13139
13140
13142
13137
13142
13142
13143
13141
13142
13144
13148
13146
13142
13134
13133
13136
13132
13127
13121
13126
13137
13149
13145
13142
13144
13146
13145
13135
13140
13134
13132
13124
13122
13126
13127
13136
13146
13136
13133
13139
13143
13137
13140
13142
13141
13136
13133
13125
13125
13124
13126
13131
13138
13135
13133
13136
13132
13139
13129
13129
13132
13131
13133
13126
13126
13122
13127
13120
13126
13124
13127
13128
13124
13131
13131
13133
13138
13138
13130
13138
13130
13121
13125
13115
13117
13130
13130
13131
13134
13137
13125
13136
13142
13146
13150
13155
13147
13158
13142
13142
13143
13140
13139
13140
13137
13135
13142
13136
13139
13138
13141
13145
13139
13141
13139
13137
13139
13140
13135
13140
13134
13136
13138
