13126
13126
13129
13134
13128
13131
13136
13139
13138
13140
13144
13136
13143
13138
13137
13137
13135
13134
13138
13139
13139
13141
13141
13143
13139
13145
13142
13140
13142
13140
13128
13133
13133
13131
13137
13129
13131
13140
13141
13140
13142
13139
13140
13136
13136
13131
13128
13132
13131
13135
13132
13132
13142
13141
13142
13142
13148
13138
13141
13136
13131
13121
13127
13126
13120
13124
13133
13130
13119
13118
13125
13132
13129
13120
13131
13130
13135
13141
13138
13135
13131
13125
13124
13124
13126
13129
13125
13136
13131
13134
13132
13131
13136
13133
13134
13135
13135
13138
13138
13133
13140
13141
13137
13143
13139
13148
13143
13130
13134
13132
13124
13130
13119
13123
13130
13121
13115
13117
13122
13127
13135
13134
13131
13138
13139
13144
13148
13145
13150
13144
13144
13141
13149
13145
13142
13141
13136
13134
13129
13129
13133
13136
13138
13139
13136
13138
13133
13128
13136
13139
13142
13147
13146
13136
13138
13133
13129
13132
13135
13133
13142
13141
13150
13138
13135
13126
13136
13126
13134
13132
13136
13133
13144
13136
13143
13143
13141
13135
13126
13128
13125
13128
13130
13129
13128
13136
13139
13141
13144
13143
13142
13146
13144
13138
13142
13132
13134
13135
13129
13133
13138
13137
13139
13133
13141
13138
13137
13142
13145
13143
13141
13137
13145
13139
13142
13140
13139
13139
13138
13138
13138
13139
13137
13139
13133
13132
13135
13141
13144
13149
13143
13147
13139
13132
13140
13142
13134
13137
13129
13136
13141
13126
13127
13129
13126
13126
13133
13136
13144
13142
13144
13144
13146
13138
13138
13140
13139
13142
13144
13145
13146
13145
13142
13140
13131
13133
13137
13132
13131
13137
13138
13151
13146
13140
13145
13138
13131
13132
13125
13123
13125
13129
13131
13131
13130
13132
13135
13134
13145
13141
13141
13135
13137
13134
13126
13131
13128
13131
13126
13123
13126
13128
13131
13142
13144
13146
13144
13138
13139
13142
13145
13146
13136
13135
13142
13135
13136
13146
13146
13144
13160
13154
13151
13149
13146
13143
13142
13146
13142
13138
13142
13136
13144
13135
13133
13139
13137
13142
13138
13140
13134
13138
13136
13133
13127
13132
13146
13138
13139
13138
13136
13145
13141
13136
13153
13150
13144
13145
13141
13139
13137
13136
13135
13133
13134
13127
13125
13124
13125
13132
13133
13135
13143
13139
13138
13141
13133
13132
13130
13135
13139
13137
13142
13145
13129
13131
13130
13130
13130
13129
13130
13137
13138
13133
13142
13138
13140
13141
13138
13140
13140
13137
13133
13138
13135
13129
13131
13140
13144
13139
13144
13142
13136
13141
13144
13151
13141
13149
13144
13140
13138
13140
13137
13144
13137
13134
13141
13134
13135
13131
13137
13144
13139
13139
13142
13136
13130
13133
13121
13126
13129
13135
13142
13140
13139
13136
13137
13149
13145
13150
13142
13140
13140
13133
13133
13136
13136
13139
13129
13137
13143
13149
13150
13153
13155
13157
13150
13154
13157
13156
13154
13151
13146
13138
13141
13137
13136
13144
13142
13138
13142
13142
13142
13132
13134
13133
13140
13136
13128
13132
13121
13121
13125
13124
13125
13133
13138
13147
13147
13144
13141
13143
13140
13144
13139
13112
12692
11994
11390
10859
10425
10172
10082
10063
10134
10211
10337
10456
10556
10568
10563
10533
10588
10654
10760
10859
10988
11093
11216
11322
11443
11543
11660
11735
11832
11910
11990
12059
12137
12196
12253
12305
12363
12406
12452
12495
12537
12565
12613
12640
12672
12706
12729
12751
12779
12792
12813
12837
12856
12873
12895
12911
12926
12928
12940
12941
12947
12962
12974
12985
13003
13012
13019
13023
13031
13042
13043
13056
13061
13072
13069
13075
13072
13086
13084
13081
13087
13085
13094
13105
13107
13111
13109
13107
13113
13111
13113
13121
13119
13118
13116
13119
13127
13130
13134
13129
13134
13128
13126
13129
13126
13118
13126
13122
13117
13129
13128
13129
13123
13124
13119
13124
13128
13137
13132
13138
13138
13134
13134
13135
13132
13139
13132
13134
13140
13134
13132
13140
13144
13136
13134
13136
13135
13132
13138
13129
13136
13137
13146
13139
13136
13132
13138
13131
13133
13131
13134
13134
13139
13142
13138
13132
13126
13126
13129
13132
13124
13121
13119
13127
13131
13124
13125
13129
13133
13134
13124
13130
13123
13121
13130
13135
13137
13138
13141
13140
13133
13131
13129
13133
13127
13124
13134
13132
13130
13137
13137
13140
13141
13143
13139
13139
13137
13146
13144
13149
13145
13141
13146
13152
13146
13148
13143
13139
13147
13138
13138
13137
13126
13127
13134
13130
13126
13129
13129
13135
13142
13149
13151
13150
13153
13150
13153
13149
13140
13144
13145
13146
13145
13140
13141
13134
13130
13136
13131
13130
13137
13134
13134
13134
13135
13138
13129
13131
13139
13137
13134
13134
13133
13130
13135
13131
13135
13138
13144
13143
13147
13146
13144
13139
13138
13142
13138
13135
13129
13135
13130
13133
13124
13124
13133
13134
13129
13133
13131
13142
13133
13136
13144
13143
13147
13148
13137
13133
13140
13130
13131
13137
13138
13143
13145
13147
13149
13140
13134
13121
13130
13130
13125
13131
13134
13134
13139
13136
13133
13139
13132
13136
13138
13140
13133
13137
13129
13128
13128
13131
13136
13132
13144
13147
13141
13143
13137
13136
13139
13139
13138
13141
13140
13147
13145
13144
13148
13142
13139
13142
13141
13137
13132
13133
13139
13135
13137
13127
13123
13130
13130
13132
13128
13125
13134
13142
13140
13145
13140
13143
13145
13138
13134
13134
13130
13136
13136
13128
13136
13131
13139
13136
13133
13139
13140
13142
13139
13145
13142
13142
13140
13139
13133
13128
13132
13133
13139
13132
13133
13130
13132
13138
13130
13135
13138
13139
13138
13142
13132
13133
13132
13137
13142
13142
13144
13146
13139
13138
13140
13143
13142
13138
13131
13137
13140
13139
13135
13138
13134
13131
13136
13140
13142
13142
13137
13135
13137
13130
13126
13132
13134
13130
13134
13136
13131
13134
13136
13136
13129
13139
13136
13134
13135
13136
13140
13145
13141
13125
13131
13127
13125
13130
13124
13130
13133
13132
13131
13129
13127
13126
13130
13136
13142
13138
13138
13137
13148
13142
13142
13143
13146
13140
13142
13138
13140
13143
13138
13140
13132
13131
13127
13132
13139
13139
13142
13154
13151
13139
13144
13138
13137
13137
13128
13133
13142
13137
13136
13132
13131
13134
13130
13132
13124
13122
13121
13128
13134
13129
13124
13132
13138
13131
13126
13133
13135
13143
13150
13139
13136
13142
13148
13137
13140
13140
