13125
13124
13123
13118
13130
13130
13129
13130
13127
13126
13130
13135
13134
13127
13129
13127
13115
13116
13123
13118
13120
13131
13119
13118
13115
13119
13114
13121
13121
13121
13120
13123
13120
13120
13121
13120
13131
13122
13129
13129
13135
13129
13128
13137
13136
13134
13135
13136
13127
13132
13137
13137
13135
13129
13132
13141
13132
13128
13134
13131
13129
13134
13130
13125
13133
13136
13138
13139
13137
13128
13136
13143
13136
13136
13136
13133
13138
13133
13134
13135
13134
13138
13139
13136
13136
13139
13142
13145
13140
13141
13138
13132
13133
13143
13144
13142
13141
13135
13141
13138
13146
13139
13132
13138
13148
13145
13149
13142
13148
13147
13154
13155
13149
13146
13144
13149
13156
13150
13145
13145
13149
13143
13137
13133
13126
13123
13133
13138
13129
13128
13132
13129
13134
13128
13132
13133
13126
13126
13130
13119
13118
13126
13127
13129
13133
13128
13136
13132
13134
13130
13134
13136
13134
13139
13141
13137
13142
13133
13136
13141
13142
13145
13139
13131
13137
13140
13137
13137
13132
13136
13126
13125
13130
13127
13127
13132
13131
13131
13140
13131
13123
13132
13129
13126
13127
13129
13129
13135
13130
13128
13125
13128
13128
13124
13127
13125
13138
13135
13136
13141
13138
13139
13140
13138
13132
13137
13142
13135
13133
13141
13139
13139
13136
13129
13132
13135
13126
13126
13128
13123
13126
13140
13137
13147
13151
13144
13145
13146
13143
13141
13142
13146
13147
13139
13139
13126
13128
13121
13115
13117
13122
13120
13120
13120
13125
13126
13126
13130
13124
13131
13131
13132
13135
13135
13139
13143
13145
13140
13146
13139
13141
13147
13146
13144
13149
13148
13152
13141
13139
13141
13139
13138
13129
13123
13120
13124
13134
13127
13133
13137
13132
13134
13125
13137
13133
13139
13140
13145
13142
13140
13137
13139
13135
13142
13145
13148
13138
13132
13136
13126
13128
13124
13116
13121
13126
13133
13134
13123
13127
13122
13129
13133
13130
13133
13130
13134
13138
13135
13138
13138
13142
13143
13140
13142
13135
13134
13136
13140
13130
13131
13128
13127
13130
13129
13130
13133
13137
13140
13151
13139
13139
13140
13136
13143
13149
13141
13142
13142
13140
13136
13139
13140
13136
13138
13138
13136
13131
13122
13125
13134
13134
13132
13133
13131
13128
13131
13130
13137
13138
13148
13150
13144
13149
13147
13144
13145
13141
13136
13139
13132
13131
13135
13130
13131
13130
13133
13123
13121
13133
13133
13133
13141
13131
13132
13138
13138
13148
13139
13137
13146
13151
13145
13141
13136
13140
13136
13140
13138
13136
13137
13140
13136
13130
13130
13127
13133
13131
13122
13123
13115
13124
13136
13132
13135
13136
13137
13135
13135
13143
13139
13143
13145
13145
13140
13139
13132
13141
13138
13143
13139
13143
13139
13134
13133
13130
13132
13137
13136
13128
13132
13134
13127
13131
13123
13118
13129
13125
13129
13142
13140
13145
13148
13146
13141
13140
13145
13146
13139
13139
13147
13142
13143
13143
13138
13141
13147
13144
13131
13132
13135
13139
13139
13132
13130
13130
13132
13132
13142
13130
13128
13126
13123
13129
13127
13136
13130
13118
13118
13126
13121
13123
13053
12947
12810
12378
11858
11540
11230
11049
10969
10968
10990
11061
11128
11232
11314
11425
11511
11606
11696
11790
11864
11949
12015
12094
12155
12223
12283
12341
12386
12441
12480
12527
12561
12604
12636
12667
12691
12722
12737
12771
12797
12820
12835
12853
12873
12889
12898
12914
12918
12932
12950
12966
12979
12991
12991
13014
13019
13027
13035
13038
13043
13052
13055
13051
13050
13050
13058
13058
13069
13080
13082
13092
13099
13090
13093
13091
13085
13092
13089
13087
13101
13099
13095
13100
13104
13104
13103
13108
13106
13109
13113
13108
13112
13111
13112
13115
13116
13122
13132
13128
13126
13126
13124
13119
13122
13127
13127
13132
13125
13128
13126
13127
13131
13123
13130
13134
13135
13138
13134
13130
13132
13133
13134
13140
13138
13140
13139
13142
13138
13133
13133
13134
13129
13127
13129
13134
13131
13128
13133
13130
13125
13128
13130
13135
13132
13130
13128
13126
13129
13126
13121
13119
13125
13126
13133
13133
13134
13145
13144
13148
13153
13153
13143
13144
13138
13132
13134
13134
13123
13124
13129
13121
13126
13120
13120
13128
13130
13129
13131
13128
13138
13134
13140
13138
13137
13136
13139
13143
13150
13150
13143
13051
12947
12888
12848
12823
12818
12833
12837
12848
12868
12880
12896
12910
12914
12931
12945
12952
12955
12965
12968
12988
12998
13008
13012
13025
13032
13035
13041
13046
13057
13061
12987
12907
12870
12837
12827
12823
12829
12848
12853
12865
12873
12886
12895
12903
12919
12931
12939
12955
12974
12981
13001
13002
13014
13021
13028
13038
13041
13047
13053
13048
13056
13056
13063
13080
13085
13091
13090
13089
13095
13100
13106
13101
13100
13101
13101
13105
13115
13123
13128
13126
13129
13133
13130
13123
13117
13118
13111
13117
13117
13109
13112
13115
13112
13117
13118
13121
13112
13119
13121
13127
13124
13123
13118
13122
13118
13112
13114
13116
13119
13120
13122
13121
13121
13123
13130
13125
13132
13144
13138
13148
13144
13146
13151
13148
13140
13150
13141
13138
13143
13138
13134
13136
13134
13143
13136
13132
13122
13126
13117
13119
13113
13117
13114
13128
13129
13129
13142
13144
13143
13148
13146
13144
13149
13154
13152
13145
13145
13136
13138
13138
13074
12956
12894
12848
12822
12811
12808
12811
12821
12826
12836
12857
12880
12898
12912
12926
12941
12948
12965
12978
12983
12994
13010
13023
13027
13030
13036
13043
13051
13050
13048
13054
13064
13068
13075
13082
13083
13081
13079
13083
13089
13092
13100
13099
13097
13110
13108
13113
13119
13117
13125
13129
13124
13124
13122
13128
13124
13124
13123
13126
13126
13125
13122
13122
13117
13119
13116
13112
13110
13116
13120
13119
13123
13123
13126
13115
13119
13123
13117
13115
13127
13124
13129
13123
13115
13129
13122
13123
13130
13126
13128
13127
13128
13134
13128
13122
13119
13124
13125
13127
13132
13136
13135
13140
13139
13138
13141
13134
13133
13128
13127
13132
13138
13147
13153
13154
13154
13151
13154
13151
13152
13148
13140
13133
13136
13145
13138
13130
13133
13132
13129
13132
13127
13130
13136
13139
13137
13144
13137
13135
13138
13142
13140
13138
13131
13126
13128
13127
13130
13130
13135
13145
13142
13150
13145
13143
13136
13142
13129
13137
13136
13137
13144
13143
13135
13143
13134
13133
13137
13132
13137
13136
13139
13135
13133
13134
13129
