13122
13132
13129
13132
13131
13135
13141
13147
13141
13143
13138
13140
13140
13141
13138
13142
13142
13133
13137
13130
13132
13137
13140
13142
13138
13138
13137
13133
13129
13127
13130
13138
13141
13144
13143
13142
13155
13144
13142
13141
13139
13140
13144
13138
13136
13138
13137
13143
13133
13136
13140
13134
13132
13134
13137
13137
13134
13131
13141
13134
13129
13136
13125
13132
13128
13131
13132
13127
13127
13123
13130
13131
13130
13131
13142
13137
13141
13137
13139
13134
13136
13136
13135
13144
13144
13143
13142
13146
13150
13151
13150
13144
13142
13136
13136
13132
13128
13124
13134
13128
13125
13132
13133
13136
13135
13134
13141
13138
13134
13127
13125
13127
13134
13132
13137
13130
13139
13132
13140
13146
13138
13133
13125
13124
13126
13130
13131
13140
13138
13139
13144
13144
13148
13147
13139
13143
13142
13132
13138
13123
13127
13132
13129
13122
13127
13126
13125
13130
13129
13126
13126
13127
13138
13138
13135
13140
13145
13139
13141
13134
13135
13132
13137
13134
13131
13129
13129
13138
13135
13138
13142
13149
13151
13153
13148
13144
13140
13131
13139
13133
13125
13139
13138
13141
13142
13138
13138
13139
13142
13136
13137
13146
13147
13147
13141
13129
13129
13128
13136
13139
13144
13142
13141
13139
13136
13138
13141
13139
13133
13136
13135
13130
13125
13129
13125
13136
13138
13136
13141
13135
13129
13130
13129
13125
13125
13133
13132
13134
13129
13129
13128
13137
13134
13132
13131
13132
13132
13136
13134
13136
13132
13131
13136
13132
13129
13129
13123
13131
13125
13122
13124
13122
13133
13133
13133
13133
13131
13133
13137
13132
13133
13137
13134
13139
13146
13142
13133
13129
13133
13126
13132
13134
13137
13141
13138
13137
13148
13143
13139
13138
13139
13136
13135
13132
13135
13137
13142
13142
13135
13138
13131
13135
13141
13150
13144
13149
13149
13149
13153
13146
13137
13142
13140
13139
13127
13122
13116
13117
13126
13123
13119
13120
13117
13120
13122
13127
13131
13126
13121
13131
13130
13129
13127
13127
13133
13130
13133
13127
13116
13123
13125
13123
13130
13135
13138
13147
13153
13138
13142
13133
13131
13140
13140
13146
13151
13155
13146
13145
13146
13139
13138
13142
13142
13137
13132
13127
13133
13128
13128
13133
13136
13128
13129
13133
13140
13138
13138
13140
13134
13140
13145
13143
13146
13142
13137
13145
13140
13135
13141
13137
13145
13147
13139
13138
13134
13133
13137
13139
13145
13136
13139
13147
13150
13147
13136
13132
13144
13136
13135
13137
13141
13143
13147
13151
13154
13147
13148
13148
13143
13145
13143
13136
13135
13126
13123
13126
13125
13121
13133
13127
13136
13134
13131
13134
13141
13136
13137
13139
13148
13137
13135
13143
13146
13146
13142
13139
13142
13140
13141
13142
13141
13134
13126
13125
13123
13116
13118
13122
13122
13128
13129
13128
13123
13124
13119
13119
13120
13116
13129
13128
13134
13137
13133
13135
13134
13139
13141
13141
13145
13142
13141
13140
13134
13132
13125
13127
13137
13129
13133
13134
13139
13138
13130
13134
13130
13131
13126
13129
13129
13132
13137
13137
13137
13138
13141
13147
13145
13138
13138
13135
13136
13139
12901
11981
10899
10019
9473
9175
9077
9062
9158
9272
9455
9607
9806
9979
10179
10346
10524
10680
10844
10981
11127
11245
11369
11483
11592
11685
11779
11854
11937
12001
12078
12142
12216
12275
12331
12379
12442
12476
12517
12562
12595
12625
12649
12672
12707
12731
12761
12776
12805
12825
12846
12865
12893
12905
12928
12938
12948
12959
12973
12981
12988
12990
13004
13018
13018
13029
13038
13041
13050
13052
13054
13068
13067
13075
13071
13081
13085
13084
13085
13096
13089
13089
13098
13096
13100
13097
13097
13103
13107
13112
13109
13116
13118
13117
13118
13113
13111
13115
13117
13119
13125
13126
13131
13137
13127
13127
13119
13123
13127
13128
13127
13135
13129
13138
13124
13126
13126
13124
13125
13130
13121
13126
13132
13133
13137
13144
13141
13132
13136
13132
13127
13129
13122
13119
13133
13126
13119
13124
13119
13118
13121
13121
13122
13118
13113
13123
13120
13119
13107
13115
13119
13122
13118
13123
13119
13125
13138
13135
13128
13133
13131
13136
13140
13133
13136
13134
13139
13136
13137
13139
13135
13142
13143
13139
13141
13137
13138
13137
13131
13127
13132
13135
13135
13145
13141
13146
13133
13138
13143
13135
13137
13133
13128
13133
13135
13133
13145
13138
13141
13143
13138
13134
13134
13139
13132
13129
13134
13130
13133
13132
13133
13128
13127
13129
13139
13135
13147
13141
13139
13138
13135
13134
13141
13138
13139
13147
13136
13144
13140
13134
13125
13126
13133
13137
13129
13127
13137
13139
13134
13135
13130
13136
13142
13138
13139
13139
13139
13140
13136
13141
13142
13147
13146
13149
13154
13146
13138
13141
13141
13142
13138
13139
13136
13133
13126
13127
13118
13131
13128
13133
13139
13139
13140
13135
13133
13139
13143
13137
13131
13136
13131
13139
13139
13135
13128
13129
13135
13132
13133
13132
13133
13137
13138
13139
13145
13141
13141
13149
13146
13144
13141
13149
13155
13158
13160
13151
13140
13138
13136
13135
13131
13126
13133
13133
13128
13129
13139
13129
13125
13129
13124
13120
13127
13130
13134
13133
13131
13133
13126
13135
13134
13137
13140
13138
13142
13133
13130
13131
13127
13127
13131
13134
13133
13137
13136
13146
13150
13151
13150
13147
13153
13151
13153
13145
13138
13132
13142
13137
13138
13142
13137
13140
13135
13139
13137
13131
13127
13124
13122
13124
13124
13124
13128
13128
13139
13126
13124
13119
13120
13126
13130
13129
13121
13126
13124
13126
13123
13121
13130
13133
13133
13132
13129
13137
13132
13139
13142
13141
13142
13143
13145
13145
13153
13145
13142
13142
13147
13139
13143
13142
13136
13133
13137
13137
13140
13133
13134
13135
13132
13133
13125
13124
13131
13138
13138
13141
13136
13145
13146
13138
13140
13145
13141
13154
13149
13142
13141
13136
13137
13143
13137
13132
13142
13133
13135
13134
13134
13133
13133
13134
13133
13134
13132
13133
13140
13136
13143
13145
13148
13147
13144
13136
13139
13136
13133
13130
13119
13122
13131
13124
13127
13127
13120
13129
13127
13125
13132
13129
13131
13139
13134
13135
13140
13140
13139
13135
13136
13138
13140
13145
13142
13139
13138
13137
13142
13133
13131
13129
13129
13132
13136
13130
13130
13135
13131
13126
13121
13121
13127
13129
13124
13126
13133
13138
13138
13133
13135
13134
13131
13138
13133
13135
13139
13146
13145
13148
13149
13137
