13129
13125
13123
13130
13134
13126
13126
13131
13131
13129
13125
13125
13128
13137
13133
13134
13129
13136
13138
13138
13142
13144
13149
13153
13145
13136
13148
13134
13135
13135
13129
13133
13130
13134
13131
13126
13124
13116
13120
13124
13125
13128
13126
13133
13134
13128
13124
13129
13125
13129
13125
13121
13124
13132
13126
13130
13127
13130
13132
13137
13142
13141
13142
13144
13142
13145
13148
13141
13136
13138
13134
13131
13133
13129
13130
13138
13142
13141
13139
13141
13139
13140
13147
13143
13142
13130
13126
13130
13129
13134
13131
13135
13134
13136
13134
13132
13129
13134
13139
13136
13133
13133
13127
13134
13125
13126
13134
13136
13136
13139
13132
13137
13129
13129
13132
13128
13135
13134
13141
13146
13145
13140
13138
13136
13154
13138
13133
13128
13131
13119
13113
13112
13113
13111
13113
13129
13126
13130
13129
13129
13138
13133
13135
13138
13138
13135
13132
13128
13128
13132
13133
13136
13128
13134
13124
13119
13116
13125
13130
13136
13142
13136
13135
13143
13151
13145
13136
13148
13152
13148
13142
13132
13129
13129
13130
13134
13128
13134
13136
13134
13134
13137
13139
13138
13138
13139
13145
13139
13133
13137
13134
13137
13138
13133
13139
13136
13135
13132
13137
13137
13137
13138
13142
13137
13137
13130
13118
13121
13123
13122
13127
13121
13126
13129
13131
13139
13137
13140
13142
13133
13129
13135
13135
13137
13136
13134
13134
13134
13126
13132
13132
13138
13139
13137
13141
13138
13139
13135
13137
13139
13131
13139
13142
13139
13150
13131
13136
13137
13139
13138
13142
13137
13137
13136
13142
13144
13141
13140
13144
13137
13133
13135
13138
13146
13135
13130
13140
13138
13138
13145
13137
13132
13138
13137
13134
13125
13132
13130
13135
13134
13133
13131
13137
13138
13148
13136
13137
13139
13140
13137
13141
13134
13134
13132
13128
13124
13122
13118
13127
13124
13127
13124
13129
13136
13142
13138
13144
13134
13136
13134
13130
13127
13136
13132
13144
13134
13134
13138
13136
13138
13146
13143
13139
13141
13149
13145
13143
13145
13150
13148
13145
13133
13138
13137
13134
13140
13130
13126
13121
13123
13121
13123
13116
13128
13123
13120
13127
13123
13124
13128
13123
13129
13130
13130
13138
13144
13148
13141
13136
13147
13146
13141
13135
13139
13145
13137
13137
13141
13136
13143
13140
13142
13138
13131
13129
13138
13133
13142
13139
13144
13147
13140
13138
13133
13133
13131
13136
13135
13140
13144
13145
13143
13152
13137
13135
13134
13134
13129
13124
13130
13127
13122
13125
13130
13138
13136
13140
13142
13142
13142
13147
13153
13158
13157
13158
13157
13152
13147
13149
13145
13142
13140
13136
13141
13136
13136
13143
13140
13140
13138
13131
13126
13119
13122
13121
13125
13128
13134
13127
13129
13126
13124
13126
13126
13135
13128
13135
13136
13136
13140
13136
13124
13128
13133
13133
13136
13133
13136
13134
13130
13135
13138
13130
13130
13124
13124
13126
13131
13131
13138
13127
13138
13136
13138
13143
13146
13142
13140
13145
13150
13149
13143
13153
13153
13149
13149
13143
13148
13148
13139
13139
13136
13135
13136
13134
13136
13130
13129
13136
13135
13137
13135
13135
13130
12593
11856
11410
11126
10994
10942
10957
10995
11068
11150
11261
11355
11452
11536
11637
11731
11820
11900
11982
12053
12126
12184
12246
12293
12354
12397
12437
12477
12523
12554
12589
12623
12657
12690
12720
12749
12778
12805
12822
12847
12863
12877
12901
12904
12912
12933
12944
12948
12960
12969
12979
12991
13004
13010
13013
13029
13033
13045
13051
13045
13057
13058
13061
13074
13081
13093
13099
13102
13103
13104
13099
13108
13099
13104
13096
13101
13109
13107
13110
13114
13114
13119
13120
13125
13126
13135
13132
13125
13132
13130
13133
13140
13133
13131
13124
13122
13119
13116
13115
13114
13117
13120
13118
13124
13119
13132
13131
13138
13140
13134
13131
13136
13136
13136
13141
13139
13133
13138
13135
13138
13135
13131
13137
13138
13137
13138
13135
13131
13131
13137
13133
13132
13132
13135
13140
13143
13138
13143
13141
13132
13138
13133
13131
13133
13131
13135
13131
13130
13134
13138
13136
13138
13136
13138
13133
13131
13138
13135
13136
13140
13145
13149
13154
13145
13142
13148
13141
13135
13126
13125
13126
13123
13130
13133
13136
13145
13135
13134
13129
13132
13136
13136
13138
13140
13130
13128
13130
13125
13124
13128
13125
13131
13120
13127
13131
13137
13133
13137
13138
13145
13139
13144
13150
13146
13145
13144
13144
13149
13143
13138
13139
13139
13146
13148
13152
13147
13150
13149
13139
13132
13135
13131
13134
13129
13123
13133
13132
13131
13132
13134
13143
13140
13139
13148
13153
13142
13139
13138
13134
13134
13131
13124
13129
13116
13116
13121
13118
13127
13122
13131
13133
13131
13140
13134
13137
13141
13147
13138
13140
13143
13146
13144
13138
13134
13128
13128
13131
13133
13136
13131
13131
13130
13128
13135
13144
13136
13139
13146
13142
13144
13137
13132
13142
13138
13141
13152
13138
13136
13137
13136
13134
13134
13136
13132
13135
13148
13142
13143
13142
13134
13134
13125
13121
13126
13124
13130
13133
13130
13131
13141
13142
13149
13138
13146
13142
13144
13146
13144
13141
13144
13134
13125
13128
13120
13125
13123
13122
13126
13125
13124
13128
13134
13139
13135
13132
13137
13134
13134
13134
13131
13135
13137
13134
13133
13125
13128
13131
13129
13130
13130
13125
13133
13125
13126
13128
13130
13136
13134
13137
13142
13142
13144
13150
13141
13140
13138
13130
13141
13140
13136
13134
13132
13131
13125
13131
13127
13129
13128
13127
13123
13126
13115
13125
13128
13128
13128
13129
13136
13145
13148
13141
13143
13138
13142
13138
13136
13136
13138
13142
13152
13142
13138
13152
13145
13144
13147
13136
13136
13134
13140
13134
13131
13132
13132
13135
13132
13133
13137
13134
13132
13134
13131
13134
13137
13132
13132
13130
13139
13140
13137
13137
13132
13132
13138
13138
13136
13145
13145
13150
13146
13137
13136
13137
13136
13128
13138
13135
13133
13135
13132
13136
13137
13138
13130
13126
13135
13137
13146
13138
13133
13135
13136
13136
13139
13137
13140
13140
13140
13136
13135
13137
13142
13135
13133
13126
13122
13128
13137
13145
13141
13138
13132
13138
13139
13133
13133
13133
13134
13135
13136
13130
13126
13127
13128
13130
13133
13134
13134
13135
13135
13144
13139
13140
13152
13143
13146
13143
13140
13134
13137
13133
13136
13133
13135
13131
13134
13136
13140
13137
13134
13132
13124
13127
13130
13128
13131
