13126
13133
13138
13135
13141
13137
13139
13141
13133
13130
13132
13123
13126
13132
13127
13128
13135
13136
13134
13133
13137
13137
13137
13135
13140
13136
13141
13136
13141
13134
13133
13134
13132
13128
13131
13137
13134
13132
13138
13144
13149
13153
13147
13146
13150
13146
13144
13143
13143
13136
13141
13134
13133
13140
13134
13136
13141
13135
13136
13138
13143
13139
13144
13146
13147
13140
13142
13141
13146
13138
13141
13139
13140
13141
13139
13142
13141
13143
13138
13142
13141
13141
13147
13135
13141
13133
13131
13143
13139
13137
13141
13137
13137
13143
13135
13138
13148
13144
13142
13138
13136
13131
13127
13127
13128
13128
13127
13127
13141
13120
13129
13131
13136
13139
13141
13139
13140
13139
13135
13138
13133
13127
13136
13130
13138
13132
13129
13126
13121
13119
13134
13132
13135
13132
13133
13138
13140
13136
13135
13135
13137
13134
13138
13134
13136
13143
13153
13145
13152
13142
13143
13148
13148
13147
13147
13147
13143
13140
13141
13135
13128
13131
13134
13131
13139
13133
13140
13134
13135
13137
13146
13135
13132
13135
13125
13135
13129
13123
13127
13126
13139
13134
13132
13133
13138
13136
13137
13133
13139
13130
13137
13141
13145
13140
13147
13150
13154
13152
13148
13148
13135
13136
13135
13128
13131
13132
13131
13132
13137
13130
13134
13126
13129
13130
13122
13125
13129
13133
13137
13137
13136
13140
13147
13144
13141
13139
13133
13140
13142
13136
13133
13134
13141
13138
13142
13137
13135
13137
13140
13142
13141
13135
13127
13126
13129
13134
13138
13143
13136
13132
13140
13134
13132
13134
13134
13131
13138
13129
13132
13133
13139
13135
13143
13139
13132
13128
13125
13124
13126
13126
13122
13135
13136
13140
13142
13138
13133
13136
13132
13133
13126
13136
13138
13135
13147
13138
13138
13143
13140
13139
13142
13137
13144
13152
13146
13149
13153
13152
13148
13149
13148
13140
13149
13149
13147
13148
13145
13140
13145
13143
13138
13131
13132
13131
13135
13136
13141
13136
13133
13136
13134
13134
13131
13134
13130
13127
13130
13128
13126
13127
13137
13132
13136
13135
13132
13136
13139
13138
13130
13022
12932
12871
12747
12637
12577
12534
12530
12530
12548
12560
12592
12617
12648
12672
12696
12719
12743
12772
12794
12810
12824
12847
12862
12891
12907
12924
12932
12944
12958
12964
12983
12984
12990
13001
13011
13021
13032
13040
13039
13042
13047
13049
13057
13068
13069
13080
13088
13093
13101
13091
13091
13095
13093
13102
13093
13089
13096
13104
13109
13117
13114
13118
13117
13116
13122
13130
13128
13121
13118
13114
13123
13123
13118
13128
13115
13118
13123
13122
13124
13125
13130
13129
13131
13130
13122
13129
13122
13121
13130
13128
13129
13134
13139
13140
13140
13134
13136
13137
13142
13138
13135
13141
13143
13140
13140
13133
13130
13125
13126
13125
13135
13135
13141
13140
13134
13133
13136
13138
13133
13132
13136
13136
13138
13141
13141
13142
13136
13138
13142
13138
13138
13139
13139
13150
13141
13139
13138
13138
13132
13136
13131
13138
13141
13141
13142
13140
13134
13140
13136
13136
13132
13126
13137
13137
13139
13139
13146
13155
13154
13154
13148
13137
13077
12513
11693
11043
10616
10388
10309
10285
10344
10416
10532
10644
10787
10908
11048
11164
11295
11399
11507
11605
11710
11796
11888
11960
12046
12122
12185
12237
12301
12352
12398
12441
12481
12519
12556
12594
12631
12659
12703
12734
12769
12789
12801
12814
12829
12842
12861
12879
12888
12912
12922
12934
12948
12964
12977
12994
13005
13015
13023
13034
13040
13051
13050
13048
13051
13058
13054
13058
13060
13060
13069
13081
13082
13089
13092
13097
13097
13099
13096
13094
13093
13099
13101
13107
13113
13121
13121
13126
13120
13118
13113
13121
13124
13127
13124
13126
13123
13121
13117
13123
13129
13127
13127
13127
13129
13134
13134
13137
13144
13146
13148
13146
13134
13135
13132
13128
13134
13133
13130
13131
13132
13136
13131
13134
13140
13137
13140
13135
13134
13144
13148
13154
13155
13160
13152
13153
13145
13148
13142
13142
13140
13136
13139
13135
13134
13145
13139
13132
13135
13132
13135
13139
13130
13139
13132
13134
13138
13146
13147
13143
13145
13145
13145
13140
13136
13131
13135
13135
13130
13138
13130
13132
13135
13137
13146
13142
13134
13134
13134
13133
13130
13129
13125
13136
13130
13139
13129
13131
13136
13126
13124
13131
13130
13131
13131
13140
13137
13138
13135
13127
13129
13136
13138
13139
13124
13128
13142
13135
13133
13139
13137
13145
13141
13138
13141
13138
13137
13141
13137
13147
13146
13147
13145
13139
13135
13140
13137
13128
13134
13136
13128
13133
13123
13129
13130
13127
13122
13124
13126
13132
13139
13141
13131
13129
13135
13130
13141
13127
13118
13129
13129
13123
13122
13132
13134
13134
13136
13141
13135
13140
13142
13138
13141
13138
13135
13132
13128
13128
13130
13121
13120
13128
13125
13137
13134
13138
13144
13146
13149
13142
13144
13143
13139
13137
13142
13139
13141
13130
13133
13136
13131
13126
13125
13134
13134
13129
13130
13138
13135
13136
13140
13130
13139
13145
13144
13140
13134
13135
13150
13146
13143
13142
13135
13139
13139
13137
13135
13139
13144
13140
13141
13139
13132
13137
13131
13123
13130
13118
13118
13121
13123
13126
13130
13128
13131
13135
13133
13145
13139
13134
13137
13136
13138
13138
13135
13138
13140
13132
13132
13135
13134
13135
13123
13130
13126
13129
13126
13132
13133
13135
13135
13136
13129
13124
13126
13126
13135
13128
13125
13127
13126
13133
13131
13134
13131
13126
13135
13136
13131
13130
13130
13129
13133
13130
13134
13136
13135
13133
13132
13125
13129
13140
13142
13143
13142
13139
13140
13137
13136
13133
13134
13140
13136
13127
13132
13124
13127
13126
13118
13125
13119
13129
13124
13129
13132
13133
13138
13139
13141
13142
13146
13140
13149
13142
13136
13140
13134
13130
13136
13138
13133
13143
13130
13136
13139
13139
13137
13140
13142
13134
13138
13142
13138
13142
13142
13144
13146
13140
13135
13137
13141
13138
13127
13123
13128
13128
13133
13138
13129
13125
13134
13136
13136
13137
13136
13142
13136
13136
13142
13135
13127
13132
13130
13133
13142
13139
13145
13140
13145
13137
13138
13144
13143
13144
13143
13138
13144
13132
13131
13137
13135
13134
13132
13129
13129
13133
13132
13135
13131
13133
13129
13134
13141
13152
13145
13147
13145
13146
13150
13147
13140
13149
13145
13146
13145
13145
13143
13147
13148
13148
13150
13154
13145
13144
13142
13138
13139
13131
