13134
13134
13132
13126
13133
13141
13140
13147
13144
13140
13150
13142
13141
13143
13133
13135
13134
13129
13123
13123
13129
13127
13139
13140
13140
13138
13138
13139
13148
13142
13131
13127
13125
13119
13114
13109
13121
13121
13121
13133
13134
13135
13135
13132
13130
13131
13131
13132
13127
13123
13134
13124
13126
13125
13126
13123
13126
13126
13136
13139
13148
13133
13131
13130
13131
13134
13130
13136
13147
13140
13141
13143
13144
13142
13141
13138
13141
13132
13142
13147
13139
13132
13138
13133
13136
13142
13145
13146
13137
13129
13137
13130
13130
13136
13125
13127
13130
13133
13136
13138
13142
13140
13142
13135
13127
13130
13129
13137
13139
13130
13128
13132
13134
13143
13146
13139
13146
13148
13145
13141
13130
13140
13138
13131
13125
13126
13129
13128
13133
13125
13124
13122
13122
13132
13124
13122
13127
13138
13137
13128
13124
13126
13129
13138
13137
13138
13135
13139
13149
13138
13142
13133
13127
13120
13117
13107
13116
13121
13127
13132
13132
13132
13135
13138
13142
13145
13156
13150
13148
13137
13148
13137
13136
13135
13126
13128
13129
13131
13130
13124
13131
13129
13139
13136
13135
13131
13132
13132
13139
13132
13134
13137
13138
13136
13134
13125
13126
13136
13135
13138
13134
13136
13146
13142
13146
13144
13144
13138
13135
13140
13142
13138
13134
13136
13128
13123
13125
13125
13134
13138
13140
13134
13136
13134
13129
13122
13114
13112
13115
13112
13113
13121
13115
13122
13118
13114
13128
13121
13121
13124
13123
13127
13131
13128
13132
13135
13135
13139
13138
13133
13147
13139
13139
13136
13132
13131
13134
13132
13136
13135
13131
13132
13134
13138
13135
13126
13120
13122
13131
13128
13127
13135
13129
13134
13126
13129
13132
13138
13141
13141
13136
13137
13142
13137
13141
13139
13135
13144
13145
13140
13147
13134
13138
13138
13126
13127
13128
13129
13129
13129
13131
13132
13139
13136
13133
13137
13141
13136
13135
13125
13122
13122
13127
13128
13121
13120
13126
13128
13128
13131
13129
13137
13137
13133
13136
13124
13121
13130
13121
13124
13134
13123
13125
13134
13128
13126
13124
13118
13119
13121
13128
13124
13127
13130
13133
13133
13127
13127
13138
13131
13135
13140
13142
13137
13136
13138
13142
13137
13135
13140
13138
13141
13143
13143
13142
13138
13131
13132
13125
13118
13129
13124
13138
13131
13123
13128
13126
13125
13124
13119
13122
13124
13126
13131
13126
13128
13134
13132
13138
13136
13135
13137
13135
13137
13133
13132
13136
13136
13135
13141
13128
13133
13130
13120
13128
13128
13128
13130
13126
13122
13129
13127
13125
13132
13126
13122
13125
13129
13125
13122
13128
13127
13128
13126
13125
13131
13129
13130
13137
13135
13141
13137
13130
13132
13129
13128
13120
13126
13130
13137
13134
13141
13152
13148
13149
13145
13144
13156
13149
13145
13149
13142
13130
13140
13130
13126
13133
13131
13128
13132
13134
13133
13129
13133
13129
13125
13124
13121
13131
13126
13122
13123
13123
13125
13123
13125
13135
13128
13127
13130
13118
13122
13121
13116
13114
13113
13115
13122
13122
13113
13119
13118
13115
13121
13123
13130
13134
13130
13129
13132
13138
13138
13140
13140
13125
12617
11549
10616
10073
9759
9632
9584
9640
9716
9861
9990
10113
10158
10262
10305
10398
10497
10633
10754
10901
11022
11152
11266
11384
11484
11597
11679
11775
11856
11941
12015
12092
12150
12220
12270
12331
12377
12428
12477
12517
12554
12590
12617
12650
12671
12703
12728
12752
12778
12799
12824
12843
12869
12887
12901
12917
12939
12948
12952
12971
12974
12986
12999
13008
13007
13018
13025
13024
13046
13041
13049
13056
13058
13058
13067
13071
13069
13071
13078
13084
13100
13101
13102
13117
13106
13102
13108
13106
13103
13093
13100
12992
12902
12851
12823
12805
12799
12808
12815
12836
12849
12866
12881
12888
12896
12910
12912
12927
12946
12960
12971
12985
12994
13006
13016
13027
13028
13036
13053
13061
13061
13064
13065
13071
13065
13066
13071
13072
13074
13081
13091
13090
13096
13099
13098
13100
13102
13101
13101
13110
13113
13110
13115
13118
13113
13122
13125
13120
13128
13130
13133
13138
13134
13137
13135
13140
13137
13143
13136
13130
13125
13123
13123
13139
13127
13125
13130
13123
13121
13123
13119
13114
13113
13114
13121
13119
13119
13132
13129
13133
13129
13121
13132
13119
13125
13136
13129
13133
13135
13130
13128
13133
13130
13126
13126
13139
13132
13134
13138
13131
13133
13137
13137
13142
13138
13137
13138
13130
13131
13134
13127
13134
13135
13139
13142
13146
13144
13151
13145
13140
13139
13130
13137
13137
13133
13136
13130
13127
13134
13126
13126
13126
13126
13138
13141
13145
13141
13144
13141
13142
13137
13139
13133
13136
13131
13135
13136
13143
13147
13141
13145
13144
13138
13137
13138
13134
13138
13139
13141
13150
13146
13148
13157
13150
13140
13150
13133
13134
13128
13132
13135
13138
13135
13134
13131
13125
13130
13131
13131
13129
13128
13125
13124
13126
13125
13119
13132
13128
13132
13130
13133
13127
13129
13118
13121
13121
13129
13137
13137
13132
13140
13142
13152
13138
13136
13145
13142
13143
13146
13144
13147
13151
13148
13141
13135
13132
13130
13138
13140
13136
13133
13131
13128
13134
13126
13127
13133
13133
13137
13137
13139
13135
13130
13129
13134
13123
13128
13130
13127
13137
13132
13135
13137
13134
13131
13137
13136
13127
13126
13125
13132
13136
13129
13134
13133
13133
13132
13138
13142
13142
13142
13148
13144
13146
13140
13132
13133
13130
13137
13138
13139
13142
13140
13145
13140
13136
13138
13134
13133
13137
13137
13134
13140
13139
13138
13153
13143
13141
13140
13132
13134
13134
13132
13123
13123
13124
13122
13129
13132
13137
13144
13143
13138
13145
13140
13136
13140
13135
13135
13127
13130
13128
13130
13131
13130
13128
13128
13132
13131
13130
13128
13124
13131
13131
13132
13143
13136
13142
13143
13138
13135
13130
13134
13131
13132
13132
13131
13125
13131
13126
13127
13126
13129
13140
13138
13138
13138
13131
13133
13130
13130
13130
13123
13132
13136
13134
13136
13142
13137
13132
13129
13133
13138
13128
13125
13122
13119
13114
13122
13115
13119
13118
13117
13119
13125
13128
13126
13131
13135
13131
13131
13135
13130
13134
13132
13141
13143
13143
13139
13138
13134
13136
13131
13132
13135
13130
13137
13142
13138
13131
13130
13130
13135
13130
13127
13137
13129
13132
13133
13133
13138
13141
13142
13144
13147
13148
13144
13141
13138
13140
13132
13129
13135
13142
13138
