13126
13130
13129
13136
13131
13128
13127
13129
13122
13127
13129
13128
13139
13135
13140
13148
13143
13139
13149
13140
13138
13133
13128
13138
13140
13141
13144
13146
13147
13133
13138
13132
13127
13130
13128
13125
13129
13123
13125
13133
13129
13132
13135
13139
13144
13145
13153
13155
13149
13148
13150
13147
13145
13145
13143
13149
13139
13133
13136
13133
13129
13137
13138
13134
13138
13138
13130
13129
13135
13133
13136
13129
13123
13131
13137
13137
13140
13134
13133
13133
13127
13125
13126
13128
13129
13130
13129
13133
13134
13119
12996
12916
12876
12844
12829
12828
12830
12806
12786
12762
12762
12769
12784
12794
12816
12832
12854
12873
12890
12902
12921
12937
12950
12964
12971
12975
12993
13000
13008
13019
13017
13021
13032
13035
13051
13063
13057
13065
13059
13065
13069
13068
13065
13069
13074
13089
13090
13090
13102
13100
13102
13110
13102
13114
13118
13119
13119
13121
13129
13126
13124
13122
13122
13130
13126
13129
13132
13125
13136
13135
13128
13136
13131
13136
13141
13138
13138
13140
13124
13133
13134
13134
13137
13139
13131
13139
13134
13126
13133
13130
13131
13132
13128
13123
13124
13128
13121
13131
13136
13133
13138
13142
13146
13145
13146
13143
13150
13142
13138
13140
13140
13139
13135
13134
13133
13129
13129
13132
13133
13146
13145
13137
13133
13126
13125
13126
13129
13126
13136
13145
13138
13145
13141
13137
13139
13142
13134
13134
13137
13131
13137
13141
13138
13145
13146
13146
13148
13141
13141
13138
13137
13130
13124
13116
13113
13122
13117
13120
13121
13122
13125
13127
13134
13132
13137
13142
13141
13131
13139
13132
13128
13135
13131
13134
13133
13133
13128
13135
13134
13135
13134
13138
13134
13137
13134
13135
13142
13130
13128
13132
13122
13125
13126
13127
13130
13134
13141
13140
13137
13139
13138
13138
13143
13138
13137
13150
13142
13140
13153
13143
13145
13150
13156
13150
13157
13156
13151
13147
13151
13143
13144
13138
13135
13139
13137
13136
13134
13126
13125
13136
13138
13132
13130
13131
13133
13131
13127
13131
13122
13119
13124
13118
13122
13124
13130
13138
13133
13132
13142
13133
13136
13138
13137
13137
13136
13134
13136
13141
13150
13140
13142
13145
13145
13140
13142
13144
13138
13129
13128
13123
13130
13129
13122
13123
13122
13122
13120
13115
13112
13116
13132
13127
13129
13133
13134
13135
13140
13136
13143
13131
13133
13136
13128
13126
13120
13127
13126
13133
13135
13132
13134
13142
13140
13135
13135
13133
13141
13144
13137
13137
13131
13134
13136
13129
13134
13136
13143
13148
13142
13144
13142
13140
13140
13144
13140
13142
13134
13134
13138
13137
13144
13145
13139
13145
13137
13137
13124
13136
13129
13131
13138
13139
13133
13132
13130
13131
13137
13125
13121
13120
13128
13126
13129
13126
13132
13128
13126
13121
13118
13121
13125
13127
13124
13133
13138
13137
13140
13128
13134
13124
13130
13137
13129
13133
13135
13138
13136
13132
13137
13134
13135
13133
13135
13140
13144
13144
13146
13135
13140
13140
13143
13149
13141
13148
13143
13142
13138
13138
13135
13137
13145
13141
13142
13142
13150
13148
13145
13144
13155
13144
13146
13148
13134
12956
12521
11872
11382
10975
10755
10643
10635
10668
10755
10839
10950
11050
11166
11266
11382
11487
11592
11688
11783
11867
11945
12016
12039
12019
12034
12057
12099
12136
12198
12244
12292
12234
12187
12164
12186
12200
12238
12277
12314
12357
12409
12441
12486
12511
12555
12581
12614
12641
12671
12702
12735
12764
12793
12806
12837
12862
12878
12894
12913
12916
12927
12941
12956
12961
12974
12991
13002
13004
13020
13027
13042
13053
13062
13056
13064
13060
13067
13070
13064
13072
13066
13073
13078
13088
13095
13091
13097
13099
13103
13109
13107
13100
13102
13104
13106
13114
13112
13113
13111
13117
13126
13119
13128
13135
13130
13133
13127
13116
13112
13112
13114
13122
13121
13115
13126
13122
13117
13120
13125
13128
13126
13127
13124
13129
13136
13134
13130
13139
13134
13136
13131
13130
13136
13124
13125
13130
13123
13122
13118
13107
13108
13109
13113
13120
13117
13119
13118
13128
13132
13124
13125
13124
13131
13132
13141
13120
13123
13129
13128
13133
13131
13130
13124
13123
13119
13116
13110
13119
13115
13120
13123
13119
13124
13118
13120
13123
13123
13132
13123
13124
13130
13139
13147
13146
13142
13146
13141
13138
13134
13129
13126
13129
13121
13116
13121
13123
13131
13131
13132
13135
13141
13136
13135
13132
13136
13130
13137
13136
13137
13131
13128
13131
13133
13132
13135
13135
13134
13137
13134
13137
13137
13137
13141
13146
13137
13136
13134
13137
13137
13138
13135
13137
13139
13136
13137
13136
13136
13138
13131
13135
13142
13146
13144
13139
13136
13126
13128
13129
13133
13131
13131
13137
13146
13137
13140
13150
13145
13144
13141
13137
13133
13133
13140
13142
13138
13140
13134
13125
13128
13128
13125
13131
13134
13129
13132
13135
13131
13136
13138
13139
13145
13139
13135
13141
13139
13136
13141
13139
13140
13140
13139
13143
13142
13130
13132
13130
13128
13138
13133
13134
13126
13134
13129
13137
13129
13129
13136
13138
13134
13139
13123
13126
13123
13122
13130
13131
13134
13140
13138
13138
13138
13138
13146
13149
13146
13143
13142
13142
13136
13139
13140
13131
13132
13132
13128
13135
13131
13133
13136
13139
13139
13142
13148
13154
13141
13138
13143
13142
13137
13138
13129
13143
13147
13142
13143
13138
13138
13135
13125
13128
13126
13125
13120
13123
13116
13112
13120
13136
13139
13134
13134
13137
13138
13136
13132
13132
13127
13126
13126
13129
13133
13132
13127
13131
13121
13125
13130
13122
13129
13130
13132
13136
13130
13124
13128
13126
13127
13134
13135
13136
13147
13145
13146
13146
13141
13137
13133
13138
13144
13141
13132
13127
13127
13125
13128
13132
13130
13125
13128
13130
13130
13124
13128
13129
13124
13131
13138
13131
13134
13129
13124
13134
13130
13122
13121
13118
13117
13121
13114
13119
13120
13127
13124
13125
13119
13122
13121
13125
13126
13123
13042
12933
12880
12838
12819
12815
12819
12830
12833
12840
12856
12876
12891
12905
12919
12935
12954
12963
12974
12981
12984
12993
13001
13004
13010
13016
13013
13029
13031
13035
13042
13051
13065
13072
13072
13074
13077
13082
13087
13084
13077
13083
13094
13092
13097
13094
13089
13102
13109
13111
13108
13106
13104
13109
13111
13111
13114
13102
13112
13121
13120
13129
13119
13114
13117
13117
13105
13110
13120
13125
13136
13136
13142
13138
13134
13135
