13137
13138
13149
13142
13138
13137
13134
13136
13137
13136
13141
13138
13139
13132
13135
13131
13129
13131
13134
13128
13137
13130
13128
13134
13141
13139
13138
13131
13135
13133
13134
13134
13125
13129
13129
13127
13135
13125
13130
13126
13125
13134
13140
13134
13133
13133
13137
13137
13139
13133
13134
13136
13141
13139
13141
13139
13132
13136
13141
13136
13141
13135
13134
13141
13144
13142
13137
13138
13135
13140
13142
13135
13126
13131
13126
13124
13125
13127
13129
13133
13125
13128
13141
13132
13130
13137
13131
13132
13127
13132
13135
13135
13133
13128
13125
13127
13124
13126
13129
13127
13129
13124
13123
13126
13127
13132
13132
13131
13140
13136
13144
13145
13144
13143
13143
13139
13145
13148
13139
13144
13126
13119
13130
13131
13136
13144
13143
13141
13140
13133
13126
13127
13131
13129
13128
13125
13135
13138
13140
13140
13146
13138
13132
13136
13125
13129
13127
13131
13130
13133
13136
13138
13139
13135
13129
13130
13125
13131
13132
13132
13120
13122
13131
13127
13122
13132
13131
13128
13135
13138
13137
13143
13137
13129
13127
13131
13123
13129
13130
13133
13138
13142
13141
13145
13141
13133
13135
13137
13133
13138
13136
13140
13133
13138
13140
13138
13132
13137
13147
13141
13138
13138
13135
13130
13131
13130
13131
13132
13137
13132
13120
13126
13128
13131
13132
13133
13137
13138
13131
13132
13137
13130
13131
13135
13135
13140
13139
13134
13137
13135
13141
13137
13129
13131
13134
13129
13141
13130
13141
13147
13144
13143
13144
13140
13139
13140
13138
13137
13135
13125
13128
13131
13130
13126
13130
13133
13132
13129
13136
13128
13136
13126
13123
13121
13125
13130
13131
13132
13132
13132
13124
13129
13118
13125
13127
13131
13134
13139
13136
13129
13121
13121
13133
13129
13124
13130
13128
13128
13135
13132
13132
13130
13130
13122
13119
13111
13115
13111
13113
13117
13126
13117
13127
13127
13130
13128
13134
13129
13135
13132
13136
13127
13128
13133
13133
13137
13144
13141
13146
13143
13134
13136
13147
13134
13138
13141
13138
13136
13128
13123
13129
13129
13125
13127
13121
13121
13124
13126
13132
13134
13141
13140
13148
13138
13133
13138
13137
13133
13135
13138
13139
13137
13132
13132
13129
13124
13134
13132
13129
13128
13126
13129
13134
13127
13136
13147
13140
13138
13140
13135
13140
13138
13143
13135
13137
13137
13136
13138
13147
13146
13146
13132
13130
13131
13129
13140
13137
13134
13133
13136
13136
13143
13135
13135
13132
13134
13134
13131
13131
13126
13122
13124
13133
13130
13124
13132
13124
13131
13131
13128
13125
13131
13144
13139
13142
13138
13136
13138
13139
13143
13152
13143
13146
13146
13149
13146
13134
13134
13133
13131
13133
13130
13124
13120
13126
13128
13132
13128
13121
13129
13130
13123
13128
13118
13118
13129
13128
13126
13125
13121
13125
13132
13124
13130
13133
13140
13138
13134
13133
13134
13142
13141
13142
13143
13137
13137
13141
13139
13141
13145
13137
13141
13141
13136
13138
13133
13136
13135
13136
13141
13142
13134
13138
13138
13130
13129
13127
13135
13139
13137
13138
13138
13139
13136
13133
13138
13130
13123
13126
13126
13129
13127
13129
13134
13133
13135
12905
12262
11790
11486
11205
11038
10978
10974
11017
11075
11172
11261
11364
11463
11566
11648
11750
11830
11914
11988
12066
12129
12187
12246
12307
12359
12417
12462
12507
12536
12583
12614
12646
12677
12703
12725
12757
12783
12806
12821
12846
12855
12871
12880
12894
12908
12919
12930
12945
12953
12977
12987
13003
13023
13030
13033
13047
13047
13052
13055
13050
13054
13062
13068
13078
13075
13071
13069
13075
13082
13081
13084
13085
13093
13106
13108
13108
13113
13103
13108
13105
13114
13115
13111
13113
13115
13116
13112
13109
13113
13115
13122
13119
13124
13118
13127
13134
13133
13131
13133
13131
13134
13137
13133
13125
13121
13116
13117
13121
13123
13119
13122
13119
13118
13129
13126
13133
13141
13136
13135
13137
13139
13142
13138
13135
13141
13136
13136
13130
13128
13129
13132
13130
13132
13129
13128
13134
13129
13124
13123
13131
13132
13140
13135
13139
13138
13127
13128
13130
13136
13139
13136
13139
13136
13143
13138
13126
13128
13131
13127
13127
13130
13136
13138
13130
13130
13127
13125
13129
13130
13137
13139
13144
13152
13143
13137
13141
13133
13129
13130
13131
13126
13129
13130
13126
13126
13128
13126
13124
13122
13119
13125
13131
13136
13138
13138
13138
13138
13141
13142
13145
13139
13140
13145
13144
13143
13139
13133
13139
13138
13143
13136
13131
13137
13131
13127
13137
13136
13127
13131
13130
13134
13142
13138
13145
13137
13139
13137
13137
13141
13140
13139
13135
13133
13144
13142
13140
13141
13136
13141
13138
13136
13118
13116
13113
13115
13116
13129
13129
13123
13127
13126
13130
13126
13122
13124
13127
13129
13128
13134
13134
13139
13144
13145
13142
13144
13140
13142
13139
13134
13133
13136
13135
13132
13129
13127
13125
13129
13131
13133
13130
13135
13132
13128
13126
13123
13120
13126
13130
13128
13130
13138
13140
13142
13134
13129
13143
13138
13134
13135
13126
13132
13135
13130
13125
13122
13118
13118
13120
13122
13121
13126
13124
13132
13139
13132
13131
13133
13130
13128
13129
13135
13135
13137
13133
13139
13133
13137
13139
13133
13133
13130
13134
13132
13123
13120
13126
13118
13125
13133
13131
13136
13144
13141
13143
13141
13141
13138
13145
13143
13143
13132
13132
13132
13142
13138
13137
13137
13137
13137
13128
13125
13124
13128
13123
13129
13121
13124
13131
13133
13136
13137
13137
13142
13139
13137
13142
13140
13134
13134
13128
13132
13139
13130
13136
13139
13144
13135
13135
13126
13132
13124
13126
13128
13139
13125
13125
13130
13127
13136
13131
13133
13137
13141
13142
13136
13130
13132
13129
13125
13126
13126
13127
13129
13129
13133
13133
13124
13121
13127
13126
13127
13126
13125
13128
13128
13142
13133
13134
13138
13131
13139
13134
13135
13142
13131
13132
13137
13141
13133
13139
13134
13137
13134
13128
13128
13123
13127
13141
13132
13138
13139
13137
13141
13138
13134
13143
13138
13138
13146
13143
13142
13141
13139
13138
13129
13121
13118
13117
13118
13122
13124
13122
13129
13135
13135
13134
13136
13139
13136
13133
13132
13134
13140
13138
13145
13136
13134
13123
13125
13130
13125
13123
13131
13122
13121
13130
13133
13131
13137
13132
13131
13137
13137
13140
13137
13150
13148
13149
13146
13143
13145
13146
13136
13142
13138
13139
13146
13144
13147
13141
13142
13141
13144
