13141
13147
13151
13141
13142
13142
13141
13152
13155
13148
13147
13140
13143
13147
13143
13142
13142
13144
13140
13136
13146
13147
13139
13141
13139
13138
13136
13144
13145
13148
13146
13141
13138
13138
13138
13144
13146
13153
13154
13154
13156
13149
13158
13146
13144
13148
13147
13145
13138
13133
13142
13140
13145
13135
13141
13135
13136
13144
13139
13141
13142
13133
13130
13133
13128
13125
13124
13124
13126
13130
13129
13127
13124
13125
13123
13122
13127
13128
13130
13131
13137
13138
13146
13133
13131
13137
13140
13145
13139
13144
13146
13142
13144
13138
13130
13130
13119
13128
13124
13128
13132
13131
13134
13138
13138
13138
13133
13135
13137
13147
13146
13140
13139
13144
13149
13141
13146
13137
13130
13135
13130
13124
13137
13138
13141
13145
13141
13137
13138
13135
13136
13135
13139
13139
13140
13147
13143
13139
13131
13126
13132
13126
13126
13129
13125
13140
13146
13147
13148
13140
13137
13143
13140
13139
13144
13143
13145
13146
13153
13155
13150
13142
13152
13147
13139
13140
13139
13133
13138
13139
13135
13130
13123
13114
13119
13120
13123
13133
13137
13138
13147
13142
13144
13139
13125
13126
13123
13121
13118
13121
13122
13133
13128
13125
13126
13131
13140
13137
13137
13145
13133
13130
13128
13125
13122
13137
13136
13135
13145
13140
13132
13131
13134
13131
13133
13130
13133
13128
13130
13129
13139
13135
13131
13140
13130
13136
13136
13136
13141
13140
13145
13154
13147
13147
13148
13139
13133
13134
13133
13133
13134
13125
13142
13135
13134
13141
13139
13140
13142
13142
13145
13145
13148
13147
13143
13145
13150
13147
13147
13140
13145
13142
13138
13134
13127
13134
13138
13135
13140
13125
13131
13129
13123
13122
13125
13123
13125
13124
13126
13135
13135
13132
13143
13139
13143
13144
13143
13138
13138
13139
13139
13137
13135
13135
13137
13134
13132
13131
13124
13121
13128
13130
13132
13128
13133
13140
13142
13147
13144
13140
13135
13146
13144
13144
13146
13144
13141
13139
13141
13141
13130
13127
13144
13146
13151
13146
13146
13146
13152
13152
13158
13155
13153
13145
13145
13147
13148
13138
13131
13135
13137
13131
13121
13124
13125
13125
13131
13136
13133
13132
13128
13130
13127
13135
13132
13133
13136
13143
13144
13144
13142
13140
13144
13138
13140
13144
13138
13132
13128
13132
13139
13137
13140
13135
13134
13137
13134
13130
13125
13127
13134
13133
13135
13139
13140
13149
13143
13137
13131
13123
13130
13132
13125
13131
13129
13126
13134
13124
13123
13127
13119
13116
13123
13122
13125
13129
13124
13131
13135
13136
13139
13136
13132
13129
13138
13137
13143
13137
13135
13140
13144
13138
13139
13139
13135
13138
13131
13130
13124
13129
13136
13133
13126
13131
13131
13136
13148
13140
13133
13137
13130
13128
13136
13126
13132
13131
13129
13133
13138
13140
13142
13137
13134
13135
13142
13140
13145
13140
13141
13142
13139
13133
13130
13137
13137
13135
13136
13134
13140
13138
13136
13136
13132
13132
13137
13133
13130
13128
13130
13136
13135
13138
13135
13135
13136
13136
13129
13137
13140
13139
13136
13140
13139
13132
13133
13127
13124
13122
13126
13122
13010
12312
11131
10236
9741
9459
9369
9350
9438
9539
9705
9862
10046
10209
10395
10550
10720
10861
11007
11126
11262
11372
11502
11589
11696
11786
11877
11954
12036
12097
12161
12219
12283
12332
12386
12431
12469
12512
12555
12591
12637
12660
12690
12716
12743
12759
12786
12797
12824
12847
12868
12879
12894
12915
12926
12935
12959
12966
12978
12983
12991
12996
13007
13015
13017
13024
13032
13033
13045
13052
13056
13061
13072
13067
13083
13087
13091
13101
13112
13110
13114
13108
13103
13109
13110
13117
13120
13122
13119
13115
13116
13112
13108
13117
13118
13116
13121
13124
13124
13121
13122
13127
13130
13130
13130
13133
13122
13129
13124
13134
13124
13124
13128
13129
13129
13136
13131
13133
13134
13132
13141
13133
13138
13143
13135
13133
13138
13130
13125
13122
13121
13120
13120
13120
13123
13119
13127
13127
13129
13137
13126
13126
13129
13132
13127
13126
13122
13126
13133
13132
13128
13122
13120
13124
13131
13130
13137
13137
13133
13131
13136
13134
13134
13138
13134
13129
13127
13127
13121
13121
13119
13120
13117
13120
13131
13125
13130
13127
13123
13126
13120
13119
13127
13133
13128
13132
13130
13133
13138
13137
13137
13137
13141
13138
13140
13138
13129
13138
13138
13135
13137
13133
13138
13141
13134
13141
13136
13137
13134
13132
13128
13124
13125
13131
13131
13123
13137
13139
13141
13143
13144
13137
13150
13143
13138
13138
13145
13144
13143
13138
13141
13139
13130
13127
13128
13120
13121
13113
13115
13112
13120
13116
13124
13134
13136
13137
13134
13136
13134
13131
13137
13143
13138
13143
13145
13148
13148
13142
13138
13139
13131
13130
13133
13132
13126
13124
13130
13126
13126
13131
13135
13132
13132
13120
13121
13118
13121
13125
13121
13122
13130
13131
13135
13145
13143
13141
13144
13143
13144
13145
13143
13144
13133
13137
13134
13134
13135
13134
13138
13143
13137
13135
13146
13139
13145
13139
13140
13138
13133
13129
13129
13131
13138
13136
13138
13148
13150
13151
13156
13156
13156
13147
13149
13151
13155
13148
13150
13143
13142
13144
13144
13145
13134
13135
13135
13133
13132
13133
13143
13142
13141
13143
13146
13134
13131
13124
13129
13130
13129
13135
13131
13132
13138
13137
13131
13130
13126
13125
13130
13125
13131
13127
13133
13137
13136
13132
13133
13133
13140
13138
13128
13134
13132
13138
13141
13141
13140
13139
13146
13144
13142
13132
13135
13134
13130
13132
13126
13121
13123
13135
13134
13143
13144
13147
13144
13147
13142
13143
13141
13137
13140
13135
13126
13130
13129
13124
13130
13129
13127
13131
13124
13121
13122
13122
13120
13119
13135
13141
13141
13147
13142
13139
13142
13136
13134
13140
13129
13136
13128
13132
13133
13134
13134
13131
13125
13137
13141
13146
13146
13148
13155
13141
13137
13141
13140
13140
13142
13138
13140
13138
13138
13137
13141
13145
13155
13141
13141
13133
13129
13133
13130
13133
13132
13124
13137
13144
13141
13143
13143
13144
13141
13137
13138
13134
13128
13133
13130
13130
13128
13130
13136
13129
13131
13135
13128
13129
13132
13134
13129
13129
13133
13132
13128
13133
13136
13132
13140
13138
13147
13151
13142
13149
13153
13141
13145
13140
13137
13132
13133
13137
13145
13136
13137
13129
13137
13134
13137
13135
13135
13135
13140
13130
13126
13133
13126
13129
13129
13133
13136
13136
