13137
13135
13139
13137
13134
13123
13127
13124
13128
13132
13134
13132
13130
13119
13118
13129
13128
13130
13126
13127
13131
13137
13138
13138
13131
13136
13136
13129
13134
13132
13130
13135
13128
13130
13134
13124
13123
13127
13123
13129
13126
13125
13131
13127
13125
13125
13118
13128
13129
13137
13136
13138
13137
13137
13131
13129
13130
13127
13127
13122
13126
13132
13131
13132
13136
13140
13141
13147
13149
13144
13151
13155
13150
13139
13139
13130
13131
13133
13131
13130
13129
13138
13140
13142
13138
13130
13131
13131
13131
13133
13137
13138
13147
13142
13140
13143
13135
13134
13133
13133
13136
13134
13133
13130
13128
13126
13126
13125
13131
13130
13131
13137
13124
13126
13136
13122
13122
13131
13132
13132
13128
13125
13129
13132
13128
13126
13131
13135
13137
13138
13142
13137
13142
13134
13132
13138
13133
13134
13132
13125
13118
13123
13126
13129
13127
13133
13136
13133
13140
13143
13135
13141
13141
13138
13144
13133
13131
13132
13126
13127
13133
13134
13137
13130
13130
13133
13139
13139
13137
13136
13136
13129
13138
13138
13137
13136
13132
13133
13129
13131
13126
13129
13127
13132
13131
13130
13131
13132
13135
13139
13134
13131
13124
13122
13128
13128
13127
13136
13123
13129
13129
13126
13125
13126
13119
13126
13128
13129
13121
13124
13121
13126
13133
13134
13133
13136
13139
13139
13140
13136
13138
13138
13141
13144
13138
13141
13142
13138
13144
13139
13138
13141
13142
13141
13146
13138
13141
13141
13142
13140
13137
13136
13135
13134
13137
13137
13139
13140
13139
13129
13133
13129
13130
13122
13132
13137
13139
13134
13132
13125
13129
13122
13113
13121
13118
13128
13120
13118
13131
13136
13146
13146
13138
13129
13132
13125
13128
13134
13129
13135
13139
13140
13134
13133
13134
13136
13127
13137
13139
13141
13138
13134
13142
13138
13137
13136
13135
13138
13135
13137
13134
13134
13137
13135
13137
13133
13141
13136
13140
13135
13143
13143
13140
13138
13147
13138
13136
13138
13126
13126
13119
13125
13123
13119
13122
13116
13123
13131
13131
13137
13135
13127
13133
13128
13126
13125
13128
13127
13128
13127
13137
13134
13130
13135
13131
13133
13134
13135
13129
13136
13129
13130
13127
13121
13123
13117
13115
13120
13123
13132
13129
13129
13139
13136
13145
13143
13146
13146
13148
13139
13143
13138
13151
13139
13135
13138
13131
13128
13132
13132
13126
13132
13125
13131
13125
13132
13134
13133
13134
13127
13131
13126
13113
13108
13117
13115
13118
13123
13129
13135
13133
13132
13131
13127
13127
13122
13128
13129
13130
13128
13127
13129
13132
13128
13126
13131
13129
13129
13133
13136
13135
13140
13142
13133
13128
13132
13132
13137
13137
13137
13131
13133
13121
13122
13132
13129
13120
13125
13127
13125
13132
13134
13143
13142
13144
13142
13138
13140
13139
13134
13130
13130
13131
13127
13122
13129
13123
13119
13122
13119
13120
13122
13123
13127
13120
13123
13118
13120
13130
13129
13132
13138
13133
13129
13131
13132
13135
13135
13122
13122
13124
13122
13119
13128
13126
13128
13132
13135
13126
13121
13117
13125
13132
13126
13129
13133
13135
13138
13138
13143
13144
13140
13139
13153
13115
12660
11722
10764
10178
9832
9683
9576
9478
9465
9560
9664
9817
9957
10133
10218
10356
10478
10629
10753
10897
11022
11153
11182
11190
11240
11319
11399
11492
11569
11664
11744
11828
11901
11971
12046
12120
12179
12238
12294
12347
12394
12439
12474
12511
12544
12581
12615
12648
12673
12710
12728
12758
12784
12802
12822
12850
12867
12883
12900
12912
12918
12934
12948
12960
12974
12983
12986
13011
13013
13015
13026
13040
13048
13043
13050
13060
13068
13071
13076
13081
13092
13095
13089
13088
13089
13092
13108
13105
13100
13107
13102
13102
13101
13107
13111
13112
13118
13119
13121
13128
13124
13125
13119
13118
13117
13118
13112
13114
13109
13116
13120
13120
13129
13124
13122
13129
13131
13133
13133
13127
13127
13123
13122
13126
13121
13120
13132
13131
13135
13137
13133
13130
13121
13125
13123
13127
13126
13122
13125
13130
13127
13128
13129
13121
13122
13124
13127
13129
13122
13122
13117
13119
13115
13121
13124
13127
13132
13127
13127
13124
13124
13124
13123
13123
13129
13130
13132
13123
13130
13130
13122
13123
13126
13126
13122
13126
13133
13134
13142
13133
13126
13133
13133
13131
13130
13136
13135
13141
13136
13132
13133
13134
13133
13128
13135
13134
13133
13136
13137
13130
13135
13139
13129
13132
13133
13133
13139
13135
13128
13129
13127
13123
13134
13128
13137
13137
13134
13129
13133
13136
13130
13138
13132
13131
13131
13133
13124
13137
13128
13122
13125
13123
13122
13131
13132
13134
13138
13128
13123
13117
13118
13121
13122
13125
13125
13126
13128
13123
13124
13133
13136
13138
13132
13133
13130
13134
13131
13126
13120
13125
13118
13124
13129
13123
13127
13133
13130
13134
13130
13125
13132
13124
13130
13129
13137
13133
13129
13131
13133
13130
13134
13128
13124
13130
13130
13132
13143
13135
13138
13145
13137
13137
13141
13137
13134
13137
13135
13132
13126
13134
13137
13137
13140
13141
13138
13134
13130
13136
13133
13134
13141
13139
13137
13125
13121
13126
13126
13125
13130
13122
13131
13134
13129
13130
13130
13129
13136
13131
13130
13137
13131
13132
13133
13134
13137
13137
13135
13131
13132
13127
13127
13133
13131
13136
13134
13139
13126
13136
13130
13132
13135
13137
13130
13135
13133
13126
13126
13121
13127
13125
13124
13122
13117
13119
13119
13115
13120
13114
13117
13125
13123
13116
13123
13119
13123
13120
13116
13121
13124
13119
13123
13124
13128
13131
13130
13133
13132
13134
13134
13128
13121
13126
13132
13130
13133
13134
13137
13139
13144
13138
13150
13151
13138
13143
13138
13132
13146
13133
13137
13135
13137
13135
13136
13137
13128
13134
13132
13132
13126
13130
13130
13128
13131
13127
13132
13130
13133
13137
13138
13140
13140
13135
13136
13132
13137
13138
13138
13134
13138
13134
13137
13145
13147
13145
13146
13153
13153
13147
13132
13134
13132
13129
13133
13130
13129
13133
13131
13130
13121
13127
13124
13130
13135
13132
13133
13129
13132
13142
13139
13134
13133
13130
13133
13133
13132
13129
13127
13126
13138
13137
13139
13135
13129
13122
13131
13125
13123
13125
13122
13131
13126
13129
13134
13127
13137
13140
13138
13135
13134
13129
13136
13136
13134
13138
13132
13147
13142
13150
13140
13137
13138
13133
13138
13131
13132
13138
13134
13134
13134
13124
13137
13141
13145
13143
13143
