13128
13130
13125
13130
13123
13124
13123
13126
13127
13130
13129
13125
13129
13129
13131
13136
13133
13135
13132
13129
13136
13132
13131
13135
13131
13138
13141
13132
13129
13133
13129
13132
13121
13115
13121
13116
13119
13125
13119
13120
13119
13126
13119
13126
13122
13115
13118
13125
13122
13116
13122
13123
13125
13122
13121
13116
13126
13128
13136
13138
13140
13140
13143
13148
13145
13149
13155
13147
13155
13158
13151
13140
13129
13129
13133
13132
13130
13135
13136
13136
13139
13137
13134
13130
13132
13127
13127
13127
13126
13132
13129
13132
13138
13130
13134
13139
13140
13138
13131
13124
13129
13134
13128
13135
13129
13137
13137
13137
13138
13134
13129
13129
13119
13119
13120
13122
13120
13124
13121
13124
13130
13130
13131
13130
13125
13135
13130
13134
13134
13131
13127
13119
13125
13119
13116
13122
13119
13117
13126
13128
13137
13142
13135
13135
13124
13121
13123
13127
13119
13126
13128
13141
13147
13141
13153
13146
13133
13131
13131
13136
13127
13125
13127
13128
13135
13126
13131
13133
13135
13138
13141
13136
13136
13136
13136
13142
13142
13147
13146
13147
13150
13148
13145
13149
13141
13139
13129
13135
13134
13134
13125
13126
13125
13124
13140
13133
13132
13133
13124
13131
13128
13129
13130
13130
13134
13136
13136
13138
13130
13127
13127
13127
13135
13135
13136
13144
13148
13144
13138
13136
13132
13137
13128
13130
13123
13135
13137
13138
13138
13145
13148
13154
13150
13151
13145
13137
13134
13134
13133
13133
13137
13135
13130
13132
13144
13139
13142
13141
13137
13132
13131
13130
13134
13129
13126
13129
13129
13120
13114
13113
13117
13119
13127
13135
13133
13136
13129
13121
13128
13136
13128
13137
13136
13134
13140
13138
13137
13142
13137
13140
13140
13139
13139
13137
13135
13133
13134
13137
13137
13137
13134
13135
13146
13133
13133
13139
13131
13140
13138
13138
13138
13139
13141
13136
13122
13126
13131
13133
13133
13130
13127
13137
13134
13133
13130
13127
13123
13128
13129
13130
13137
13137
13130
13134
13129
13126
13128
13132
13132
13132
13134
13131
13139
13136
13134
13140
13140
13133
13139
13137
13135
13133
13125
13124
13121
13124
13128
13132
13135
13139
13144
13149
13147
13135
13140
13132
13136
13142
13136
13136
13134
13137
13138
13141
13144
13137
13145
13145
13139
13139
13137
13141
13152
13141
13135
13138
13135
13136
13134
13139
13140
13137
13137
13137
13127
13126
13129
13132
13129
13133
13130
13134
13132
13130
13138
13132
13134
13138
13137
13142
13146
13146
13149
13146
13141
13134
13132
13138
13139
13136
13137
13132
13142
13134
13134
13128
13130
13129
13133
13131
13128
13130
13129
13129
13120
13127
13133
13137
13137
13138
13139
13139
13142
13139
13141
13133
13131
13136
13127
13125
13129
13136
13137
13132
13127
13122
13120
13124
13123
13126
13118
13121
13129
13124
13135
13138
13139
13139
13134
13135
13136
13138
13134
13144
13141
13145
13140
13140
13140
13149
13149
13154
13146
13147
13152
13139
13137
13137
13135
13140
13141
13146
13140
13146
13145
13135
13135
13134
13126
13122
13125
13127
13129
13126
13136
13134
13132
13126
13122
13124
13123
13130
13128
13132
13123
13124
13108
12876
12407
11775
11344
11090
10965
10914
10940
10979
11065
11145
11196
11262
11352
11432
11531
11609
11704
11783
11873
11948
12021
12083
12153
12216
12285
12334
12385
12436
12476
12514
12546
12581
12624
12655
12690
12725
12749
12781
12804
12824
12838
12857
12866
12885
12895
12906
12929
12933
12942
12963
12973
12989
12998
13001
13011
13015
13022
13037
13041
13043
13045
13056
13065
13070
13077
13073
13078
13085
13085
13088
13086
13084
13090
13099
13103
13109
13109
13116
13118
13115
13118
13119
13111
13109
13107
13096
13110
13106
13112
13119
13116
13119
13123
13126
13130
13137
13135
13134
13137
13142
13142
13146
13146
13137
13137
13127
13121
13128
13130
13125
13127
13122
13131
13127
13118
13124
13118
13124
13129
13132
13127
13130
13139
13136
13134
13134
13150
13141
13136
13139
13140
13135
13131
13138
13138
13137
13139
13129
13132
13126
13127
13132
13131
13134
13139
13146
13144
13144
13144
13148
13145
13148
13144
13141
13148
13147
13132
13132
13129
13127
13129
13129
13122
13132
13123
13123
13128
13124
13133
13137
13129
13135
13139
13133
13132
13138
13138
13143
13148
13142
13137
13128
13124
13128
13132
13127
13116
13122
13118
13125
13119
13122
13123
13127
13126
13130
13122
13132
13130
13128
13129
13125
13123
13131
13131
13141
13142
13137
13132
13128
13128
13127
13125
13123
13126
13134
13140
13133
13132
13136
13135
13137
13133
13132
13135
13132
13134
13137
13137
13143
13144
13142
13141
13141
13142
13140
13131
13136
13138
13130
13128
13130
13130
13131
13131
13122
13129
13122
13126
13133
13131
13131
13125
13129
13131
13132
13139
13137
13143
13138
13135
13140
13139
13131
13138
13127
13129
13129
13127
13136
13134
13132
13132
13130
13131
13136
13129
13125
13125
13125
13121
13125
13120
13128
13117
13124
13136
13133
13127
13137
13134
13129
13129
13135
13127
13134
13135
13124
13126
13128
13126
13125
13124
13119
13120
13115
13113
13118
13129
13129
13138
13137
13144
13143
13143
13141
13137
13138
13134
13135
13137
13137
13136
13141
13142
13148
13154
13149
13154
13161
13150
13139
13134
13135
13134
13136
13140
13135
13134
13139
13140
13139
13134
13136
13134
13137
13134
13132
13127
13130
13123
13125
13126
13127
13122
13131
13125
13132
13132
13137
13142
13145
13148
13152
13146
13138
13151
13143
13142
13140
13143
13139
13131
13132
13134
13133
13137
13137
13134
13143
13139
13137
13134
13127
13134
13131
13131
13129
13134
13133
13130
13137
13137
13135
13131
13133
13123
13127
13126
13123
13136
13136
13136
13135
13135
13127
13139
13134
13130
13138
13140
13128
13126
13125
13121
13116
13122
13122
13128
13135
13132
13139
13138
13134
13141
13132
13132
13137
13135
13141
13141
13141
13139
13132
13135
13140
13138
13133
13133
13141
13148
13144
13140
13138
13129
13117
13124
13110
13114
13120
13123
13126
13134
13139
13135
13138
13141
13136
13132
13137
13138
13137
13135
13128
13134
13129
13136
13143
13144
13143
13135
13133
13146
13146
13142
13142
13128
13128
13136
13135
13139
13145
13148
13157
13151
13144
13145
13138
13133
13142
13132
13137
13141
13139
13136
13141
13133
13125
13123
13126
13125
13132
13124
13120
13125
13127
13130
13131
13129
13132
13126
13128
13126
13124
13129
13129
13130
13145
13148
13138
13133
13135
