13131
13138
13129
13130
13137
13140
13128
13126
13124
13126
13127
13129
13129
13126
13123
13122
13120
13125
13126
13127
13125
13130
13129
13137
13127
13120
13126
13117
13120
13126
13121
13137
13136
13135
13139
13136
13136
13138
13138
13140
13137
13140
13138
13134
13140
13139
13131
13125
13125
13131
13126
13125
13131
13132
13125
13124
13119
13115
13118
13113
13118
13122
13131
13137
13133
13126
13130
13132
13132
13141
13142
13145
13148
13141
13136
13132
13124
13130
13123
13128
13127
13125
13126
13121
13134
13126
13129
13135
13135
13143
13141
13139
13134
13140
13138
13138
13128
13124
13128
13126
13132
13134
13137
13135
13125
13119
13119
13125
13129
13138
13136
13147
13146
13146
13142
13138
13137
13126
13123
13129
13126
13129
13131
13135
13137
13132
13126
13127
13128
13135
13132
13139
13134
13147
13151
13155
13150
13160
13160
13150
13148
13146
13144
13145
13131
13131
13131
13132
13127
13127
13130
13128
13134
13133
13134
13129
13136
13135
13141
13144
13150
13147
13150
13146
13152
13140
13135
13128
13130
13131
13132
13128
13134
13137
13135
13136
13125
13127
13133
13131
13137
13132
13129
13132
13131
13129
13133
13132
13128
13136
13132
13129
13125
13128
13130
13128
13134
13125
13125
13133
13132
13127
13124
13126
13141
13138
13142
13152
13139
13144
13141
13144
13141
13139
13139
13142
13133
13135
13131
13126
13125
13132
13129
13136
13126
13128
13131
13124
13126
13124
13120
13121
13129
13132
13132
13136
13138
13130
13131
13142
13137
13136
13133
13138
13143
13141
13131
13132
13134
13128
13130
13132
13126
13133
13137
13138
13140
13134
13130
13131
13132
13140
13129
13134
13133
13130
13132
13127
13125
13128
13124
13125
13130
13132
13130
13127
13127
13124
13122
13121
13117
13123
13128
13128
13135
13128
13130
13134
13139
13143
13142
13142
13137
13137
13133
13138
13137
13140
13139
13136
13133
13138
13135
13133
13131
13133
13139
13132
13131
13132
13127
13125
13124
13128
13126
13120
13129
13127
13133
13130
13125
13132
13129
13128
13132
13123
13118
13127
13124
13131
13135
13136
13138
13136
13129
13136
13133
13131
13134
13133
13133
13127
13128
13133
13137
13136
13135
13134
13129
13136
13133
13132
13133
13135
13135
13134
13136
13141
13137
13136
13133
13136
13135
13135
13147
13132
13126
13133
13129
13130
13125
13129
13132
13132
13137
13136
13124
13130
13136
13131
13137
13132
13131
13132
13132
13134
13137
13130
13130
13136
13130
13131
13122
13128
13132
13135
13143
13135
13129
13132
13129
13135
13130
13131
13131
13127
13126
13125
13117
13119
13124
13130
13129
13133
13134
13135
13128
13131
13134
13131
13131
13127
13127
13129
13130
13129
13140
13128
13129
13134
13135
13144
13152
13149
13153
13150
13147
13136
13135
13139
13140
13133
13127
13125
13126
13119
13123
13130
13128
13129
13126
13130
13125
13131
13127
13123
13116
13118
13126
13126
13134
13133
13141
13143
13137
13132
13133
13127
13125
13132
13125
13124
13128
13132
13135
13137
13145
13144
13144
13142
13141
13140
13129
13126
13133
13130
13132
13135
13134
13134
13127
13130
13134
13132
13128
13133
13127
13125
13133
13127
13129
13133
13128
13141
13137
12854
12082
11377
10963
10718
10566
10407
10382
10393
10473
10556
10679
10785
10919
11035
11170
11278
11396
11508
11621
11639
11661
11702
11757
11820
11894
11958
12024
12078
12140
12200
12261
12311
12365
12409
12460
12499
12541
12586
12616
12645
12682
12706
12719
12744
12763
12783
12799
12819
12834
12849
12871
12897
12912
12930
12949
12962
12973
12977
12992
12987
13001
13012
13016
13019
13026
13039
13050
13061
13069
13078
13076
13084
13081
13078
13080
13091
13099
13108
13100
13099
13098
13096
13095
13105
13103
13105
13106
13107
13109
13113
13118
13115
13110
13114
13112
13116
13112
13115
13117
13115
13117
13119
13119
13120
13115
13116
13110
13115
13118
13124
13119
13124
13127
13115
13121
13124
13119
13122
13122
13122
13120
13119
13120
13132
13129
13124
13133
13138
13134
13133
13134
13125
13134
13136
13142
13137
13130
13122
13126
13121
13114
13120
13122
13131
13134
13132
13133
13137
13141
13140
13133
13138
13134
13129
13136
13133
13135
13138
13136
13136
13139
13134
13129
13133
13131
13135
13132
13128
13126
13127
13130
13129
13131
13135
13127
13129
13126
13123
13137
13132
13123
13128
13126
13119
13125
13124
13121
13126
13125
13129
13127
13133
13132
13125
13131
13134
13137
13145
13142
13138
13147
13145
13146
13150
13150
13141
13139
13138
13142
13137
13133
13131
13136
13137
13130
13128
13127
13122
13129
13129
13130
13130
13126
13124
13126
13128
13121
13128
13126
13129
13132
13130
13137
13134
13130
13129
13128
13134
13131
13127
13136
13139
13140
13138
13130
13131
13130
13125
13123
13126
13120
13122
13119
13123
13132
13133
13129
13138
13144
13144
13146
13147
13141
13142
13139
13138
13134
13138
13130
13135
13126
13132
13133
13129
13129
13128
13130
13137
13132
13126
13128
13119
13118
13121
13124
13129
13128
13123
13124
13125
13121
13132
13128
13129
13129
13132
13124
13118
13121
13119
13123
13125
13125
13123
13126
13122
13124
13132
13125
13126
13121
13129
13123
13131
13135
13133
13132
13128
13121
13122
13126
13119
13123
13133
13128
13135
13131
13129
13128
13130
13131
13118
13118
13126
13116
13114
13102
13107
13120
13121
13117
13118
13117
13118
13120
13124
13125
13128
13125
13129
13125
13122
13126
13124
13129
13133
13131
13129
13128
13129
13139
13132
13131
13133
13123
13123
13123
13124
13127
13131
13122
13125
13128
13130
13133
13139
13135
13144
13145
13133
13135
13136
13129
13133
13132
13136
13134
13137
13133
13137
13130
13128
13126
13122
13128
13136
13134
13143
13132
13132
13144
13132
13125
13127
13127
13132
13134
13140
13143
13137
13135
13135
13128
13129
13135
13130
13131
13119
13125
13123
13126
13128
13127
13139
13135
13127
13126
13127
13120
13129
13125
13128
13128
13124
13127
13128
13120
13130
13123
13132
13142
13146
13137
13138
13136
13141
13138
13142
13137
13138
13134
13132
13134
13134
13132
13132
13128
13132
13137
13136
13134
13135
13129
13133
13136
13141
13141
13149
13152
13147
13139
13137
13142
13136
13130
13125
13122
13134
13124
13127
13137
13138
13141
13146
13137
13131
13135
13134
13130
13135
13132
13132
13136
13144
13136
13138
13140
13138
13150
13139
13135
13138
13147
13147
13141
13143
13141
13138
13128
13129
13119
13122
13124
13125
13129
13137
13138
13145
13137
13135
13143
13134
13127
13135
