13136
13133
13129
13125
13120
13119
13121
13118
13119
13115
13117
13115
13113
13124
13119
13126
13126
13134
13132
13134
13132
13132
13122
13127
13124
13128
13128
13131
13138
13128
13127
13125
13128
13129
13126
13127
13130
13141
13144
13146
13141
13147
13148
13146
13151
13153
13153
13153
13147
13149
13152
13148
13147
13153
13146
13139
13144
13135
13141
13139
13142
13140
13137
13141
13148
13141
13136
13135
13138
13138
13132
13133
13136
13138
13139
13139
13133
13137
13135
13137
13133
13137
13134
13132
13128
13124
13129
13129
13126
13125
13131
13130
13131
13136
13129
13129
13135
13142
13142
13137
13130
13126
13129
13136
13130
13134
13137
13133
13137
13138
13131
13137
13142
13145
13138
13133
13133
13135
13133
13135
13124
13126
13130
13132
13137
13141
13145
13143
13137
13135
13141
13137
13132
13135
13135
13126
13126
13119
13121
13126
13119
13122
13129
13133
13126
13133
13142
13144
13146
13136
13130
13127
13125
13121
13118
13118
13130
13133
13133
13134
13124
13127
13131
13123
13119
13125
13124
13133
13127
13123
13125
13131
13130
13137
13131
13134
13132
13139
13140
13140
13140
13136
13141
13144
13145
13139
13143
13136
13134
13132
13137
13137
13134
13137
13142
13140
13137
13134
13145
13144
13140
13152
13143
13141
13139
13143
13142
13149
13152
13143
13151
13144
13144
13146
13147
13137
13126
13130
13130
13132
13131
13135
13140
13140
13141
13134
13132
13139
13148
13145
13141
13142
13147
13140
13143
13144
13134
13130
13123
13127
13120
13122
13121
13115
13119
13119
13124
13126
13118
13117
13121
13125
13133
13138
13136
13141
13146
13139
13147
13136
13134
13138
13135
13137
13129
13125
13124
13123
13130
13127
13129
13130
13129
13135
13134
13139
13136
13130
13137
13141
13141
13142
13139
13138
13130
13133
13125
13124
13123
13121
13127
13119
13124
13125
13123
13121
13122
13123
13127
13132
13141
13148
13145
13148
13147
13141
13143
13141
13153
13141
13137
13143
13134
13138
13129
13129
13125
13125
13121
13135
13121
13124
13126
13132
13131
13133
13132
13137
13141
13139
13147
13131
13135
13138
13137
13135
13130
13127
13132
13127
13131
13134
13132
13132
13134
13132
13133
13139
13146
13138
13140
13140
13136
13133
13135
13132
13128
13135
13139
13142
13134
13138
13135
13129
13133
13134
13136
13138
13138
13133
13140
13130
13130
13132
13136
13138
13140
13138
13137
13132
13131
13130
13131
13131
13129
13134
13129
13131
13144
13136
13142
13141
13138
13142
13145
13145
13150
13147
13148
13153
13149
13154
13142
13148
13143
13140
13132
13136
13133
13132
13134
13124
13125
13137
13137
13140
13140
13136
13135
13127
13134
13132
13127
13120
13119
13123
13127
13133
13143
13133
13134
13144
13139
13132
13128
13133
13130
13133
13136
13138
13134
13141
13139
13140
13137
13131
13127
13132
13127
13123
13132
13126
13138
13143
13145
13140
13147
13147
13147
13149
13151
13142
13137
13140
13142
13134
13135
13131
13131
13126
13131
13126
13119
13128
13133
13141
13142
13147
13148
13151
13150
13151
13144
13143
13140
13139
13142
13146
13135
13139
13149
13144
13142
13143
13141
13143
13145
13145
13142
13136
13136
13139
13137
13141
13134
13134
13134
12863
12246
11737
11276
10906
10728
10637
10645
10670
10710
10759
10861
10957
11065
11157
11277
11380
11499
11594
11700
11782
11871
11953
12043
12098
12167
12215
12274
12322
12371
12411
12455
12497
12540
12571
12613
12649
12694
12720
12747
12770
12788
12804
12827
12844
12867
12887
12895
12913
12927
12945
12963
12976
12982
12997
13005
13008
13023
13027
13028
13030
13033
13036
13048
13045
13054
13067
13069
13075
13078
13082
13085
13096
13098
13097
13098
13096
13101
13104
13102
13093
13100
13097
13099
13106
13108
13110
13108
13106
13109
13114
13113
13112
13115
13122
13129
13127
13130
13122
13126
13132
13127
13130
13141
13138
13140
13141
13139
13139
13139
13132
13134
13129
13125
13129
13128
13130
13125
13130
13126
13129
13135
13133
13129
13132
13125
13130
13125
13134
13138
13134
13132
13139
13137
13143
13140
13134
13132
13134
13128
13134
13129
13122
13135
13124
13127
13139
13135
13139
13141
13140
13145
13145
13140
13138
13142
13133
13134
13133
13143
13140
13143
13141
13137
13139
13135
13128
13127
13137
13136
13139
13134
13137
13130
13133
13134
13132
13131
13132
13133
13137
13134
13130
13137
13131
13129
13138
13131
13125
13128
13133
13137
13135
13134
13132
13127
13133
13124
13133
13135
13137
13152
13143
13132
13135
13135
13131
13126
13122
13124
13122
13122
13123
13120
13128
13131
13134
13129
13132
13136
13138
13123
13122
13133
13128
13127
13133
13129
13124
13118
13122
13122
13129
13132
13133
13136
13133
13130
13130
13130
13131
13141
13135
13138
13142
13137
13142
13137
13136
13143
13144
13145
13146
13141
13146
13148
13145
13141
13139
13141
13142
13136
13135
13141
13137
13134
13137
13130
13133
13130
13133
13129
13128
13131
13135
13138
13141
13139
13153
13161
13149
13148
13146
13135
13138
13139
13138
13139
13135
13144
13144
13145
13148
13141
13147
13145
13144
13146
13146
13151
13145
13140
13137
13142
13134
13140
13148
13141
13138
13144
13135
13141
13138
13143
13139
13143
13144
13150
13146
13146
13142
13149
13142
13143
13150
13147
13144
13134
13143
13144
13147
13145
13146
13142
13139
13139
13137
13133
13136
13135
13142
13132
13128
13133
13136
13141
13146
13141
13141
13144
13138
13137
13136
13131
13120
13123
13129
13132
13134
13141
13136
13134
13129
13124
13126
13123
13130
13133
13130
13127
13130
13131
13138
13132
13139
13136
13137
13136
13141
13143
13142
13138
13140
13145
13139
13135
13142
13130
13137
13142
13138
13140
13132
13129
13131
13132
13131
13130
13131
13142
13138
13138
13134
13136
13137
13138
13139
13140
13136
13133
13131
13134
13131
13132
13140
13146
13140
13143
13138
13141
13139
13138
13138
13138
13126
13128
13133
13137
13132
13128
13136
13131
13130
13126
13131
13129
13137
13136
13142
13145
13140
13138
13137
13140
13141
13141
13132
13129
13133
13134
13138
13145
13143
13135
13146
13148
13146
13147
13147
13151
13147
13137
13137
13140
13137
13139
13144
13140
13145
13145
13142
13143
13136
13137
13135
13138
13140
13141
13136
13133
13134
13140
13137
13129
13132
13128
13131
13128
13127
13124
13119
13117
13118
13115
13121
13124
13122
13126
13125
13120
13123
13115
13119
13123
13119
13120
13124
13119
13120
13132
13137
13133
13137
13140
13143
13134
13140
13141
13137
13140
13135
13137
13132
