13124
13121
13122
13114
13115
13121
13126
13122
13132
13125
13134
13139
13149
13144
13149
13149
13148
13143
13145
13136
13137
13135
13128
13129
13122
13125
13122
13130
13136
13130
13138
13138
13131
13132
13139
13132
13133
13133
13132
13133
13126
13120
13126
13118
13121
13127
13134
13138
13138
13135
13133
13135
13134
13126
13129
13128
13124
13128
13127
13129
13140
13133
13125
13132
13128
13125
13121
13126
13129
13136
13133
13134
13123
13134
13138
13147
13142
13134
13138
13142
13144
13138
13143
13138
13133
13139
13133
13136
13134
13127
13134
13137
13134
13128
13127
13132
13133
13138
13129
13127
13141
13133
13133
13137
13136
13135
13131
13136
13137
13132
13126
13129
13125
13130
13127
13128
13122
13127
13122
13129
13117
13117
13122
13116
13125
13120
13124
13133
13129
13131
13128
13132
13134
13133
13131
13138
13140
13139
13132
13128
13133
13133
13135
13139
13137
13140
13142
13140
13135
13138
13127
13138
13125
13120
13121
13124
13133
13135
13134
13138
13136
13135
13141
13137
13139
13135
13137
13130
13129
13124
13130
13127
13127
13123
13119
13127
13125
13125
13129
13132
13142
13140
13137
13145
13141
13149
13150
13148
13146
13139
13136
13138
13126
13132
13138
13132
13132
13127
13126
13138
13132
13131
13135
13131
13130
13132
13126
13135
13138
13131
13131
13136
13138
13130
13132
13138
13136
13130
13130
13129
13136
13132
13134
13138
13136
13129
13131
13126
13130
13125
13129
13123
13127
13134
13133
13134
13134
13134
13125
13128
13123
13123
13124
13119
13114
13115
13114
13115
13121
13116
13113
13119
13123
13116
13114
13118
13117
13121
13122
13121
13127
13132
13129
13138
13133
13122
13125
13124
13122
13126
13132
13130
13131
13139
13137
13135
13124
13131
13134
13133
13129
13126
13138
13137
13137
13142
13138
13140
13141
13135
13131
13137
13137
13126
13123
13126
13127
13128
13125
13130
13134
13122
13117
13117
13110
13114
13116
13120
13124
13128
13138
13139
13131
13139
13130
13132
13125
13127
13124
13127
13123
13124
13130
13131
13125
13135
13135
13137
13132
13133
13126
13128
13121
13123
13128
13132
13126
13129
13134
13136
13131
13129
13129
13133
13128
13133
13137
13133
13131
13137
13137
13143
13139
13146
13136
13132
13131
13124
13127
13128
13130
13133
13142
13133
13131
13133
13121
13124
13121
13121
13124
13128
13137
13139
13137
13133
13131
13125
13115
13114
13114
13114
13118
13117
13115
13115
13114
13128
13123
13127
13125
13138
13141
13148
13151
13147
13144
13142
13139
13139
13131
13132
13130
13122
13122
13127
13121
13120
13125
13126
13126
13132
13139
13137
13143
13152
13151
13141
13138
13139
13142
13133
13128
13130
13130
13129
13124
13115
13108
13110
13111
13122
13117
13119
13114
13116
13122
13130
13129
13140
13138
13138
13147
13139
13138
13137
13134
13137
13128
13125
13123
13120
13117
13113
13108
13113
13116
13125
13132
13134
13145
13143
13148
13156
13158
13152
13141
13145
13148
13145
13139
13140
13135
13129
13136
13129
13134
13135
13125
13132
13130
13131
13133
13132
13129
13134
13137
13127
13128
13125
13130
13128
13134
13133
13130
13132
13139
13142
13147
13139
13142
13132
13132
13138
13039
12924
12621
11926
11448
11160
11010
10937
10956
11001
11080
11117
11099
11111
11173
11236
11311
11278
11295
11321
11388
11458
11543
11616
11713
11788
11875
11947
12027
12088
12150
12213
12276
12330
12384
12421
12475
12501
12543
12582
12620
12654
12685
12710
12729
12743
12778
12796
12811
12838
12859
12867
12897
12908
12924
12948
12957
12961
12976
12972
12983
12997
13000
13014
13019
13020
13030
13029
13033
13035
13044
13055
13058
13063
13069
13070
13077
13075
13079
13090
13089
13094
13090
13088
13089
13097
13102
13100
13103
13107
13107
13113
13115
13106
13114
13110
13109
13119
13122
13123
13127
13131
13128
13133
13136
13135
13128
13126
13125
13117
13121
13121
13119
13120
13118
13116
13124
13122
13122
13130
13123
13131
13135
13131
13136
13128
13128
13130
13129
13128
13133
13127
13127
13129
13129
13128
13131
13122
13123
13131
13133
13136
13130
13132
13144
13140
13139
13138
13146
13143
13132
13134
13128
13133
13137
13134
13147
13134
13136
13138
13142
13133
13138
13134
13145
13144
13146
13140
13141
13140
13136
13130
13138
13146
13149
13148
13149
13151
13152
13143
13143
13139
13136
13138
13133
13132
13127
13125
13131
13126
13122
13126
13125
13126
13124
13120
13126
13122
13127
13136
13132
13136
13146
13138
13130
13131
13129
13128
13125
13132
13129
13128
13129
13126
13126
13131
13126
13127
13132
13128
13132
13135
13133
13134
13133
13126
13122
13121
13127
13124
13123
13129
13127
13132
13136
13139
13144
13137
13129
13129
13128
13128
13129
13126
13128
13127
13133
13134
13127
13132
13137
13129
13129
13125
13129
13135
13132
13128
13136
13132
13136
13140
13133
13127
13131
13129
13128
13125
13129
13132
13131
13132
13132
13133
13132
13132
13135
13130
13132
13133
13138
13140
13141
13138
13135
13136
13132
13132
13136
13140
13135
13134
13140
13138
13138
13138
13128
13125
13127
13128
13133
13132
13131
13129
13136
13126
13120
13119
13118
13117
13126
13133
13140
13136
13130
13130
13127
13121
13118
13116
13118
13126
13121
13117
13122
13122
13126
13134
13130
13131
13128
13127
13121
13132
13134
13129
13130
13126
13137
13136
13137
13142
13139
13138
13137
13132
13127
13134
13142
13139
13142
13139
13130
13130
13129
13126
13130
13128
13140
13145
13144
13137
13141
13132
13138
13135
13137
13138
13128
13133
13136
13135
13138
13136
13145
13147
13138
13133
13141
13135
13132
13134
13128
13128
13130
13128
13130
13127
13129
13125
13132
13129
13133
13128
13131
13132
13140
13134
13138
13141
13142
13134
13133
13135
13131
13125
13124
13128
13125
13132
13134
13132
13136
13135
13141
13140
13134
13135
13145
13136
13134
13143
13137
13134
13134
13129
13127
13126
13134
13133
13134
13131
13131
13132
13138
13132
13143
13139
13143
13146
13142
13140
13136
13135
13138
13137
13133
13128
13119
13119
13114
13114
13125
13125
13120
13122
13125
13125
13142
13140
13149
13152
13150
13148
13148
13138
13142
13143
13145
13139
13151
13154
13153
13152
13151
13154
13155
13142
13138
13140
13132
13134
13138
13135
13133
13132
13136
13138
13128
13133
13139
13135
13144
13137
13132
13138
13135
13130
13140
13143
13143
13145
13136
13132
13137
13138
13141
13137
13132
13131
13143
13139
13145
13148
13147
13149
13157
13144
13141
13138
13136
13135
13134
13128
13128
13136
