13132
13134
13129
13130
13150
13141
13139
13143
13141
13138
13134
13123
13126
13124
13128
13128
13132
13130
13136
13137
13137
13135
13138
13147
13143
13138
13141
13132
13128
13134
13135
13135
13136
13132
13135
13143
13155
13139
13147
13151
13142
13145
13145
13142
13157
13145
13141
13141
13132
13135
13127
13132
13135
13132
13130
13137
13136
13140
13141
13134
13139
13139
13138
13139
13129
13122
13126
13123
13129
13126
13133
13128
13134
13132
13129
13129
13125
13126
13129
13134
13132
13132
13138
13139
13150
13141
13130
13133
13131
13130
13137
13138
13147
13144
13144
13138
13135
13134
13129
13135
13135
13136
13134
13133
13126
13122
13136
13130
13128
13122
13129
13131
13136
13132
13129
13120
13129
13127
13128
13132
13125
13127
13134
13136
13140
13140
13140
13136
13133
13137
13133
13139
13136
13136
13134
13141
13134
13140
13142
13132
13139
13135
13139
13145
13142
13141
13147
13139
13145
13140
13134
13133
13131
13131
13126
13126
13127
13128
13125
13126
13129
13126
13127
13129
13129
13125
13122
13117
13119
13129
13124
13127
13134
13133
13139
13148
13143
13147
13145
13137
13137
13136
13143
13141
13135
13134
13139
13131
13131
13134
13133
13132
13132
13129
13128
13124
13124
13129
13131
13133
13136
13137
13138
13135
13145
13141
13145
13149
13150
13152
13150
13144
13146
13146
13154
13149
13142
13144
13147
13137
13130
13137
13129
13127
13129
13123
13126
13119
13124
13137
13135
13142
13138
13138
13147
13144
13146
13143
13145
13149
13145
13147
13142
13135
13137
13132
13134
13137
13133
13133
13133
13132
13131
13124
13123
13123
13127
13127
13127
13131
13134
13132
13133
13133
13134
13140
13145
13138
13141
13140
13133
13138
13134
13129
13131
13131
13128
13126
13132
13134
13138
13131
13128
13122
13131
13128
13126
13126
13126
13132
13137
13138
13134
13130
13127
13133
13127
13121
13122
13123
13129
13126
13120
13117
13121
13120
13131
13127
13112
13122
13129
13130
13134
13137
13137
13135
13138
13139
13139
13130
13125
13127
13126
13122
13123
13121
13121
13122
13120
13122
13114
13121
13124
13128
13124
13131
13127
13130
13132
13132
13129
13124
13116
13121
13123
13119
13137
13133
13131
13133
13124
13128
13120
13116
13121
13124
13135
13133
13133
13143
13144
13144
13148
13134
13141
13136
13135
13143
13142
13140
13142
13140
13135
13135
13135
13132
13125
13125
13124
13128
13128
13137
13137
13138
13142
13133
13136
13133
13133
13137
13134
13132
13136
13138
13138
13134
13131
13126
13125
13133
13127
13128
13128
13125
13139
13137
13136
13139
13144
13140
13142
13143
13144
13146
13141
13139
13127
13123
13124
13122
13120
13133
13131
13133
13128
13126
13132
13126
13124
13136
13133
13138
13139
13134
13135
13141
13140
13142
13139
13140
13145
13144
13145
13145
13153
13140
13137
13140
13132
13129
13130
13135
13137
13131
13137
13139
13135
13139
13140
13134
13141
13139
13134
13144
13145
13142
13144
13133
13141
13148
13142
13139
13139
13141
13139
13138
13134
13128
13130
13133
13137
13139
13137
13138
13147
13136
13136
13134
13141
13137
13139
13139
13138
13136
13131
13132
13129
13132
13135
13128
13126
13125
13066
12595
12105
11816
11661
11569
11551
11560
11605
11586
11547
11541
11585
11629
11694
11752
11834
11906
11975
12034
12107
12160
12227
12277
12334
12390
12447
12483
12527
12561
12593
12625
12661
12690
12715
12736
12770
12785
12809
12829
12848
12872
12888
12906
12928
12926
12936
12951
12958
12969
12986
13001
13011
13021
13029
13027
13039
13048
13055
13054
13053
13061
13070
13066
13067
13078
13078
13088
13089
13090
13096
13094
13096
13097
13094
13099
13103
13103
13107
13109
13108
13119
13115
13116
13128
13120
13116
13115
13125
13128
13125
13127
13129
13123
13122
13120
13120
13125
13128
13131
13145
13145
13149
13138
13136
13139
13132
13132
13117
13117
13118
13122
13125
13121
13119
13118
13126
13128
13131
13132
13130
13135
13138
13125
13134
13126
13130
13140
13136
13135
13129
13129
13133
13130
13121
13122
13124
13128
13131
13133
13133
13133
13140
13129
13135
13138
13138
13140
13137
13134
13137
13137
13134
13133
13127
13126
13136
13134
13150
13142
13136
13138
13137
13141
13137
13122
13126
13139
13135
13144
13146
13138
13132
13133
13131
13130
13134
13130
13127
13130
13131
13125
13133
13134
13135
13136
13134
13135
13137
13137
13134
13128
13123
13127
13128
13135
13130
13130
13131
13136
13133
13138
13133
13131
13142
13141
13142
13142
13135
13141
13146
13141
13135
13137
13135
13128
13122
13123
13127
13131
13134
13130
13136
13134
13137
13137
13145
13141
13143
13138
13142
13141
13135
13132
13127
13129
13125
13128
13126
13132
13132
13133
13129
13126
13131
13132
13119
13128
13129
13125
13134
13136
13135
13129
13125
13124
13121
13119
13124
13127
13127
13137
13152
13143
13142
13142
13134
13136
13133
13129
13125
13128
13125
13132
13133
13133
13136
13136
13137
13139
13144
13150
13143
13139
13145
13141
13143
13141
13135
13125
13130
13135
13140
13136
13144
13140
13140
13147
13139
13143
13141
13142
13139
13133
13129
13131
13129
13134
13138
13142
13146
13145
13144
13139
13134
13135
13134
13132
13129
13131
13129
13136
13138
13137
13145
13132
13134
13138
13134
13135
13136
13125
13126
13134
13139
13141
13144
13145
13147
13145
13148
13139
13145
13137
13142
13140
13137
13132
13129
13135
13137
13132
13133
13138
13130
13140
13130
13126
13137
13132
13141
13138
13131
13128
13140
13138
13141
13138
13125
13134
13134
13129
13135
13133
13137
13137
13140
13138
13136
13138
13138
13139
13140
13134
13138
13139
13133
13133
13132
13136
13136
13140
13139
13136
13132
13129
13130
13134
13131
13132
13133
13134
13129
13133
13132
13128
13127
13130
13131
13135
13135
13132
13139
13136
13141
13135
13140
13142
13138
13137
13138
13145
13151
13141
13136
13140
13136
13140
13139
13132
13133
13131
13129
13131
13126
13132
13131
13125
13121
13120
13122
13131
13134
13135
13136
13136
13138
13146
13141
13137
13144
13139
13145
13140
13140
13139
13140
13138
13139
13132
13128
13125
13133
13126
13130
13132
13126
13120
13127
13123
13129
13134
13136
13141
13137
13140
13144
13139
13149
13146
13142
13140
13143
13132
13130
13130
13133
13127
13122
13130
13131
13134
13139
13139
13138
13138
13141
13136
13133
13137
13134
13128
13135
13125
13123
13122
13118
13132
13131
13137
13137
13142
13145
13143
13143
13143
13142
13137
13129
13130
13136
13139
13131
13130
13142
13139
13137
13139
