13136
13139
13147
13141
13138
13138
13136
13144
13140
13139
13140
13137
13138
13137
13128
13133
13134
13138
13141
13145
13145
13138
13136
13138
13131
13131
13126
13123
13133
13129
13134
13124
13123
13125
13124
13132
13127
13136
13142
13146
13135
13137
13142
13137
13134
13129
13130
13136
13130
13116
13126
13132
13128
13134
13127
13126
13128
13132
13131
13135
13142
13141
13144
13142
13142
13138
13132
13136
13142
13135
13134
13138
13142
13142
13139
13134
13136
13138
13137
13137
13134
13131
13131
13131
13133
13133
13129
13125
13130
13132
13141
13142
13146
13153
13152
13152
13145
13144
13139
13136
13136
13134
13135
13137
13133
13136
13132
13125
13131
13129
13132
13138
13138
13142
13137
13143
13141
13142
13147
13145
13141
13140
13136
13134
13126
13127
13131
13134
13136
13131
13132
13124
13128
13139
13135
13132
13127
13126
13133
13142
13138
13129
13134
13141
13136
13132
13129
13131
13140
13137
13134
13127
13126
13127
13125
13122
13127
13117
13126
13126
13120
13122
13124
13122
13125
13123
13117
13121
13124
13119
13127
13124
13122
13127
13128
13125
13125
13122
13130
13134
13139
13135
13137
13141
13143
13134
13134
13127
13129
13122
13118
13123
13118
13121
13122
13126
13133
13133
13136
13138
13137
13140
13137
13140
13134
13138
13129
13138
13136
13137
13138
13138
13136
13140
13136
13135
13132
13133
13130
13137
13144
13140
13141
13145
13142
13143
13145
13137
13144
13132
13129
13129
13133
13135
13130
13127
13126
13128
13123
13124
13114
13120
13119
13122
13126
13134
13135
13138
13138
13138
13143
13135
13137
13138
13134
13131
13132
13128
13140
13133
13136
13133
13130
13132
13136
13133
13133
13139
13142
13138
13134
13139
13137
13147
13147
13151
13146
13151
13156
13156
13144
13140
13144
13137
13134
13129
13122
13132
13125
13120
13123
13118
13126
13134
13127
13126
13132
13131
13132
13131
13129
13119
13127
13133
13133
13132
13124
13129
13133
13134
13133
13132
13128
13132
13129
13128
13128
13127
13129
13137
13126
13125
13126
13132
13138
13139
13131
13136
13137
13130
13141
13130
13126
13125
13132
13133
13132
13132
13128
13130
13131
13129
13129
13133
13125
13122
13119
13122
13131
13122
13126
13141
13142
13135
13135
13129
13135
13144
13140
13143
13132
13130
13134
13133
13137
13136
13135
13143
13134
13135
13135
13138
13136
13135
13132
13128
13125
13125
13116
13125
13132
13133
13132
13143
13145
13148
13144
13134
13143
13135
13126
13134
13137
13137
13129
13136
13139
13141
13142
13137
13126
13134
13138
13132
13136
13129
13131
13096
12974
12901
12863
12836
12832
12833
12842
12839
12856
12864
12881
12891
12906
12918
12936
12955
12967
12978
12985
12984
13002
13001
13008
13015
13020
13029
13034
13038
13048
13057
13070
13083
13083
13091
13091
13084
13088
13090
13088
13100
13101
13098
13102
13100
13099
13104
13101
13108
13113
13112
13115
13122
13127
13122
13132
13133
13133
13136
13128
13122
13126
13121
13119
13127
13130
13134
13131
13131
13128
13127
13127
13131
13128
13129
13130
13125
13129
13123
13125
13131
13120
13125
13135
13130
13132
13129
13125
13131
13127
13122
13121
13123
13122
13123
13120
13129
13130
13134
13137
13135
12796
12120
11562
10844
10411
10169
10082
10065
10125
10163
10262
10361
10502
10622
10771
10891
11035
11154
11280
11390
11504
11600
11708
11794
11884
11964
12044
12108
12178
12235
12299
12350
12404
12441
12491
12529
12564
12599
12631
12658
12697
12707
12745
12765
12792
12817
12835
12858
12870
12886
12897
12917
12930
12940
12955
12965
12983
12991
13001
13004
13010
13019
13029
12926
12836
12794
12766
12756
12736
12717
12714
12723
12734
12747
12760
12770
12791
12806
12829
12841
12869
12872
12892
12906
12913
12928
12940
12948
12966
12973
12982
13002
13005
13018
13026
13035
13042
13046
13047
13057
13052
13057
13063
13064
13074
13084
13083
13077
13078
13083
13084
13100
13096
13095
13090
13097
13100
13105
13108
13113
13125
13127
13119
13120
13118
13118
13112
13123
13120
13129
13132
13132
13128
13133
13132
13134
13124
13132
13129
13132
13123
13117
13119
13114
13114
13119
13124
13126
13126
13139
13142
13141
13146
13140
13140
13141
13141
13142
13142
13138
13134
13126
13121
13130
13127
13131
13137
13142
13136
13134
13137
13143
13134
13138
13134
13128
13130
13131
13121
13126
13126
13122
13135
13126
13126
13128
13116
13116
13118
13129
13132
13137
13137
13132
13137
13136
13131
13133
13122
13123
13125
13122
13133
13136
13133
13133
13133
13135
13132
13128
13129
13130
13119
13134
13128
13130
13135
13136
13137
13139
13137
13143
13161
13148
13143
13151
13140
13137
13141
13140
13135
13132
12941
12732
12613
12541
12510
12492
12503
12515
12537
12557
12580
12601
12629
12653
12678
12713
12745
12766
12791
12824
12834
12853
12870
12891
12911
12913
12925
12937
12947
12957
12973
12994
12999
13019
13019
13026
13024
13031
13032
13041
13052
13052
13058
13065
13064
13067
13068
13064
13074
13080
13079
13086
13083
13092
13095
13100
13100
13105
13110
13116
13120
13116
13119
13117
13122
13127
13118
13130
13120
13114
13119
13119
13118
13126
13122
13132
13130
13132
13134
13135
13137
13131
13127
13131
13130
13132
13134
13127
13137
13128
13127
13134
13126
13137
13131
13137
13138
13137
13130
13130
13119
13120
13126
13124
13127
13124
13121
13120
13112
13120
13123
13124
13122
13134
13128
13134
13139
13136
13132
13126
13121
13119
13119
13125
13124
13126
13125
13128
13138
13126
13121
13123
13126
13136
13135
13135
13134
13133
13125
13131
13129
13131
13134
13132
13134
13132
13128
13134
13129
13132
13142
13141
13136
13138
13131
13132
13126
13132
13134
13136
13139
13138
13136
13139
13138
13140
13141
13137
13140
13137
13131
13136
13144
13141
13132
13131
13125
13128
13124
13125
13119
13122
13122
13133
13132
13135
13139
13149
13145
13146
13146
13139
13129
13131
13136
13138
13149
13147
13147
13139
13144
13141
13142
13143
13137
13140
13134
13140
13141
13137
13129
13132
13126
13134
13136
13132
13126
13123
13122
13134
13131
13137
13132
13136
13137
13138
13139
13145
13136
13132
13139
13125
13125
13130
13134
13138
13141
13140
13135
13129
13137
13139
13144
13141
13144
13148
13149
13141
13150
13144
13145
13150
13150
13145
13136
13140
13146
13142
13142
13143
13131
13130
13131
13128
13128
13127
13132
13128
13126
13119
13121
13120
13125
13124
13118
13115
13117
13122
13126
13129
13137
13137
13139
13134
13137
13135
13136
13132
13138
13128
