13139
13138
13137
13136
13142
13146
13145
13147
13153
13150
13143
13140
13144
13138
13134
13133
13120
13126
13131
13131
13132
13134
13141
13136
13139
13141
13146
13144
13148
13155
13149
13154
13148
13146
13151
13153
13152
13143
13134
13139
13135
13136
13142
13134
13129
13135
13136
13135
13135
13133
13136
13133
13137
13133
13136
13138
13143
13140
13137
13132
13130
13119
13123
13119
13115
13119
13120
13124
13125
13124
13123
13129
13124
13133
13134
13136
13136
13138
13137
13142
13133
13128
13135
13133
13133
13138
13136
13139
13136
13134
13138
13135
13138
13138
13137
13139
13138
13137
13135
13125
13129
13124
13128
13128
13121
13128
13125
13121
13122
13122
13125
13135
13133
13137
13136
13131
13127
13133
13132
13137
13134
13129
13139
13134
13136
13134
13131
13126
13137
13133
13136
13129
13140
13136
13140
13140
13139
13133
13145
13147
13149
13139
13147
13143
13139
13143
13138
13139
13142
13139
13136
13143
13135
13137
13144
13140
13140
13150
13150
13161
13157
13152
13159
13145
13142
13140
13140
13141
13134
13135
13129
13130
13130
13130
13137
13145
13137
13138
13133
13136
13142
13143
13142
13139
13143
13137
13132
13134
13134
13130
13128
13134
13136
13140
13143
13139
13139
13133
13131
13137
13130
13124
13138
13137
13131
13130
13130
13135
13134
13137
13141
13136
13133
13131
13133
13138
13137
13143
13138
13138
13140
13138
13139
13138
13132
13125
13130
13135
13139
13146
13157
13156
13150
13148
13152
13145
13135
13132
13129
13133
13128
13130
13134
13133
13137
13138
13132
13134
13140
13135
13137
13141
13146
13146
13144
13137
13134
13131
13123
13130
13131
13134
13134
13136
13135
13139
13130
13118
13120
13121
13124
13131
13121
13128
13137
13131
13134
13133
13133
13138
13136
13132
13128
13125
13134
13137
13131
13140
13138
13138
13137
13141
13145
13141
13142
13142
13142
13141
13140
13139
13143
13136
13140
13139
13139
13138
13129
13130
13130
13131
13133
13130
13125
13133
13138
13138
13139
13141
13137
13148
13144
13136
13138
13131
13131
13137
13137
13140
13139
13136
13136
13139
13145
13142
13148
13147
13147
13151
13143
13136
13133
13129
13136
13137
13144
13140
13138
13138
13136
13131
13129
13132
13122
13130
13132
13132
13138
13132
13131
13137
13128
13127
13134
13139
13137
13138
13127
13123
13129
13134
13139
13133
13136
13128
13134
13142
13142
13140
13145
13144
13149
13141
13143
13139
13141
13135
13139
13135
13135
13138
13143
13142
13127
13135
13136
13134
13139
13142
13137
13145
13140
13132
13137
13127
13124
13127
13119
13123
13126
13123
13121
13118
13129
13127
13137
13139
13139
13140
13151
13150
13148
13140
13134
13136
13140
13140
13138
13138
13145
13143
13154
13153
13148
13155
13153
13148
13150
13151
13144
13148
13142
13138
13141
13139
13133
13142
13140
13140
13143
13139
13138
13134
13135
13130
13131
13138
13129
13136
13137
13132
13134
13131
13135
13137
13134
13133
13130
13139
13137
13138
13138
13133
13131
13139
13144
13142
13139
13137
13137
13140
13132
13126
13134
13135
13136
13137
13135
13137
13149
13148
13152
13148
13145
13140
13146
13144
13142
13138
13134
13130
13132
13128
13100
12934
12579
12056
11646
11410
11286
11237
11252
11289
11354
11424
11512
11589
11667
11675
11715
11762
11826
11782
11768
11758
11790
11831
11888
11949
12022
12078
12150
12204
12267
12308
12366
12408
12455
12494
12528
12567
12610
12630
12668
12701
12720
12748
12775
12799
12825
12843
12868
12887
12899
12914
12929
12936
12944
12961
12974
12987
12994
13005
13016
13014
13022
13034
13036
13041
13046
13057
13063
13072
13076
13069
13083
13090
13090
13092
13097
13090
13096
13099
13096
13099
13097
13101
13106
13107
13100
13098
13095
13098
13101
13106
13108
13106
13109
13120
13116
13132
13124
13122
13137
13129
13124
13132
13132
13130
13135
13132
13137
13138
13130
13128
13121
13135
13126
13130
13132
13128
13125
13121
13118
13122
13122
13124
13126
13125
13125
13131
13131
13136
13127
13127
13131
13125
13133
13130
13127
13137
13140
13138
13146
13144
13143
13138
13134
13134
13134
13134
13138
13137
13142
13145
13145
13150
13156
13158
13154
13142
13155
13151
13142
13139
13135
13132
13131
13132
13147
13142
13144
13146
13138
13142
13155
13142
13140
13146
13144
13151
13149
13148
13148
13138
13143
13147
13147
13145
13143
13140
13141
13141
13143
13134
13138
13137
13134
13136
13134
13123
13131
13120
13120
13124
13128
13137
13138
13139
13145
13142
13142
13145
13140
13147
13150
13142
13141
13137
13142
13146
13142
13138
13141
13134
13138
13141
13132
13127
13133
13138
13143
13143
13146
13137
13138
13145
13154
13147
13146
13138
13140
13130
13125
13121
13128
13131
13126
13121
13124
13120
13119
13127
13124
13133
13142
13135
13139
13135
13132
13137
13136
13135
13145
13138
13138
13135
13137
13136
13132
13129
13136
13138
13144
13145
13152
13150
13146
13138
13136
13129
13130
13122
13120
13127
13132
13129
13126
13124
13124
13122
13119
13123
13124
13122
13131
13130
13125
13134
13124
13128
13122
13119
13125
13130
13125
13137
13127
13127
13141
13135
13133
13135
13141
13136
13132
13133
13135
13135
13137
13131
13133
13133
13132
13137
13135
13133
13125
13119
13126
13126
13122
13127
13117
13118
13125
13125
13135
13138
13142
13146
13142
13141
13145
13134
13137
13140
13139
13137
13142
13137
13132
13125
13127
13123
13120
13130
13131
13132
13132
13133
13135
13128
13129
13129
13129
13128
13126
13128
13134
13138
13139
13135
13130
13129
13130
13128
13131
13141
13142
13146
13151
13139
13149
13140
13138
13145
13132
13131
13130
13130
13133
13130
13130
13128
13128
13131
13133
13132
13134
13129
13128
13124
13122
13128
13123
13121
13123
13119
13120
13125
13138
13141
13129
13130
13136
13137
13140
13130
13131
13139
13140
13138
13148
13145
13139
13145
13140
13135
13132
13128
13126
13127
13131
13131
13133
13138
13138
13137
13139
13129
13133
13134
13141
13140
13139
13136
13134
13138
13141
13139
13137
13136
13137
13148
13146
13146
13145
13146
13149
13148
13139
13131
13141
13136
13138
13144
13141
13135
13137
13138
13136
13134
13128
13129
13132
13134
13131
13134
13138
13135
13138
13131
13130
13137
13145
13137
13134
13137
13146
13131
13137
13140
13140
13141
13140
13139
13144
13137
13130
13134
13128
13128
13135
13128
13126
13129
13135
13132
13137
13133
13131
13124
13136
13129
13137
13141
13146
13137
13139
13136
13148
13137
13138
13139
13140
13149
13137
13137
13137
13126
