13134
13130
13119
13123
13134
13128
13123
13130
13125
13128
13127
13129
13131
13130
13128
13131
13124
13125
13127
13127
13125
13123
13131
13129
13121
13117
13123
13117
13113
13118
13117
13126
13134
13130
13128
13126
13131
13124
13127
13130
13127
13130
13133
13133
13141
13134
13133
13133
13137
13140
13138
13139
13136
13138
13137
13140
13134
13141
13144
13150
13147
13135
13124
13128
13126
13126
13122
13121
13123
13124
13127
13133
13133
13132
13134
13130
13140
13138
13145
13137
13138
13139
13142
13134
13139
13137
13137
13146
13142
13140
13144
13146
13142
13137
13136
13131
13130
13136
13139
13129
13127
13129
13131
13132
13134
13134
13136
13130
13131
13137
13134
13142
13142
13139
13135
13138
13139
13138
13138
13145
13142
13141
13138
13134
13136
13136
13137
13138
13131
13134
13139
13138
13137
13133
13128
13143
13140
13138
13144
13137
13139
13140
13138
13141
13137
13138
13149
13147
13150
13144
13136
13134
13135
13132
13132
13131
13133
13132
13132
13135
13124
13119
13114
13111
13120
13114
13112
13122
13123
13122
13127
13133
13136
13137
13137
13138
13131
13141
13142
13141
13140
13135
13137
13136
13129
13125
13126
13120
13118
13122
13120
13134
13131
13131
13129
13128
13133
13135
13129
13132
13133
13138
13141
13140
13143
13141
13145
13149
13145
13146
13139
13140
13145
13147
13143
13143
13137
13140
13147
13146
13149
13145
13145
13146
13144
13141
13142
13133
13130
13136
13129
13130
13129
13128
13126
13124
13129
13134
13136
13137
13137
13138
13140
13134
13133
13129
13122
13132
13134
13136
13140
13144
13145
13140
13135
13140
13131
13131
13134
13134
13130
13140
13137
13129
13123
13125
13127
13126
13120
13128
13130
13127
13130
13124
13134
13137
13134
13126
13130
13129
13133
13133
13128
13127
13129
13131
13141
13144
13140
13145
13140
13140
13145
13142
13134
13139
13139
13142
13140
13139
13136
13133
13138
13144
13134
13131
13133
13132
13137
13137
13137
13132
13137
13141
13138
13136
13141
13139
13142
13144
13136
13136
13128
13123
13127
13120
13129
13133
13130
13125
13127
13136
13132
13134
13134
13133
13128
13134
13142
13137
13140
13138
13134
13139
13133
13131
13134
13124
13130
13138
13133
13132
13135
13137
13143
13145
13144
13137
13132
13138
13132
13134
13129
13124
13128
13129
13127
13132
13125
13128
13136
13139
13134
13131
13138
13134
13128
13132
13134
13129
13135
13137
13138
13152
13139
13137
13141
13133
13130
13132
13127
13127
13128
13130
13128
13130
13127
13120
13119
13135
13134
13137
13129
13128
13139
13140
13136
13130
13122
13125
13129
13137
13138
13137
13138
13141
13140
13139
13134
13123
13129
13128
13129
13132
13133
13132
13142
13135
13133
13140
13134
13131
13137
13137
13137
13133
13126
13128
13128
13128
13122
13123
13126
13132
13138
13132
13127
13132
13132
13136
13137
13137
13130
13126
13130
13134
13129
13131
13129
13124
13120
13126
13120
13124
13122
13120
13116
13116
13111
13124
13121
13127
13135
13135
13135
13134
13133
13127
13121
13125
13125
13138
13139
13144
13151
13139
13143
13147
13143
13142
13134
13133
13129
13132
13132
13131
13129
13131
13130
13130
13125
13130
13136
13133
13137
13135
13139
12976
12094
11033
10316
9891
9696
9614
9656
9729
9842
9924
10066
10194
10355
10497
10659
10791
10937
10993
11019
11070
11156
11245
11345
11431
11522
11601
11694
11776
11857
11932
12009
12074
12142
12206
12269
12332
12385
12432
12483
12511
12553
12585
12616
12648
12678
12705
12737
12755
12780
12804
12826
12855
12865
12884
12900
12911
12929
12937
12946
12963
12965
12973
12977
12984
12994
13000
13003
13019
13020
13026
13035
13037
13047
13054
13061
13074
13070
13078
13089
13096
13095
13098
13091
13090
13087
13091
13093
13093
13096
13100
13109
13107
13112
13119
13115
13118
13125
13127
13126
13127
13119
13117
13116
13110
13112
13111
13112
13121
13119
13123
13119
13115
13114
13122
13120
13127
13124
13127
13128
13127
13126
13127
13120
13125
13129
13135
13130
13132
13140
13131
13135
13136
13129
13133
13128
13128
13127
13118
13111
13119
13123
13124
13127
13118
13119
13122
13119
13130
13127
13127
13134
13134
13137
13143
13150
13144
13143
13133
13134
13127
13126
13130
13127
13130
13129
13125
13124
13112
13117
13116
13121
13122
13123
13126
13136
13135
13145
13139
13140
13143
13139
13137
13134
13128
13129
13129
13128
13130
13130
13137
13144
13141
13141
13141
13139
13145
13138
13135
13138
13135
13136
13137
13135
13133
13140
13132
13136
13134
13135
13129
13132
13129
13129
13127
13125
13124
13131
13124
13120
13123
13120
13122
13126
13126
13128
13134
13141
13139
13144
13142
13147
13140
13136
13133
13131
13131
13122
13123
13137
13128
13130
13137
13130
13136
13141
13141
13137
13135
13132
13136
13132
13131
13128
13130
13130
13128
13132
13127
13123
13126
13129
13121
13129
13128
13128
13135
13136
13138
13136
13138
13140
13133
13139
13136
13130
13135
13129
13123
13134
13129
13125
13132
13136
13141
13146
13146
13140
13136
13125
13131
13134
13133
13132
13133
13130
13130
13130
13122
13122
13131
13128
13130
13128
13132
13132
13133
13133
13133
13142
13143
13149
13142
13149
13147
13150
13152
13148
13138
13138
13127
13121
13130
13133
13138
13146
13148
13143
13136
13139
13139
13142
13139
13133
13130
13131
13125
13130
13127
13127
13133
13128
13126
13122
13123
13125
13126
13128
13138
13134
13144
13148
13148
13149
13147
13145
13149
13144
13142
13139
13132
13128
13139
13137
13140
13137
13141
13143
13148
13147
13141
13143
13147
13142
13146
13141
13130
13141
13137
13136
13138
13136
13137
13136
13137
13137
13130
13127
13134
13125
13094
12966
12888
12841
12808
12802
12801
12813
12822
12844
12819
12788
12778
12776
12781
12796
12810
12827
12837
12856
12867
12884
12901
12915
12931
12936
12947
12963
12970
12978
12988
12994
13008
13014
13020
13030
13043
13046
13059
13063
13076
13073
13079
13084
13090
13085
13086
13087
13084
13084
13087
13085
13094
13087
13101
13108
13112
13115
13122
13125
13128
13123
13123
13120
13117
13116
13119
13028
12923
12871
12832
12817
12810
12810
12818
12833
12848
12862
12874
12893
12909
12927
12934
12949
12962
12970
12984
12985
12987
13006
13010
13020
13031
13037
13047
13053
13066
13074
13068
13071
13068
13073
13082
13084
13094
13093
13098
13104
13106
13102
13107
13102
13104
13106
13111
13106
13109
13114
13116
13112
13116
13118
13113
13117
13122
13124
13130
13127
13125
13128
13126
13132
13137
