13128
13130
13132
13137
13133
13125
13127
13126
13128
13138
13133
13135
13136
13132
13136
13132
13129
13121
13131
13129
13134
13134
13137
13140
13136
13134
13141
13136
13131
13135
13133
13139
13134
13134
13133
13130
13133
13135
13137
13137
13132
13139
13133
13140
13141
13137
13138
13143
13140
13135
13126
13124
13127
13123
13117
13122
13120
13121
13131
13127
13134
13132
13131
13142
13142
13137
13157
13144
13140
13145
13133
13144
13142
13137
13131
13131
13133
13128
13131
13136
13141
13145
13147
13146
13152
13141
13148
13149
13146
13140
13137
13136
13134
13135
13131
13137
13128
13125
13131
13127
13133
13135
13137
13136
13134
13135
13140
13130
13129
13137
13135
13132
13126
13131
13129
13130
13134
13134
13140
13150
13148
13151
13145
13147
13149
13142
13143
13141
13136
13137
13137
13140
13135
13133
13133
13140
13134
13128
13133
13133
13141
13133
13134
13136
13129
13127
13139
13133
13129
13136
13137
13136
13135
13133
13129
13134
13136
13138
13142
13145
13148
13148
13144
13140
13144
13143
13151
13147
13144
13138
13140
13138
13141
13139
13132
13133
13130
13133
13131
13135
13139
13133
13132
13139
13142
13141
13141
13137
13135
13135
13137
13132
13131
13130
13126
13124
13128
13124
13123
13124
13130
13140
13139
13132
13135
13126
13132
13139
13139
13140
13134
13137
13139
13135
13130
13138
13130
13126
13130
13129
13132
13130
13130
13131
13131
13132
13142
13133
13134
13136
13146
13149
13146
13145
13143
13146
13148
13138
13135
13136
13129
13123
13124
13118
13133
13128
13131
13136
13143
13141
13144
13151
13150
13150
13142
13137
13131
13139
13147
13143
13152
13151
13153
13155
13147
13140
13145
13140
13141
13137
13133
13136
13134
13126
13122
13125
13126
13128
13131
13140
13141
13141
13144
13137
13136
13128
13132
13132
13128
13129
13126
13128
13134
13135
13129
13132
13134
13134
13131
13128
13129
13126
13132
13139
13130
13127
13130
13125
13128
13132
13134
13140
13142
13139
13142
13137
13135
13124
13121
13130
13127
13129
13134
13130
13139
13134
13126
13124
13120
13126
13125
13130
13128
13130
13129
13131
13133
13138
13137
13130
13127
13129
13139
13138
13135
13134
13144
13140
13138
13135
13134
13136
13140
13137
13140
13137
13134
13126
13124
13127
13123
13123
13123
13123
13132
13126
13128
13137
13134
13129
13132
13132
13137
13133
13138
13140
13139
13143
13146
13143
13145
13142
13134
13136
13132
13124
13131
13122
13127
13140
13147
13147
13143
13138
13135
13140
13138
13137
13126
13130
13124
13126
13121
13118
13126
13121
13125
13134
13126
13126
13131
13132
13134
13126
13128
13124
13119
13119
13123
13121
13126
13127
13131
13142
13142
13142
13152
13141
13143
13143
13144
13149
13144
13144
13140
13140
13142
13137
13138
13143
13144
13140
13142
13130
13139
13137
13135
13144
13135
13142
13134
13135
13133
13136
13131
13135
13130
13129
13129
13129
13130
13133
13132
13138
13140
13134
13133
13133
13122
13126
13124
13128
13124
13129
13131
13126
13134
13138
13139
13143
13146
13147
13144
13132
13145
13136
13128
13132
13134
13136
13141
13132
13138
13141
13148
13149
13147
13150
13151
13147
13144
13139
13135
13119
12804
12055
11394
10956
10610
10397
10340
10331
10399
10478
10602
10719
10858
10973
11106
11219
11341
11443
11546
11639
11745
11831
11925
12000
12073
12135
12202
12262
12309
12359
12411
12456
12503
12538
12582
12517
12458
12433
12430
12441
12454
12470
12504
12529
12565
12593
12621
12657
12698
12728
12755
12776
12804
12822
12838
12857
12866
12881
12901
12917
12927
12930
12942
12958
12970
12977
12985
12992
13003
13011
13016
13031
13038
13053
13058
13060
13069
13068
13069
13078
13079
13081
13087
13079
13081
13101
13098
13100
13095
13099
13098
13096
13094
13100
13102
13115
13119
13127
13131
13125
13121
13113
13120
13124
13127
13132
13119
13125
13126
13131
13136
13128
13120
13121
13131
13132
13138
13135
13122
13124
13120
13112
13114
13107
13110
13119
13117
13116
13120
13122
13126
13130
13134
13136
13138
13141
13135
13131
13132
13128
13131
13126
13125
13128
13127
13127
13122
13120
13121
13121
13125
13134
13132
13133
13137
13131
13134
13136
13133
13142
13136
13132
13135
13133
13126
13127
13127
13139
13139
13141
13132
13134
13134
13134
13133
13133
13132
13134
13140
13135
13142
13137
13135
13137
13142
13137
13126
13133
13135
13137
13143
13142
13133
13140
13143
13137
13138
13139
13139
13135
13130
13129
13134
13132
13133
13133
13130
13134
13135
13136
13135
13136
13141
13145
13145
13146
13140
13138
13141
13129
13136
13123
13123
13124
13126
13131
13135
13136
13135
13130
13133
13136
13126
13133
13130
13130
13134
13133
13129
13138
13129
13133
13141
13142
13139
13138
13136
13138
13136
13125
13125
13132
13135
13132
13135
13129
13122
13129
13125
13126
13129
13122
13115
13117
13125
13134
13133
13131
13142
13145
13148
13146
13141
13135
13136
13131
13126
13132
13134
13131
13126
13119
13130
13132
13129
13137
13136
13142
13137
13132
13132
13129
13129
13125
13126
13120
13119
13127
13136
13137
13141
13132
13133
13131
13131
13127
13124
13128
13130
13132
13132
13132
13131
13132
13137
13137
13144
13144
13147
13150
13141
13136
13142
13134
13126
13122
13118
13122
13126
13125
13130
13127
13126
13131
13127
13127
13132
13131
13127
13132
13142
13133
13138
13139
13142
13145
13147
13147
13142
13138
13139
13141
13132
13134
13134
13132
13132
13130
13122
13126
13128
13129
13135
13133
13131
13134
13135
13137
13134
13132
13130
13134
13130
13126
13128
13138
13140
13149
13146
13138
13143
13132
13132
13123
13119
13127
13124
13128
13132
13127
13122
13128
13126
13134
13138
13135
13139
13137
13140
13143
13138
13129
13131
13121
13124
13129
13125
13132
13133
13136
13135
13140
13137
13133
13135
13139
13142
13141
13133
13130
13144
13138
13140
13137
13137
13139
13137
13143
13142
13143
13133
13139
13125
13124
13126
13126
13126
13131
13129
13137
13131
13136
13140
13142
13142
13142
13141
13135
13136
13138
13134
13138
13131
13133
13134
13133
13131
13125
13124
13128
13140
13136
13146
13147
13150
13150
13142
13141
13139
13139
13142
13144
13135
13141
13144
13136
13129
13129
13130
13136
13137
13132
13139
13132
13133
13140
13136
13135
13130
13131
13136
13127
13131
13128
13122
13121
13127
13127
13124
13127
13137
13127
13133
13138
13134
13136
13133
13141
13140
13137
13132
13140
13132
13135
13134
13134
13132
13137
13134
13143
13141
13140
13146
13148
13138
13147
