13127
13132
13137
13133
13126
13136
13139
13128
13130
13132
13136
13143
13140
13138
13139
13138
13136
13141
13141
13134
13139
13133
13136
13136
13134
13148
13146
13152
13151
13150
13136
13141
13133
13132
13138
13137
13137
13139
13134
13142
13135
13128
13135
13129
13129
13132
13140
13137
13134
13132
13134
13138
13141
13146
13140
13145
13141
13147
13150
13146
13150
13142
13141
13136
13134
13137
13134
13137
13136
13138
13134
13138
13131
13137
13135
13138
13136
13137
13133
13133
13123
13120
13129
13125
13128
13135
13130
13138
13139
13137
13138
13135
13137
13128
13124
13130
13125
13119
13115
13112
13119
13121
13128
13132
13127
13128
13131
13136
13140
13145
13140
13139
13142
13144
13146
13143
13143
13144
13148
13148
13146
13143
13153
13150
13143
13144
13139
13140
13137
13138
13141
13138
13140
13131
13131
13131
13127
13130
13122
13128
13137
13132
13129
13133
13126
13124
13122
13128
13126
13127
13133
13141
13133
13135
13137
13132
13135
13139
13140
13148
13143
13133
13144
13136
13140
13142
13134
13137
13135
13130
13136
13133
13135
13129
13134
13138
13135
13141
13139
13140
13139
13134
13132
13135
13133
13128
13128
13132
13133
13133
13129
13138
13139
13133
13132
13133
13134
13134
13133
13139
13127
13129
13133
13135
13135
13133
13130
13136
13133
13135
13131
13135
13135
13133
13139
13132
13132
13137
13138
13139
13144
13134
13130
13131
13132
13126
13127
13127
13130
13127
13127
13126
13132
13131
13128
13130
13141
13137
13130
13141
13127
13125
13133
13137
13131
13132
13125
13132
13133
13132
13134
13129
13133
13131
13130
13131
13128
13140
13128
13126
13130
13126
13125
13138
13140
13142
13141
13145
13141
13145
13142
13142
13129
13129
13130
13136
13138
13136
13142
13144
13138
13134
13137
13133
13135
13129
13131
13130
13137
13124
13130
13135
13139
13139
13138
13143
13146
13151
13144
13142
13141
13138
13136
13139
13136
13134
13131
13133
13128
13118
13123
13130
13131
13139
13141
13133
13135
13130
13127
13133
13124
13125
13137
13124
13137
13136
13137
13139
13138
13133
13131
13122
13124
13121
13129
13137
13136
13142
13142
13139
13150
13149
13144
13145
13130
13132
13133
13133
13130
13127
13131
13133
13137
13136
13137
13133
13141
13130
13126
13127
13127
13128
13136
13132
13125
13134
13127
13127
13126
13128
13130
13133
13130
13134
13138
13132
13128
13130
13129
13133
13137
13130
13125
13132
13126
13122
13122
13121
13130
13132
13134
13136
13131
13134
13140
13150
13146
13152
13151
13146
13142
13134
13139
13137
13134
13140
13140
13141
13140
13143
13142
13143
13143
13134
13140
13143
13133
13136
13137
13133
13143
13124
13122
13129
13132
13131
13136
13139
13139
13133
13131
13137
13129
13128
13133
13131
13138
13137
13140
13139
13138
13140
13148
13142
13146
13154
13144
13141
13141
13139
13139
13135
13142
13134
13135
13128
13124
13126
13130
13125
13132
13122
13128
13132
13134
13133
13134
13132
13133
13146
13141
13138
13135
13144
13146
13138
13141
13133
13131
13139
13133
13129
13141
13133
13129
13130
13122
13131
13134
13135
13143
13138
13137
13134
13135
13127
13125
13128
13124
13121
13139
13128
13127
13122
13124
13122
13070
12645
11996
11452
11013
10751
10646
10604
10643
10702
10797
10897
11019
11128
11254
11360
11485
11573
11677
11761
11844
11920
12004
12073
12150
12209
12273
12323
12376
12427
12468
12508
12553
12584
12621
12640
12667
12707
12733
12763
12789
12813
12839
12852
12870
12885
12892
12903
12919
12924
12938
12954
12969
12982
12990
12994
13007
13007
13021
13042
13038
13042
13046
13052
13055
13058
13059
13067
13073
13082
13082
13087
13085
13085
13088
13088
13090
13089
13091
13098
13101
13106
13105
13117
13117
13131
13123
13118
13117
13128
13128
13130
13126
13122
13119
13115
13116
13110
13119
13125
13118
13134
13131
13130
13123
13117
13123
13122
13129
13133
13133
13133
13127
13127
13128
13133
13129
13136
13135
13132
13133
13129
13128
13130
13132
13132
13128
13131
13133
13135
13140
13136
13142
13143
13138
13137
13132
13132
13126
13133
13129
13125
13131
13132
13128
13131
13138
13136
13136
13136
13135
13131
13129
13133
13136
13128
13126
13139
13130
13127
13126
13125
13136
13137
13136
13132
13138
13137
13145
13138
13144
13138
13142
13142
13139
13128
13133
13126
13127
13132
13124
13132
13133
13127
13123
13125
13124
13125
13132
13139
13141
13142
13146
13141
13154
13147
13145
13154
13153
13151
13153
13145
13147
13140
13142
13146
13149
13150
13147
13146
13146
13140
13139
13137
13132
13132
13142
13136
13145
13139
13134
13131
13132
13133
13139
13133
13138
13129
13126
13127
13128
13134
13134
13138
13151
13143
13146
13140
13141
13138
13130
13135
13142
13135
13129
13136
13136
13136
13137
13132
13130
13130
13125
13127
13119
13122
13131
13126
13132
13138
13133
13137
13140
13137
13137
13137
13137
13133
13128
13133
13129
13126
13121
13120
13133
13124
13128
13132
13122
13127
13134
13135
13129
13136
13142
13145
13150
13150
13153
13146
13139
13144
13143
13140
13139
13130
13137
13131
13128
13131
13121
13119
13128
13129
13125
13118
13123
13121
13120
13127
13127
13130
13126
13128
13147
13138
13134
13136
13139
13141
13138
13139
13135
13124
13126
13133
13125
13127
13131
13128
13135
13138
13137
13133
13128
13122
13133
13126
13125
13133
13126
13127
13129
13130
13132
13135
13134
13139
13139
13137
13139
13135
13136
13134
13135
13125
13126
13135
13131
13140
13137
13128
13141
13134
13133
13137
13139
13146
13148
13136
13137
13137
13140
13138
13133
13131
13141
13136
13132
13140
13133
13133
13136
13146
13149
13153
13148
13145
13146
13149
13141
13138
13138
13134
13141
13138
13148
13147
13145
13141
13138
13139
13130
13128
13130
13133
13137
13132
13136
13132
13128
13126
13136
13138
13141
13137
13143
13143
13144
13144
13140
13135
13139
13142
13144
13140
13142
13137
13141
13143
13141
13137
13131
13128
13140
13129
13132
13134
13137
13135
13131
13130
13127
13135
13142
13141
13145
13139
13134
13132
13134
13132
13131
13129
13124
13124
13133
13126
13129
13137
13142
13147
13153
13147
13143
13142
13140
13135
13135
13133
13131
13130
13133
13136
13139
13132
13134
13134
13139
13139
13137
13134
13136
13137
13142
13145
13147
13145
13148
13140
13144
13141
13145
13133
13133
13134
13133
13134
13136
13142
13137
13143
13147
13144
13148
13144
13140
13138
13140
13142
13131
13133
13129
13132
13142
13138
13133
13137
13133
13132
13133
13134
13132
13147
