13130
13134
13136
13136
13135
13138
13139
13137
13134
13127
13134
13128
13132
13133
13131
13134
13129
13123
13126
13115
13119
13116
13114
13121
13123
13129
13130
13129
13143
13138
13135
13147
13142
13135
13130
13136
13133
13133
13131
13132
13123
13135
13134
13128
13134
13133
13136
13147
13144
13137
13142
13140
13137
13138
13134
13135
13136
13139
13145
13148
13144
13139
13141
13137
13132
13132
13134
13136
13134
13121
13121
13124
13126
13128
13126
13138
13139
13138
13137
13142
13139
13148
13140
13140
13135
13137
13141
13142
13132
13129
13137
13132
13137
13139
13132
13142
13141
13139
13134
13134
13132
13128
13130
13127
13129
13133
13136
13132
13137
13132
13135
13138
13137
13133
13131
13132
13136
13139
13133
13132
13131
13138
13142
13137
13135
13140
13138
13148
13140
13136
13142
13133
13133
13128
13124
13119
13121
13123
13127
13130
13137
13129
13127
13131
13125
13137
13131
13130
13139
13139
13141
13151
13151
13147
13149
13141
13139
13138
13133
13135
13137
13140
13142
13135
13137
13125
13136
13136
13134
13130
13128
13128
13137
13145
13138
13138
13141
13138
13144
13142
13146
13138
13139
13139
13140
13138
13135
13132
13136
13133
13139
13144
13138
13148
13142
13145
13139
13138
13131
13134
13130
13140
13139
13133
13134
13140
13143
13146
13138
13125
13132
13129
13125
13131
13124
13125
13133
13140
13144
13134
13130
13131
13135
13133
13130
13139
13144
13146
13147
13140
13128
13135
13140
13138
13139
13138
13131
13131
13129
13137
13132
13131
13133
13128
13129
13118
13122
13132
13121
13131
13137
13130
13129
13137
13125
13123
13126
13127
13127
13128
13136
13137
13142
13147
13135
13132
13130
13135
13129
13126
13128
13132
13134
13141
13142
13143
13144
13139
13138
13141
13132
13133
13127
13124
13127
13128
13139
13143
13140
13141
13141
13143
13141
13144
13134
13138
13133
13133
13133
13131
13131
13133
13134
13131
13125
13122
13125
13124
13134
13136
13130
13138
13138
13136
13140
13140
13145
13145
13139
13140
13136
13142
13146
13140
13152
13151
13141
13139
13132
13124
13135
13129
13131
13130
13127
13132
13137
13129
13127
13122
13127
13126
13126
13126
13127
13129
13132
13135
13138
13130
13131
13137
13148
13145
13139
13132
13130
13137
13128
13137
13128
13133
13135
13132
13133
13132
13134
13139
13144
13138
13143
13141
13139
13142
13137
13133
13137
13136
13133
13134
13133
13132
13126
13132
13127
13128
13123
13125
13137
13134
13139
13145
13142
13139
13136
13139
13140
13138
13137
13140
13137
13142
13137
13139
13140
13136
13141
13142
13130
13137
13144
13139
13134
13141
13139
13137
13144
13144
13152
13145
13139
13134
13132
13133
13130
13132
13122
13130
13140
13133
13129
13133
13128
13136
13133
13133
13140
13140
13144
13147
13136
13141
13150
13139
13139
13141
13142
13145
13148
13137
13141
13135
13134
13143
13137
13138
13136
13128
13129
13129
13130
13125
13133
13136
13134
13136
13134
13134
13145
13138
13130
13135
13133
13133
13136
13132
13132
13131
13133
13136
13128
13138
13131
13133
13136
13135
13134
13136
13130
13129
13134
13137
13131
13138
13136
13137
13027
12940
12885
12851
12818
12529
11917
11320
10753
10209
9941
9799
9802
9832
9945
10062
10216
10353
10518
10652
10816
10953
11093
11211
11334
11358
11418
11471
11550
11629
11710
11795
11883
11953
12032
12084
12158
12215
12273
12323
12375
12418
12468
12504
12547
12581
12614
12649
12685
12713
12746
12764
12790
12808
12825
12849
12867
12886
12903
12916
12929
12938
12955
12971
12968
12980
12982
12980
12989
12995
13012
13027
13030
13035
13047
13046
13059
13071
13071
13077
13078
13082
13087
13085
13084
13076
13083
13090
13092
13100
13102
13098
13105
13094
13098
13107
13102
13102
13101
13106
13110
13109
13115
13112
13107
13111
13116
13112
13115
13112
13110
13116
13113
13113
13115
13116
13116
13121
13118
13112
13121
13116
13124
13133
13129
13133
13134
13142
13139
13141
13136
13132
13145
13133
13130
13135
13134
13137
13140
13141
13137
13137
13127
13138
13135
13142
13138
13133
13135
13132
13132
13136
13124
13126
13135
13134
13128
13131
13139
13137
13142
13144
13142
13145
13138
13136
13133
13132
13109
12984
12905
12860
12836
12817
12812
12808
12818
12831
12843
12861
12876
12892
12901
12912
12929
12941
12960
12972
12988
13004
13011
13022
13029
13028
13032
13030
13041
13051
13048
13057
13065
13070
13076
13076
13077
13082
13086
13092
13099
13107
13101
13099
13109
13107
13104
13107
13102
13103
13102
13101
13101
13098
13102
13111
13105
13114
13124
13119
13124
13122
13123
13124
13118
13120
13119
13126
13121
13122
13124
13125
13132
13130
13133
13129
13137
13133
13126
13128
13119
13119
13123
13126
13133
13125
13128
13126
13130
13132
13134
13135
13138
13140
13143
13138
13126
13136
13140
13137
13134
13132
13128
13134
13132
13132
13139
13140
13139
13145
13142
13151
13151
13144
13144
13140
13139
13128
13131
13132
13128
13129
13125
13128
13129
13125
13126
13129
13121
13122
13125
13128
13133
13131
13131
13132
13133
13132
13139
13129
13143
13140
13140
13147
13145
13139
13143
13134
13134
13134
13131
13131
13133
13137
13140
13138
13143
13143
13144
13141
13134
13131
13129
13130
13131
13132
13134
13138
13147
13147
13141
13135
13132
13135
13136
13137
13137
13135
13135
13132
13136
13132
13137
13137
13131
13125
13131
13120
13123
13129
13128
13132
13128
13129
13129
13132
13128
13127
13137
13134
13130
13129
13130
13135
13143
13144
13143
13149
13149
13151
13150
13147
13146
13139
13142
13141
13131
13136
13139
13135
13133
13136
13140
13155
13151
13143
13143
13140
13142
13143
13140
13139
13136
13145
13148
13141
13135
13134
13136
13134
13140
13138
13140
13143
13155
13147
13142
13146
13151
13146
13146
13135
13130
13131
13131
13133
13129
13128
13136
13133
13136
13131
13138
13137
13135
13141
13150
13145
13141
13147
13149
13149
13150
13143
13146
13146
13143
13143
13143
13143
13141
13138
13137
13139
13138
13131
13126
13137
13141
13142
13141
13139
13139
13138
13139
13142
13138
13132
13140
13134
13132
13127
13126
13136
13130
13127
13132
13128
13127
13130
13124
13129
13136
13133
13138
13137
13136
13136
13133
13138
13131
13138
13136
13134
13135
13134
13136
13134
13129
13125
13130
13126
13126
13131
13135
13145
13135
13141
13138
13136
13136
13130
13130
13132
13135
13132
13146
13143
13135
13146
13141
13143
13144
13146
13142
13142
13146
13139
13140
13149
13147
13155
13155
13142
13149
13143
