13132
13129
13126
13132
13141
13140
13140
13140
13142
13135
13134
13132
13130
13130
13132
13132
13130
13138
13144
13139
13139
13140
13134
13146
13138
13139
13140
13137
13130
13131
13124
13137
13140
13141
13137
13133
13138
13139
13145
13148
13140
13146
13155
13145
13155
13148
13146
13147
13151
13141
13140
13136
13137
13132
13129
13136
13137
13141
13142
13135
13137
13136
13139
13137
13130
13128
13137
13134
13134
13137
13125
13132
13142
13143
13138
13134
13136
13136
13138
13138
13138
13137
13137
13138
13139
13138
13134
13136
13139
13136
13132
13125
13126
13126
13137
13139
13132
13137
13138
13134
13139
13139
13137
13138
13137
13137
13138
13133
13132
13136
13130
13139
13140
13137
13132
13136
13145
13142
13146
13145
13144
13145
13151
13141
13143
13131
13127
13136
13139
13137
13130
13130
13130
13129
13126
13126
13119
13127
13129
13126
13128
13131
13130
13139
13135
13132
13136
13134
13128
13131
13121
13129
13125
13122
13113
13118
13119
13121
13128
13129
13124
13123
13127
13138
13147
13145
13147
13150
13153
13147
13152
13154
13160
13154
13154
13149
13147
13145
13143
13138
13138
13134
13131
13137
13135
13133
13140
13141
13142
13142
13134
13132
13133
13138
13131
13133
13131
13128
13134
13133
13137
13137
13139
13139
13142
13139
13138
13143
13140
13135
13136
13136
13134
13140
13131
13128
13119
13130
13135
13125
13131
13132
13138
13142
13137
13134
13134
13128
13123
13126
13124
13129
13126
13121
13118
13120
13122
13118
13114
13124
13123
13129
13136
13135
13142
13139
13142
13141
13142
13136
13136
13128
13138
13136
13137
13149
13137
13142
13149
13143
13152
13151
13150
13149
13143
13136
13144
13134
13124
13123
13122
13127
13131
13133
13132
13137
13132
13132
13133
13129
13133
13134
13132
13131
13127
13123
13130
13134
13131
13131
13126
13129
13125
13131
13134
13133
13122
13124
13129
13130
13134
13135
13133
13145
13134
13132
13133
13132
13135
13140
13131
13140
13138
13135
13136
13132
13135
13138
13137
13137
13136
13137
13144
13139
13144
13143
13149
13145
13139
13133
13124
13125
13126
13131
13136
13140
13131
13129
13134
13137
13135
13138
13136
13133
13130
13126
13134
13129
13130
13131
13124
13122
13130
13135
13140
13147
13146
13141
13149
13147
13147
13139
13138
13138
13150
13138
13143
13136
13142
13140
13140
13145
13148
13150
13144
13144
13141
13134
13141
13136
13140
13139
13137
13144
13132
13126
13136
13127
13123
13126
13123
13124
13128
13124
13131
13132
13132
13122
13130
13132
13129
13133
13134
13132
13141
13134
13132
13136
13134
13133
13132
13135
13134
13133
13133
13131
13135
13132
13132
13133
13131
13120
13123
13137
13134
13139
13146
13139
13134
13137
13128
13123
13123
13137
13138
13131
13138
13134
13130
13139
13138
13135
13132
13131
13140
13133
13129
13126
13125
13135
13131
13126
13140
13137
13140
13140
13140
13136
13145
13146
13150
13152
13146
13148
13145
13136
13146
13130
13126
13127
13126
13132
13129
13128
13130
13127
13127
13125
13130
13133
13133
13131
13133
13125
13132
13121
13123
13130
13123
13122
13124
13126
13122
13131
13130
13132
13129
13132
13127
13127
13126
13119
13121
13120
12901
12339
11384
10664
10279
10064
9981
9942
9998
10075
10109
10130
10227
10313
10456
10576
10729
10861
10997
11116
11245
11361
11485
11586
11691
11776
11868
11942
12024
12089
12160
12215
12276
12328
12381
12431
12478
12524
12559
12603
12628
12645
12678
12702
12737
12765
12785
12811
12845
12870
12889
12898
12912
12917
12933
12951
12956
12969
12972
12974
12987
12992
12993
12997
13006
13013
13031
13026
13032
13034
13044
13053
13056
13070
13079
13088
13094
13092
13093
13102
13100
13096
13094
13094
13096
13098
13101
13100
13103
13106
13101
13105
13106
13102
13107
13106
13105
13106
13116
13122
13130
13125
13128
13131
13123
13124
13124
13119
13119
13125
13125
13126
13123
13124
13128
13131
13130
13133
13133
13144
13140
13131
13135
13131
13130
13137
13126
13126
13125
13124
13127
13128
13130
13132
13130
13135
13135
13133
13125
13129
13129
13123
13119
13114
13115
13123
13118
13122
13123
13124
13126
13131
13130
13135
13129
13132
13131
13134
13129
13023
12924
12863
12838
12817
12810
12811
12816
12822
12838
12858
12866
12881
12893
12906
12932
12947
12955
12970
12979
12990
13001
13004
13006
13020
13029
13046
13043
13048
13048
13057
13064
13063
13069
13072
13083
13092
13092
13095
13093
13097
13094
13092
13100
13095
13095
13105
13103
13114
13110
13110
13111
13110
13115
13116
13125
13125
13129
13132
13134
13128
13135
13127
13129
13132
13129
13132
13133
13126
13129
13118
13116
13128
13120
13126
13123
13127
13131
13136
13140
13141
13143
13142
13151
13143
13142
13140
13138
13133
13136
13132
13128
13133
13139
13129
13129
13127
13127
13131
13130
13123
13132
13127
13132
13130
13130
13137
13137
13138
13142
13142
13144
13144
13134
13141
13142
13137
13136
13138
13140
13142
13141
13138
13144
13138
13133
13129
13120
13129
13130
13128
13134
13130
13137
13131
13135
13130
13129
13132
13138
13138
13145
13138
13138
13133
13129
13128
13127
13122
13135
13124
13125
13125
13129
13129
13134
13132
13138
13135
13133
13140
13137
13144
13148
13145
13144
13145
13145
13150
13155
13148
13148
13156
13152
13146
13150
13145
13134
13137
13133
13133
13132
13126
13123
13122
13127
13131
13138
13139
13135
13140
13140
13139
13134
13137
13142
13139
13145
13147
13133
13138
13133
13136
13143
13132
13128
13134
13133
13134
13134
13136
13138
13138
13142
13135
13133
13143
13139
13138
13137
13133
13129
13125
13122
13124
13126
13125
13123
13119
13130
13124
13122
13128
13125
13128
13128
13129
13134
13138
13132
13139
13139
13133
13140
13132
13141
13145
13140
13145
13141
13142
13140
13139
13140
13131
13130
13138
13132
13133
13127
13126
13126
13122
13116
13129
13130
13131
13129
13129
13135
13128
13125
13133
13127
13133
13136
13139
13142
13138
13123
13129
13121
13118
13134
13134
13127
13138
13134
13139
13136
13147
13148
13136
13137
13134
13132
13139
13136
13135
13129
13134
13143
13144
13142
13139
13135
13140
13135
13135
13137
13142
13146
13149
13143
13147
13149
13147
13147
13140
13140
13138
13129
13136
13145
13131
13130
13133
13131
13133
13136
13135
13125
13127
13137
13125
13125
13133
13124
13129
13125
13129
13145
13141
13139
13135
13137
13138
13135
13138
13135
13133
13133
13139
13130
13131
13136
13140
13141
13149
13145
13147
13143
13137
13138
13132
13133
13129
