13122
13118
13125
13118
13125
13130
13128
13134
13128
13122
13131
13124
13131
13125
13123
13126
13127
13124
13125
13126
13132
13137
13139
13140
13142
13138
13140
13134
13148
13140
13132
13133
13133
13132
13122
13116
13119
13113
13112
13112
13111
13115
13127
13133
13129
13127
13129
13137
13127
13137
13151
13147
13147
13141
13136
13145
13147
13149
13150
13151
13147
13139
13135
13139
13134
13125
13122
13124
13126
13128
13126
13129
13127
13132
13131
13132
13129
13127
13127
13133
13126
13124
13125
13122
13119
13125
13124
13122
13120
13122
13126
13127
13124
13131
13130
13137
13135
13139
13141
13139
13135
13131
13125
13125
13121
13118
13121
13113
13120
13118
13116
13121
13121
13122
13121
13125
13125
13117
13118
13123
13123
13128
13126
13122
13125
13128
13134
13135
13126
13127
13141
13134
13138
13131
13121
13120
13125
13130
13136
13131
13135
13136
13135
13137
13130
13123
13123
13121
13130
13132
13127
13132
13140
13138
13138
13139
13139
13142
13144
13142
13137
13133
13132
13125
13124
13127
13128
13131
13129
13136
13136
13134
13123
13130
13124
13130
13133
13138
13139
13140
13141
13135
13136
13131
13127
13132
13128
13133
13140
13132
13131
13132
13130
13132
13132
13131
13125
13130
13129
13128
13121
13126
13129
13132
13134
13131
13128
13130
13128
13128
13135
13126
13126
13138
13141
13142
13139
13131
13131
13136
13137
13126
13129
13128
13126
13128
13130
13127
13126
13122
13123
13125
13126
13128
13131
13132
13133
13136
13132
13133
13127
13127
13127
13124
13124
13127
13120
13125
13120
13127
13127
13129
13130
13137
13135
13139
13145
13143
13147
13145
13147
13145
13138
13139
13144
13146
13143
13138
13135
13133
13137
13133
13124
13126
13121
13124
13126
13127
13124
13128
13120
13125
13124
13126
13126
13128
13129
13141
13142
13133
13144
13140
13133
13134
13135
13137
13137
13132
13144
13139
13145
13141
13137
13136
13133
13133
13133
13131
13134
13130
13129
13129
13120
13128
13122
13124
13129
13127
13131
13141
13138
13140
13136
13132
13126
13124
13115
13117
13116
13118
13121
13117
13122
13123
13129
13136
13134
13136
13140
13134
13126
13136
13134
13129
13132
13127
13138
13131
13128
13123
13117
13115
13118
13119
13124
13126
13127
13128
13133
13137
13132
13135
13139
13137
13146
13150
13144
13142
13133
13133
13143
13136
13135
13135
13128
13130
13136
13134
13137
13129
13131
13132
13142
13143
13152
13153
13149
13151
13150
13143
13141
13145
13140
13132
13128
13124
13126
13131
13131
13133
13130
13136
13137
13135
13128
13122
13117
13127
13121
13118
13129
13130
13126
13132
13127
13131
13136
13134
13134
13131
13130
13134
13136
13134
13130
13130
13127
13135
13142
13140
13139
13145
13143
13139
13133
13132
13133
13137
13136
13144
13140
13139
13142
13147
13136
13136
13135
13142
13139
13138
13137
13129
13125
13132
13129
13127
13130
13130
13133
13132
13135
13138
13132
13137
13146
13139
13138
13139
13137
13127
13127
13134
13132
13136
13137
13134
13133
13132
13132
13136
13125
13130
13131
13133
13133
13130
13131
13135
13127
13120
13120
13122
13117
13126
13118
13124
13126
13127
13130
13128
13128
13051
12565
12156
11610
11083
10676
10397
10207
10093
10089
10123
10222
10325
10464
10589
10745
10873
11016
11144
11267
11376
11502
11594
11691
11780
11876
11947
12026
12089
12155
12216
12271
12329
12383
12422
12470
12506
12549
12581
12618
12653
12680
12707
12730
12755
12781
12800
12827
12839
12853
12874
12888
12914
12926
12938
12947
12963
12974
12983
12984
12994
13008
13010
13016
13027
13033
13045
13043
13050
13064
13065
13062
13070
13066
13079
13079
13083
13086
13093
13099
13107
13103
13110
13102
13097
13094
13099
13103
13106
13109
13115
13105
13109
13110
13104
13103
13106
13107
13117
13119
13128
13130
13133
13136
13137
13139
13142
13135
13131
13145
13139
13142
13138
13134
13144
13140
13138
13135
13134
13131
13132
13132
13133
13139
13136
13128
13130
13128
13121
13121
13123
13123
13130
13126
13137
13137
13132
13128
13129
13131
13133
13127
13118
13129
13131
13133
13135
13129
13132
13148
13139
13131
13136
13136
13137
13135
13128
13124
13121
13124
13119
13127
13132
13129
13134
13137
13138
13136
13129
13130
13133
13131
13131
13130
13135
13136
13138
13140
13135
13134
13145
13146
13151
13149
13142
13143
13142
13131
13127
13136
13132
13131
13137
13138
13138
13132
13131
13131
13133
13142
13135
13135
13140
13136
13131
13130
13125
13128
13128
13119
13122
13131
13133
13142
13140
13144
13143
13134
13134
13127
13130
13125
13122
13127
13126
13120
13125
13123
13116
13130
13137
13141
13145
13147
13151
13152
13148
13144
13140
13140
13132
13125
13127
13126
13131
13133
13131
13136
13136
13135
13133
13128
13132
13132
13129
13133
13136
13138
13138
13142
13140
13138
13130
13129
13127
13125
13133
13129
13132
13136
13125
13122
13126
13124
13124
13132
13124
13132
13132
13132
13132
13125
13125
13118
13122
13127
13132
13140
13133
13132
13138
13145
13141
13138
13140
13141
13139
13138
13135
13127
13128
13136
13127
13129
13134
13124
13134
13130
13132
13134
13127
13128
13124
13118
13114
13116
13121
13123
13129
13129
13124
13128
13126
13127
13125
13121
13122
13131
13132
13132
13133
13137
13136
13135
13139
13141
13141
13137
13140
13132
13129
13128
13138
13136
13138
13135
13135
13126
13133
13138
13137
13140
13139
13138
13141
13136
13134
13131
13131
13133
13133
13131
13126
13129
13136
13134
13136
13142
13136
13130
13133
13130
13135
13131
13126
13119
13124
13125
13122
13122
13130
13124
13123
13126
13130
13132
13137
13136
13137
13135
13131
13130
13132
13128
13126
13133
13134
13134
13124
13127
13130
13137
13141
13142
13137
13139
13138
13145
13132
13128
13132
13132
13131
13123
13122
13126
13127
13138
13110
12983
12905
12863
12840
12835
12834
12827
12838
12843
12860
12884
12883
12900
12914
12927
12938
12953
12960
12977
12995
13004
13009
13021
13030
13034
13039
13047
13045
13062
13054
13056
13068
13075
13073
13086
13085
13091
13093
13089
13092
13088
13092
13098
13095
13102
13099
13102
13110
13107
13105
13108
13105
13112
13120
13120
13118
13126
13125
13130
13119
13124
13125
13126
13130
13129
13128
13123
13123
13124
13113
13112
13109
13114
13118
13118
13115
13111
13116
13110
13122
13119
13117
13122
13116
13125
13122
13121
13129
13124
13128
13132
13128
13130
13136
13128
13132
13134
13135
13136
13133
13129
13133
13136
13132
13126
13123
13122
13128
13125
13118
