13130
13133
13127
13135
13136
13130
13124
13131
13128
13128
13127
13122
13132
13140
13141
13143
13136
13139
13144
13137
13131
13132
13133
13140
13143
13145
13149
13146
13147
13148
13150
13148
13144
13146
13139
13145
13143
13139
13138
13134
13126
13134
13147
13146
13145
13140
13131
13138
13122
13126
13126
13115
13116
13120
13123
13130
13123
13130
13142
13129
13130
13133
13128
13128
13131
13124
13133
13139
13138
13129
13135
13146
13143
13145
13143
13135
13137
13129
13119
13123
13129
13132
13134
13133
13136
13138
13139
13136
13133
13131
13132
13137
13140
13138
13143
13155
13146
13141
13144
13138
13128
13133
13132
13132
13138
13138
13142
13149
13149
13142
13144
13147
13149
13145
13148
13136
13139
13132
13126
13132
13131
13131
13132
13144
13142
13139
13136
13147
13134
13138
13137
13138
13141
13141
13143
13138
13134
13143
13150
13146
13135
13139
13136
13137
13135
13130
13132
13136
13139
13141
13139
13132
13129
13122
13118
13120
13126
13119
13114
13126
13128
13124
13123
13127
13132
13137
13135
13136
13131
13138
13139
13130
13143
13147
13148
13148
13143
13141
13144
13133
13127
13135
13138
13136
13133
13135
13137
13133
13137
13138
13139
13146
13137
13145
13142
13147
13153
13150
13149
13150
13143
13144
13139
13135
13134
13138
13136
13137
13133
13136
13138
13136
13131
13130
13128
13135
13133
13122
13129
13123
13121
13124
13131
13132
13141
13136
13136
13136
13133
13132
13130
13132
13139
13143
13145
13149
13154
13149
13139
13138
13135
13140
13140
13141
13140
13142
13152
13151
13145
13145
13146
13138
13142
13133
13134
13142
13136
13131
13132
13127
13125
13135
13127
13138
13137
13144
13145
13147
13153
13148
13149
13147
13144
13151
13149
13143
13150
13143
13138
13140
13140
13133
13135
13137
13137
13134
13132
13139
13122
13127
13129
13125
13131
13138
13128
13139
13136
13138
13146
13139
13138
13147
13146
13145
13136
13134
13136
13127
13129
13130
13130
13128
13128
13122
13132
13127
13134
13128
13130
13132
13124
13132
13131
13138
13135
13138
13140
13142
13147
13147
13143
13144
13145
13144
13144
13143
13142
13133
13139
13131
13132
13141
13139
13140
13143
13142
13142
13146
13148
13139
13143
13137
13135
13132
13134
13128
13137
13130
13135
13142
13135
13139
13137
13132
13134
13132
13127
13130
13124
13132
13135
13134
13131
13129
13136
13142
13141
13137
13144
13138
13137
13136
13127
13122
13131
13124
13133
13124
13124
13118
13128
13134
13140
13143
13143
13141
13144
13135
13137
13136
13128
13133
13133
13131
13140
13131
13130
13133
13127
13126
13131
13128
13137
13134
13132
13142
13137
13137
13132
13125
13119
13122
13119
13114
13121
13122
13122
13125
13120
13126
13133
13136
13140
13140
13145
13144
13141
13137
13124
13125
13120
13119
13122
13120
13119
13118
13121
13119
13118
13122
13123
13122
13123
13122
13121
13124
13122
13121
13126
13116
13127
13135
13128
13127
13129
13132
13129
13136
13146
13136
13140
13137
13145
13143
13139
13131
13138
13135
13139
13139
13141
13137
13138
13138
13140
13138
13135
13133
13126
13131
13129
13129
13133
13136
13137
13144
13145
13140
13149
13148
13145
13142
12963
12177
11403
10841
10526
10358
10314
10320
10356
10420
10531
10634
10771
10888
11028
11135
11256
11374
11486
11578
11682
11770
11863
11943
12034
12103
12168
12223
12282
12326
12382
12430
12478
12511
12553
12578
12625
12647
12681
12716
12742
12763
12787
12805
12819
12835
12855
12875
12902
12922
12938
12950
12959
12974
12983
12992
13005
13014
13028
13026
13032
13032
13038
13051
13053
13069
13069
13075
13077
13078
13086
13094
13092
13097
13090
13089
13099
13100
13101
13100
13097
13100
13108
13103
13107
13111
13105
13104
13114
13116
13110
13115
13112
13106
13112
13117
13128
13133
13133
13133
13136
13137
13139
13132
13127
13128
13120
13133
13137
13132
13129
13131
13133
13136
13126
13127
13138
13135
13133
13130
13125
13128
13131
13125
13124
13122
13126
13118
13124
13129
13121
13123
13126
13132
13136
13140
13142
13152
13149
13142
13141
13134
13132
13126
13129
13129
13123
13129
13121
13125
13119
13124
13125
13130
13118
13117
13122
13120
13126
13132
13122
13119
13123
13130
13132
13136
13135
13138
13138
13140
13138
13145
13142
13135
13139
13139
13140
13146
13151
13152
13150
13144
13143
13131
13133
13142
13132
13140
13131
13130
13125
13130
13129
13132
13131
13124
13133
13132
13127
13132
13127
13132
13138
13137
13140
13136
13134
13135
13133
13131
13125
13131
13130
13126
13137
13133
13137
13138
13140
13139
13137
13138
13137
13131
13135
13139
13139
13139
13138
13133
13137
13134
13132
13134
13126
13128
13128
13123
13121
13126
13126
13132
13133
13134
13134
13138
13142
13138
13139
13134
13128
13126
13123
13127
13131
13124
13111
13120
13122
13132
13136
13136
13139
13135
13134
13136
13137
13136
13129
13126
13129
13124
13122
13125
13121
13123
13128
13127
13127
13128
13127
13131
13128
13136
13134
13131
13140
13130
13133
13136
13071
12960
12893
12854
12829
12812
12813
12813
12822
12834
12853
12870
12896
12907
12915
12928
12938
12954
12970
12977
12996
13001
13005
13010
13018
13027
13044
13038
13042
13056
13056
13068
13070
13076
13071
13074
13084
13085
13083
13089
13084
13083
13077
13085
13088
13089
13087
13101
13103
13104
13112
13104
13113
13118
13121
13126
13116
13120
13115
13113
13112
13113
13114
13116
13114
13113
13123
13119
13117
13123
13126
13132
13128
13129
13140
13139
13137
13138
13132
13139
13135
13132
13131
13131
13130
13118
13123
13126
13121
13128
13129
13127
13130
13129
13134
13138
13135
13143
13146
13149
13150
13151
13145
13146
13138
13138
13139
13130
13124
13131
13121
13128
13132
13137
13135
13133
13127
13122
13124
13129
13129
13130
13129
13135
13141
13127
13127
13129
13130
13136
13139
13138
13143
13141
13140
13138
13131
13131
13135
13134
13134
13136
13136
13136
13132
13134
13138
13130
13128
13134
13133
13129
13128
13133
13140
13141
13145
13141
13136
13136
13136
13140
13135
13139
13145
13140
13138
13144
13147
13144
13148
13139
13145
13139
13137
13138
13125
13133
13133
13132
13121
13116
13119
13120
13114
13115
13124
13125
13126
13139
13139
13139
13143
13139
13132
13132
13128
13125
13122
13128
13127
13126
13126
13124
13129
13132
13121
13129
13127
13133
13133
13132
13127
13129
13137
13140
13136
13142
13145
13147
13147
13146
13150
13156
13147
13145
13149
13142
13146
13144
13147
13144
13145
13144
13143
13144
13135
13127
