13149
13147
13151
13144
13141
13143
13140
13138
13129
13135
13137
13136
13126
13129
13132
13134
13130
13127
13122
13116
13128
13136
13140
13141
13135
13138
13136
13134
13132
13130
13128
13139
13145
13147
13142
13133
13141
13140
13140
13143
13139
13138
13145
13136
13134
13136
13129
13132
13131
13127
13132
13132
13136
13123
13125
13132
13134
13133
13135
13136
13143
13137
13137
13137
13140
13138
13140
13133
13138
13134
13136
13138
13132
13138
13134
13129
13135
13131
13137
13142
13138
13133
13142
13131
13131
13135
13129
13133
13135
13133
13135
13137
13134
13132
13128
13133
13130
13123
13128
13131
13138
13126
13130
13133
13134
13137
13131
13135
13139
13138
13140
13139
13127
13131
13142
13138
13141
13135
13126
13126
13130
13131
13131
13122
13126
13132
13132
13133
13128
13133
13129
13129
13128
13125
13126
13123
13123
13124
13114
13120
13133
13138
13132
13134
13136
13143
13141
13138
13139
13139
13144
13142
13137
13142
13141
13133
13130
13134
13138
13141
13141
13145
13157
13148
13148
13157
13154
13150
13149
13147
13148
13140
13144
13135
13130
13136
13130
13127
13125
13131
13138
13132
13134
13132
13133
13136
13141
13143
13142
13144
13138
13139
13134
13129
13132
13129
13132
13135
13133
13137
13132
13125
13127
13125
13131
13137
13140
13138
13137
13136
13134
13134
13143
13138
13138
13144
13141
13135
13134
13124
13133
13132
13140
13142
13143
13149
13151
13150
13147
13145
13151
13147
13138
13133
13131
13122
13130
13126
13124
13134
13130
13124
13134
13132
13129
13133
13139
13137
13138
13135
13142
13131
13134
13130
13141
13141
13137
13136
13137
13139
13140
13132
13129
13133
13138
13136
13134
13135
13134
13138
13142
13147
13137
13140
13139
13139
13139
13142
13148
13147
13138
13135
13141
13138
13137
13136
13128
13134
13129
13126
13127
13125
13126
13129
13141
13138
13144
13141
13146
13140
13147
13135
13128
13132
13132
13130
13132
13134
13129
13133
13129
13124
13121
13125
13126
13128
13128
13137
13137
13141
13144
13141
13147
13137
13135
13133
13131
13131
13128
13124
13121
13125
13130
13133
13142
13137
13141
13141
13142
13138
13137
13130
13116
13126
13124
13134
13134
13129
13126
13128
13133
13125
13127
13133
13140
13136
13144
13132
13130
13138
13132
13135
13145
13138
13137
13140
13137
13140
13142
13135
13134
13130
13142
13132
13134
13136
13134
13138
13135
13127
13142
13142
13146
13145
13140
13140
13131
13133
13134
13125
13126
13130
13131
13136
13139
13131
13135
13143
13140
13145
13144
13142
13148
13139
13133
13135
13140
13135
13131
13121
13119
13120
13125
13117
13126
13124
13125
13124
13121
13114
13123
13110
13117
13123
13118
13127
13127
13129
13129
13130
13133
13136
13129
13130
13133
13128
13131
13125
13124
13125
13121
13119
13128
13125
13126
13124
13126
13132
13135
13130
13137
13135
13139
13139
13135
13132
13127
13133
13135
13140
13152
13142
13147
13148
13147
13147
13147
13134
13134
13134
13127
13130
13131
13133
13136
13133
13134
13134
13132
13138
13134
13136
13137
13130
13133
13132
13127
13124
13127
13124
13125
13131
13132
13128
13129
13132
13131
13134
13134
13127
13136
12987
12106
11129
10174
9549
9201
8924
8858
8866
8982
9115
9312
9460
9622
9766
9950
10100
10286
10446
10613
10762
10922
11048
11183
11300
11428
11532
11638
11725
11813
11888
11974
12035
12118
12178
12238
12290
12349
12389
12452
12488
12529
12569
12601
12629
12659
12686
12720
12743
12769
12793
12808
12824
12855
12869
12890
12901
12920
12939
12951
12955
12969
12969
12980
12995
13011
13018
13029
13033
13042
13051
13057
13056
13057
13062
13067
13070
13069
13071
13077
13076
13080
13089
13092
13090
13097
13101
13100
13106
13108
13105
13100
13105
13112
13106
13115
13110
13112
13118
13124
13124
13131
13130
13127
13134
13134
13133
13134
13131
13122
13122
13110
13110
13112
13118
13127
13122
13118
13115
13126
13131
13132
13125
13118
13121
13125
13130
13126
13125
13127
13129
13127
13133
13136
13132
13131
13128
13134
13134
13130
13118
13126
13120
13120
13124
13121
13120
13123
13128
13128
13121
13125
13125
13127
13131
13130
13138
13134
13133
13141
13138
13143
13149
13148
13144
13142
13144
13139
13137
13134
13132
13135
13137
13135
13134
13140
13144
13142
13146
13138
13126
13133
13124
13126
13129
13132
13133
13138
13141
13139
13127
13130
13130
13129
13139
13141
13143
13145
13144
13155
13148
13144
13147
13141
13141
13134
13128
13124
13124
13124
13132
13126
13130
13129
13129
13131
13132
13127
13127
13124
13124
13121
13119
13117
13113
13114
13117
13120
13124
13126
13129
13125
13127
13129
13124
13124
13135
13130
13132
13133
13133
13125
13134
13130
13136
13136
13142
13139
13137
13128
13131
13126
13129
13131
13126
13129
13127
13132
13139
13138
13138
13140
13133
13127
13133
13130
13130
13134
13136
13141
13139
13134
13134
13135
13133
13124
13134
13130
13130
13130
13130
13137
13137
13135
13129
13129
13132
13125
13127
13128
13132
13129
13135
13134
13135
13136
13138
13145
13148
13136
13130
13136
13132
13131
13133
13133
13134
13133
13132
13133
13135
13133
13128
13136
13138
13139
13132
13126
13131
13138
13130
13124
13127
13127
13125
13122
13128
13134
13132
13134
13137
13140
13143
13141
13138
13135
13136
13130
13127
13117
13115
13129
13126
13121
13134
13136
13133
13131
13129
13136
13139
13137
13132
13133
13134
13131
13132
13133
13127
13125
13123
13119
13127
13121
13125
13124
13129
13132
13132
13133
13135
13131
13134
13135
13137
13139
13137
13130
13135
13129
13128
13134
13137
13133
13137
13125
13125
13128
13128
13127
13129
13126
13130
13134
13138
13138
13139
13134
13133
13132
13134
13130
13132
13131
13137
13134
13135
13136
13134
13133
13134
13134
13137
13136
13136
13132
13131
13129
13131
13129
13131
13139
13136
13132
13132
13129
13131
13128
13125
13119
13125
13132
13129
13129
13132
13135
13137
13136
13137
13142
13139
13141
13140
13135
13133
13129
13130
13126
13127
13126
13122
13122
13124
13130
13129
13127
13115
13117
13121
13118
13118
13125
13121
13121
13134
13133
13138
13143
13144
13147
13145
13152
13147
13151
13153
13154
13151
13145
13138
13142
13133
13135
13139
13138
13131
13128
13132
13131
13132
13125
13130
13129
13127
13125
13120
13122
13119
13121
13128
13128
13129
13135
13134
13141
13140
13133
13132
13128
13125
13126
13120
13123
13120
13129
13131
13130
13130
13135
13125
13127
13120
13124
13127
13128
13138
13141
13140
13137
13138
