13133
13130
13125
13123
13124
13134
13134
13127
13131
13132
13134
13130
13135
13129
13128
13131
13130
13136
13137
13139
13148
13140
13136
13137
13133
13135
13132
13127
13131
13130
13131
13128
13129
13136
13135
13133
13132
13134
13138
13138
13136
13125
13135
13136
13135
13148
13146
13142
13145
13140
13143
13139
13130
13121
13128
13129
13130
13127
13125
13128
13131
13127
13126
13136
13135
13141
13139
13135
13136
13133
13126
13133
13130
13138
13139
13137
13136
13133
13130
13131
13134
13131
13130
13135
13134
13137
13129
13129
13133
13127
13134
13136
13137
13133
13137
13136
13129
13138
13134
13124
13127
13128
13132
13140
13141
13137
13135
13138
13141
13140
13142
13137
13133
13128
13131
13122
13115
13114
13124
13131
13135
13130
13142
13135
13140
13145
13140
13143
13139
13146
13144
13138
13132
13133
13140
13138
13130
13130
13131
13134
13135
13131
13134
13133
13131
13121
13123
13123
13122
13123
13126
13132
13122
13130
13128
13126
13134
13132
13130
13136
13127
13121
13122
13122
13123
13129
13116
13119
13121
13119
13117
13121
13124
13128
13130
13124
13124
13126
13121
13119
13131
13116
13116
13125
13119
13129
13128
13126
13122
13129
13127
13133
13129
13133
13129
13128
13126
13128
13136
13136
13132
13135
13136
13123
13133
13141
13138
13141
13139
13134
13139
13138
13142
13135
13134
13139
13137
13134
13133
13127
13134
13129
13133
13135
13140
13139
13142
13141
13144
13138
13127
13129
13124
13130
13125
13121
13126
13128
13125
13129
13123
13117
13129
13131
13145
13150
13145
13140
13141
13137
13133
13137
13134
13130
13133
13135
13128
13121
13120
13121
13127
13123
13124
13121
13120
13124
13127
13127
13129
13130
13132
13133
13134
13138
13140
13138
13137
13135
13137
13132
13136
13129
13133
13122
13125
13133
13126
13132
13129
13133
13134
13136
13128
13127
13133
13135
13132
13130
13132
13132
13135
13131
13128
13131
13126
13129
13126
13127
13136
13131
13133
13136
13125
13122
13125
13120
13129
13123
13125
13131
13133
13130
13143
13141
13138
13141
13134
13133
13134
13135
13134
13133
13129
13128
13136
13139
13131
13133
13129
13128
13139
13138
13137
13138
13138
13143
13134
13129
13124
13122
13123
13136
13132
13137
13127
13122
13124
13118
13118
13113
13115
13113
13130
13121
13123
13128
13130
13126
13121
13117
13122
13124
13133
13133
13140
13147
13149
13152
13144
13143
13154
13138
13135
13138
13139
13143
13143
13144
13139
13147
13150
13140
13134
13138
13139
13135
13131
13129
13128
13126
13125
13125
13124
13115
13119
13127
13129
13131
13138
13136
13133
13133
13142
13142
13140
13141
13133
13135
13131
13129
13139
13135
13128
13125
13127
13125
13129
13125
13128
13135
13144
13144
13146
13134
13142
13133
13134
13136
13137
13142
13142
13142
13148
13138
13131
13131
13132
13133
13135
13133
13132
13129
13129
13128
13128
13132
13134
13142
13138
13138
13142
13136
13129
13137
13137
13139
13136
13143
13143
13141
13142
13145
13136
13144
13144
13139
13136
13141
13141
13140
13139
13140
13142
13130
13128
13127
13128
13123
13124
13124
13125
13126
13117
13110
13109
13117
13123
13129
13128
13125
13134
13139
13143
13146
13144
13143
13006
12394
11823
11300
10912
10702
10619
10595
10652
10714
10829
10932
11054
11166
11281
11383
11498
11589
11692
11783
11864
11940
12027
12092
12172
12229
12287
12333
12386
12430
12472
12502
12542
12580
12629
12652
12687
12712
12740
12763
12787
12804
12833
12857
12877
12902
12915
12929
12939
12945
12967
12980
12990
13001
13008
13017
13030
13028
13030
13036
13039
13042
13044
13044
13008
12896
12828
12794
12779
12769
12777
12785
12793
12805
12826
12834
12852
12877
12894
12919
12929
12942
12954
12961
12970
12981
12983
12993
13008
13013
13022
13019
13022
13036
13035
13033
13048
13053
13065
13077
13079
13087
13100
13103
13097
13090
13090
13090
13090
13092
13094
13093
13098
13105
13109
13108
13102
13109
13104
13110
13115
13119
13123
13119
13123
13116
13117
13123
13130
13125
13129
13134
13135
13137
13127
13120
13129
13122
13121
13126
13120
13124
13124
13124
13126
13126
13128
13123
13124
13127
13125
13125
13118
13123
13127
13117
13119
13122
13124
13132
13119
13120
13123
13116
13118
13127
13113
13121
13126
13119
13127
13127
13131
13133
13131
13133
13143
13135
13134
13139
13132
13134
13136
13128
13131
13133
13132
13133
13127
13132
13128
13128
13123
13129
13129
13125
13126
13132
13126
13126
13130
13135
13131
13133
13132
13137
13138
13137
13140
13134
13138
13130
13126
13128
13122
13115
13123
13116
13118
13132
13128
13133
13139
13138
13133
13130
13133
13132
13131
13133
13129
13132
13129
13128
13133
13130
13123
13126
13127
13126
13135
13139
13134
13137
13129
13135
13125
13131
13137
13128
13123
13121
13132
13132
13122
13122
13135
13135
13132
13126
13115
13116
13115
13126
13128
13130
13130
13128
13124
13129
13127
13128
13130
13129
13139
13135
13137
13133
13128
13130
13125
13125
13122
13125
13127
13132
13126
13128
13127
13132
13139
13137
13137
13139
13132
13133
13142
13135
13139
13147
13140
13137
13131
13126
13127
13122
13126
13128
13132
13133
13128
13128
13128
13130
13135
13132
13133
13142
13135
13137
13139
13139
13140
13140
13145
13146
13139
13143
13142
13142
13140
13137
13135
13136
13134
13127
13136
13125
13120
13128
13127
13130
13134
13136
13133
13137
13130
13124
13121
13132
13126
13134
13142
13133
13143
13136
13138
13137
13137
13133
13129
13132
13125
13124
13131
13133
13128
13133
13132
13131
13132
13131
13133
13138
13127
13126
13132
13126
13135
13138
13130
13129
13128
13135
13133
13132
13137
13135
13132
13140
13130
13126
13129
13121
13133
13130
13132
13134
13129
13136
13131
13128
13132
13131
13126
13131
13126
13131
13129
13128
13133
13131
13129
13128
13119
13115
13123
13125
13120
13126
13130
13139
13138
13142
13134
13138
13144
13139
13141
13146
13151
13151
13147
13139
13142
13133
13128
13129
13128
13126
13123
13130
13133
13136
13131
13134
13127
13129
13133
13120
13134
13137
13134
13138
13132
13128
13134
13130
13132
13128
13127
13125
13127
13127
13127
13127
13130
13133
13136
13137
13135
13138
13135
13130
13130
13127
13129
13130
13127
13123
13124
13129
13128
13133
13134
13136
13133
13137
13132
13123
13124
13127
13127
13127
13126
13117
13133
13126
13129
13138
13134
13136
13128
13131
13133
13138
13137
13131
13137
13138
13137
13133
13128
13125
13131
13130
13135
13135
13128
13127
13122
13117
13124
13122
