13142
13142
13139
13136
13134
13128
13126
13133
13136
13133
13137
13130
13138
13139
13132
13133
13128
13127
13124
13132
13130
13128
13129
13135
13135
13144
13150
13151
13148
13158
13157
13150
13142
13133
13133
13125
13126
13131
13126
13125
13126
13128
13127
13126
13121
13118
13121
13118
13123
13134
13131
13128
13140
13135
13124
13135
13126
13134
13129
13131
13130
13131
13129
13135
13135
13133
13134
13132
13132
13138
13139
13143
13139
13141
13149
13138
13132
13135
13130
13136
13140
13142
13139
13134
13142
13138
13133
13128
13118
13123
13120
13117
13126
13118
13113
13121
13115
13117
13119
13133
13129
13128
13131
13133
13131
13131
13142
13143
13145
13147
13147
13148
13137
13133
13133
13133
13130
13131
13132
13124
13132
13132
13136
13146
13146
13139
13142
13134
13136
13133
13131
13132
13131
13120
13122
13123
13120
13122
13121
13122
13128
13135
13140
13138
13132
13138
13134
13130
13130
13126
13131
13135
13135
13126
13136
13129
13130
13127
13126
13113
13118
13119
13117
13123
13128
13128
13137
13138
13140
13137
13134
13136
13142
13142
13138
13138
13131
13132
13137
13145
13146
13148
13149
13144
13136
13133
13132
13137
13140
13143
13146
13146
13147
13139
13146
13134
13136
13138
13135
13132
13132
13137
13140
13140
13138
13135
13139
13136
13127
13129
13126
13120
13125
13124
13127
13135
13135
13134
13133
13133
13140
13138
13141
13143
13142
13145
13150
13150
13153
13138
13141
13140
13134
13120
13128
13126
13134
13138
13134
13131
13135
13137
13144
13138
13138
13136
13140
13145
13142
13153
13146
13142
13149
13140
13133
13135
13132
13133
13127
13125
13127
13122
13120
13124
13121
13122
13125
13122
13124
13134
13131
13135
13135
13128
13133
13128
13125
13137
13135
13133
13132
13126
13127
13131
13129
13129
13140
13135
13133
13137
13144
13140
13148
13141
13140
13139
13126
13137
13132
13134
13141
13141
13144
13145
13139
13138
13142
13138
13142
13142
13142
13142
13136
13133
13140
13123
13122
13127
13122
13122
13122
13125
13128
13138
13142
13133
13134
13129
13124
13129
13134
13134
13139
13137
13134
13132
13134
13136
13136
13135
13136
13130
13136
13144
13128
13134
13130
13128
13128
13130
13133
13129
13128
13122
13138
13129
13126
13135
13133
13133
13133
13134
13134
13129
13133
13132
13130
13132
13137
13143
13136
13133
13132
13133
13123
13126
13124
13126
13122
13118
13122
13126
13126
13138
13127
13125
13133
13136
13139
13138
13142
13143
13143
13144
13151
13150
13144
13143
13135
13134
13136
13138
13134
13139
13137
13130
13130
13130
13122
13123
13123
13124
13133
13136
13130
13142
13133
13137
13138
13137
13135
13136
13134
13135
13137
13140
13144
13139
13139
13138
13126
13138
13134
13134
13137
13124
13126
13132
13131
13130
13131
13135
13130
13133
13132
13134
13133
13137
13138
13138
13134
13139
13144
13135
13140
13140
13131
13129
13130
13135
13131
13130
13134
13136
13134
13133
13144
13139
13136
13138
13139
13137
13136
13135
13130
13119
13123
13123
13121
13124
13123
13126
13130
13131
13138
13133
13136
13133
13135
13133
13132
13130
13134
13129
13129
13126
13130
13130
13129
13130
13138
13121
12845
12438
12003
11603
11385
11258
11224
11228
11279
11345
11436
11512
11608
11684
11775
11856
11934
11995
12075
12138
12200
12249
12304
12359
12415
12466
12507
12547
12585
12618
12658
12686
12714
12731
12753
12778
12800
12822
12849
12862
12886
12902
12914
12919
12939
12947
12966
12971
12975
12989
12998
13009
13023
13025
13036
13043
13047
13059
13066
13064
13071
13069
13072
13069
13078
13078
13078
13087
13089
13086
13096
13100
13100
13111
13112
13118
13119
13121
13125
13120
13110
13112
13104
13106
13110
13108
13110
13124
13119
13130
13127
13120
13127
13128
13132
13133
13121
13121
13124
13124
13131
13130
13132
13131
13130
13130
13125
13127
13130
13128
13133
13129
13129
13131
13126
13131
13135
13134
13138
13135
13137
13148
13146
13154
13156
13140
13141
13144
13144
13145
13144
13135
13143
13142
13145
13143
13137
13133
13132
13136
13139
13138
13139
13138
13135
13139
13134
13134
13135
13133
13138
13126
13132
13137
13129
13129
13122
13118
13126
13124
13129
13134
13125
13127
13138
13132
13137
13135
13141
13136
13138
13131
13140
13137
13143
13139
13136
13138
13137
13142
13141
13145
13141
13126
13125
13127
13122
13128
13133
13127
13132
13127
13137
13136
13134
13131
13140
13141
13146
13143
13135
13141
13136
13136
13141
13134
13138
13132
13126
13127
13128
13122
13121
13118
13114
13118
13115
13116
13114
13126
13125
13126
13129
13132
13136
13145
13147
13150
13139
13130
13139
13140
13139
13141
13139
13137
13129
13128
13126
13131
13126
13130
13129
13137
13133
13134
13138
13147
13143
13146
13143
13132
13142
13133
13120
13129
13118
13120
13121
13125
13125
13120
13120
13115
13114
13125
13125
13128
13122
13123
13130
13127
13131
13132
13126
13130
13125
13128
13130
13131
13133
13138
13132
13138
13141
13142
13142
13141
13138
13133
13131
13130
13135
13130
13137
13141
13138
13143
13139
13132
13128
13124
13126
13127
13128
13132
13134
13132
13131
13136
13142
13131
13134
13141
13137
13137
13134
13140
13144
13145
13146
13151
13138
13140
13137
13134
13134
13133
13131
13134
13129
13133
13132
13122
13121
13125
13124
13126
13126
13125
13130
13132
13131
13125
13123
13132
13127
13129
13133
13130
13134
13138
13136
13138
13135
13133
13132
13138
13134
13133
13131
13140
13133
13134
13127
13129
13132
13128
13128
13130
13123
13117
13120
13122
13119
13122
13126
13125
13135
13135
13137
13140
13135
13133
13137
13140
13147
13138
13134
13129
13140
13134
13135
13137
13132
13132
13136
13132
13133
13140
13141
13143
13137
13140
13138
13135
13137
13135
13138
13142
13143
13135
13145
13150
13143
13140
13130
13125
13128
13135
13136
13133
13136
13136
13134
13130
13131
13132
13128
13126
13135
13130
13132
13135
13133
13131
13130
13124
13125
13125
13122
13129
13130
13141
13151
13148
13158
13153
13154
13155
13148
13141
13142
13136
13132
13137
13137
13143
13142
13134
13127
13130
13129
13115
13112
13118
13118
13122
13120
13118
13118
13114
13110
13115
13118
13122
13126
13124
13129
13135
13132
13134
13131
13133
13131
13134
13126
13133
13133
13138
13142
13140
13142
13139
13143
13146
13142
13144
13147
13147
13141
13136
13132
13131
13132
13135
13135
13134
13129
13132
13136
13131
13133
13132
13129
13132
13126
13134
13130
13135
13131
13132
13129
13132
13137
13134
13134
13129
