13130
13132
13126
13124
13130
13125
13129
13129
13119
13119
13121
13123
13129
13127
13135
13136
13135
13134
13131
13123
13124
13121
13121
13136
13133
13129
13130
13124
13126
13131
13126
13123
13126
13124
13132
13130
13127
13121
13123
13125
13128
13129
13132
13126
13135
13133
13139
13138
13144
13141
13143
13138
13150
13146
13143
13145
13153
13155
13158
13148
13144
13141
13142
13143
13145
13126
13130
13124
13129
13136
13132
13133
13136
13135
13145
13140
13139
13140
13142
13151
13150
13141
13139
13138
13148
13140
13134
13132
13128
13125
13125
13120
13125
13123
13122
13127
13132
13132
13133
13129
13130
13128
13127
13138
13132
13131
13134
13135
13130
13135
13129
13132
13141
13138
13142
13139
13149
13152
13151
13149
13148
13147
13150
13146
13141
13137
13129
13131
13130
13128
13124
13129
13133
13138
13136
13133
13127
13130
13120
13120
13119
13116
13115
13130
13134
13128
13139
13136
13138
13139
13135
13140
13139
13141
13150
13150
13150
13150
13144
13140
13136
13134
13134
13138
13144
13135
13129
13130
13124
13133
13136
13138
13139
13138
13139
13145
13135
13140
13134
13127
13136
13132
13135
13142
13140
13131
13142
13139
13137
13137
13129
13131
13133
13137
13137
13141
13142
13136
13131
13126
13130
13125
13130
13125
13134
13124
13120
13124
13128
13129
13135
13133
13129
13132
13133
13135
13127
13131
13138
13139
13137
13137
13130
13134
13127
13133
13134
13129
13137
13145
13152
13147
13154
13153
13148
13144
13138
13136
13137
13133
13137
13139
13135
13133
13132
13130
13124
13130
13123
13123
13123
13125
13128
13127
13131
13138
13138
13140
13139
13135
13134
13133
13139
13143
13149
13142
13141
13140
13135
13133
13127
13124
13124
13124
13134
13128
13126
13126
13129
13131
13134
13131
13126
13124
13132
13127
13120
13130
13123
13119
13128
13131
13135
13140
13149
13154
13150
13143
13144
13139
13141
13138
13134
13135
13135
13127
13137
13135
13130
13137
13135
13135
13140
13142
13142
13137
13126
13119
13124
13129
13126
13123
13124
13121
13134
13125
13126
13131
13134
13138
13144
13145
13146
13146
13141
13139
13139
13145
13149
13142
13134
13130
13125
13129
13127
13124
13134
13129
13127
13124
13122
13124
13130
13131
13134
13135
13139
13135
13142
13140
13141
13147
13142
13142
13146
13140
13142
13135
13134
13133
13131
13130
13124
13124
13127
13137
13138
13143
13147
13142
13146
13142
13144
13146
13149
13137
13147
13138
13134
13137
13126
13121
13126
13120
13124
13129
13128
13130
13133
13135
13136
13130
13131
13128
13135
13128
13129
13132
13139
13138
13137
13132
13131
13138
13144
13147
13138
13135
13131
13119
13125
13128
13120
13132
13130
13128
13133
13126
13125
13132
13132
13133
13141
13143
13150
13148
13152
13138
13142
13139
13131
13133
13129
13125
13130
13127
13121
13129
13134
13132
13133
13137
13132
13130
13131
13137
13130
13139
13142
13141
13145
13138
13131
13129
13132
13134
13140
13132
13129
13128
13128
13124
13132
13137
13147
13140
13143
13136
13134
13131
13127
13127
13129
13132
13138
13133
13139
13144
13137
13138
13137
13141
13141
13143
13137
13139
13125
13125
13121
13126
13130
13132
13130
13138
13136
13136
13139
13130
13108
12842
12416
12144
11997
11913
11880
11879
11910
11942
11999
12048
12110
12162
12220
12270
12327
12375
12422
12469
12513
12554
12596
12629
12662
12690
12726
12753
12772
12797
12818
12835
12860
12875
12893
12913
12924
12939
12943
12952
12964
12969
12977
12980
12992
12999
13005
13016
13024
13030
13038
13053
13064
13077
13079
13081
13081
13083
13081
13083
13080
13082
13086
13083
13089
13097
13105
13117
13118
13113
13108
13114
13116
13120
13120
13128
13121
13121
13125
13127
13121
13131
13131
13130
13132
13130
13133
13132
13129
13128
13120
13118
13111
13109
13109
13110
13121
13119
13115
13119
13122
13123
13128
13125
13131
13134
13130
13143
13135
13135
13141
13140
13143
13133
13124
13132
13130
13126
13135
13127
13129
13134
13129
13142
13143
13139
13137
13136
13137
13130
13136
13132
13126
13129
13122
13117
13125
13127
13124
13131
13132
13126
13123
13125
13128
13124
13134
13133
13131
13134
13139
13138
13142
13140
13136
13139
13133
13127
13135
13129
13121
13124
13124
13122
13129
13122
13123
13126
13124
13125
13126
13138
13127
13132
13130
13129
13134
13129
13131
13127
13125
13136
13136
13136
13136
13138
13142
13139
13137
13129
13125
13117
13125
13128
13126
13125
13125
13115
13119
13117
13122
13126
13120
13131
13126
13128
13129
13127
13125
13131
13134
13134
13131
13132
13131
13138
13141
13132
13137
13138
13133
13134
13133
13130
13124
13124
13120
13125
13116
13129
13136
13132
13134
13126
13124
13132
13128
13122
13126
13124
13129
13138
13126
13128
13129
13130
13126
13125
13123
13124
13130
13133
13131
13130
13129
13128
13130
13121
13120
13125
13126
13126
13137
13130
13131
13132
13128
13136
13134
13133
13134
13130
13134
13138
13137
13138
13133
13140
13143
13139
13136
13133
13129
13132
13124
13129
13129
13124
13122
13120
13120
13127
13125
13127
13120
13117
13129
13132
13133
13138
13135
13137
13133
13132
13135
13132
13136
13140
13139
13136
13138
13139
13135
13139
13138
13141
13136
13134
13136
13134
13132
13133
13133
13129
13132
13135
13140
13142
13142
13141
13134
13138
13131
13133
13128
13133
13141
13137
13134
13142
13141
13139
13138
13134
13128
13134
13127
13144
13134
13141
13141
13135
13134
13125
13124
13138
13139
13137
13146
13139
13137
13141
13142
13142
13139
13136
13145
13141
13142
13132
13129
13125
13129
13127
13115
13114
13125
13123
13128
13132
13129
13134
13138
13146
13146
13143
13139
13149
13139
13140
13134
13134
13137
13137
13137
13135
13128
13128
13136
13131
13136
13144
13134
13131
13126
13132
13132
13137
13141
13140
13133
13135
13133
13130
13127
13125
13132
13130
13133
13133
13134
13132
13141
13140
13138
13133
13129
13137
13133
13139
13146
13139
13140
13141
13148
13142
13132
13130
13142
13140
13140
13143
13139
13142
13138
13139
13137
13134
13137
13129
13137
13140
13139
13145
13138
13138
13144
13133
13133
13135
13135
13136
13137
13139
13129
13132
13129
13132
13125
13132
13129
13136
13132
13140
13141
13134
13133
13143
13152
13150
13154
13145
13138
13129
13130
13136
13136
13134
13139
13141
13133
13138
13141
13142
13147
13140
13140
13129
13121
13126
13119
13127
13128
13127
13129
13130
13133
13133
13118
13116
13119
13115
13124
13128
13127
13135
13129
13124
13133
13130
13125
13137
