13146
13147
13142
13147
13142
13137
13134
13129
13119
13128
13129
13128
13133
13134
13137
13142
13137
13129
13141
13137
13141
13144
13142
13147
13157
13150
13153
13147
13141
13137
13137
13135
13134
13136
13134
13135
13140
13132
13128
13129
13130
13127
13128
13122
13124
13127
13124
13126
13118
13117
13126
13127
13125
13129
13132
13138
13125
13112
13129
13121
13123
13132
13134
13127
13133
13135
13138
13137
13142
13138
13143
13146
13148
13144
13145
13139
13141
13137
13126
13127
13126
13124
13120
13123
13126
13129
13130
13138
13134
13132
13131
13127
13134
13136
13139
13142
13132
13124
13134
13135
13131
13135
13137
13137
13141
13140
13133
13133
13132
13125
13131
13134
13134
13133
13133
13126
13136
13125
13131
13128
13135
13132
13133
13134
13144
13149
13147
13148
13134
13141
13140
13132
13134
13127
13128
13130
13120
13109
13113
13114
13117
13132
13119
13130
13130
13132
13129
13132
13132
13131
13139
13133
13135
13132
13132
13133
13131
13129
13125
13129
13137
13137
13135
13136
13134
13138
13133
13133
13127
13135
13134
13134
13136
13139
13139
13143
13146
13143
13148
13145
13143
13139
13142
13142
13154
13140
13142
13131
13122
13120
13129
13134
13137
13138
13138
13137
13152
13144
13149
13147
13142
13138
13135
13135
13128
13127
13128
13130
13124
13127
13132
13136
13139
13136
13134
13131
13130
13135
13146
13138
13144
13147
13140
13141
13147
13140
13131
13129
13132
13142
13143
13143
13141
13137
13140
13140
13135
13138
13133
13135
13129
13127
13118
13121
13119
13128
13136
13137
13124
13131
13131
13138
13139
13133
13131
13133
13127
13126
13134
13126
13128
13129
13125
13127
13134
13137
13139
13135
13136
13136
13142
13146
13141
13141
13140
13139
13146
13137
13138
13140
13138
13137
13133
13134
13132
13133
13123
13126
13117
13124
13125
13129
13129
13125
13136
13134
13138
13138
13146
13145
13146
13146
13139
13134
13136
13131
13132
13136
13136
13132
13139
13140
13143
13143
13145
13143
13138
13135
13129
13129
13134
13130
13131
13133
13139
13133
13134
13141
13141
13143
13144
13138
13144
13141
13142
13136
13135
13136
13139
13136
13139
13147
13144
13136
13129
13132
13135
13136
13135
13136
13141
13139
13135
13135
13132
13138
13137
13138
13139
13143
13138
13138
13136
13143
13135
13133
13128
13136
13132
13139
13147
13142
13142
13140
13139
13146
13145
13134
13145
13135
13142
13141
13136
13138
13143
13141
13142
13140
13145
13141
13141
13140
13140
13141
13142
13144
13150
13147
13140
13142
13140
13138
13131
13130
13135
13135
13134
13137
13128
13127
13134
13135
13140
13132
13134
13139
13138
13136
13140
13138
13132
13140
13129
13128
13129
13125
13126
13131
13130
13131
13132
13132
13135
13129
13130
13126
13139
13128
13135
13137
13132
13128
13127
13126
13132
13127
13136
13132
13124
13126
13131
13133
13131
13133
13136
13139
13130
13131
13139
13137
13137
13147
13138
13138
13141
13140
13136
13141
13139
13138
13140
13137
13138
13137
13139
13141
13151
13139
13139
13143
13131
13130
13130
13136
13136
13136
13142
13147
13141
13142
13140
13134
13129
13132
13135
13145
13147
13134
13137
13136
13127
13135
13130
13134
13135
13017
12424
11743
11347
11100
10992
10944
10967
11000
11040
11092
11183
11260
11370
11462
11553
11638
11738
11811
11901
11982
11998
11995
12011
12045
12092
12126
12176
12226
12278
12338
12383
12420
12470
12509
12545
12587
12622
12651
12681
12708
12734
12751
12762
12781
12805
12825
12847
12872
12892
12904
12928
12940
12945
12954
12967
12986
12998
13007
13008
13013
13025
13032
13032
13041
13047
13047
13063
13074
13085
13088
13080
13082
13094
13093
13099
13109
13096
13098
13105
13100
13108
13104
13113
13114
13118
13121
13118
13116
13110
13122
13122
13121
13114
13124
13116
13118
13124
13125
13122
13126
13128
13129
13130
13135
13136
13137
13135
13131
13121
13126
13120
13115
13134
13133
13125
13132
13124
13122
13126
13124
13122
13113
13115
13115
13126
13134
13140
13138
13141
13140
13151
13139
13139
13137
13131
13129
13126
13125
13132
13136
13138
13137
13130
13134
13134
13128
13131
13130
13129
13126
13131
13131
13141
13132
13129
13129
13134
13135
13136
13134
13136
13135
13136
13135
13136
13146
13144
13142
13135
13137
13150
13137
13132
13128
13121
13132
13131
13137
13133
13139
13138
13141
13139
13135
13133
13129
13141
13137
13134
13140
13130
13138
13143
13131
13136
13143
13150
13140
13135
13134
13130
13131
13132
13136
13142
13150
13147
13147
13138
13134
13137
13134
13137
13140
13145
13145
13139
13133
13131
13130
13134
13136
13132
13132
13130
13130
13138
13134
13136
13140
13142
13146
13148
13142
13138
13140
13144
13140
13137
13136
13134
13138
13141
13133
13131
13138
13136
13137
13133
13125
13131
13113
13122
13121
13121
13124
13124
13132
13139
13141
13134
13136
13137
13130
13131
13132
13131
13131
13125
13138
13139
13136
13140
13138
13136
13143
13147
13147
13145
13140
13138
13131
13126
13121
13122
13125
13124
13129
13135
13132
13143
13141
13144
13139
13143
13138
13142
13140
13140
13138
13140
13139
13132
13138
13144
13140
13144
13147
13147
13149
13137
13131
13134
13128
13122
13128
13123
13133
13132
13139
13134
13136
13135
13123
13129
13123
13118
13124
13122
13123
13131
13126
13123
13132
13130
13134
13134
13132
13133
13126
13132
13135
13130
13133
13141
13133
13146
13142
13144
13145
13138
13137
13142
13143
13140
13143
13141
13145
13147
13139
13139
13141
13140
13138
13133
13142
13135
13132
13130
13129
13135
13134
13130
13135
13136
13140
13137
13136
13131
13132
13123
13132
13126
13132
13131
13132
13134
13141
13140
13138
13134
13134
13136
13132
13136
13136
13131
13131
13132
13132
13131
13138
13140
13136
13135
13137
13139
13140
13138
13139
13136
13137
13138
13147
13150
13154
13145
13141
13143
13135
13121
13132
13132
13127
13137
13130
13140
13141
13149
13150
13141
13142
13144
13141
13132
13137
13125
13121
13126
13122
13128
13134
13141
13135
13134
13138
13132
13138
13132
13134
13139
13133
13132
13135
13128
13128
13132
13137
13133
13133
13134
13124
13122
13122
13124
13122
13128
13132
13130
13135
13135
13135
13137
13135
13139
13145
13145
13147
13142
13138
13141
13139
13136
13128
13125
13131
13129
13120
13121
13119
13117
13105
13107
13110
13112
13114
13122
13131
13136
13137
13137
13141
13136
13137
13137
13134
13134
13126
13124
13131
13122
13120
13122
13112
13109
13116
13112
13112
13116
13127
13126
13122
13119
13122
