13125
13129
13143
13138
13130
13135
13135
13135
13134
13135
13141
13141
13149
13149
13149
13150
13154
13152
13152
13152
13156
13142
13139
13144
13140
13139
13139
13136
13134
13135
13138
13145
13137
13147
13149
13141
13147
13138
13141
13138
13137
13133
13139
13131
13133
13140
13139
13143
13151
13144
13141
13137
13133
13130
13129
13131
13129
13132
13136
13137
13142
13139
13142
13152
13157
13146
13142
13141
13134
13132
13129
13128
13128
13139
13136
13134
13142
13152
13153
13151
13148
13142
13153
13137
13142
13142
13138
13138
13136
13139
13141
13134
13142
13137
13141
13141
13143
13134
13126
13130
13141
13133
13136
13128
13134
13136
13142
13135
13132
13137
13138
13136
13127
13129
13129
13128
13134
13130
13132
13136
13133
13137
13148
13143
13142
13143
13143
13140
13139
13132
13137
13129
13137
13136
13137
13146
13139
13139
13137
13139
13140
13136
13136
13138
13134
13136
13130
13136
13134
13133
13137
13132
13130
13133
13135
13134
13147
13141
13132
13133
13134
13127
13130
13120
13115
13121
13121
13126
13129
13132
13126
13132
13138
13128
13131
13127
13123
13121
13129
13132
13141
13143
13145
13154
13146
13149
13153
13151
13147
13148
13149
13151
13143
13143
13146
13138
13139
13143
13138
13138
13132
13133
13144
13138
13140
13154
13152
13148
13144
13138
13136
13137
13135
13131
13134
13138
13130
13133
13124
13125
13133
13137
13130
13133
13130
13130
13132
13125
13124
13124
13128
13134
13131
13131
13138
13133
13134
13138
13139
13140
13133
13134
13139
13136
13131
13136
13123
13131
13132
13137
13136
13144
13147
13144
13141
13145
13138
13137
13129
13137
13142
13139
13141
13142
13135
13138
13137
13132
13131
13136
13135
13140
13140
13140
13138
13137
13142
13139
13135
13138
13140
13145
13152
13150
13137
13138
13132
13136
13137
13137
13131
13131
13135
13131
13132
13137
13139
13146
13143
13143
13151
13134
13044
12949
12884
12849
12832
12828
12825
12832
12847
12858
12869
12879
12894
12912
12928
12946
12943
12828
12750
12710
12697
12684
12692
12706
12721
12739
12763
12781
12794
12816
12837
12854
12875
12898
12910
12921
12936
12943
12950
12961
12968
12977
12985
12995
13012
13021
13034
13038
13046
13057
13047
13057
13067
13066
13073
13085
13083
13093
13090
13098
13102
13096
13085
13099
13098
13101
13102
13108
13107
13114
13118
13114
13111
13119
13125
13124
13121
13121
13134
13124
13125
13126
13115
13110
13120
13124
13131
13127
13129
13134
13125
13126
13132
13125
13134
13138
13146
13152
13145
13147
13153
13144
13139
13142
13139
13140
13135
13133
13135
13132
13129
13129
13130
13135
13131
13132
13144
13134
13137
13139
13144
13139
13142
13133
13132
13135
13132
13135
13131
13136
13133
13139
13143
13140
13142
13142
13140
13140
13133
13134
13139
13135
13137
13137
13137
13129
13129
13131
13134
13139
13137
13130
13132
13132
13133
13138
13126
13133
13134
13129
13124
13133
13139
13132
13125
13129
13136
13135
13144
13142
13135
13141
13136
13132
13131
13140
13143
13152
13139
13135
13143
13138
13135
13138
13131
13128
13128
13130
13129
13124
13120
13128
13124
13134
13134
13137
13136
13136
13135
13135
13135
13141
13145
13141
13114
12981
12902
12744
12611
12543
12503
12492
12502
12514
12536
12557
12581
12610
12639
12667
12704
12722
12746
12778
12805
12824
12846
12866
12886
12898
12919
12928
12932
12942
12955
12970
12977
12987
12991
12995
13005
13019
13023
13032
13034
13042
13044
13061
13062
13061
13063
13068
13073
13076
13081
13081
13087
13100
13087
13096
13105
13102
13107
13057
12929
12868
12831
12807
12797
12800
12799
12810
12825
12843
12857
12879
12890
12903
12923
12935
12955
12974
12982
12989
12997
13004
13005
13011
13020
13031
13031
13035
13038
13038
13051
13063
13065
13077
13076
13066
13075
13073
13073
13082
13088
13087
13086
13093
13098
13108
13116
13118
13123
13124
13115
13110
13109
13105
13114
13114
13111
13120
13126
13132
13137
13136
13141
13131
13131
13129
13120
13123
13132
13125
13127
13126
13124
13125
13120
13116
13120
13119
13124
13129
13123
13123
13126
13122
13125
13124
13126
13126
13135
13140
13140
13139
13140
13140
13137
13132
13130
13130
13132
13132
13126
13131
13139
13135
13124
13126
13122
13130
13121
13114
13115
13119
13130
13135
13131
13129
13130
13132
13129
13127
13130
13133
13136
13126
13126
13123
13119
13129
13129
13128
13127
13131
13125
13129
13139
13139
13137
13139
13137
13138
13136
13140
13133
13135
13134
13136
13141
13137
13135
13132
13128
13129
13130
13135
13127
13122
13137
13130
13128
13140
13135
13134
13139
13140
13135
13139
13153
13138
13139
13135
13133
13133
13139
13139
13136
13130
13136
13141
13145
13150
13143
13140
13134
13132
13124
13132
13125
13126
13128
13124
13120
13118
13129
13134
13141
13134
13142
13134
13135
13132
13124
13132
13129
13134
13137
13141
13136
13134
13130
13132
13123
13128
13123
13128
13125
13129
13126
13122
13126
13126
13126
13128
13131
13133
13128
13130
13124
13129
13131
13126
13126
13121
13130
13126
13119
13117
13119
13122
13125
13131
13124
13122
13122
13123
13132
13132
13138
13143
13142
13143
13143
13140
13137
13140
13150
13140
13135
13137
13139
13140
13140
13148
13139
13138
13136
13138
13130
13132
13127
13127
13135
13137
13133
13135
13129
13133
13145
13149
13149
13146
13140
13148
13150
13151
13150
13148
13148
13144
13149
13154
13143
13139
13137
13134
13136
13132
13129
13138
13132
13132
13136
13140
13145
13155
13151
13155
13148
13140
13134
13128
13133
13140
13140
13141
13133
13133
13141
13141
13142
13142
13132
13137
13137
13135
13133
13129
13132
13131
13127
13130
13129
13130
13131
13136
13131
13119
13116
13122
13125
13135
13127
13130
13130
13133
13132
13138
13134
13132
13135
13139
13140
13138
13136
13139
13137
13133
13142
13141
13141
13146
13140
13142
13141
13141
13148
13143
13146
13140
13136
13137
13130
13134
13134
13133
13138
13131
13127
13132
13135
13139
13144
13143
13140
13138
13140
13138
13133
13133
13134
13133
13134
13130
13132
13136
13138
13123
13142
13127
13131
13125
13122
13123
13126
13132
13131
13137
13137
13135
13133
13137
13139
13139
13142
13137
13148
13137
13134
13134
13131
13128
13123
13125
13126
13136
13138
13147
13141
13146
13143
13137
13137
13142
13141
13146
13131
13133
13135
13132
13129
13130
13125
13126
13127
13131
13128
13128
13134
13137
13134
13139
13133
13137
13135
13132
13138
13136
13134
13138
13136
13133
13129
13126
13120
13121
