13133
13133
13128
13129
13128
13129
13123
13125
13125
13128
13132
13127
13130
13127
13135
13139
13132
13132
13149
13140
13136
13143
13142
13143
13147
13145
13142
13136
13135
13126
13130
13130
13131
13132
13132
13133
13132
13125
13128
13138
13142
13135
13131
13126
13129
13135
13137
13140
13138
13140
13143
13139
13147
13148
13148
13146
13143
13141
13144
13138
13134
13137
13137
13137
13134
13136
13140
13143
13146
13143
13148
13149
13145
13140
13142
13137
13151
13142
13137
13142
13133
13132
13133
13135
13138
13134
13129
13128
13123
13133
13135
13132
13129
13135
13138
13147
13134
13135
13135
13132
13129
13132
13128
13127
13133
13135
13131
13133
13136
13137
13137
13140
13146
13139
13135
13124
13131
13123
13123
13131
13134
13140
13140
13135
13139
13141
13141
13145
13138
13145
13142
13134
13135
13136
13141
13148
13146
13139
13141
13138
13133
13130
13120
13119
13126
13124
13120
13120
13118
13123
13118
13128
13126
13126
13130
13139
13150
13145
13142
13139
13138
13136
13130
13136
13126
13121
13128
13129
13127
13134
13134
13132
13128
13140
13137
13143
13139
13133
13136
13128
13125
13125
13123
13133
13128
13131
13131
13132
13134
13139
13143
13138
13137
13138
13133
13131
13137
13124
13121
13123
13126
13135
13135
13139
13140
13147
13141
13139
13137
13140
13141
13141
13145
13148
13151
13164
13158
13147
13154
13147
13145
13139
13136
13135
13134
13131
13132
13133
13136
13137
13142
13147
13137
13136
13137
13138
13135
13130
13131
13137
13142
13143
13141
13135
13136
13139
13137
13140
13131
13147
13151
13152
13147
13149
13152
13155
13151
13139
13140
13137
13141
13139
13136
13136
13137
13129
13126
13125
13127
13121
13130
13136
13134
13136
13139
13143
13144
13140
13144
13153
13150
13152
13147
13149
13142
13136
13131
13135
13130
13135
13132
13129
13126
13125
13121
13132
13130
13133
13140
13137
13143
13148
13140
13142
13145
13142
13145
13145
13151
13148
13147
13144
13143
13145
13146
13148
13146
13138
13135
13134
13131
13127
13132
13129
13134
13141
13135
13140
13138
13132
13129
13129
13131
13133
13130
13137
13129
13127
13126
13123
13128
13132
13126
13129
13138
13136
13138
13132
13134
13132
13131
13132
13129
13130
13130
13132
13136
13135
13132
13139
13125
13130
13127
13130
13124
13125
13120
13125
13131
13134
13136
13139
13137
13139
13136
13139
13139
13134
13131
13134
13127
13135
13127
13128
13131
13135
13133
13125
13127
13127
13129
13142
13143
13135
13132
13137
13149
13140
13141
13139
13127
13125
13124
13122
13114
13124
13128
13129
13126
13128
13142
13142
13143
13150
13148
13147
13136
13129
13129
13126
13128
13130
13130
13137
13140
13139
13142
13142
13146
13142
13141
13140
13137
13135
13130
13128
13131
13121
13128
13126
13130
13125
13124
13131
13139
13136
13136
13138
13138
13138
13148
13143
13144
13136
13137
13138
13132
13128
13141
13138
13137
13144
13137
13133
13139
13137
13137
13134
13143
13144
13143
13147
13145
13145
13148
13136
13142
13136
13136
13138
13135
13133
13130
13126
13125
13122
13112
13120
13122
13127
13126
13127
13128
13131
13134
13135
13128
13125
13133
13133
13132
13139
13132
13039
12267
11474
10827
10348
10109
9961
9938
9967
10070
10175
10319
10446
10610
10749
10895
10990
11071
11145
11246
11338
11449
11540
11643
11731
11826
11906
11990
12045
12117
12168
12234
12298
12340
12391
12449
12485
12530
12567
12597
12625
12659
12690
12720
12746
12782
12800
12825
12847
12869
12889
12902
12910
12933
12936
12946
12960
12969
12989
12993
12994
13010
13021
13027
13037
13034
13041
13049
13045
12930
12852
12803
12778
12766
12771
12780
12785
12801
12824
12842
12851
12870
12877
12901
12913
12923
12930
12947
12959
12974
12980
12993
12993
13006
13006
13019
13025
13035
13042
13048
13052
13060
13063
13061
13067
13064
13074
13084
13093
13093
13100
13106
13107
13107
13114
13119
13107
13107
13115
13108
13112
13109
13107
13105
13106
13107
13102
13103
13108
13100
13101
13107
13107
13110
13104
13107
13116
13118
13123
13125
13125
13128
13130
13131
13135
13136
13135
13145
13136
13134
13133
13131
13134
13132
13130
13127
13118
13113
13124
13118
13111
13121
13122
13122
13124
13135
13132
13127
13130
13129
13130
13132
13132
13136
13132
13136
13135
13140
13141
13149
13146
13147
13138
13125
13130
13121
13126
13128
13129
13133
13137
13134
13146
13142
13143
13149
13137
13139
13138
13135
13131
13131
13137
13144
13137
13130
13128
13118
13126
13121
13010
12921
12863
12836
12824
12822
12822
12825
12836
12846
12835
12797
12781
12766
12776
12780
12793
12813
12826
12843
12860
12880
12892
12900
12912
12932
12930
12951
12962
12962
12978
12995
12936
12828
12773
12746
12723
12734
12739
12744
12763
12782
12795
12825
12831
12850
12857
12795
12760
12747
12738
12755
12767
12785
12801
12816
12840
12863
12876
12895
12910
12925
12943
12946
12957
12971
12982
12987
13000
12997
12999
13006
13018
13023
13029
13041
13045
13054
13076
13071
13075
13080
13082
13091
13088
13094
13093
13093
13099
13102
13100
13105
13105
13103
13109
13104
13103
13109
13109
13113
13116
13109
13124
13123
13122
13129
13133
13131
13139
13129
13136
13133
13137
13136
13132
13129
13123
13118
13118
13114
13120
13127
13121
13124
13114
13117
13120
13118
13127
13125
13124
13125
13127
13125
13130
13131
13135
13133
13128
13129
13123
13126
13133
13132
13128
13127
13122
13121
13129
13124
13120
13128
13136
13141
13138
13140
13137
13137
13139
13132
13131
13129
13131
13132
13125
13128
13141
13144
13138
13137
13140
13139
13136
13142
13147
13145
13149
13151
13142
13142
13140
13133
13138
13134
13128
13135
13136
13139
13138
13124
13125
13126
13136
13137
13132
13132
13126
13128
13135
13138
13134
13134
13136
13148
13138
13126
13127
13126
13130
13141
13138
13138
13138
13139
13143
13138
13141
13145
13148
13152
13153
13142
13138
13137
13135
13146
13138
13140
13144
13144
13149
13152
13149
13148
13147
13149
13139
13144
13150
13144
13145
13150
13147
13152
13145
13150
13150
13147
13140
13153
13145
13148
13152
13155
13154
13151
13150
13147
13140
13149
13147
13145
13153
13142
13138
13143
13135
13140
13147
13140
13137
13135
13145
13141
13145
13147
13146
13138
13140
13138
13134
13132
13135
13142
13139
13135
13139
13134
13139
13137
13130
13132
13137
13137
13139
13134
13136
13135
13134
13143
13134
13136
13142
13136
13140
13149
13137
13132
13137
13130
13136
13139
13136
13135
13129
13134
13126
