13132
13128
13134
13129
13128
13126
13126
13129
13131
13136
13132
13132
13140
13141
13141
13147
13143
13136
13147
13146
13144
13144
13140
13134
13142
13136
13148
13142
13136
13137
13128
13124
13130
13133
13131
13132
13134
13138
13139
13136
13134
13146
13148
13147
13151
13150
13143
13141
13145
13138
13140
13139
13138
13137
13139
13138
13131
13129
13128
13123
13119
13127
13122
13126
13130
13135
13138
13138
13139
13132
13134
13141
13131
13135
13132
13128
13134
13137
13137
13133
13128
13129
13130
13131
13136
13135
13128
13138
13131
13136
13138
13136
13143
13144
13141
13145
13142
13138
13146
13139
13144
13138
13122
12999
12927
12880
12850
12835
12833
12838
12846
12857
12863
12881
12891
12903
12918
12920
12926
12947
12955
12968
12981
12989
12993
13009
13017
13022
13030
13034
13037
13038
13049
13055
13058
13059
13061
13068
13078
13073
13080
13090
13092
13096
13095
13097
13097
13098
13106
13107
13112
13121
13124
13117
13118
13117
13116
13115
13118
13123
13122
13122
13120
13117
13117
13121
13120
13127
13132
13135
13135
13125
13127
13130
13125
13130
13126
13124
13130
13130
13127
13137
13131
13123
13127
13128
13125
13123
13132
13128
13132
13137
13130
13132
13124
13118
13123
13117
13120
13134
13127
13129
13131
13130
13132
13128
13135
13139
13141
13146
13141
13139
13137
13134
13130
13136
13130
13124
13133
13132
13130
13142
13140
13139
13146
13143
13142
13143
13141
13139
13141
13138
13131
13127
13128
13130
13133
13131
13128
13137
13132
13137
13139
13140
13142
13138
13138
13141
13137
13141
13143
13150
13144
13145
13143
13151
13150
13145
13149
13138
13139
13144
13135
13130
13136
13135
13137
13139
13151
13146
13141
13139
13132
13134
13131
13134
13141
13137
13134
13141
13141
13145
13142
13143
13140
13145
13140
13137
13131
13132
13128
13129
13132
13132
13134
13134
13128
13132
13133
13130
13129
13134
13127
13124
13129
13134
13132
13124
13134
13132
13131
13133
13127
13127
13135
13140
13150
13147
13143
13152
13159
13163
13167
13159
13157
13154
13145
13141
13133
13139
13136
13137
13137
13136
13129
13138
13133
13134
13143
13134
13134
13136
13129
13134
13123
13133
13132
13136
13136
13142
13150
13150
13146
13147
13142
13137
13136
13125
13118
13125
13125
13124
13124
13127
13136
13139
13141
13138
13131
13135
13142
13140
13143
13142
13138
13150
13137
13136
13124
13125
13130
13132
13130
13129
13129
13128
13126
13125
13119
13115
13115
13129
13130
13130
13131
13132
13144
13139
13129
13140
13142
13139
13128
13125
13128
13130
13126
13139
13132
13137
13136
13133
13130
13132
13127
13127
13128
13122
13126
13129
13124
13129
13118
13126
13130
13138
13138
13138
13140
13142
13129
13127
13118
13112
13110
13112
13121
13119
13120
13130
13133
13134
13136
13137
13142
13145
13139
13136
13141
13144
13148
13146
13152
13151
13149
13154
13151
13142
13142
13138
13138
13142
13137
13136
13141
13139
13142
13137
13133
13130
13131
13137
13132
13140
13135
13129
13142
13139
13138
13141
13136
13135
13136
13143
13138
13139
13137
13136
13127
13135
13135
13135
13134
13135
13138
13145
13139
13139
13143
13137
13137
13141
13132
13108
12926
12602
12333
12036
11747
11481
11346
11281
11292
11321
11374
11374
11392
11420
11487
11552
11531
11515
11542
11579
11641
11711
11787
11859
11930
11997
12070
12123
12190
12244
12305
12362
12406
12446
12501
12535
12576
12615
12647
12681
12701
12727
12748
12776
12801
12825
12844
12860
12877
12893
12911
12923
12944
12954
12967
12973
12983
12990
12996
12994
13006
13017
13023
13031
13034
13043
13054
13055
13058
13065
13071
13079
13077
13073
13082
13086
13086
13098
13091
13100
13100
13096
13099
13098
13105
13106
13105
13106
13110
13112
13115
13114
13114
13113
13110
13123
13125
13120
13120
13116
13125
13129
13130
13129
13127
13130
13125
13121
13126
13123
13126
13135
13130
13127
13139
13133
13127
13134
13145
13140
13142
13138
13134
13130
13132
13126
13126
13133
13130
13133
13129
13132
13139
13126
13124
13121
13124
13118
13129
13130
13131
13135
13141
13142
13131
13132
13134
13127
13125
13132
13133
13135
13130
13126
13140
13138
13134
13140
13138
13140
13143
13130
13137
13125
13134
13124
13126
13120
13125
13126
13123
13116
13128
13128
13130
13130
13134
13130
13135
13132
13128
13127
13127
13137
13131
13133
13126
13124
13127
13126
13125
13134
13130
13125
13139
13135
13134
13130
13125
13121
13126
13122
13126
13118
13127
13127
13136
13139
13132
13132
13137
13144
13145
13144
13144
13145
13144
13138
13140
13142
13136
13136
13136
13133
13137
13137
13141
13132
13138
13135
13135
13143
13145
13134
13143
13137
13135
13144
13140
13139
13147
13147
13151
13145
13151
13142
13148
13147
13139
13133
13134
13134
13139
13140
13134
13135
13131
13128
13126
13132
13136
13136
13140
13143
13142
13148
13157
13157
13158
13147
13151
13150
13143
13134
13141
13135
13135
13137
13131
13126
13127
13124
13127
13131
13132
13121
13134
13131
13132
13136
13134
13131
13136
13136
13134
13140
13142
13140
13139
13137
13134
13135
13133
13141
13135
13137
13136
13133
13142
13139
13143
13142
13134
13129
13137
13128
13128
13137
13128
13129
13131
13134
13133
13138
13143
13135
13139
13137
13133
13135
13141
13143
13147
13141
13149
13148
13148
13148
13142
13142
13143
13143
13142
13150
13144
13145
13141
13135
13133
13132
13126
13142
13135
13126
13140
13136
13136
13147
13145
13151
13147
13141
13135
13142
13144
13138
13131
13131
13128
13126
13123
13121
13130
13134
13126
13130
13133
13138
13142
13145
13135
13133
13134
13139
13134
13132
13136
13135
13138
13141
13146
13145
13143
13132
13145
13139
13144
13153
13149
13147
13150
13145
13146
13140
13140
13136
13133
13135
13137
13137
13140
13144
13145
13134
13132
13136
13132
13132
13129
13130
13134
13137
13146
13147
13138
13140
13135
13137
13147
13142
13141
13145
13150
13149
13156
13140
13134
13136
13131
13126
13130
13126
13123
13126
13123
13124
13124
13137
13137
13131
13130
13131
13133
13133
13134
13144
13141
13139
13134
13130
13126
13132
13129
13134
13132
13134
13136
13135
13141
13142
13141
13151
13145
13142
13153
13142
13137
13145
13137
13140
13138
13142
13139
13143
13139
13129
13133
13140
13136
13132
13130
13131
13138
13130
13125
13133
13133
13140
13138
13137
13136
13138
13136
13134
13131
13134
13145
13145
13143
13145
13143
13145
13146
13140
13147
13145
13144
13148
13141
13136
13133
13139
13136
13143
13143
13143
