13133
13136
13135
13138
13136
13142
13143
13142
13132
13139
13142
13141
13138
13133
13132
13148
13143
13141
13147
13134
13134
13147
13142
13140
13132
13137
13141
13141
13147
13141
13145
13144
13146
13146
13149
13147
13151
13147
13146
13146
13141
13144
13134
13133
13134
13135
13134
13138
13132
13132
13136
13130
13125
13134
13131
13140
13136
13130
13138
13131
13119
13125
13118
13125
13132
13132
13132
13133
13137
13128
13133
13128
13123
13121
13128
13125
13133
13131
13129
13136
13141
13141
13141
13139
13133
13126
13136
13135
13123
13120
13125
13123
13115
13118
13117
13129
13126
13129
13136
13130
13126
13130
13131
13137
13140
13138
13133
13134
13142
13137
13132
13138
13131
13125
13124
13112
13113
13108
13117
13124
13128
13122
13123
13127
13131
13139
13147
13142
13140
13141
13140
13141
13141
13138
13137
13144
13139
13134
13142
13138
13141
13147
13140
13136
13141
13135
13143
13141
13143
13132
13131
13136
13136
13139
13135
13132
13144
13133
13134
13135
13132
13133
13140
13151
13150
13153
13143
13147
13137
13128
13132
13132
13133
13128
13127
13130
13128
13122
13140
13134
13128
13134
13136
13139
13142
13138
13136
13135
13137
13133
13145
13143
13142
13138
13134
13137
13143
13134
13128
13129
13132
13126
13126
13122
13126
13125
13123
13125
13125
13130
13129
13132
13142
13140
13140
13142
13137
13135
13142
13140
13138
13138
13135
13130
13134
13135
13136
13138
13144
13145
13143
13141
13137
13137
13134
13128
13135
13128
13127
13136
13127
13136
13125
13127
13135
13139
13141
13145
13140
13136
13141
13144
13138
13140
13146
13148
13147
13143
13153
13143
13146
13140
13135
13128
13131
13128
13128
13126
13130
13125
13126
13128
13138
13132
13130
13133
13135
13132
13130
13135
13135
13135
13131
13124
13121
13126
13127
13135
13129
13133
13138
13132
13135
13128
13121
13122
13113
13113
13123
13115
13123
13134
13125
13130
13133
13135
13139
13137
13137
13138
13142
13138
13133
13129
13126
13117
13127
13127
13125
13131
13134
13134
13137
13135
13140
13133
13131
13134
13133
13133
13137
13139
13142
13143
13142
13143
13136
13131
13139
13135
13132
13136
13134
13127
13129
13134
13134
13137
13137
13137
13139
13145
13140
13146
13145
13145
13147
13142
13139
13138
13136
13141
13141
13136
13134
13126
13121
13125
13126
13131
13133
13132
13138
13143
13143
13141
13134
13123
13122
13116
13118
13125
13117
13119
13122
13123
13122
13130
13136
13138
13137
13144
13138
13141
13143
13134
13131
13128
13123
13131
13123
13124
13126
13118
13120
13129
13123
13130
13126
13125
13128
13137
13140
13139
13145
13148
13137
13136
13142
13132
13136
13137
13134
13134
13140
13136
13141
13140
13140
13126
13134
13138
13138
13138
13137
13138
13139
13129
13130
13130
13137
13145
13146
13042
12950
12885
12848
12832
12823
12826
12837
12847
12864
12885
12900
12914
12925
12930
12947
12948
12953
12967
12977
12992
13003
13014
13021
13034
13036
13038
13050
13053
13059
13068
13071
13074
13082
13078
13081
13088
13097
13099
13102
13105
13101
13107
13104
13105
13099
13100
13100
13101
13100
13106
13108
13114
13115
13104
13122
13116
13120
13117
13120
13123
13031
12534
11980
11459
11067
10795
10667
10620
10654
10707
10797
10893
11013
11113
11237
11334
11448
11544
11558
11542
11574
11624
11685
11749
11826
11891
11962
12024
12093
12159
12224
12281
12333
12378
12425
12471
12519
12554
12591
12620
12658
12684
12720
12743
12767
12781
12805
12831
12848
12868
12881
12894
12918
12925
12935
12950
12960
12974
12982
12985
12994
12993
13012
13023
13029
13037
13044
13046
13046
13059
13056
13058
13062
13061
13076
13072
13070
13079
13080
13081
13092
13094
13100
13095
13103
13096
13096
13094
13100
13102
13101
13106
13108
13114
13115
13116
13118
13118
13111
13116
13120
13121
13120
13124
13129
13121
13121
13114
13116
13118
13116
13118
13118
13121
13131
13125
13131
13132
13128
13137
13143
13142
13137
13136
13136
13133
13136
13133
13124
13120
13118
13121
13129
13122
13123
13124
13116
13122
13122
13126
13129
13130
13122
13123
13112
13115
13121
13120
13133
13136
13134
13145
13150
13149
13157
13148
13145
13150
13144
13138
13142
13144
13140
13130
13130
13129
13129
13131
13126
13122
13124
13126
13126
13122
13119
13118
13112
13116
13120
13119
13126
13122
13125
13130
13119
13137
13142
13147
13151
13155
13143
13146
13146
13147
13149
13144
13135
13148
13152
13149
13151
13144
13143
13136
13138
13132
13123
13127
13128
13129
13128
13120
13130
13124
13124
13132
13130
13129
13132
13135
13139
13135
13137
13142
13142
13142
13140
13133
13129
13129
13128
13141
13131
13130
13137
13131
13133
13138
13133
13135
13135
13136
13133
13136
13137
13136
13138
13139
13132
13124
13125
13126
13130
13121
13122
13126
13124
13130
13131
13130
13129
13131
13129
13134
13134
13140
13147
13143
13147
13149
13150
13144
13145
13145
13146
13147
13138
13138
13133
13129
13130
13124
13124
13126
13133
13127
13127
13123
13115
13116
13117
13111
13125
13124
13132
13142
13142
13149
13144
13144
13142
13139
13146
13149
13143
13140
13145
13139
13147
13143
13137
13135
13132
13124
13134
13128
13131
13131
13129
13125
13131
13132
13126
13133
13137
13131
13128
13130
13123
13122
13126
13122
13126
13124
13127
13136
13137
13131
13130
13134
13134
13134
13133
13140
13139
13136
13130
13122
13125
13128
13125
13132
13134
13136
13143
13139
13129
13131
13126
13131
13128
13127
13126
13131
13141
13124
13122
13132
13129
13130
13131
13131
13138
13129
13126
13132
13130
13135
13133
13136
13138
13139
13139
13138
13137
13137
13134
13139
13136
13133
13128
13136
13135
13132
13137
13133
13130
13138
13135
13136
13134
13128
13134
13134
13125
13128
13132
13138
13139
13139
13135
13133
13136
13132
13128
13124
13133
13132
13136
13136
13138
13130
13122
13135
13131
13132
13128
13135
13133
13136
13137
13142
13135
13131
13142
13130
13135
13134
13129
13132
13134
13136
13142
13144
13141
13143
13139
13145
13142
13139
13135
13131
13127
13120
13125
13126
13124
13126
13124
13122
13124
13135
13135
13139
13127
13134
13137
13132
13133
13136
13133
13136
13140
13137
13136
13134
13139
13142
13143
13144
13150
13139
13136
13139
13142
13142
13144
13139
13140
13137
13133
13126
13123
13118
13118
13128
13132
13128
13133
13132
13132
13129
13128
13131
13130
13130
13132
13123
13132
13128
13121
13129
13127
13119
13126
13125
13135
13142
13139
13139
13134
13136
13133
13135
13138
13142
