13127
13129
13130
13130
13141
13137
13132
13141
13138
13139
13139
13136
13127
13128
13128
13133
13126
13127
13128
13126
13125
13126
13126
13125
13133
13127
13128
13123
13125
13131
13125
13119
13121
13124
13127
13123
13124
13120
13118
13121
13117
13127
13126
13125
13127
13133
13127
13133
13125
13126
13120
13121
13124
13128
13134
13134
13132
13136
13140
13139
13139
13135
13129
13134
13132
13132
13136
13126
13132
13134
13132
13132
13137
13138
13138
13133
13127
13120
13131
13138
13134
13134
13136
13137
13143
13128
13124
13130
13132
13132
13133
13135
13142
13139
13142
13139
13136
13136
13144
13137
13138
13138
13138
13144
13133
13126
13135
13135
13133
13133
13125
13138
13133
13134
13134
13131
13130
13133
13132
13138
13134
13131
13130
13136
13137
13128
13127
13135
13134
13129
13119
13117
13125
13128
13132
13134
13124
13131
13138
13133
13134
13131
13129
13134
13130
13131
13139
13137
13142
13152
13152
13143
13149
13140
13142
13138
13138
13133
13140
13139
13137
13133
13125
13121
13127
13124
13126
13128
13125
13126
13122
13121
13118
13124
13126
13136
13125
13126
13130
13124
13130
13132
13132
13133
13136
13134
13143
13140
13137
13136
13136
13143
13139
13138
13132
13128
13128
13129
13131
13134
13135
13131
13138
13136
13141
13129
13132
13139
13147
13148
13146
13138
13137
13140
13135
13135
13125
13135
13133
13138
13142
13144
13147
13146
13140
13140
13141
13125
13120
13123
13120
13128
13137
13133
13135
13138
13137
13134
13136
13140
13141
13138
13146
13147
13150
13141
13137
13139
13136
13136
13129
13131
13129
13132
13130
13136
13130
13137
13134
13140
13141
13138
13142
13144
13137
13140
13144
13139
13140
13149
13143
13139
13140
13136
13133
13135
13128
13128
13128
13129
13122
13121
13119
13117
13126
13118
13118
13124
13119
13119
13117
13124
13123
13132
13130
13136
13128
13131
13132
13123
13124
13122
13121
13128
13125
13120
13132
13122
13128
13131
13123
13135
13136
13136
13137
13133
13128
13132
13127
13132
13128
13134
13132
13127
13126
13122
13123
13122
13118
13123
13114
13116
13115
13121
13129
13132
13128
13138
13138
13140
13138
13133
13134
13138
13130
13127
13140
13137
13143
13149
13141
13144
13143
13143
13149
13140
13138
13138
13139
13140
13135
13138
13141
13145
13147
13140
13141
13142
13131
13131
13123
13126
13131
13134
13133
13130
13124
13130
13132
13128
13129
13130
13124
13131
13128
13137
13140
13131
13130
13136
13127
13128
13128
13131
13131
13132
13133
13133
13132
13137
13143
13145
13148
13152
13153
13151
13143
13147
13138
13139
13131
13129
13123
13123
13119
13126
13126
13126
13128
13124
13122
13125
13122
13130
13123
13130
13142
13140
13144
13139
13136
13140
13140
13125
12995
12918
12865
12834
12829
12839
12839
12842
12856
12869
12889
12898
12913
12926
12937
12948
12963
12972
12977
12986
12990
12996
13007
13022
13022
13028
13036
13042
13044
13056
13051
13047
13053
13058
13065
13083
13083
13091
13099
13105
13107
13106
13110
13104
13101
13102
13097
13100
13096
13106
13109
13107
13110
13107
13112
13119
13121
13122
13125
13117
13116
13119
13124
13130
13138
13137
13135
13136
13131
13136
13126
13124
13118
12948
12446
11904
11578
11379
11292
11255
11282
11282
11327
11344
11372
11428
11498
11571
11655
11725
11821
11899
11976
12037
12110
12171
12235
12290
12349
12400
12443
12489
12533
12534
12450
12405
12391
12393
12411
12431
12464
12493
12533
12559
12589
12623
12646
12673
12707
12732
12762
12782
12805
12831
12852
12877
12896
12903
12920
12922
12934
12946
12956
12960
12973
12982
12992
13004
13011
13013
13025
13034
13037
13041
13047
13058
13066
13068
13068
13075
13069
13073
13077
13075
13073
13083
13078
13085
13091
13089
13088
13090
13088
13087
13090
13095
13094
13100
13096
13099
13110
13112
13118
13122
13120
13129
13128
13128
13123
13125
13124
13128
13124
13126
13129
13127
13131
13140
13130
13134
13134
13137
13142
13136
13131
13135
13132
13135
13133
13133
13127
13122
13125
13122
13118
13124
13120
13128
13129
13125
13135
13132
13130
13131
13130
13126
13123
13126
13129
13131
13137
13138
13131
13127
13124
13129
13129
13119
13120
13131
13128
13118
13127
13117
13118
13125
13126
13131
13126
13129
13126
13126
13122
13119
13121
13130
13133
13128
13124
13125
13131
13136
13134
13139
13143
13150
13151
13147
13137
13135
13133
13135
13129
13129
13137
13134
13141
13142
13133
13135
13130
13125
13126
13124
13124
13137
13136
13139
13140
13139
13137
13141
13140
13133
13133
13131
13119
13117
13113
13119
13122
13115
13121
13123
13133
13138
13135
13130
13130
13137
13131
13133
13128
13129
13133
13130
13137
13138
13136
13140
13130
13136
13134
13128
13123
13130
13121
13116
13119
13123
13127
13132
13128
13130
13131
13138
13136
13138
13138
13142
13145
13138
13138
13140
13130
13130
13129
13137
13136
13138
13137
13138
13136
13141
13142
13147
13151
13151
13142
13155
13149
13143
13141
13137
13134
13136
13133
13138
13142
13140
13140
13138
13123
13126
13126
13131
13128
13122
13123
13121
13123
13123
13115
13130
13135
13135
13140
13136
13133
13130
13129
13132
13134
13136
13130
13126
13128
13131
13128
13133
13126
13135
13138
13140
13132
13121
13121
13125
13136
13132
13129
13129
13137
13138
13136
13138
13140
13140
13139
13136
13144
13135
13134
13143
13138
13139
13136
13134
13129
13123
13121
13120
13118
13129
13143
13141
13138
13133
13132
13132
13130
13124
13133
13124
13122
13132
13132
13139
13142
13143
13147
13143
13146
13141
13139
13140
13128
13127
13118
13121
13131
13125
13133
13137
13133
13135
13134
13133
13133
13135
13132
13131
13133
13138
13137
13129
13136
13129
13137
13137
13134
13131
13138
13134
13134
13137
13128
13128
13134
13129
13137
13132
13128
13123
13117
13118
13121
13128
13125
13123
13140
13134
13133
13135
13138
13134
13136
13138
13134
13129
13125
13126
13122
13132
13138
13134
13132
13138
13140
13147
13144
13141
13142
13139
13136
13145
13141
13141
13144
13140
13138
13126
13127
13125
13122
13125
13122
13125
13124
13123
13126
13119
13124
13129
13129
13130
13132
13131
13132
13130
13124
13122
13120
13123
13118
13120
13124
13129
13125
13124
13120
13119
13127
13120
13117
13123
13120
13117
13125
13129
13125
13128
13120
13123
13126
13131
13125
13124
13131
13133
13134
13133
13137
13143
13145
13149
13158
13145
13134
13134
13129
13139
13136
13139
13140
13133
13132
13133
13129
13130
13125
13123
13129
13125
13126
13134
