13122
13123
13127
13126
13123
13128
13131
13137
13143
13138
13136
13132
13133
13125
13125
13125
13126
13135
13134
13138
13138
13131
13136
13137
13134
13131
13135
13132
13125
13123
13132
13136
13138
13134
13139
13134
13134
13135
13138
13138
13129
13121
13129
13131
13134
13132
13133
13134
13140
13135
13136
13132
13129
13129
13135
13134
13126
13128
13129
13125
13137
13127
13134
13138
13136
13135
13139
13139
13135
13139
13138
13140
13133
13129
13133
13132
13133
13134
13134
13138
13134
13133
13136
13131
13127
13132
13133
13125
13129
13133
13133
13132
13134
13133
13128
13134
13126
13126
13130
13139
13148
13143
13140
13142
13139
13135
13134
13137
13135
13143
13138
13138
13133
13138
13141
13135
13130
13131
13127
13135
13132
13125
13132
13133
13140
13139
13138
13139
13137
13138
13141
13137
13144
13139
13143
13142
13142
13137
13137
13138
13142
13134
13131
13134
13129
13137
13135
13136
13137
13135
13131
13137
13126
13130
13125
13127
13125
13128
13130
13129
13130
13130
13132
13134
13134
13134
13128
13132
13126
13133
13129
13138
13137
13135
13139
13137
13134
13138
13135
13133
13140
13126
13130
13131
13121
13127
13132
13135
13141
13137
13133
13137
13130
13141
13147
13146
13155
13150
13148
13146
13131
13126
13135
13127
13124
13125
13121
13125
13135
13129
13126
13131
13134
13133
13137
13137
13145
13147
13141
13133
13138
13131
13125
13132
13130
13134
13134
13135
13138
13138
13132
13138
13140
13140
13140
13139
13142
13142
13136
13134
13126
13129
13140
13137
13136
13138
13148
13156
13148
13143
13144
13138
13129
13129
13132
13136
13138
13136
13135
13141
13142
13134
13126
13137
13133
13127
13118
13126
13122
13127
13136
13137
13139
13145
13143
13138
13143
13138
13133
13135
13135
13139
13142
13135
13132
13134
13132
13137
13136
13140
13142
13137
13143
13139
13138
13135
13134
13133
13132
13125
13132
13132
13129
13132
13126
13127
13127
13128
13134
13131
13138
13141
13136
13137
13134
13132
13131
13130
13127
13131
13135
13137
13139
13135
13137
13140
13142
13133
13121
13116
13115
13116
13114
13115
13120
13122
13125
13132
13133
13135
13136
13131
13133
13136
13133
13134
13134
13119
13131
13129
13130
13130
13124
13139
13149
13144
13153
13150
13148
13154
13149
13142
13146
13137
13142
13143
13135
13139
13138
13146
13144
13144
13149
13146
13149
13154
13154
13142
13145
13142
13156
13144
13147
13148
13143
13135
13126
13123
13128
13127
13123
13130
13121
13126
13126
13130
13136
13135
13134
13139
13140
13138
13150
13132
13136
13136
13134
13138
13137
13135
13132
13129
13130
13131
13126
13126
13127
13125
13134
13138
13145
13137
13141
13143
13141
13139
13137
13140
13152
13145
13145
13141
13131
13127
13133
13135
13131
13135
13139
13139
13134
13122
13125
13127
13136
13141
13141
13140
13142
13142
13143
13138
13133
13131
13123
13126
13126
13133
13127
13134
13144
13140
13139
13144
13137
13136
13139
13135
13142
13142
13138
13139
13132
13127
13123
13118
13129
13132
13132
13136
13133
13132
13134
13133
13133
13131
13130
13129
13135
13129
13128
13127
13126
13125
13130
13133
13139
13144
13138
13125
13133
13123
13120
13132
13129
13124
13108
12746
11926
11169
10715
10449
10337
10310
10364
10433
10542
10646
10787
10909
11046
11158
11287
11383
11500
11601
11689
11773
11858
11935
12019
12089
12163
12214
12275
12330
12384
12420
12471
12501
12554
12582
12622
12656
12687
12714
12743
12771
12792
12809
12828
12846
12860
12874
12892
12901
12916
12934
12948
12972
12979
12985
13001
13005
13004
13010
13014
13025
13034
13039
13040
13041
13040
13046
13052
13057
13065
13073
13074
13078
13089
13097
13107
13111
13120
13123
13114
13115
13114
13117
13114
13123
13121
13123
13128
13119
13122
13116
13112
13121
13122
13123
13126
13124
13123
13131
13130
13136
13136
13133
13132
13119
13116
13117
13128
13140
13150
13147
13142
13138
13150
13146
13137
13138
13140
13142
13140
13137
13133
13135
13133
13140
13127
13130
13130
13121
13126
13124
13121
13118
13120
13116
13125
13120
13117
13128
13122
13126
13132
13137
13138
13134
13140
13131
13128
13139
13143
13136
13134
13134
13142
13141
13139
13138
13139
13153
13149
13147
13141
13135
13134
13133
13118
13124
13120
13119
13125
13127
13124
13133
13130
13124
13135
13124
13120
13122
13118
13120
13119
13128
13127
13120
13128
13123
13128
13137
13141
13139
13140
13139
13139
13128
13125
13129
13126
13126
13121
13122
13129
13132
13136
13145
13140
13143
13148
13155
13152
13147
13148
13153
13142
13140
13138
13138
13135
13139
13141
13146
13140
13139
13137
13137
13144
13059
12944
12876
12837
12811
12814
12819
12831
12831
12848
12871
12885
12902
12914
12924
12936
12949
12962
12972
12975
12987
12994
13001
13007
12893
12798
12755
12730
12729
12733
12736
12749
12767
12783
12804
12828
12852
12872
12892
12908
12917
12930
12949
12957
12960
12967
12972
12995
12998
13009
13013
13020
13028
13033
13033
13029
13029
13036
13049
13046
13053
13066
13068
13072
13082
13084
13096
13091
13090
13100
13098
13097
13103
13101
13104
13105
13108
13111
13121
13125
13117
13121
13125
13134
13127
13121
13116
13123
13119
13125
13133
13131
13131
13128
13126
13126
13121
13120
13130
13127
13128
13135
13135
13142
13141
13142
13141
13136
13135
13140
13136
13139
13145
13136
13133
13132
13129
13132
13131
13139
13132
13130
13135
13130
13128
13121
13121
13137
13138
13138
13145
13143
13152
13147
13147
13138
13136
13140
13151
13139
13139
13140
13139
13133
13144
13144
13143
13135
13139
13147
13147
13142
13139
13142
13143
13141
13145
13141
13132
13130
13134
13136
13145
13140
13137
13132
13123
13134
13132
13125
13133
13133
13136
13134
13127
13122
13131
13138
13138
13129
13127
13130
13127
13124
13132
13131
13127
13133
13129
13137
13131
13131
13131
13134
13132
13128
13122
13123
13126
13131
13130
13129
13128
13133
13133
13128
13122
13133
13135
13132
13130
13133
13134
13132
13133
13141
13137
13143
13141
13141
13139
13147
13145
13151
13147
13145
13148
13147
13135
13143
13135
13134
13136
13139
13142
13146
13139
13141
13143
13135
13136
13140
13139
13138
13136
13140
13137
13144
13139
13141
13142
13140
13140
13137
13133
13130
13131
13132
13135
13132
13130
13138
13137
13145
13148
13148
13144
13146
13143
13147
13134
13140
13145
13141
13135
13134
13138
13141
13136
13134
13132
13136
13136
13134
13138
13140
13133
13137
13134
13137
13132
13137
13133
13133
13133
13129
13123
