13124
13128
13124
13126
13128
13133
13126
13138
13132
13140
13137
13140
13139
13134
13129
13136
13135
13133
13138
13131
13139
13136
13133
13135
13134
13136
13133
13147
13143
13138
13142
13147
13137
13139
13140
13144
13155
13146
13144
13149
13146
13146
13142
13137
13133
13136
13131
13142
13136
13136
13139
13138
13134
13131
13132
13136
13128
13126
13127
13134
13128
13132
13130
13130
13133
13135
13142
13141
13141
13130
13129
13135
13134
13142
13137
13136
13142
13137
13138
13135
13132
13122
13123
13121
13120
13125
13124
13132
13125
13132
13136
13132
13132
13131
13129
13131
13133
13134
13145
13140
13142
13143
13143
13138
13140
13139
13131
13128
13122
13118
13123
13123
13121
13122
13126
13123
13130
13132
13131
13138
13138
13136
13137
13135
13128
13134
13131
13132
13131
13132
13131
13128
13125
13129
13129
13137
13134
13127
13131
13121
13119
13136
13134
13138
13138
13145
13140
13138
13135
13133
13128
13126
13119
13120
13118
13115
13122
13122
13130
13128
13125
13123
13127
13124
13125
13121
13127
13124
13123
13125
13125
13116
13118
13126
13128
13144
13141
13135
13140
13139
13146
13149
13147
13149
13144
13143
13142
13144
13134
13130
13128
13131
13133
13127
13132
13127
13129
13119
13118
13118
13122
13132
13130
13128
13131
13126
13130
13132
13124
13135
13130
13138
13139
13136
13133
13131
13124
13119
13125
13122
13125
13130
13127
13124
13127
13129
13127
13126
13123
13125
13134
13137
13135
13136
13145
13133
13135
13131
13128
13131
13124
13119
13115
13113
13120
13117
13123
13134
13134
13138
13146
13141
13144
13145
13143
13141
13135
13134
13140
13130
13126
13131
13130
13128
13131
13126
13134
13136
13136
13132
13132
13129
13131
13132
13129
13132
13136
13128
13126
13127
13128
13130
13127
13120
13123
13130
13133
13136
13128
13128
13136
13132
13147
13148
13146
13152
13150
13134
13145
13140
13132
13127
13119
13114
13117
13117
13115
13116
13121
13122
13125
13126
13129
13128
13128
13132
13142
13134
13125
13132
13135
13136
13130
13127
13131
13132
13135
13141
13140
13137
13142
13142
13143
13141
13131
13137
13134
13132
13140
13124
13120
13121
13121
13122
13124
13131
13131
13136
13136
13137
13147
13157
13156
13159
13157
13149
13148
13138
13135
13133
13133
13133
13133
13136
13134
13134
13139
13140
13138
13136
13136
13136
13141
13141
13136
13139
13138
13126
13136
13134
13127
13137
13141
13141
13146
13147
13142
13142
13138
13132
13130
13130
13129
13129
13134
13131
13139
13138
13140
13143
13137
13137
13138
13136
13137
13135
13139
13142
13134
13136
13131
13125
13131
13131
13130
13133
13133
13118
13125
13116
13122
13126
13126
13132
13135
13138
13136
13134
13130
13130
13135
13141
13140
13144
13146
13138
13139
13137
13129
13138
13140
13138
13140
13143
13147
13142
13135
13144
13138
13136
13136
13133
13133
13131
13132
13145
13151
13145
13152
13137
13145
13146
13139
13139
13148
13150
13147
13139
13134
13128
13129
13132
13134
13136
13132
13132
13147
13141
13137
13136
13131
13138
13134
13137
13129
13136
13133
13137
13132
13133
13131
13132
13132
13132
13135
13144
13132
13135
13142
13135
13134
13138
13136
13132
13140
13143
13087
12970
12625
11690
10764
10187
9876
9716
9706
9736
9851
9957
10115
10255
10422
10570
10731
10871
11015
11143
11270
11383
11494
11595
11704
11791
11891
11966
12049
12113
12187
12240
12302
12340
12398
12442
12478
12522
12566
12606
12642
12674
12699
12714
12745
12766
12787
12807
12831
12851
12872
12882
12894
12913
12929
12944
12949
12961
12970
12992
12999
13002
13005
13011
13020
13025
13033
13046
13055
13064
13056
13064
13070
13072
13080
13091
13090
13099
13098
13101
13094
13095
13094
13099
13093
13099
13096
13099
13098
13099
13100
13094
13100
13111
13110
13115
13114
13117
13132
13132
13140
13136
13133
13132
13131
13135
13134
13133
13133
13140
13126
13126
13132
13123
13121
13121
13117
13124
13130
13129
13134
13137
13139
13138
13140
13138
13134
13129
13132
13130
13128
13124
13127
13135
13126
13120
13118
13124
13127
13128
13132
13131
13126
13132
13132
13132
13134
13133
13147
13146
13142
13141
13138
13131
13129
13128
13128
13130
13133
13128
13125
13126
13130
13133
13134
13141
13147
13138
13147
13141
13155
13143
13137
13137
13125
13130
13125
13122
13125
13122
13121
13133
13132
13131
13133
13125
13129
13126
13133
13130
13122
13123
13134
13134
13129
13137
13141
13146
13156
13153
13147
13143
13149
13147
13144
13146
13135
13138
13131
13140
13141
13139
13139
13138
13137
13138
13137
13134
13133
13132
13131
13134
13130
13134
13137
13137
13137
13136
13135
13131
13129
13132
13143
13134
13134
13138
13130
13131
13132
13127
13127
13136
13140
13135
13137
13131
13136
13136
13121
13117
13121
13118
13115
13115
13116
13116
13121
13126
13128
13130
13128
13135
13132
13132
13137
13126
13133
13135
13140
13148
13150
13144
13153
13143
13137
13138
13134
13136
13132
13127
13124
13122
13127
13127
13124
13132
13135
13130
13137
13136
13146
13141
13145
13147
13138
13138
13130
13134
13139
13137
13135
13135
13124
13128
13131
13128
13136
13140
13142
13133
13132
13128
13133
13131
13117
13122
13116
13117
13123
13126
13126
13132
13131
13125
13132
13132
13130
13132
13134
13134
13140
13134
13127
13132
13133
13132
13127
13127
13126
13125
13123
13126
13125
13130
13134
13128
13125
13132
13130
13128
13123
13120
13128
13118
13119
13124
13123
13127
13125
13127
13128
13131
13133
13131
13131
13138
13126
13123
13124
13123
13128
13127
13123
13128
13130
13133
13144
13146
13147
13142
13147
13148
13134
13138
13134
13133
13135
13143
13142
13148
13137
13133
13136
13133
13130
13127
13128
13136
13141
13139
13133
13126
13127
13130
13135
13127
13124
13127
13130
13129
13123
13123
13121
13129
13131
13136
13144
13137
13134
13135
13137
13139
13133
13133
13138
13136
13140
13139
13140
13140
13137
13126
13141
13126
13128
13128
13124
13126
13126
13124
13128
13132
13133
13136
13144
13147
13153
13148
13144
13144
13153
13134
13136
13141
13134
13132
13135
13129
13128
13126
13122
13129
13120
13122
13130
13132
13138
13140
13135
13140
13139
13131
13141
13134
13130
13138
13130
13139
13141
13132
13130
13128
13130
13131
13134
13135
13138
13135
13134
13136
13137
13134
13132
13138
13139
13134
13140
13141
13145
13152
13143
13144
13139
13134
13147
13140
13136
13133
13141
13141
13141
13138
13135
13138
13142
13154
13152
13150
13148
13148
13145
13140
13139
13133
