13137
13137
13141
13136
13142
13138
13145
13152
13145
13147
13146
13146
13151
13145
13134
13139
13133
13136
13142
13136
13141
13138
13124
13128
13125
13125
13121
13122
13129
13129
13127
13132
13133
13135
13132
13135
13143
13136
13138
13137
13129
13129
13127
13128
13131
13133
13134
13134
13132
13133
13133
13123
13129
13129
13134
13136
13131
13132
13143
13133
13135
13141
13132
13132
13129
13128
13136
13138
13129
13126
13121
13122
13122
13120
13126
13126
13129
13122
13129
13130
13130
13127
13138
13136
13130
13131
13131
13136
13133
13128
13127
13127
13133
13139
13137
13138
13142
13135
13139
13137
13139
13147
13140
13144
13149
13147
13146
13142
13137
13137
13130
13134
13127
13132
13124
13129
13135
13134
13128
13136
13134
13134
13135
13130
13119
13125
13126
13134
13128
13133
13122
13118
13121
13130
13136
13145
13145
13146
13146
13137
13134
13129
13123
13127
13128
13131
13128
13134
13137
13137
13133
13142
13131
13136
13139
13135
13136
13120
13123
13127
13125
13134
13131
13143
13147
13147
13145
13136
13135
13133
13132
13130
13131
13138
13142
13151
13141
13136
13135
13132
13134
13133
13124
13132
13123
13121
13120
13116
13123
13127
13125
13131
13131
13135
13129
13136
13142
13135
13135
13133
13135
13134
13133
13137
13142
13144
13146
13144
13138
13134
13128
13127
13133
13137
13134
13137
13122
13121
13132
13122
13132
13135
13129
13138
13135
13133
13134
13130
13126
13125
13128
13132
13131
13132
13139
13133
13141
13139
13135
13138
13135
13139
13142
13136
13137
13134
13132
13143
13136
13137
13138
13140
13144
13137
13142
13141
13139
13140
13144
13137
13130
13137
13138
13141
13141
13137
13133
13130
13124
13125
13123
13128
13131
13129
13130
13129
13140
13134
13141
13145
13139
13140
13137
13132
13141
13139
13134
13130
13127
13134
13141
13139
13139
13137
13138
13141
13130
13121
13128
13125
13130
13134
13132
13138
13148
13159
13150
13145
13150
13141
13142
13144
13143
13133
13132
13126
13128
13123
13120
13124
13122
13122
13117
13120
13123
13125
13126
13134
13132
13133
13131
13129
13131
13137
13133
13129
13118
13119
13119
13111
13114
13119
13111
13118
13125
13124
13123
13125
13127
13133
13135
13138
13131
13132
13126
13121
13132
13127
13128
13135
13135
13137
13136
13137
13147
13147
13146
13147
13139
13137
13138
13130
13133
13129
13134
13135
13142
13134
13139
13127
13128
13127
13124
13127
13134
13137
13143
13145
13145
13142
13143
13142
13146
13148
13139
13139
13136
13134
13136
13140
13137
13130
13128
13130
13127
13128
13126
13133
13132
13136
13139
13137
13142
13138
13139
13141
13138
13127
13140
13134
13139
13139
13138
13142
13142
13141
13142
13141
13146
13133
13130
13133
13131
13132
13125
13119
13127
13118
13124
13123
13119
13122
13118
13117
13124
13131
13130
13138
13143
13139
13144
13141
13146
13145
13144
13142
13140
13128
13132
13124
13124
13134
13132
13133
13136
13137
13135
13129
13140
13132
13130
13128
13121
13122
13121
13127
13130
13124
13131
13136
13133
13132
13124
13121
13122
13132
13128
13133
13128
13131
13130
13134
13136
13133
13138
13139
13133
13132
13132
13129
13131
13136
13133
13135
13135
13132
12714
11936
11444
11130
10979
10898
10914
10949
11022
11097
11207
11298
11357
11397
11398
11429
11491
11549
11630
11701
11781
11858
11939
12012
12087
12149
12215
12267
12325
12370
12412
12456
12505
12539
12582
12621
12649
12678
12714
12743
12773
12794
12811
12831
12841
12860
12874
12885
12903
12906
12929
12935
12955
12969
12977
12989
12996
13009
13024
13023
13025
13037
13039
13049
13057
13061
13063
13073
13077
13079
13077
13071
13073
13075
13080
13085
13080
13090
13100
13101
13101
13102
13103
13105
13114
13119
13126
13124
13121
13126
13134
13128
13126
13123
13126
13130
13127
13132
13126
13126
13130
13135
13135
13133
13132
13136
13136
13135
13133
13138
13129
13129
13130
13123
13116
13119
13117
13122
13127
13129
13127
13134
13133
13138
13137
13140
13137
13135
13140
13135
13130
13126
13124
13128
13124
13125
13130
13134
13125
13128
13124
13128
13125
13134
13137
13140
13137
13138
13134
13139
13128
13130
13138
13128
13130
13127
13124
13126
13132
13135
13135
13135
13136
13131
13130
13128
13130
13126
13129
13130
13142
13137
13135
13140
13143
13144
13144
13137
13143
13144
13134
13137
13133
13132
13132
13124
13137
13138
13135
13136
13132
13132
13140
13136
13133
13136
13133
13130
13131
13135
13130
13134
13137
13134
13129
13132
13131
13135
13125
13120
13131
13122
13128
13136
13134
13132
13122
13127
13117
13128
13128
13133
13128
13128
13131
13128
13130
13127
13134
13134
13128
13123
13130
13128
13129
13133
13129
13128
13126
13124
13121
13125
13127
13124
13121
13126
13124
13118
13119
13119
13130
13129
13135
13138
13142
13146
13141
13137
13134
13133
13125
13131
13127
13129
13129
13126
13123
13127
13126
13131
13125
13121
13125
13123
13125
13125
13119
13127
13129
13131
13133
13129
13129
13125
13126
13120
13121
13118
13117
13123
13130
13121
13120
13117
13110
13115
13119
13115
13112
13120
13117
13124
13120
13124
13128
13120
13121
13126
13131
13135
13135
13133
13132
13136
13132
13132
13130
13132
13135
13133
13135
13129
13131
13128
13129
13137
13135
13135
13138
13139
13150
13135
13136
13138
13132
13131
13124
13132
13135
13134
13129
13131
13130
13127
13127
13125
13120
13124
13127
13135
13137
13132
13133
13134
13132
13134
13127
13129
13132
13133
13124
13123
13123
13123
13128
13128
13132
13127
13137
13134
13141
13135
13132
13136
13136
13138
13132
13134
13131
13133
13131
13136
13131
13137
13136
13134
13139
13139
13143
13144
13136
13127
13134
13130
13127
13131
13129
13127
13129
13131
13128
13134
13138
13130
13128
13133
13126
13131
13131
13130
13133
13130
13128
13133
13129
13128
13126
13125
13127
13131
13125
13132
13126
13124
13126
13125
13128
13132
13125
13137
13133
13130
13139
13131
13127
13136
13133
13137
13142
13139
13144
13138
13143
13139
13142
13137
13133
13132
13130
13127
13132
13128
13131
13136
13137
13136
13140
13136
13136
13139
13141
13139
13138
13148
13155
13146
13146
13143
13143
13143
13135
13130
13131
13129
13139
13140
13141
13138
13142
13139
13143
13148
13148
13140
13142
13146
13147
13151
13149
13147
13150
13143
13138
13140
13146
13138
13137
13131
13134
13137
13133
13135
13127
13127
13135
13133
13132
13132
13136
13138
13132
13128
13135
13122
13122
13127
13131
13132
13129
13130
13129
13129
13134
13138
