13128
13126
13133
13130
13128
13136
13134
13132
13141
13140
13138
13136
13138
13134
13139
13139
13140
13143
13143
13138
13147
13138
13143
13146
13142
13138
13134
13127
13128
13128
13130
13132
13130
13129
13134
13138
13134
13140
13141
13145
13142
13138
13142
13136
13136
13138
13134
13136
13138
13128
13129
13133
13131
13126
13134
13137
13141
13138
13143
13139
13147
13138
13138
13144
13144
13142
13138
13134
13134
13132
13133
13123
13119
13118
13116
13124
13133
13132
13134
13138
13132
13133
13132
13129
13128
13130
13127
13128
13130
13132
13136
13130
13143
13144
13147
13154
13151
13144
13140
13141
13151
13142
13147
13154
13153
13148
13141
13140
13135
13132
13134
13135
13128
13131
13136
13138
13139
13141
13135
13138
13137
13138
13148
13138
13140
13138
13137
13139
13140
13144
13145
13137
13139
13136
13136
13143
13132
13138
13134
13127
13139
13129
13137
13132
13129
13124
13121
13120
13118
13115
13119
13117
13118
13131
13136
13138
13143
13140
13141
13143
13134
13131
13137
13135
13149
13155
13156
13154
13153
13145
13142
13137
13133
13130
13138
13134
13131
13139
13139
13141
13144
13139
13135
13140
13142
13138
13141
13138
13139
13140
13137
13147
13145
13147
13153
13152
13160
13151
13150
13144
13135
13131
13130
13125
13132
13131
13130
13136
13138
13138
13144
13141
13141
13142
13134
13136
13139
13138
13133
13136
13140
13132
13125
13134
13135
13143
13144
13142
13144
13143
13136
13140
13128
13132
13139
13137
13138
13138
13140
13144
13134
13130
13131
13131
13133
13141
13138
13140
13138
13139
13146
13139
13136
13134
13142
13146
13145
13144
13148
13156
13157
13147
13146
13144
13140
13132
13126
13127
13127
13132
13132
13133
13128
13127
13137
13126
13136
13133
13138
13145
13144
13135
13144
13137
13142
13143
13133
13137
13124
13120
13129
13131
13138
13134
13131
13140
13132
13135
13132
13136
13143
13139
13140
13141
13141
13144
13141
13138
13132
13135
13138
13141
13139
13145
13154
13151
13155
13150
13151
13154
13150
13151
13150
13141
13127
13132
13125
13132
13129
13131
13133
13132
13128
13125
13130
13130
13125
13124
13129
13129
13136
13130
13130
13125
13122
13130
13123
13128
13131
13138
13130
13136
13133
13129
13132
13134
13134
13137
13133
13137
13126
13129
13139
13132
13134
13140
13131
13134
13137
13132
13136
13137
13137
13142
13137
13141
13138
13140
13141
13138
13143
13135
13138
13135
13132
13133
13135
13138
13134
13141
13143
13141
13136
13138
13137
13138
13133
13130
13131
13134
13137
13137
13143
13140
13141
13147
13135
13128
13132
13132
13135
13132
13133
13137
13142
13149
13147
13142
13142
13137
13151
13144
13142
13137
13148
13142
13137
13138
13141
13141
13138
13148
13142
13142
13151
13147
13147
13150
13146
13150
13146
13141
13142
13133
13131
13130
13128
13130
13136
13133
13138
13133
13141
13140
13145
13147
13142
13139
13137
13137
13137
13129
13134
13137
13140
13132
13130
13130
13133
13137
13142
13130
13130
13130
13131
13139
13140
13147
13145
13152
13156
13160
13165
13149
13147
13150
13146
13139
13149
13149
13144
13137
13136
13132
13124
13124
13124
13125
13123
13121
13131
13124
13125
13132
13130
13113
12919
12356
11707
11063
10642
10315
10118
10031
10061
10115
10223
10331
10475
10606
10759
10889
11040
11150
11279
11403
11514
11609
11716
11801
11897
11971
12042
12105
12171
12237
12296
12341
12391
12434
12490
12523
12562
12601
12636
12665
12691
12718
12743
12763
12789
12807
12826
12853
12866
12884
12898
12914
12928
12943
12954
12958
12979
12984
12998
13005
13017
13026
13027
13035
13049
13058
13059
13058
13067
13078
13075
13078
13085
13081
13087
13083
13089
13097
13106
13105
13106
13104
13104
13106
13109
13118
13111
13124
13119
13121
13124
13121
13125
13130
13123
13124
13125
13119
13117
13132
13132
13130
13135
13134
13130
13134
13128
13128
13132
13123
13120
13120
13120
13119
13134
13129
13129
13134
13129
13132
13133
13131
13126
13118
13125
13131
13130
13133
13131
13135
13133
13132
13135
13135
13133
13133
13138
13127
13133
13133
13133
13117
13120
13120
13121
13126
13126
13124
13130
13137
13137
13134
13135
13138
13142
13126
13128
13130
13137
13136
13131
13132
13133
13133
13136
13138
13137
13137
13144
13139
13139
13142
13141
13150
13144
13138
13140
13134
13140
13141
13140
13141
13137
13126
13129
13135
13139
13136
13141
13142
13135
13137
13145
13143
13150
13142
13135
13138
13135
13132
13139
13135
13133
13139
13142
13139
13133
13133
13137
13133
13139
13145
13142
13144
13141
13138
13145
13139
13141
13142
13146
13141
13137
13136
13141
13135
13134
13128
13126
13128
13122
13123
13121
13125
13126
13123
13122
13131
13131
13136
13136
13141
13140
13138
13136
13135
13131
13136
13133
13132
13130
13133
13132
13140
13132
13128
13134
13131
13132
13136
13130
13131
13127
13132
13137
13138
13139
13127
13134
13141
13141
13137
13130
13134
13134
13128
13133
13132
13132
13133
13135
13146
13148
13143
13148
13151
13150
13141
13142
13126
13125
13129
13133
13140
13140
13133
13135
13136
13142
13142
13132
13135
13132
13131
13140
13134
13133
13123
13130
13131
13131
13129
13121
13126
13135
13136
13129
13132
13133
13132
13129
13133
13130
13134
13132
13134
13125
13122
13122
13121
13121
13125
13131
13133
13126
13123
13134
13134
13138
13137
13132
13127
13136
13132
13134
13134
13138
13134
13139
13137
13135
13132
13136
13132
13142
13136
13133
13138
13140
13142
13134
13130
13126
13129
13126
13128
13127
13129
13131
13137
13144
13145
13144
13148
13144
13147
13155
13142
13134
13140
13132
13138
13139
13131
13140
13139
13144
13148
13140
13137
13145
13149
13142
13142
13146
13138
13131
13142
13136
13134
13137
13133
13133
13131
13130
13138
13136
13138
13143
13133
13137
13143
13142
13135
13128
13124
13136
13135
13129
13138
13136
13137
13131
13132
13134
13128
13133
13137
13142
13139
13143
13138
13139
13138
13143
13136
13134
13133
13131
13130
13130
13129
13126
13122
13126
13131
13128
13129
13130
13137
13139
13136
13136
13125
13126
13123
13134
13133
13134
13140
13134
13136
13135
13135
13131
13139
13137
13137
13138
13140
13140
13140
13139
13136
13140
13135
13130
13141
13140
13141
13131
13136
13133
13138
13138
13142
13141
13143
13148
13141
13145
13144
13145
13150
13141
13142
13149
13139
13141
13146
13134
13141
13144
13140
13132
13138
13140
13133
13135
13136
13128
13126
13129
13127
13132
13127
13128
13136
13129
13126
13125
13127
13131
13128
