13131
13138
13139
13135
13139
13131
13135
13127
13124
13126
13126
13124
13129
13137
13135
13137
13141
13138
13138
13135
13138
13130
13138
13142
13143
13144
13140
13133
13136
13134
13134
13132
13124
13121
13112
13110
13113
13123
13122
13122
13119
13123
13127
13117
13121
13129
13129
13130
13126
13127
13132
13127
13122
13126
13121
13122
13127
13133
13132
13130
13127
13131
13124
13128
13132
13134
13134
13134
13144
13138
13135
13141
13140
13140
13143
13143
13144
13141
13146
13140
13136
13136
13128
13126
13130
13133
13133
13126
13126
13125
13128
13125
13122
13130
13127
13133
13138
13141
13136
13141
13139
13138
13142
13144
13138
13148
13145
13141
13140
13136
13133
13127
13129
13129
13131
13128
13131
13135
13130
13135
13132
13137
13126
13123
13121
13121
13127
13130
13130
13130
13140
13138
13142
13141
13139
13137
13145
13150
13149
13147
13146
13142
13139
13135
13135
13137
13128
13132
13138
13128
13125
13128
13129
13127
13136
13137
13139
13136
13137
13141
13142
13147
13151
13148
13146
13142
13131
13129
13128
13132
13137
13130
13135
13145
13143
13139
13144
13143
13151
13139
13141
13131
13132
13134
13131
13128
13118
13122
13134
13135
13139
13141
13142
13136
13127
13128
13132
13133
13134
13138
13134
13134
13132
13133
13139
13137
13139
13144
13135
13134
13145
13144
13148
13150
13144
13140
13145
13138
13141
13147
13147
13138
13134
13136
13132
13119
13125
13117
13124
13129
13128
13133
13131
13133
13130
13135
13131
13123
13126
13134
13131
13136
13135
13126
13128
13128
13130
13135
13130
13135
13139
13136
13134
13135
13124
13126
13135
13133
13131
13128
13131
13124
13129
13136
13137
13133
13133
13133
13140
13129
13127
13133
13134
13137
13139
13129
13136
13133
13138
13138
13137
13134
13133
13125
13126
13122
13126
13128
13120
13125
13133
13122
13126
13137
13137
13132
13137
13134
13138
13137
13132
13136
13131
13131
13128
13127
13128
13131
13141
13137
13138
13144
13144
13143
13147
13132
13134
13138
13141
13144
13135
13133
13131
13132
13133
13136
13134
13134
13127
13131
13134
13126
13130
13139
13138
13136
13144
13142
13146
13145
13140
13132
13128
13123
13124
13120
13121
13124
13134
13130
13136
13140
13149
13149
13146
13146
13144
13147
13149
13145
13135
13128
13128
13125
13126
13124
13124
13124
13120
13126
13131
13128
13128
13134
13136
13144
13145
13144
13144
13136
13143
13137
13135
13129
13137
13146
13150
13151
13152
13141
13142
13148
13149
13148
13142
13144
13158
13154
13153
13153
13144
13142
13140
13132
13139
13140
13144
13148
13141
13131
13129
13132
13128
13136
13136
13127
13136
13133
13135
13140
13141
13133
13131
13138
13134
13128
13122
13117
13124
13120
13115
13124
13128
13133
13128
13123
13132
13135
13137
13142
13136
13141
13143
13137
13131
13131
13127
13132
13122
13119
13123
13128
13127
13136
13139
13135
13138
13138
13136
13135
13135
13137
13138
13136
13142
13147
13147
13142
13150
13146
13145
13137
13134
13138
13139
13143
13134
13142
13138
13148
13143
13153
13151
13151
13149
13145
13143
13146
13142
13138
13141
13140
13138
13138
13138
13138
13142
13138
13140
13134
13136
13133
13136
13132
13074
12507
11765
11179
10850
10650
10587
10578
10637
10713
10832
10934
10991
10980
11039
11098
11188
11270
11377
11459
11565
11651
11755
11838
11926
11996
12073
12131
12202
12262
12317
12363
12411
12449
12505
12538
12580
12610
12644
12675
12705
12729
12752
12771
12798
12812
12833
12855
12874
12893
12906
12914
12927
12945
12957
12972
12971
12985
12995
12995
13012
13013
13028
13041
13041
13045
13057
13049
13052
13073
13076
13080
13078
13079
13087
13090
13095
13100
13103
13105
13104
13104
13100
13104
13114
13106
13112
13107
13110
13106
13115
13119
13118
13122
13125
13123
13119
13125
13125
13126
13132
13131
13133
13135
13122
13125
13134
13132
13135
13145
13145
13142
13138
13139
13135
13133
13137
13132
13123
13132
13135
13129
13135
13129
13137
13130
13133
13137
13129
13131
13132
13128
13135
13129
13138
13137
13136
13140
13139
13125
13133
13136
13133
13130
13123
13120
13122
13125
13125
13128
13128
13124
13133
13129
13136
13140
13138
13136
13137
13140
13139
13135
13135
13135
13148
13140
13137
13142
13141
13146
13140
13137
13136
13139
13140
13149
13142
13147
13148
13147
13146
13145
13144
13144
13137
13131
13134
13130
13133
13137
13132
13134
13134
13126
13128
13123
13126
13128
13124
13127
13125
13125
13128
13131
13137
13133
13133
13139
13137
13145
13142
13139
13137
13135
13131
13137
13139
13136
13139
13136
13135
13132
13133
13132
13126
13130
13134
13125
13122
13121
13121
13121
13127
13122
13134
13133
13138
13139
13138
13140
13137
13140
13139
13139
13141
13127
13130
13122
13122
13123
13126
13129
13128
13126
13128
13132
13130
13129
13128
13128
13131
13136
13139
13138
13134
13134
13135
13128
13124
13131
13125
13128
13135
13132
13134
13136
13129
13128
13126
13128
13126
13131
13128
13129
13134
13132
13125
13131
13127
13126
13121
13126
13124
13128
13134
13129
13119
13122
13122
13127
13137
13134
13141
13138
13139
13141
13148
13146
13151
13160
13146
13145
13147
13141
13139
13138
13136
13139
13140
13135
13132
13134
13127
13130
13138
13130
13121
13121
13121
13131
13122
13123
13129
13130
13132
13139
13144
13147
13149
13148
13144
13137
13133
13133
13128
13134
13147
13139
13133
13138
13137
13140
13139
13147
13144
13145
13147
13146
13142
13139
13131
13133
13126
13132
13139
13134
13125
13132
13123
13129
13127
13131
13129
13133
13126
13126
13127
13133
13135
13126
13131
13130
13132
13135
13126
13124
13125
13120
13118
13125
13129
13130
13131
13135
13135
13135
13135
13131
13140
13138
13134
13132
13134
13134
13138
13129
13128
13129
13135
13139
13139
13140
13140
13139
13134
13135
13136
13137
13139
13136
13138
13141
13144
13147
13148
13146
13150
13140
13142
13150
13136
13132
13138
13138
13140
13133
13132
13136
13133
13141
13133
13131
13130
13131
13130
13127
13127
13135
13127
13125
13128
13117
13116
13116
13126
13142
13136
13139
13134
13133
13129
13136
13134
13137
13129
13130
13140
13125
13129
13136
13131
13135
13140
13133
13134
13125
13126
13118
13118
13114
13114
13118
13133
13129
13133
13134
13138
13134
13133
13128
13132
13135
13133
13133
13139
13139
13142
13147
13152
13141
13144
13136
13140
13149
13143
13134
13137
13133
13127
13132
13127
13120
13126
13130
13132
13132
13142
13135
13135
13135
13128
13131
13133
13134
13149
13137
