13132
13133
13129
13119
13115
13120
13118
13121
13123
13126
13133
13131
13134
13133
13129
13133
13129
13138
13131
13138
13134
13135
13133
13136
13132
13136
13132
13134
13133
13137
13134
13139
13137
13130
13134
13133
13126
13125
13124
13127
13128
13133
13131
13129
13128
13127
13126
13136
13136
13142
13141
13135
13146
13136
13139
13143
13142
13142
13140
13143
13148
13141
13134
13133
13128
13134
13137
13136
13140
13139
13133
13145
13137
13127
13132
13132
13134
13144
13140
13135
13137
13137
13145
13135
13136
13137
13134
13133
13132
13126
13125
13126
13133
13127
13128
13135
13140
13143
13143
13139
13140
13140
13147
13153
13146
13149
13147
13148
13144
13138
13142
13140
13134
13131
13134
13138
13145
13149
13147
13146
13151
13145
13147
13148
13143
13138
13142
13142
13146
13139
13135
13138
13141
13134
13131
13137
13139
13133
13129
13132
13133
13129
13117
13120
13116
13118
13124
13116
13128
13132
13141
13143
13141
13133
13135
13134
13127
13131
13132
13127
13130
13134
13139
13141
13138
13138
13137
13148
13144
13145
13143
13142
13148
13139
13131
13132
13122
13126
13128
13134
13123
13130
13123
13131
13132
13128
13131
13128
13133
13139
13136
13142
13131
13134
13153
13143
13136
13143
13135
13140
13134
13136
13135
13136
13136
13139
13136
13138
13135
13128
13125
13122
13127
13125
13124
13134
13138
13141
13144
13141
13142
13134
13139
13142
13142
13150
13150
13149
13145
13147
13140
13135
13129
13126
13133
13128
13121
13124
13122
13130
13135
13127
13121
13125
13124
13122
13122
13128
13120
13131
13136
13139
13143
13140
13138
13140
13138
13139
13137
13139
13138
13145
13142
13144
13142
13142
13138
13135
13136
13138
13142
13145
13135
13138
13151
13132
13133
13143
13132
13132
13138
13137
13144
13146
13143
13137
13134
13133
13135
13134
13140
13142
13147
13138
13138
13142
13138
13139
13137
13136
13138
13136
13145
13141
13133
13138
13137
13129
13139
13134
13136
13134
13134
13132
13135
13129
13124
13132
13128
13137
13143
13147
13146
13144
13134
13132
13129
13125
13124
13120
13123
13125
13128
13127
13125
13130
13127
13137
13133
13138
13134
13132
13124
13126
13128
13135
13131
13129
13134
13133
13125
13127
13127
13122
13128
13122
13128
13134
13132
13139
13139
13141
13134
13143
13141
13135
13129
13141
13143
13137
13129
13130
13140
13134
13133
13136
13142
13143
13145
13145
13143
13139
13138
13143
13137
13135
13130
13132
13133
13132
13142
13151
13142
13140
13143
13133
13129
13136
13134
13137
13144
13144
13145
13150
13144
13140
13147
13151
13154
13147
13147
13141
13148
13148
13138
13139
13125
13125
13129
13131
13135
13128
13133
13138
13136
13136
13133
13131
13133
13131
13130
13132
13131
13133
13137
13140
13129
13139
13139
13140
13139
13133
13136
13138
13133
13137
13139
13139
13133
13129
13132
13137
13142
13142
13134
13139
13135
13144
13139
13132
13136
13138
13134
13140
13146
13150
13152
13154
13152
13153
13142
13142
13141
13139
13138
13139
13140
13135
13121
13125
13133
13131
13128
13128
13136
13131
13132
13138
13135
13133
13135
13143
13151
13137
13140
13143
13143
13151
13150
13149
13145
13146
13146
13138
12951
12210
11427
10841
10488
10179
10064
10029
10081
10155
10287
10400
10545
10666
10814
10947
11094
11217
11339
11448
11565
11661
11764
11847
11933
12004
12085
12141
12207
12258
12317
12370
12411
12461
12517
12554
12602
12637
12672
12702
12721
12739
12769
12792
12814
12836
12851
12866
12876
12892
12915
12921
12933
12947
12966
12981
12993
12997
13012
13020
13027
13031
13040
13047
13053
13059
13061
13066
13076
13076
13071
13076
13070
13067
13066
13072
13079
13087
13091
13097
13096
13102
13111
13106
13110
13111
13112
13109
13107
13111
13121
13113
13111
13113
13112
13116
13120
13130
13131
13134
13135
13133
13137
13137
13133
13129
13127
13123
13126
13120
13118
13118
13116
13117
13122
13131
13131
13132
13132
13130
13126
13130
13142
13135
13141
13141
13145
13145
13139
13134
13146
13140
13139
13141
13144
13137
13138
13137
13142
13150
13149
13151
13152
13151
13145
13142
13137
13139
13143
13139
13143
13139
13134
13138
13137
13147
13146
13141
13142
13143
13133
13138
13139
13141
13143
13149
13143
13147
13143
13141
13151
13142
13137
13142
13137
13138
13142
13138
13139
13135
13134
13136
13139
13135
13134
13134
13136
13129
13141
13139
13144
13151
13154
13153
13142
13139
13143
13147
13143
13142
13141
13142
13144
13145
13141
13142
13145
13151
13140
13138
13131
13130
13136
13142
13148
13150
13143
13147
13141
13141
13143
13139
13134
13138
13140
13138
13143
13139
13146
13143
13142
13147
13148
13145
13143
13138
13130
13122
13002
12921
12867
12839
12831
12824
12829
12840
12851
12873
12876
12884
12895
12897
12920
12933
12937
12948
12972
12978
12992
13002
13014
13022
13031
13029
13039
13042
13041
13047
13064
13068
13067
13071
13076
13083
13087
13085
13092
13095
13096
13102
13100
13106
13110
13107
13106
13105
13110
13109
13109
13117
13124
13125
13122
13117
13116
13122
13131
13132
13133
13137
13139
13138
13142
13140
13136
13134
13138
13133
13133
13129
13128
13138
13130
13132
13126
13124
13132
13132
13130
13133
13134
13136
13135
13131
13131
13131
13133
13140
13130
13125
13138
13134
13140
13146
13136
13134
13131
13135
13127
13136
13134
13128
13131
13135
13129
13132
13130
13124
13132
13128
13120
13121
13123
13125
13125
13123
13130
13136
13136
13143
13134
13132
13139
13132
13129
13129
13125
13138
13131
13130
13137
13138
13131
13139
13134
13134
13130
13135
13133
13136
13135
13131
13129
13137
13135
13144
13143
13146
13153
13142
13138
13146
13150
13144
13140
13135
13138
13138
13134
13137
13131
13135
13134
13132
13129
13132
13130
13138
13128
13127
13133
13135
13128
13128
13131
13128
13131
13138
13138
13138
13144
13149
13150
13151
13143
13143
13143
13143
13148
13147
13138
13141
13137
13140
13140
13133
13130
13126
13123
13132
13127
13135
13134
13136
13134
13142
13141
13149
13143
13140
13140
13136
13138
13142
13136
13138
13142
13145
13137
13128
13123
13118
13119
13124
13120
13118
13117
13130
13139
13129
13128
13129
13128
13128
13133
13137
13127
13124
13125
13134
13129
13131
13130
13131
13133
13132
13128
13137
13127
13122
13130
13137
13126
13134
13134
13131
13137
13139
13137
13137
13142
13136
13143
13149
13141
13135
13130
13137
13139
13140
13136
13136
13143
13148
13150
13142
13137
13138
13142
13149
13143
13142
13144
13137
13135
13132
