13124
13125
13130
13136
13132
13128
13132
13144
13136
13138
13136
13140
13140
13137
13137
13138
13140
13132
13137
13132
13133
13140
13133
13141
13140
13141
13135
13137
13137
13133
13134
13132
13125
13122
13126
13126
13120
13120
13120
13127
13122
13125
13134
13136
13132
13128
13128
13134
13132
13125
13125
13126
13131
13132
13131
13137
13131
13127
13130
13127
13134
13132
13137
13135
13138
13141
13146
13150
13157
13147
13145
13150
13143
13141
13073
12959
12897
12855
12827
12821
12816
12818
12829
12845
12854
12870
12886
12908
12913
12933
12944
12950
12966
12972
12981
12991
12996
12995
13015
13022
13022
13032
13044
13055
13066
13068
13078
13079
13080
13081
13085
13085
13090
13089
13083
13090
13098
13098
13104
13109
13107
13121
13120
13121
13125
13121
13125
13128
13121
13117
13112
13121
13126
13124
13122
13126
13123
13118
13130
13134
13129
13129
13129
13127
13120
13127
13130
13134
13134
13132
13136
13137
13129
13122
13122
13119
13123
13112
13118
13129
13134
13137
13137
13127
13128
13128
13127
13121
13113
13111
13115
13117
13123
13133
13138
13138
13142
13148
13154
13146
13141
13142
13134
13139
13133
13130
13126
13126
13135
13131
13133
13135
13136
13136
13136
13136
13138
13136
13130
13128
13126
13132
13131
13123
13124
13121
13120
13118
13117
13126
13129
13124
13134
13135
13132
13133
13125
13118
13124
13121
13120
13122
13127
13130
13134
13128
13128
13130
13131
13125
13131
13132
13128
13131
13141
13140
13146
13137
13141
13139
13134
13133
13130
13125
13128
13125
13125
13128
13123
13125
13125
13126
13129
13134
13134
13131
13126
13126
13123
13120
13116
13121
13123
13121
13118
13118
13122
13129
13131
13128
13129
13128
13121
13123
13127
13125
13135
13129
13133
13138
13134
13131
13127
13131
13136
13133
13138
13135
13134
13138
13151
13156
13153
13147
13141
13142
13142
13134
13136
13126
13125
13132
13129
13125
13135
13135
13138
13145
13148
13140
13145
13143
13147
13143
13135
13137
13138
13136
13144
13132
13131
13133
13136
13135
13135
13132
13136
13136
13133
13132
13135
13136
13133
13134
13130
13129
13123
13113
13120
13115
13115
13121
13119
13117
13120
13121
13125
13127
13129
13129
13124
13134
13139
13135
13127
13127
13140
13132
13131
13134
13134
13136
13134
13142
13139
13136
13142
13137
13128
13133
13142
13146
13153
13146
13145
13147
13141
13139
13140
13134
13134
13136
13140
13141
13142
13140
13142
13144
13148
13142
13138
13128
13124
13123
13127
13129
13139
13131
13134
13136
13129
13126
13125
13123
13128
13132
13130
13134
13126
13131
13133
13133
13131
13122
13130
13135
13140
13134
13138
13138
13143
13150
13145
13147
13148
13148
13144
13141
13146
13145
13146
13150
13146
13139
13136
13129
13137
13125
13126
13132
13136
13132
13131
13137
13140
13138
13136
13140
13128
13130
13135
13133
13141
13135
13135
13135
13136
13129
13144
13134
13133
13133
13128
13135
13144
13140
13142
13132
13134
13122
13125
13123
13124
13128
13133
13129
13135
13128
13134
13136
13137
13143
13142
13148
13146
13144
13145
13151
13140
13142
13143
13142
13142
13138
13127
13131
13129
13122
13132
13123
13126
13073
12901
12560
12242
12054
11954
11895
11894
11904
11946
11988
12045
12091
12146
12202
12263
12310
12363
12409
12346
12300
12291
12292
12311
12340
12387
12423
12453
12486
12520
12551
12583
12525
12483
12467
12462
12469
12498
12521
12560
12596
12626
12644
12677
12699
12727
12744
12766
12780
12809
12835
12863
12881
12898
12911
12927
12934
12943
12950
12963
12966
12979
12993
12997
13001
13012
13032
13037
13042
13052
13053
13059
13069
13076
13083
13082
13093
13096
13094
13097
13103
13098
13102
13102
13110
13107
13109
13113
13110
13113
13117
13121
13110
13101
13106
13122
13123
13118
13123
13118
13122
13122
13123
13121
13098
12969
12896
12854
12829
12802
12778
12775
12780
12782
12793
12806
12817
12840
12854
12870
12889
12906
12921
12935
12954
12961
12968
12978
12984
12994
13005
13014
13021
13031
13041
13052
13053
13060
13064
13070
13071
13073
13074
13081
13084
13088
13099
13095
13102
13100
13097
13098
13099
13101
13100
13104
13112
13113
13110
13111
13110
13113
13111
13117
13113
13023
12926
12859
12815
12803
12799
12796
12803
12818
12831
12850
12874
12894
12912
12929
12938
12949
12954
12970
12975
12980
12994
12998
13007
13027
13032
12950
12849
12788
12761
12742
12738
12749
12752
12762
12782
12796
12815
12844
12865
12892
12902
12917
12924
12937
12956
12967
12981
12980
12983
12992
13000
13011
13019
13027
13037
13037
13041
13046
13048
13058
13077
13076
13074
13079
13079
13088
13091
13094
13099
13107
13106
13118
13108
13108
13106
13097
13099
13104
13106
13106
13100
13103
13105
13115
13108
13122
13123
13131
13126
13133
13125
13127
13119
13121
13119
13114
13117
13118
13124
13124
13129
13121
13129
13132
13123
13130
13131
13124
13132
13137
13133
13135
13135
13132
13134
13134
13133
13137
13139
13142
13134
13130
13125
13121
13121
13121
13129
13130
13132
13140
13138
13140
13139
13134
13140
13137
13140
13136
13134
13134
13141
13140
13132
13133
13128
13132
13137
13124
13128
13129
13126
13142
13139
13133
13129
13125
13129
13131
13138
13143
13145
13146
13146
13146
13144
13133
13127
13122
13123
13130
13122
13117
13121
13123
13134
13134
13130
13130
13122
13130
13136
13126
13124
13125
13124
13123
13125
13124
13132
13134
13132
13139
13132
13133
13135
13135
13140
13144
13147
13144
13142
13142
13132
13127
13126
13125
13127
13120
13122
13128
13120
13123
13125
13128
13132
13131
13129
13132
13133
13134
13141
13132
13131
13135
13133
13135
13135
13128
13137
13129
13125
13134
13128
13127
13130
13122
13120
13121
13124
13118
13126
13132
13123
13127
13133
13134
13135
13144
13143
13154
13151
13146
13142
13141
13145
13135
13139
13142
13137
13135
13137
13138
13140
13139
13134
13141
13144
13150
13152
13154
13145
13147
13141
13142
13145
13135
13134
13140
13137
13131
13131
13130
13125
13130
13136
13136
13140
13138
13136
13145
13138
13131
13131
13125
13126
13124
13127
13133
13125
13123
13128
13128
13129
13132
13134
13137
13139
13134
13138
13138
13132
13134
13135
13132
13139
13136
13144
13145
13138
13137
13132
13124
13132
13135
13135
13142
13146
13129
13132
13140
13130
13128
13134
13133
13134
13132
13126
13131
13134
13134
13139
13134
13142
13143
13140
13142
13143
13137
13140
13138
13141
13144
13132
13131
13135
13130
13135
13135
13135
13127
13134
13135
13131
