13133
13142
13145
13136
13132
13129
13128
13131
13121
13128
13125
13121
13117
13126
13123
13133
13126
13135
13136
13137
13137
13140
13135
13142
13138
13138
13134
13136
13134
13136
13130
13138
13134
13131
13137
13130
13127
13126
13126
13131
13142
13131
13136
13138
13141
13137
13135
13136
13134
13132
13133
13139
13141
13135
13136
13144
13140
13140
13141
13141
13073
12958
12887
12845
12825
12821
12820
12824
12830
12842
12848
12869
12879
12890
12903
12919
12935
12955
12966
12973
12984
13007
13011
13025
13034
13042
13049
13056
13056
13059
13062
13064
13071
13074
13074
13080
13086
13096
13100
13099
13099
13109
13108
13103
13103
13106
13109
13111
13112
13108
13105
13108
13102
13105
13104
13114
13114
13121
13118
13123
13124
13122
13120
13129
13134
13136
13144
13146
13145
13149
13151
13144
13146
13139
13139
13145
13147
13140
13133
13130
13128
13132
13130
13138
13134
13134
13139
13131
13134
13133
13130
13138
13138
13135
13147
13137
13136
13135
13139
13143
13133
13138
13136
13137
13143
13137
13137
13130
13129
13136
13129
13138
13144
13142
13141
13141
13141
13140
13135
13129
13135
13132
13130
13133
13118
13130
13134
13135
13138
13141
13135
13138
13131
13124
13131
13124
13122
13129
13130
13128
13131
13128
13125
13122
13129
13129
13134
13137
13140
13141
13134
13134
13136
13133
13132
13137
13137
13135
13139
13138
13140
13141
13138
13136
13131
13132
13128
13126
13127
13131
13140
13141
13130
13124
13127
13120
13123
13134
13132
13135
13136
13134
13136
13135
13134
13135
13139
13133
13138
13141
13139
13138
13147
13141
13136
13138
13133
13129
13125
13125
13126
13130
13126
13131
13128
13128
13132
13136
13137
13135
13137
13138
13136
13128
13129
13122
13124
13122
13123
13125
13130
13131
13138
13138
13138
13146
13140
13149
13149
13145
13149
13144
13143
13138
13132
13140
13135
13137
13130
13132
13133
13133
13133
13137
13132
13139
13142
13141
13138
13149
13149
13145
13142
13137
13134
13132
13125
13130
13119
13121
13121
13123
13126
13128
13118
13120
13130
13131
13135
13138
13132
13127
13124
13124
13129
13130
13132
13136
13140
13140
13138
13135
13132
13132
13126
13135
13138
13136
13135
13140
13138
13146
13141
13141
13142
13134
13135
13144
13137
13135
13133
13128
13119
13118
13123
13124
13121
13127
13131
13132
13124
13124
13134
13131
13134
13139
13139
13137
13138
13142
13144
13144
13145
13154
13146
13150
13147
13138
13133
13128
13126
13132
13128
13132
13134
13124
13124
13141
13137
13136
13131
13130
13131
13133
13131
13132
13133
13139
13139
13142
13144
13141
13156
13157
13150
13153
13150
13145
13139
13138
13142
13148
13142
13145
13134
13129
13122
13123
13128
13132
13131
13132
13124
13130
13134
13136
13131
13143
13142
13143
13143
13138
13139
13137
13127
13131
13133
13136
13133
13129
13125
13124
13127
13122
13122
13134
13137
13138
13141
13139
13136
13138
13136
13146
13134
13135
13139
13139
13140
13149
13148
13157
13153
13143
13150
13142
13137
13145
13139
13146
13145
13148
13147
13146
13134
13131
13129
13125
13120
13120
13119
13121
13135
13121
13124
13124
13124
13127
13133
13142
13142
13080
12465
11545
10923
10546
10361
10273
10297
10351
10454
10540
10615
10705
10826
10937
11053
11173
11286
11401
11511
11609
11711
11798
11888
11971
12058
12119
12187
12245
12303
12349
12401
12432
12477
12518
12551
12581
12615
12644
12673
12707
12738
12764
12784
12811
12837
12855
12872
12888
12904
12919
12932
12946
12965
12962
12965
12976
12979
12991
13006
13009
13009
13014
13017
13019
13017
13031
13037
13052
13063
13070
13081
13086
13098
13107
13107
13106
13101
13098
13098
13102
13097
13100
13091
13092
13094
13092
13097
13097
13097
13114
13110
13116
13121
13121
13124
13129
13127
13126
13133
13137
13139
13130
13124
13119
13123
13129
13122
13128
13126
13132
13135
13125
13122
13129
13125
13133
13136
13133
13132
13130
13130
13135
13131
13133
13129
13127
13136
13132
13130
13137
13128
13126
13132
13135
13138
13138
13137
13138
13135
13134
13134
13136
13140
13141
13147
13143
13141
13140
13141
13133
13136
13136
13134
13140
13142
13147
13139
13136
13137
13137
13134
13130
13127
13124
13126
13124
13125
13126
13128
13136
13131
13140
13139
13139
13134
13138
13132
13133
13138
13138
13139
13141
13136
13134
13136
13137
13139
13142
13141
13140
13135
13130
13135
13137
13138
13142
13141
13138
13147
13154
13151
13149
13144
13139
13141
13139
13142
13143
13136
13135
13125
13124
13137
13136
13137
13135
13130
13138
13136
13139
13134
13135
13134
13137
13141
13147
13133
13006
12918
12863
12839
12812
12805
12816
12813
12828
12845
12860
12868
12886
12896
12909
12915
12931
12948
12958
12977
12987
12991
13008
13011
13015
13028
13033
13043
13046
13038
13050
13052
13058
13057
13059
13062
13068
13075
13083
13083
13088
13083
13089
13099
13098
13102
13109
13104
13109
13113
13117
13115
13119
13130
13130
13122
13124
13122
13121
13128
13126
13122
13129
13125
13125
13135
13132
13134
13136
13137
13135
13133
13135
13134
13123
13130
13124
13120
13127
13123
13125
13117
13119
13132
13132
13135
13135
13135
13135
13137
13143
13129
13128
13128
13134
13130
13134
13135
13133
13134
13133
13137
13140
13139
13139
13145
13138
13139
13149
13148
13139
13130
13126
13132
13123
13113
13117
13117
13123
13117
13131
13128
13133
13147
13145
13148
13149
13148
13147
13147
13150
13148
13143
13142
13144
13141
13139
13143
13141
13143
13136
13133
13143
13142
13132
13133
13133
13136
13136
13129
13132
13132
13133
13137
13138
13134
13142
13140
13144
13142
13147
13141
13139
13144
13142
13138
13141
13139
13142
13147
13147
13145
13145
13138
13143
13139
13139
13137
13137
13140
13141
13137
13138
13133
13136
13144
13142
13138
13143
13141
13143
13137
13139
13133
13139
13131
13131
13131
13134
13132
13140
13134
13137
13156
13143
13148
13142
13138
13138
13130
13135
13128
13132
13123
13125
13122
13134
13142
13140
13144
13146
13140
13140
13138
13138
13142
13135
13131
13135
13135
13135
13141
13143
13141
13143
13144
13136
13129
13129
13130
13123
13129
13130
13141
13138
13136
13137
13139
13137
13138
13138
13140
13145
13139
13138
13130
13132
13130
13130
13128
13129
13128
13129
13126
13137
13145
13138
13140
13141
13138
13132
13138
13142
13144
13152
13150
13152
13142
13147
13142
13135
13128
13130
13127
13128
13125
13122
13123
13121
13122
13126
13127
13135
13138
13144
13134
13137
13141
13142
13147
13147
