13131
13132
13128
13126
13124
13130
13132
13134
13131
13132
13136
13135
13134
13140
13141
13139
13132
13123
13135
13135
13130
13132
13134
13135
13138
13135
13134
13136
13138
13128
13128
13135
13127
13136
13129
13130
13138
13139
13145
13144
13146
13145
13142
13145
13138
13133
13126
13134
13134
13137
13135
13128
13134
13133
13135
13141
13138
13140
13149
13143
13141
13142
13139
13140
13137
13136
13139
13141
13148
13145
13144
13152
13147
13149
13151
13146
13146
13139
13134
13142
13138
13146
13147
13144
13144
13146
13141
13138
13134
13135
13134
13137
13137
13138
13131
13136
13126
13128
13131
13126
13120
13125
13119
13118
13123
13125
13115
13119
13121
13124
13119
13125
13122
13130
13130
13128
13137
13132
13134
13138
13128
13131
13123
13129
13126
13126
13124
13128
13121
13129
13131
13124
13129
13131
13126
13140
13137
13139
13148
13141
13139
13138
13137
13138
13134
13137
13135
13132
13137
13128
13127
13126
13126
13136
13138
13136
13142
13143
13139
13141
13140
13135
13134
13137
13142
13141
13143
13140
13138
13142
13142
13139
13138
13147
13147
13146
13137
13138
13144
13141
13136
13140
13142
13144
13142
13138
13133
13132
13132
13136
13134
13140
13139
13139
13139
13133
13136
13138
13141
13141
13137
13137
13126
13129
13126
13132
13127
13137
13133
13133
13133
13136
13138
13134
13137
13143
13136
13131
13135
13130
13124
13132
13134
13135
13137
13137
13134
13135
13142
13141
13142
13144
13137
13137
13141
13140
13143
13139
13135
13141
13140
13148
13140
13140
13131
13136
13135
13141
13131
13131
13134
13129
13133
13124
13116
13125
13125
13127
13137
13132
13133
13143
13140
13138
13144
13136
13135
13135
13140
13134
13138
13141
13137
13134
13140
13135
13138
13138
13137
13138
13138
13133
13133
13128
13132
13124
13132
13137
13134
13135
13144
13131
13132
13130
13127
13131
13126
13124
13133
13130
13131
13127
13128
13126
13132
13135
13131
13131
13131
13129
13130
13136
13138
13136
13144
13138
13145
13138
13137
13137
13140
13141
13137
13146
13144
13142
13141
13140
13134
13134
13134
13136
13139
13140
13139
13143
13134
13121
13125
13119
13118
13129
13128
13132
13135
13135
13141
13149
13149
13144
13144
13145
13142
13144
13136
13136
13141
13139
13130
13131
13127
13123
13125
13126
13125
13128
13129
13130
13121
13130
13133
13124
13127
13138
13130
13137
13137
13132
13142
13140
13136
13140
13133
13132
13127
13126
13122
13125
13132
13131
13132
13140
13139
13141
13145
13138
13145
13142
13141
13143
13132
13131
13125
13136
13137
13134
13136
13140
13135
13135
13134
13132
13133
13143
13141
13148
13145
13144
13148
13146
13137
13142
13129
13127
13129
13130
13124
13127
13127
13133
13138
13138
13131
13133
13129
13133
13137
13139
13138
13143
13134
13140
13141
13139
13143
13144
13147
13150
13144
13147
13152
13138
13143
13139
13142
13145
13138
13130
13140
13140
13150
13150
13151
13149
13150
13149
13145
13143
13141
13149
13143
13139
13133
13136
13125
13126
13135
13126
13125
13141
13137
13145
13147
13141
13149
13140
13137
13139
13126
13136
13135
13129
13130
13133
13126
13128
13125
13125
13131
13132
13135
13140
13140
13141
13143
13144
12928
12133
11441
10864
10412
10126
10017
9982
10040
10123
10253
10366
10526
10659
10810
10941
11092
11211
11341
11444
11554
11656
11755
11842
11933
12013
12091
12149
12214
12260
12318
12367
12421
12466
12506
12544
12579
12605
12647
12673
12705
12726
12752
12773
12794
12812
12827
12846
12860
12878
12904
12909
12933
12953
12964
12972
12977
12982
12996
13009
13014
13026
13026
13030
13045
13050
13063
13067
13068
13079
13077
13077
13081
13083
13089
13088
13090
13096
13096
13105
13102
13095
13097
13094
13095
13105
13103
13105
13111
13113
13122
13121
13120
13128
13126
13128
13123
13122
13120
13116
13118
13122
13120
13129
13122
13123
13130
13133
13136
13138
13133
13131
13137
13129
13132
13138
13127
13128
13131
13134
13135
13143
13149
13143
13143
13137
13138
13141
13135
13141
13154
13145
13145
13142
13142
13141
13136
13137
13141
13135
13131
13131
13127
13132
13136
13129
13134
13130
13136
13147
13151
13144
13150
13149
13146
13145
13141
13144
13145
13151
13147
13143
13141
13133
13138
13134
13134
13126
13130
13139
13151
13146
13142
13147
13148
13145
13150
13141
13142
13137
13133
13128
13120
13125
13124
13120
13130
13129
13134
13132
13135
13128
13137
13131
13133
13136
13134
13131
13133
13138
13136
13137
13139
13137
13130
13134
13129
13132
13132
13133
13140
13132
13129
13138
13139
13142
13136
13128
13124
13132
13131
13131
13119
13125
13126
13127
13133
13136
13134
13134
13131
13135
13141
13139
13134
13137
13137
13132
13132
13133
13132
13131
13131
13125
13123
13129
13129
13131
13134
13136
13138
13133
13135
13140
13141
13137
13133
13134
13139
13143
13134
13132
13128
13132
13134
13133
13127
13134
13133
13138
13126
13119
13129
13123
13124
13138
13129
13136
13135
13137
13133
13132
13120
13119
13119
13117
13112
13118
13125
13130
13139
13130
13134
13142
13137
13145
13145
13150
13147
13150
13144
13146
13139
13138
13143
13139
13139
13142
13143
13149
13145
13138
13140
13126
13125
13134
13139
13142
13145
13137
13134
13131
13129
13129
13134
13139
13135
13136
13136
13131
13131
13128
13130
13138
13134
13132
13124
13123
13126
13124
13128
13127
13129
13130
13135
13142
13140
13136
13135
13141
13137
13131
13135
13125
13130
13137
13139
13133
13133
13132
13128
13133
13135
13128
13133
13133
13134
13138
13137
13134
13138
13124
13126
13123
13123
13122
13128
13131
13132
13127
13131
13133
13125
13128
13132
13136
13130
13138
13138
13135
13137
13132
13142
13138
13138
13139
13135
13135
13135
13140
13141
13135
13141
13129
13132
13133
13130
13139
13134
13135
13141
13134
13125
13129
13128
13138
13138
13140
13137
13134
13126
13133
13127
13129
13133
13133
13130
13133
13121
13137
13142
13140
13143
13141
13135
13144
13134
13133
13137
13143
13141
13146
13150
13146
13148
13156
13152
13156
13148
13146
13148
13138
13137
13128
13130
13129
13127
13125
13130
13134
13138
13147
13137
13138
13140
13147
13145
13150
13147
13148
13150
13146
13150
13140
13137
13147
13137
13139
13139
13139
13141
13137
13136
13135
13134
13134
13131
13132
13129
13129
13130
13133
13136
13135
13131
13139
13129
13128
13135
13131
13131
13132
13123
13135
13135
13133
13134
13136
13020
12935
12873
12830
12821
12809
12809
12829
12840
12854
12875
12884
12902
12912
12918
12928
