13125
13127
13130
13133
13139
13137
13133
13136
13133
13133
13136
13134
13149
13138
13139
13143
13146
13143
13136
13145
13142
13148
13142
13141
13141
13146
13147
13148
13148
13145
13145
13145
13137
13137
13140
13132
13131
13138
13126
13131
13132
13138
13133
13134
13136
13134
13128
13125
13120
13119
13116
13122
13129
13121
13118
13127
13133
13131
13129
13123
13128
13130
13130
13128
13124
13135
13141
13131
13133
13129
13132
13134
13137
13140
13139
13135
13131
13135
13131
13133
13136
13140
13136
13135
13135
13134
13135
13132
13138
13136
13129
13121
13125
13123
13134
13145
13143
13149
13149
13143
13144
13138
13134
13132
13125
13131
13129
13130
13126
13127
13129
13135
13130
13130
13139
13137
13126
13136
13143
13146
13145
13149
13146
13149
13148
13147
13141
13135
13129
13126
13132
13132
13134
13130
13133
13136
13140
13139
13140
13143
13138
13148
13144
13146
13145
13147
13141
13135
13132
13137
13132
13140
13138
13141
13146
13139
13137
13146
13139
13141
13137
13134
13135
13139
13134
13134
13137
13141
13135
13136
13125
13134
13145
13131
13131
13143
13139
13148
13145
13144
13141
13140
13131
13132
13113
13119
13121
13123
13127
13133
13128
13138
13136
13137
13142
13124
13125
13135
13129
13131
13132
13139
13134
13135
13134
13130
13125
13132
13131
13130
13131
13129
13142
13136
13134
13136
13140
13139
13147
13141
13134
13134
13134
13137
13132
13128
13129
13123
13123
13128
13133
13138
13133
13124
13126
13123
13122
13135
13132
13136
13142
13147
13148
13138
13136
13134
13133
13139
13134
13132
13130
13135
13146
13138
13136
13138
13138
13138
13141
13138
13142
13140
13141
13149
13147
13149
13147
13145
13142
13136
13136
13134
13130
13126
13137
13135
13142
13152
13140
13146
13146
13141
13140
13137
13130
13137
13140
13146
13141
13134
13142
13138
13143
13139
13140
13141
13145
13143
13147
13152
13143
13137
13142
13142
13127
13134
13133
13135
13135
13133
13135
13140
13134
13130
13126
13119
13118
13126
13125
13126
13128
13133
13127
13136
13136
13138
13138
13146
13148
13145
13142
13138
13146
13139
13141
13141
13133
13138
13135
13134
13132
13136
13134
13139
13151
13153
13148
13144
13145
13144
13142
13139
13133
13131
13146
13135
13127
13139
13130
13132
13133
13134
13138
13135
13125
13126
13130
13127
13121
13127
13127
13127
13133
13129
13130
13136
13139
13134
13140
13133
13137
13131
13126
13123
13115
13119
13117
13122
13127
13130
13123
13126
13125
13123
13132
13122
13125
13133
13127
13133
13131
13131
13128
13127
13127
13122
13124
13133
13142
13139
13132
13134
13139
13137
13131
13132
13130
13129
13126
13131
13128
13128
13131
13134
13132
13136
13134
13132
13134
13130
13130
13137
13134
13132
13132
13128
13126
13135
13126
13130
13126
13133
13132
13138
13143
13134
13137
13139
13136
13132
13132
13131
13142
13140
13134
13136
13132
13132
13128
13132
13131
13127
13126
13125
13121
13127
13128
13126
13127
13134
13133
13138
13136
13135
13140
13132
13134
13138
13139
13142
13139
13133
13133
13126
13128
13128
13131
13135
13135
13127
13125
13122
13127
13123
13121
13132
13135
13140
13135
13134
13125
13127
13133
13123
12841
12174
11463
11020
10786
10655
10638
10656
10728
10809
10926
11014
11141
11241
11364
11465
11575
11672
11767
11847
11935
12009
12084
12144
12216
12271
12318
12371
12429
12462
12510
12548
12591
12622
12658
12678
12715
12750
12775
12801
12807
12830
12844
12855
12876
12888
12902
12915
12925
12938
12953
12955
12974
12987
12997
13004
13011
13015
13023
13031
13034
13041
13044
13055
13057
13062
13061
13068
13078
13079
13089
13098
13100
13112
13102
13108
13112
13114
13118
13113
13111
13116
13123
13122
13121
13119
13108
13113
13106
13105
13108
13104
13111
13115
13121
13126
13129
13130
13130
13131
13128
13122
13124
13127
13120
13125
13123
13124
13130
13125
13127
13131
13119
13121
13118
13121
13124
13127
13125
13131
13132
13128
13125
13123
13120
13118
13122
13125
13130
13126
13124
13113
13118
13126
13126
13137
13139
13142
13145
13136
13133
13132
13134
13135
13136
13138
13135
13130
13135
13134
13134
13134
13136
13138
13137
13139
13139
13141
13140
13139
13135
13137
13136
13132
13135
13136
13134
13145
13135
13126
13126
13124
13124
13132
13119
13125
13128
13122
13129
13128
13125
13129
13127
13139
13133
13132
13125
13121
13129
13123
13132
13131
13126
13127
13133
13133
13127
13123
13132
13130
13123
13128
13138
13129
13130
13128
13123
13130
13126
13125
13132
13126
13129
13135
13137
13137
13131
13126
13128
13133
13129
13129
13134
13132
13131
13129
13123
13122
13132
13131
13138
13136
13135
13133
13125
13130
13126
13127
13125
13132
13122
13122
13125
13129
13134
13141
13141
13143
13136
13131
13139
13137
13134
13135
13134
13134
13142
13143
13140
13144
13136
13132
13133
13131
13130
13131
13134
13130
13139
13132
13125
13132
13127
13133
13133
13126
13130
13128
13129
13135
13127
13133
13133
13136
13135
13133
13128
13136
13124
13126
13131
13123
13118
13129
13133
13132
13139
13134
13144
13142
13141
13132
13134
13133
13134
13134
13137
13141
13146
13142
13147
13148
13143
13138
13136
13136
13130
13126
13123
13126
13116
13115
13115
13110
13120
13130
13134
13138
13144
13139
13143
13133
13130
13132
13128
13137
13140
13145
13142
13137
13138
13136
13134
13137
13133
13134
13132
13130
13136
13131
13132
13132
13139
13138
13140
13136
13126
13125
13125
13128
13125
13119
13000
12919
12867
12845
12835
12839
12853
12854
12872
12879
12886
12897
12904
12911
12929
12946
12956
12969
12978
12974
12989
13001
13011
13020
13032
13036
13048
13048
13052
13061
13062
13067
13072
13047
12940
12882
12842
12827
12808
12812
12823
12832
12852
12865
12883
12895
12905
12921
12941
12956
12966
12983
12995
13005
13011
13019
13024
13025
13030
13033
13042
13052
13056
13057
13054
13064
13074
13072
13069
13065
13066
13075
13088
13097
13094
13107
13103
13106
13103
13116
13120
13117
13122
13122
13114
13120
13111
13111
13117
13116
13116
13122
13115
13124
13121
13124
13122
13123
13121
13120
13122
13123
13119
13121
13116
13115
13126
13114
13116
13119
13117
13121
13126
13131
13129
13141
13135
13142
13141
13141
13141
13138
13142
13138
13135
13136
13122
13120
13122
13126
13122
13131
13126
13127
13132
13133
13140
13133
13134
13130
13123
13118
13121
13122
13122
13125
13135
13132
13131
13133
13135
13136
13140
13135
13138
13138
13133
13135
13128
13121
13129
13124
13126
13126
