13129
13130
13128
13132
13140
13139
13137
13140
13135
13138
13133
13127
13125
13127
13128
13136
13132
13135
13141
13138
13145
13142
13142
13144
13139
13135
13141
13129
13120
13125
13121
13121
13119
13126
13131
13134
13124
13120
13126
13131
13131
13130
13129
13126
13134
13125
13129
13134
13130
13130
13131
13131
13131
13133
13129
13127
13126
13132
13128
13130
13129
13126
13128
13133
13136
13137
13149
13145
13139
13137
13133
13136
13135
13134
13135
13130
13128
13128
13131
13132
13129
13136
13128
13130
13142
13135
13136
13137
13140
13140
13134
13136
13129
13130
13123
13134
13123
13125
13120
13118
13126
13119
13115
13122
13119
13123
13131
13132
13130
13134
13134
13138
13132
13137
13137
13132
13127
13126
13128
13134
13125
13128
13125
13132
13151
13146
13147
13146
13145
13144
13140
13145
13139
13139
13148
13149
13143
13147
13148
13139
13142
13139
13136
13140
13127
13127
13135
13125
13129
13134
13123
13123
13126
13119
13122
13119
13125
13126
13124
13126
13130
13129
13131
13125
13137
13133
13130
13134
13128
13127
13128
13124
13120
13125
13124
13135
13136
13145
13152
13153
13150
13150
13143
13144
13142
13134
13137
13131
13133
13136
13134
13132
13137
13137
13133
13130
13130
13127
13133
13136
13137
13136
13140
13138
13142
13135
13133
13137
13134
13134
13132
13127
13132
13130
13134
13138
13133
13133
13131
13130
13129
13137
13137
13142
13141
13146
13150
13141
13147
13151
13149
13151
13150
13144
13149
13143
13142
13141
13137
13136
13131
13124
13121
13117
13123
13121
13119
13127
13131
13137
13134
13136
13131
13129
13134
13140
13135
13140
13128
13122
13124
13125
13134
13137
13134
13133
13137
13136
13133
13137
13134
13134
13142
13139
13139
13126
13125
13123
13122
13120
13119
13122
13124
13118
13123
13118
13115
13128
13129
13127
13132
13136
13142
13143
13139
13140
13129
13135
13136
13134
13141
13146
13143
13144
13147
13140
13144
13131
13133
13139
13129
13124
13130
13124
13126
13129
13132
13124
13117
13120
13124
13127
13134
13132
13140
13133
13126
13134
13134
13128
13120
13122
13127
13130
13126
13127
13121
13127
13127
13132
13130
13131
13140
13144
13141
13135
13145
13140
13150
13150
13146
13144
13142
13146
13137
13135
13130
13120
13121
13128
13133
13132
13132
13135
13143
13142
13143
13133
13125
13131
13126
13130
13124
13132
13144
13142
13135
13133
13127
13133
13139
13140
13135
13142
13140
13134
13136
13133
13125
13132
13127
13136
13141
13140
13136
13138
13129
13125
13123
13130
13132
13133
13133
13127
13132
13129
13130
13132
13133
13141
13139
13138
13146
13140
13137
13142
13134
13133
13137
13135
13137
13140
13133
13138
13134
13140
13145
13138
13135
13138
13136
13137
13137
13134
13134
13133
13125
13122
13125
13127
13132
13132
13131
13132
13139
13132
13130
13133
13133
13133
13130
13130
13134
13130
13133
13141
13131
13129
13129
13129
13127
13129
13126
13125
13121
13115
13120
13112
13110
13117
13120
13130
13128
13136
13136
13137
13142
13143
13138
13141
13134
13136
13137
13133
13143
13140
13137
13141
13137
13138
13144
13138
13139
13144
13136
13140
13126
13126
13084
12959
12892
12851
12824
12680
12239
11638
11029
10568
10264
9981
9872
9848
9910
9994
10138
10269
10431
10571
10717
10858
11004
11128
11256
11368
11491
11584
11701
11785
11871
11953
12030
12099
12174
12222
12286
12333
12379
12427
12464
12508
12559
12589
12621
12654
12680
12691
12724
12737
12762
12784
12806
12820
12841
12867
12889
12902
12918
12921
12945
12955
12970
12984
12992
12998
13017
13019
13021
13034
13038
13046
13046
13055
13056
13058
13062
13074
13070
13076
13074
13074
13075
13073
13073
13078
13079
13085
13095
13097
13099
13100
13098
13101
13097
13100
13102
13105
13118
13120
13124
13125
13124
13124
13134
13138
13144
13137
13137
13138
13129
13132
13132
13127
13135
13133
13133
13137
13131
13126
13128
13136
13139
13138
13131
13137
13127
13122
13127
13125
13124
13128
13137
13133
13133
13137
13140
13136
13134
13131
13133
13136
13130
13128
13127
13132
13140
13140
13147
13151
13151
13150
13146
13142
13138
13132
13136
13135
13129
13131
13131
13123
13131
13135
13136
13138
13136
13135
13148
13142
13137
13132
13130
13127
13132
13133
13127
13133
13144
13135
13132
13133
13127
13131
13135
13136
13134
13131
13132
13138
13127
13133
13130
13135
13131
13126
13129
13138
13135
13142
13147
13146
13150
13149
13141
13142
13141
13133
13142
13145
13138
13144
13136
13143
13145
13142
13141
13145
13144
13134
13140
13131
13133
13131
13133
13125
13134
13131
13140
13140
13132
13134
13129
13133
13133
13132
13130
13138
13134
13137
13130
13126
13131
13128
13124
13125
13122
13116
13127
13121
13119
13127
13134
13132
13137
13134
13132
13138
13132
13126
13129
13134
13135
13132
13141
13138
13145
13137
13139
13139
13140
13139
13144
13146
13140
13130
13130
13135
13134
13134
13134
13133
13142
13140
13148
13145
13143
13134
13029
12928
12869
12843
12822
12819
12819
12820
12838
12852
12872
12883
12900
12912
12925
12935
12952
12955
12968
12970
12990
13000
13010
13020
13026
13034
13048
13060
13056
13066
13066
13072
13078
13079
13087
13084
13091
13094
13098
13100
13111
13110
13112
13115
13107
13114
13115
13111
13105
13104
13107
13102
13114
13121
13125
13124
13128
13127
13137
13128
13127
13128
13122
13116
13113
13111
13114
13111
13123
13129
13124
13125
13128
13123
13124
13124
13128
13124
13128
13135
13147
13133
13131
13137
13130
13129
13126
13124
13115
13118
13128
13123
13129
13138
13132
13133
13134
13133
13134
13134
13133
13147
13145
13140
13132
13130
13128
13133
13136
13138
13129
13135
13136
13137
13135
13138
13135
13134
13134
13132
13140
13136
13137
13141
13139
13138
13137
13138
13141
13136
13138
13135
13136
13139
13138
13143
13136
13129
13131
13127
13124
13127
13129
13136
13134
13133
13142
13138
13135
13135
13127
13136
13135
13130
13134
13136
13138
13134
13125
13128
13139
13142
13136
13141
13128
13134
13138
13135
13137
13135
13133
13124
13126
13129
13127
13127
13133
13138
13153
13144
13148
13144
13146
13141
13141
13138
13127
13132
13131
13137
13131
13134
13136
13130
13131
13131
13127
13133
13126
13138
13142
13136
13130
13133
13126
13131
13131
13131
13131
13133
13137
13139
13137
13136
13135
13132
13128
13130
13132
13125
13125
13132
13131
13136
13141
13140
13142
13142
13142
13138
13135
13137
13122
12996
12917
12860
12833
12812
12807
12810
12824
12830
12842
12860
