13132
13126
13131
13134
13136
13137
13136
13138
13135
13134
13138
13139
13142
13138
13144
13138
13138
13134
13129
13126
13033
12925
12858
12828
12805
12796
12804
12818
12831
12847
12865
12884
12896
12906
12931
12943
12950
12964
12969
12982
12990
13005
13013
13023
13027
13026
13038
13053
13053
13061
13060
13055
13071
13068
13078
13093
13095
13105
13104
13109
13107
13108
13104
13109
13110
13110
13114
13115
13116
13118
13119
13126
13117
13124
13126
13117
13120
13116
13118
13127
13125
13131
13129
13124
13133
13124
13129
13124
13123
13126
13121
13125
13131
13126
13128
13132
13135
13137
13140
13138
13139
13135
13136
13134
13122
13116
13121
13119
13120
13128
13127
13132
13131
13133
13145
13138
13131
13137
13140
13138
13142
13147
13149
13153
13149
13142
13137
13135
13134
13129
13128
13131
13133
13119
13116
13124
13123
13117
13124
13123
13122
13124
13131
13133
13127
13138
13139
13141
13134
13132
13140
13137
13133
13136
13137
13130
13133
13147
13141
13141
13148
13141
13140
13139
13139
13137
13141
13143
13136
13139
13139
13138
13134
13126
13126
13124
13126
13126
13131
13134
13133
13135
13142
13144
13139
13134
13132
13125
13129
13126
13121
13122
13123
13126
13140
13134
13136
13137
13134
13135
13133
13133
13138
13135
13133
13138
13134
13136
13127
13133
13131
13128
13134
13134
13132
13136
13137
13140
13142
13147
13156
13154
13157
13152
13141
13144
13144
13139
13141
13135
13132
13145
13134
13131
13135
13134
13125
13128
13121
13121
13117
13120
13114
13123
13126
13125
13125
13137
13135
13137
13138
13138
13151
13142
13144
13150
13147
13143
13142
13142
13137
13136
13138
13135
13137
13139
13149
13143
13142
13134
13133
13135
13133
13130
13130
13133
13138
13138
13136
13130
13137
13135
13134
13139
13139
13134
13134
13138
13136
13137
13137
13132
13137
13136
13132
13137
13135
13140
13141
13135
13139
13141
13142
13141
13138
13139
13137
13131
13136
13140
13139
13146
13150
13152
13157
13151
13140
13141
13140
13138
13139
13130
13126
13126
13125
13122
13123
13136
13136
13140
13134
13122
13137
13137
13138
13142
13137
13136
13131
13129
13137
13136
13136
13138
13129
13137
13135
13132
13127
13131
13134
13140
13137
13134
13144
13139
13138
13139
13129
13124
13132
13123
13119
13121
13117
13119
13118
13126
13121
13119
13118
13117
13128
13120
13120
13126
13126
13138
13138
13141
13142
13141
13145
13146
13145
13143
13140
13144
13147
13143
13136
13140
13136
13131
13138
13137
13128
13125
13124
13126
13131
13134
13130
13121
13124
13127
13130
13135
13137
13137
13141
13132
13131
13133
13130
13138
13147
13142
13139
13140
13141
13148
13144
13151
13153
13157
13150
13139
13132
13133
13129
13132
13134
13132
13134
13126
13134
13139
13142
13139
13138
13138
13135
13138
13145
13139
13135
13138
13139
13133
13130
13123
13132
13127
13134
13135
13129
13132
13128
13131
13134
13132
13134
13141
13129
13135
13141
13136
13127
13133
13132
13138
13133
13127
13136
13135
13139
13143
13135
13139
13145
13146
13149
13141
13138
13135
13130
13132
13129
13131
13130
13128
13125
13123
13124
13130
13133
13123
13123
13119
13120
13126
13126
13125
12914
12541
12126
11838
11682
11590
11567
11576
11618
11662
11740
11800
11874
11947
12020
12084
12147
12209
12269
12317
12374
12415
12469
12514
12559
12595
12634
12659
12697
12721
12748
12774
12791
12812
12838
12855
12878
12892
12909
12921
12931
12935
12949
12959
12965
12978
12984
13000
13005
13012
13024
13030
13037
13045
13052
13057
13070
13079
13075
13075
13078
13076
13083
13088
13086
13088
13087
13089
13093
13090
13095
13099
13104
13111
13121
13122
13123
13117
13113
13122
13115
13118
13126
13115
13117
13122
13124
13130
13121
13118
13125
13119
13117
13126
13121
13131
13136
13143
13143
13134
13128
13123
13121
13126
13126
13125
13134
13135
13140
13129
13130
13132
13128
13130
13126
13127
13127
13131
13128
13136
13136
13136
13135
13138
13145
13150
13150
13154
13154
13137
13144
13132
13131
13130
13132
13131
13138
13139
13146
13141
13144
13137
13127
13124
13119
13125
13120
13121
13134
13130
13124
13124
13130
13135
13140
13145
13139
13142
13139
13138
13130
13139
13139
13135
13141
13143
13144
13147
13141
13135
13150
13141
13142
13138
13136
13132
13138
13135
13136
13140
13142
13145
13144
13145
13137
13139
13140
13138
13145
13137
13141
13142
13146
13155
13151
13152
13149
13146
13138
13141
13130
13139
13143
13143
13137
13137
13142
13140
13133
13133
13133
13137
13137
13139
13138
13142
13142
13138
13143
13140
13139
13133
13134
13127
13125
13129
13129
13122
13133
13124
13129
13139
13143
13138
13139
13134
13138
13135
13133
13129
13124
13129
13130
13130
13130
13128
13123
13126
13121
13113
13121
13115
13111
13114
13117
13116
13113
13114
13132
13132
13134
13136
13141
13143
13132
13131
13127
13129
13138
13134
13135
13134
13131
13132
13125
13133
13139
13132
13130
13133
13127
13131
13134
13134
13137
13135
13134
13137
13133
13123
13134
13134
13133
13136
13133
13138
13132
13132
13127
13132
13131
13128
13128
13137
13142
13144
13147
13139
13148
13138
13137
13141
13146
13140
13142
13139
13141
13139
13137
13135
13123
13128
13131
13130
13129
13139
13142
13151
13147
13146
13145
13136
13136
13143
13140
13145
13140
13142
13144
13145
13154
13150
13153
13151
13147
13147
13142
13137
13141
13139
13133
13141
13139
13140
13132
13125
13129
13129
13129
13128
13121
13125
13131
13119
13126
13121
13127
13136
13130
13122
13126
13129
13120
13124
13111
13114
13125
13126
13130
13136
13136
13136
13141
13147
13147
13150
13147
13143
13144
13140
13139
13141
13142
13139
13137
13136
13131
13133
13136
13140
13134
13132
13135
13130
13131
13129
13124
13129
13127
13124
13129
13120
13121
13133
13127
13131
13138
13134
13135
13137
13139
13132
13131
13137
13139
13139
13135
13138
13137
13130
13129
13136
13134
13137
13134
13136
13132
13131
13135
13134
13135
13142
13145
13141
13137
13140
13133
13139
13135
13131
13134
13128
13127
13131
13135
13137
13138
13139
13142
13140
13136
13136
13140
13140
13125
13130
13136
13142
13143
13138
13130
13140
13140
13138
13133
13128
13128
13133
13137
13145
13138
13140
13142
13139
13138
13138
13134
13143
13145
13133
13134
13120
13121
13122
13118
13122
13123
13126
13134
13138
13145
13138
13137
13137
13135
13136
13134
13134
13143
13134
13135
13138
13126
13137
13137
13134
13133
13132
13134
13139
13127
13134
13129
13129
13132
13135
