13142
13138
13136
13130
13133
13134
13131
13138
13129
13126
13125
13126
13121
13126
13123
13128
13126
13122
13124
13125
13124
13130
13126
13130
13131
13128
13128
13132
13134
13132
13128
13139
13136
13137
13137
13137
13142
13139
13133
13139
13134
13133
13135
13136
13136
13137
13131
13135
13134
13139
13140
13142
13141
13144
13146
13143
13136
13131
13142
13139
13141
13139
13131
13133
13136
13132
13147
13148
13145
13140
13138
13138
13141
13143
13141
13137
13134
13128
13123
13132
13129
13129
13122
13130
13135
13140
13132
13131
13135
13132
13141
13131
13133
13132
13122
13132
13130
13124
13130
13124
13125
13127
13121
13121
13123
13122
13123
13126
13126
13126
13130
13132
13133
13130
13125
13124
13133
13129
13133
13133
13126
13132
13131
13132
13136
13141
13140
13145
13135
13138
13139
13140
13139
13139
13142
13146
13130
13133
13138
13138
13137
13134
13135
13145
13142
13146
13141
13143
13135
13138
13137
13138
13143
13139
13140
13137
13137
13126
13123
13124
13122
13124
13122
13118
13122
13132
13126
13129
13130
13134
13134
13130
13135
13144
13146
13152
13152
13142
13147
13145
13138
13143
13133
13136
13130
13120
13124
13121
13125
13123
13125
13130
13137
13139
13137
13134
13132
13118
13126
13132
13125
13133
13129
13123
13126
13124
13121
13126
13118
13126
13132
13131
13126
13133
13134
13142
13137
13134
13148
13142
13143
13149
13142
13144
13138
13138
13134
13136
13130
13135
13134
13142
13141
13139
13131
13134
13137
13131
13128
13129
13126
13124
13122
13130
13126
13125
13127
13136
13132
13135
13127
13128
13131
13133
13131
13136
13132
13124
13132
13127
13126
13126
13123
13122
13126
13125
13119
13115
13124
13121
13130
13136
13137
13138
13138
13137
13136
13127
13128
13130
13126
13122
13118
13113
13124
13123
13126
13133
13115
13115
13106
13108
13115
13117
13122
13138
13135
13136
13135
13122
13124
13131
13127
13128
13125
13122
13119
13126
13124
13130
13133
13132
13130
13129
13133
13127
13134
13133
13134
13141
13136
13142
13141
13136
13134
13132
13134
13128
13118
13122
13128
13127
13132
13133
13139
13142
13138
13139
13137
13133
13125
13130
13126
13125
13132
13134
13131
13131
13135
13135
13136
13136
13138
13132
13140
13141
13147
13142
13137
13144
13144
13144
13135
13131
13126
13130
13124
13124
13111
13120
13123
13122
13134
13132
13128
13137
13130
13132
13142
13136
13129
13128
13130
13137
13150
13147
13147
13142
13139
13137
13126
13130
13134
13133
13135
13137
13142
13132
13128
13130
13131
13136
13136
13135
13139
13138
13133
13137
13127
13125
13124
13118
13121
13126
13126
13134
13129
13132
13142
13131
13123
13132
13130
13137
13133
13136
13137
13140
13142
13143
13144
13146
13144
13140
13137
13137
13142
13137
13135
13141
13140
13138
13133
13127
13129
13132
13134
13137
13135
13143
13143
13147
13145
13147
13156
13154
13144
13140
13139
13133
13126
13128
13133
13122
13126
13122
13127
13126
13130
13130
13131
13133
13130
13130
13132
13133
13141
13137
13130
13138
13144
13142
13143
13150
13146
13152
13145
13141
13137
13138
13140
13135
13142
13140
13137
13132
13130
13128
13137
13132
13123
13074
12380
11463
10873
10524
10356
10281
10305
10313
10386
10468
10588
10697
10818
10868
10968
11050
11165
11266
11388
11485
11585
11674
11763
11847
11929
12005
12079
12146
12216
12273
12329
12383
12429
12481
12517
12554
12602
12625
12659
12690
12715
12738
12768
12786
12810
12827
12843
12853
12875
12890
12907
12923
12945
12952
12975
12975
12984
12996
13003
13009
13018
13021
13031
13041
13051
13056
13063
13068
13081
13083
13090
13094
13099
13100
13099
13106
13102
13106
13104
13110
13110
13104
13103
13105
13109
13114
13114
13109
13110
13121
13116
13121
13117
13115
13120
13111
13115
13121
13120
13119
13119
13121
13123
13123
13136
13136
13128
13129
13128
13125
13130
13126
13125
13128
13125
13128
13131
13118
13123
13125
13126
13128
13129
13127
13132
13131
13131
13125
13124
13121
13117
13121
13123
13125
13134
13126
13128
13127
13124
13132
13130
13135
13140
13137
13142
13140
13143
13150
13147
13147
13144
13147
13147
13150
13146
13139
13138
13134
13128
13134
13131
13132
13130
13129
13128
13130
13133
13129
13129
13123
13119
13117
13124
13128
13136
13132
13133
13141
13142
13142
13139
13138
13131
13136
13134
13125
13121
13123
13132
13134
13135
13138
13137
13140
13140
13132
13138
13128
13126
13134
13133
13132
13125
13134
13143
13139
13142
13132
13135
13138
13138
13141
13136
13133
13146
13134
13125
13124
13122
13121
13118
13123
13123
13123
13129
13134
13132
13138
13138
13140
13135
13132
13134
13136
13128
13123
13135
13134
13135
13140
13139
13137
13134
13131
13140
13132
13134
13124
13118
13120
13113
13114
13118
13120
13130
13126
13128
13139
13138
13137
13143
13136
13138
13135
13134
13133
13124
13125
13133
13132
13136
13132
13142
13150
13152
13152
13162
13155
13144
13151
13147
13140
13136
13133
13131
13133
13140
13133
13138
13135
13133
13133
13134
13130
13143
13132
13137
13137
13136
13132
13136
13138
13149
13148
13148
13145
13144
13149
13155
13134
13137
13132
13138
13134
13137
13126
13136
13126
13130
13135
13141
13137
13137
13138
13142
13144
13142
13138
13139
13143
13144
13140
13135
13130
13133
13130
13132
13132
13130
13122
13116
13122
13114
13121
13133
13136
13133
13143
13142
13140
13140
13139
13142
13142
13135
13135
13138
13132
13129
13136
13125
13134
13135
13144
13144
13137
13137
13136
13141
13142
13142
13137
13143
13139
13132
13137
13135
13134
13125
13125
13129
13132
13134
13132
13140
13138
13140
13136
13134
13138
13135
13140
13141
13144
13145
13139
13145
13139
13141
13148
13146
13149
13146
13141
13136
13130
13130
13137
13136
13134
13129
13132
13129
13133
13137
13131
13132
13136
13137
13138
13140
13138
13135
13138
13141
13143
13137
13138
13143
13136
13136
13135
13138
13142
13133
13125
13135
13129
13132
13135
13130
13133
13139
13141
13149
13137
13145
13141
13144
13145
13142
13140
13142
13148
13145
13143
13141
13143
13139
13140
13141
13146
13142
13146
13145
13137
13126
13133
13137
13134
13141
13143
13143
13142
13138
13140
13149
13138
13132
13135
13128
13137
13132
13131
13129
13134
13133
13132
13129
13125
13127
13137
13136
13137
13136
13125
13129
13128
13134
13132
13134
13134
13139
13135
13135
13128
13132
13128
13129
13130
13129
13125
13123
13128
13127
13130
13144
13142
13142
13142
13137
13145
13145
13141
13139
13141
13139
13141
