13124
13128
13124
13121
13122
13116
13119
13125
13124
13126
13131
13129
13134
13128
13129
13129
13122
13128
13125
13117
13124
13123
13124
13135
13138
13131
13134
13129
13129
13129
13123
13120
13124
13130
13130
13124
13124
13123
13123
13120
13121
13124
13125
13123
13131
13126
13132
13135
13138
13137
13140
13134
13134
13135
13133
13141
13140
13135
13133
13138
13145
13143
13146
13149
13148
13143
13151
13143
13142
13140
13142
13138
13137
13138
13142
13142
13137
13138
13133
13139
13142
13145
13136
13132
13134
13133
13125
13132
13123
13123
13130
13122
13129
13126
13121
13124
13128
13134
13134
13134
13132
13128
13126
13134
13129
13128
13144
13137
13134
13137
13136
13135
13135
13130
13128
13128
13133
13143
13143
13140
13139
13133
13132
13132
13139
13137
13136
13137
13136
13133
13126
13126
13123
13134
13132
13130
13121
13125
13133
13128
13132
13138
13134
13144
13136
13133
13131
13123
13124
13132
13132
13135
13136
13138
13142
13136
13134
13138
13135
13137
13139
13143
13137
13140
13137
13134
13128
13134
13134
13135
13131
13137
13134
13135
13132
13133
13130
13131
13136
13135
13143
13139
13136
13135
13129
13129
13136
13133
13128
13137
13136
13142
13135
13135
13131
13136
13127
13125
13126
13132
13130
13134
13131
13129
13129
13122
13124
13132
13128
13130
13126
13127
13127
13123
13128
13128
13122
13126
13128
13131
13128
13129
13133
13141
13131
13123
13125
13122
13121
13128
13118
13121
13127
13126
13130
13127
13134
13133
13135
13137
13136
13132
13137
13131
13140
13135
13125
13128
13130
13132
13133
13143
13132
13130
13126
13127
13118
13120
13118
13120
13121
13126
13124
13129
13123
13127
13132
13126
13127
13128
13127
13127
13128
13133
13132
13132
13131
13135
13136
13137
13135
13137
13142
13143
13149
13143
13136
13137
13138
13132
13126
13127
13126
13133
13135
13145
13149
13150
13153
13151
13157
13157
13150
13145
13143
13139
13138
13127
13127
13136
13131
13127
13136
13138
13136
13137
13138
13128
13125
13123
13129
13138
13141
13139
13145
13135
13141
13141
13138
13139
13132
13133
13141
13138
13136
13139
13137
13143
13141
13134
13134
13138
13136
13133
13133
13137
13135
13128
13128
13131
13123
13130
13119
13124
13120
13120
13122
13125
13128
13122
13125
13131
13141
13143
13142
13137
13138
13145
13134
13134
13129
13134
13132
13139
13136
13138
13138
13141
13140
13143
13142
13138
13137
13148
13145
13139
13143
13144
13135
13140
13134
13130
13130
13126
13120
13118
13126
13116
13111
13115
13113
13117
13121
13125
13128
13126
13131
13136
13128
13135
13131
13136
13138
13138
13147
13142
13143
13150
13144
13137
13137
13137
13132
13138
13133
13132
13137
13128
13135
13136
13132
13138
13143
13145
13153
13152
13154
13139
13136
13134
13130
13133
13127
13123
13132
13122
13121
13121
13118
13125
13131
13135
13137
13136
13141
13139
13137
13141
13140
13127
13128
13135
13138
13141
13139
13130
13135
13131
13134
13136
13134
13137
13137
13132
13128
13129
13125
13119
13127
13132
13124
13132
13124
13133
13139
13136
13137
13135
13136
13143
13139
13132
13131
13132
13134
13132
13133
13140
13147
13134
13140
13142
13136
13147
13142
13131
12915
12248
11563
11062
10792
10643
10612
10622
10687
10768
10879
10981
11110
11219
11338
11436
11536
11634
11741
11826
11912
11989
12068
12137
12206
12255
12313
12361
12410
12454
12499
12537
12575
12603
12630
12658
12693
12723
12746
12772
12801
12816
12834
12859
12877
12892
12910
12923
12934
12932
12958
12961
12978
12983
12995
13004
13013
13019
13032
13025
13026
13035
13045
13047
13061
13059
13071
13082
13085
13092
13080
13086
13084
13092
13095
13100
13095
13106
13118
13115
13121
13123
13113
13117
13113
13113
13112
13112
13119
13115
13117
13110
13108
13110
13111
13117
13114
13117
13120
13114
13110
13122
13119
13123
13125
13125
13125
13127
13124
13132
13126
13135
13129
13130
13121
13120
13118
13130
13125
13121
13127
13120
13118
13124
13117
13123
13119
13123
13126
13127
13121
13125
13126
13132
13133
13133
13129
13132
13143
13137
13137
13138
13133
13132
13134
13140
13137
13141
13138
13135
13136
13143
13148
13142
13137
13139
13133
13141
13136
13139
13139
13128
13133
13135
13136
13133
13134
13133
13127
13131
13132
13128
13137
13140
13146
13139
13142
13141
13143
13136
13130
13133
13135
13134
13133
13130
13133
13139
13145
13143
13142
13147
13145
13138
13144
13148
13150
13153
13147
13139
13132
13132
13129
13129
13128
13131
13128
13132
13134
13128
13134
13135
13139
13140
13134
13137
13133
13134
13136
13130
13126
13130
13136
13135
13139
13133
13127
13131
13134
13136
13133
13129
13130
13128
13130
13131
13129
13135
13134
13133
13135
13131
13130
13130
13134
13132
13139
13138
13140
13139
13137
13137
13137
13142
13139
13143
13142
13138
13142
13138
13136
13140
13140
13143
13141
13130
13134
13138
13138
13138
13132
13120
13128
13125
13128
13128
13129
13133
13132
13130
13130
13124
13120
13120
13122
13123
13131
13128
13126
13124
13120
13120
13120
13126
13123
13129
13125
13123
13129
13125
13128
13136
13133
13133
13125
13129
13122
13126
13127
13131
13128
13128
13135
13126
13134
13131
13126
13134
13132
13132
13141
13136
13133
13140
13131
13136
13132
13132
13127
13133
13129
13127
13131
13133
13133
13134
13132
13134
13135
13133
13132
13138
13136
13140
13131
13136
13133
13133
13138
13142
13135
13141
13140
13141
13140
13138
13134
13136
13120
13120
13133
13127
13131
13138
13133
13137
13140
13139
13138
13131
13132
13126
13128
13132
13133
13137
13135
13128
13136
13127
13127
13130
13135
13134
13134
13133
13134
13129
13128
13132
13130
13128
13133
13135
13136
13141
13134
13143
13135
13132
13133
13131
13126
13128
13123
13122
13126
13128
13133
13133
13123
13127
13117
13125
13124
13128
13130
13132
13134
13129
13130
13133
13126
13134
13131
13134
13136
13135
13135
13137
13126
13132
13138
13132
13134
13137
13138
13138
13138
13130
13141
13145
13141
13143
13146
13145
13145
13144
13144
13137
13135
13132
13138
13137
13130
13123
13116
13124
13133
13126
13130
13136
13132
13135
13131
13129
13133
13140
13142
13142
13143
13144
13141
13139
13138
13133
13132
13133
13134
13130
13141
13134
13132
13136
13132
13133
13134
13128
13139
13136
13134
13133
13134
13135
13137
13137
13138
13137
13144
13138
13139
13130
13131
13130
13131
13131
13131
13132
13133
13130
13129
13129
13129
13130
13132
13134
13133
13139
13142
13137
13141
13134
13136
13134
