13131
13120
13116
13116
13114
13119
13127
13132
13135
13141
13138
13138
13148
13138
13145
13155
13156
13149
13148
13138
13136
13126
13122
13127
13118
13117
13119
13124
13122
13127
13133
13132
13128
13127
13129
13131
13126
13122
13121
13124
13124
13125
13135
13137
13134
13129
13131
13132
13128
13128
13130
13126
13137
13132
13138
13137
13134
13140
13146
13148
13153
13151
13148
13153
13144
13149
13148
13141
13149
13141
13134
13148
13142
13134
13135
13133
13137
13141
13142
13149
13147
13145
13147
13138
13135
13121
13124
13122
13125
13129
13136
13138
13149
13142
13147
13141
13142
13142
13141
13131
13134
13131
13127
13130
13128
13124
13125
13126
13134
13136
13143
13152
13151
13137
13141
13132
13136
13141
13142
13140
13150
13139
13135
13133
13130
13133
13134
13132
13131
13136
13133
13134
13131
13130
13133
13135
13137
13137
13132
13129
13130
13127
13120
13118
13115
13126
13134
13130
13136
13139
13142
13147
13144
13133
13138
13126
13133
13128
13122
13117
13121
13127
13118
13122
13114
13110
13119
13121
13126
13129
13126
13129
13131
13130
13134
13141
13148
13149
13144
13141
13145
13141
13147
13148
13139
13134
13136
13142
13136
13132
13135
13130
13133
13132
13141
13139
13144
13150
13148
13150
13144
13147
13149
13139
13141
13132
13132
13134
13123
13126
13126
13126
13137
13132
13126
13134
13141
13143
13146
13142
13142
13146
13149
13150
13137
13144
13142
13141
13131
13131
13128
13132
13129
13133
13135
13133
13130
13138
13139
13136
13139
13136
13132
13132
13129
13135
13134
13137
13141
13145
13145
13152
13153
13143
13135
13140
13128
13134
13126
13124
13125
13128
13128
13137
13135
13142
13141
13141
13146
13136
13131
13132
13130
13122
13127
13119
13125
13127
13125
13131
13124
13126
13122
13121
13120
13123
13117
13118
13114
13124
13126
13126
13131
13129
13124
13132
13128
13129
13125
13121
13129
13135
13132
13135
13136
13141
13147
13136
13134
13136
13135
13140
13136
13129
13134
13126
13129
13140
13138
13134
13138
13135
13135
13133
13144
13146
13152
13154
13153
13149
13143
13142
13147
13135
13137
13143
13137
13132
13139
13136
13137
13138
13135
13132
13129
13127
13135
13140
13139
13139
13137
13149
13137
13125
13128
13134
13128
13133
13132
13132
13135
13138
13144
13135
13139
13126
13131
13130
13127
13136
13135
13129
13142
13138
13143
13138
13139
13142
13137
13141
13145
13145
13138
13140
13128
13132
13127
13119
13125
13121
13120
13127
13125
13120
13134
13136
13136
13134
13131
13130
13134
13139
13142
13140
13144
13134
13138
13141
13140
13137
13140
13136
13133
13131
13131
13127
13132
13131
13128
13127
13130
13130
13129
13131
13125
13125
13133
13127
13134
13131
13132
13136
13132
13127
13137
13132
13131
13136
13126
13136
13140
13139
13145
13139
13133
13129
13129
13132
13132
13129
13124
13122
13130
13129
13120
13127
13133
13138
13135
13140
13143
13143
13145
13144
13140
13149
13158
13151
13151
13147
13142
13143
13139
13139
13146
13144
13143
13139
13140
13138
13138
13135
13131
13136
13136
13140
13149
13157
13157
13153
13151
13148
13151
13146
13146
13149
13152
13154
13157
13154
13155
13147
13152
13154
13151
13150
13149
13150
13034
12633
12048
11649
11426
11294
11270
11268
11318
11376
11452
11527
11619
11698
11787
11863
11944
12002
12071
12134
12203
12258
12323
12367
12422
12465
12510
12547
12591
12624
12664
12689
12716
12733
12768
12795
12816
12848
12869
12881
12894
12904
12913
12930
12942
12950
12966
12965
12981
12992
12999
13007
13021
13032
13034
13036
13043
13038
13046
13055
13049
13060
13068
13067
13064
13079
13090
13094
13096
13106
13109
13113
13110
13105
13104
13097
13095
13096
13097
13104
13111
13109
13117
13117
13114
13118
13125
13120
13127
13132
13125
13124
13122
13117
13117
13122
13128
13121
13135
13131
13121
13126
13121
13123
13129
13123
13121
13126
13128
13132
13129
13129
13134
13137
13141
13141
13138
13134
13131
13142
13135
13128
13121
13123
13120
13130
13138
13135
13131
13145
13144
13140
13141
13140
13136
13136
13139
13140
13137
13136
13132
13138
13133
13132
13139
13139
13136
13138
13137
13135
13130
13128
13133
13132
13131
13136
13124
13126
13132
13127
13132
13129
13125
13133
13126
13123
13132
13124
13126
13130
13131
13122
13130
13135
13136
13141
13147
13141
13146
13150
13151
13150
13144
13139
13144
13129
13124
13124
13125
13125
13126
13132
13129
13132
13142
13145
13140
13131
13130
13129
13130
13125
13123
13133
13125
13122
13123
13124
13123
13132
13141
13137
13142
13137
13138
13136
13132
13137
13138
13143
13145
13145
13138
13139
13147
13146
13137
13134
13136
13142
13138
13135
13134
13141
13143
13151
13142
13138
13134
13136
13141
13139
13145
13151
13147
13145
13155
13148
13142
13146
13142
13138
13141
13143
13144
13144
13149
13149
13150
13154
13151
13140
13145
13141
13147
13137
13144
13138
13139
13138
13144
13142
13145
13150
13145
13140
13131
13131
13135
13134
13138
13137
13133
13143
13138
13134
13139
13135
13139
13146
13139
13140
13134
13140
13142
13145
13146
13142
13140
13150
13150
13146
13142
13141
13146
13141
13135
13138
13137
13139
13133
13139
13146
13150
13153
13152
13143
13143
13136
13136
13133
13131
13128
13129
13123
13122
13126
13124
13129
13132
13126
13128
13130
13136
13137
13138
13135
13134
13134
13137
13141
13142
13139
13136
13142
13134
13133
13137
13136
13137
13134
13137
13134
13133
13132
13138
13129
13136
13137
13140
13151
13138
13128
13141
13131
13131
13137
13135
13134
13132
13125
13140
13139
13143
13142
13145
13142
13138
13135
13138
13138
13136
13139
13134
13134
13139
13138
13139
13142
13139
13137
13132
13133
13134
13133
13139
13130
13137
13138
13140
13146
13148
13148
13154
13150
13140
13140
13129
13128
13136
13134
13128
13134
13134
13139
13140
13145
13136
13134
13129
13125
13125
13124
13125
13134
13128
13126
13129
13130
13130
13129
13129
13130
13127
13125
13132
13126
13130
13129
13133
13139
13142
13147
13142
13140
13130
13130
13126
13125
13127
13133
13132
13135
13138
13136
13134
13141
13141
13141
13142
13145
13141
13135
13135
13140
13137
13134
13137
13133
13139
13134
13132
13132
13133
13127
13135
13134
13137
13138
13135
13140
13134
13129
13140
13139
13131
13138
13128
13137
13135
13130
13139
13144
13138
13141
13140
13146
13138
13144
13144
13137
13139
13131
13134
13145
13136
13134
13136
13142
13146
13143
13142
13143
13143
13147
13150
13141
13139
13139
13136
13133
13128
