13132
13132
13139
13135
13131
13127
13133
13127
13125
13128
13141
13137
13137
13135
13129
13136
13137
13132
13129
13126
13129
13122
13124
13130
13130
13137
13137
13137
13142
13135
13136
13140
13143
13141
13141
13142
13139
13141
13141
13151
13151
13154
13151
13137
13144
13142
13135
13141
13132
13133
13135
13125
13129
13133
13130
13134
13132
13137
13134
13134
13140
13145
13142
13140
13137
13142
13141
13133
13134
13131
13128
13129
13134
13126
13123
13121
13126
13119
13122
13132
13128
13134
13142
13138
13143
13139
13135
13142
13139
13136
13136
13124
13132
13142
13134
13143
13144
13142
13145
13137
13142
13141
13143
13143
13135
13132
13126
13121
13122
13113
13111
13113
13117
13118
13117
13120
13119
13125
13130
13126
13131
13127
13129
13124
13124
13124
13122
13135
13133
13129
13130
13127
13131
13141
13135
13133
13135
13131
13134
13128
13137
13138
13144
13148
13148
13149
13148
13149
13149
13140
13135
13135
13133
13129
13124
13126
13137
13130
13126
13133
13131
13138
13133
13139
13140
13143
13141
13141
13139
13120
13137
13132
13129
13137
13129
13125
13131
13131
13132
13139
13142
13138
13146
13137
13134
13132
13134
13126
13129
13128
13126
13130
13127
13130
13130
13131
13133
13134
13128
13132
13124
13125
13130
13125
13132
13132
13134
13143
13135
13131
13128
13120
13121
13125
13126
13128
13127
13126
13133
13135
13144
13147
13142
13143
13138
13122
13002
12918
12873
12838
12816
12816
12822
12827
12841
12858
12876
12888
12897
12910
12919
12944
12952
12957
12974
12988
12997
13011
13009
13010
13030
13035
13040
13047
13046
13051
13061
13068
13079
13079
13080
13084
13087
13101
13104
13109
13107
13110
13113
13112
13108
13111
13109
13110
13110
13110
13117
13114
13113
13117
13115
13118
13125
13122
13125
13126
13120
13116
13108
13113
13119
13116
13121
13133
13127
13129
13139
13137
13132
13137
13134
13128
13120
13122
13128
13132
13131
13131
13135
13129
13129
13136
13131
13133
13133
13131
13137
13130
13129
13135
13136
13140
13149
13142
13152
13146
13149
13138
13137
13126
13139
13129
13128
13136
13133
13132
13133
13128
13127
13129
13133
13131
13131
13127
13134
13131
13130
13126
13140
13137
13129
13134
13133
13128
13130
13130
13125
13127
13130
13132
13122
13128
13122
13117
13126
13132
13134
13136
13142
13133
13149
13142
13140
13141
13139
13139
13139
13139
13139
13138
13139
13143
13144
13147
13142
13137
13135
13135
13136
13129
13126
13135
13134
13137
13141
13142
13141
13137
13138
13137
13129
13131
13134
13137
13144
13139
13131
13135
13134
13128
13124
13120
13121
13126
13125
13122
13129
13128
13125
13125
13122
13117
13120
13120
13120
13123
13121
13120
13119
13117
13120
13121
13122
13125
13129
13134
13141
13145
13143
13146
13136
13135
13134
13132
13130
13124
13126
13130
13122
13121
13134
13129
13132
13136
13137
13143
13145
13142
13137
13130
13131
13128
13127
13132
13124
13128
13126
13125
13129
13127
13129
13133
13134
13139
13142
13144
13135
13127
13133
13132
13128
13136
13140
13137
13146
13141
13144
13145
13137
13137
13152
13147
13145
13139
13136
13139
13137
13143
13136
13131
13119
12889
12532
12187
11878
11693
11607
11547
11546
11561
11611
11666
11748
11817
11895
11957
12030
12067
12000
11976
11985
12002
12041
12074
12143
12189
12255
12307
12362
12404
12450
12485
12524
12562
12598
12630
12662
12693
12723
12746
12784
12805
12822
12845
12862
12876
12892
12904
12923
12931
12950
12960
12965
12978
12987
12990
13006
13021
13032
13037
13031
13040
13046
13050
13060
13066
13064
13071
13069
13073
13089
13095
13095
13099
13092
13093
13094
13091
13096
13096
13104
13106
13116
13119
13112
13118
13115
13110
13116
13109
13110
13114
13103
13100
13100
13107
13113
13111
13117
13120
13117
13120
13124
13126
13129
13128
13123
13128
13125
13114
13118
13120
13121
13124
13124
13135
13136
13132
13130
13125
13135
13141
13145
13149
13146
13145
13141
13144
13135
13127
13125
13130
13134
13131
13125
13125
13132
13129
13132
13127
13127
13132
13141
13144
13152
13141
13138
13139
13130
13132
13134
13131
13130
13124
13128
13131
13132
13127
13131
13129
13132
13123
13134
13140
13141
13139
13138
13139
13138
13132
13131
13132
13133
13132
13133
13136
13134
13134
13134
13133
13125
13132
13130
13131
13136
13133
13130
13123
13122
13123
13128
13126
13129
13139
13138
13138
13141
13139
13143
13142
13141
13139
13132
13135
13137
13140
13148
13138
13142
13136
13133
13138
13140
13136
13133
13131
13134
13133
13127
13130
13132
13134
13149
13138
13136
13138
13139
13140
13140
13127
13136
13134
13137
13140
13134
13136
13134
13138
13131
13137
13142
13137
13136
13140
13140
13144
13140
13133
13137
13130
13131
13138
13141
13142
13146
13142
13148
13139
13136
13141
13139
13142
13142
13140
13143
13140
13142
13150
13138
13137
13145
13142
13139
13141
13130
13126
13128
13118
13120
13121
13126
13129
13121
13121
13123
13118
13121
13125
13136
13135
13133
13132
13135
13135
13135
13134
13139
13142
13148
13140
13142
13142
13147
13138
13141
13143
13141
13143
13149
13149
13147
13139
13132
13026
12929
12872
12840
12820
12808
12817
12825
12838
12848
12870
12886
12900
12921
12932
12945
12953
12964
12975
12984
12993
12998
13014
13021
13026
13027
13039
13041
13048
13058
13062
13061
13062
13070
13081
13081
13080
13097
13098
13104
13103
13103
13106
13108
13110
13111
13109
13109
13108
13114
13116
13114
13108
13108
13114
13116
13115
13110
13120
13115
13119
13116
13117
13117
13115
13109
13115
13110
13118
13109
12989
12917
12867
12830
12818
12821
12825
12836
12848
12857
12875
12894
12913
12931
12934
12942
12956
12974
12978
12983
12996
13005
13022
13028
13033
13046
13048
13061
13077
13072
13074
13077
13082
13086
13090
13087
13092
13096
13095
13100
13097
13097
13101
13108
13116
13107
13103
13116
13107
13112
13116
13115
13117
13123
13123
13128
13126
13121
13124
13120
13120
13122
13112
13119
13120
13130
13123
13116
13119
13115
13110
13107
13119
13119
13115
13125
13128
13126
13124
13135
13134
13126
13132
13127
13127
13123
13118
13123
13118
13121
13129
13121
13124
13128
13131
13125
13117
13119
13126
13140
13144
13142
13138
13130
13133
13134
13131
13126
13120
13120
13120
13115
13117
13124
13126
13129
13136
13136
13136
13137
13146
13146
13143
13141
13145
13146
13147
13145
13130
13128
13134
13131
13137
13131
13139
13144
13141
13138
13129
13131
13133
13125
13132
13129
13134
13141
13147
