13130
13131
13127
13125
13125
13123
13122
13128
13128
13129
13134
13125
13131
13131
13131
13136
13143
13141
13136
13143
13138
13133
13131
13133
13131
13130
13130
13123
13124
13118
13114
13128
13127
13128
13131
13128
13125
13135
13128
13133
13136
13143
13142
13145
13148
13146
13148
13144
13146
13143
13141
13136
13141
13133
13132
13138
13144
13140
13138
13143
13147
13143
13137
13140
13131
13135
13134
13133
13138
13139
13137
13146
13145
13138
13146
13134
13134
13137
13132
13125
13118
13118
13119
13120
13132
13131
13131
13131
13130
13131
13130
13126
13131
13132
13130
13137
13134
13129
13134
13140
13136
13138
13131
13140
13133
13139
13141
13134
13132
13131
13127
13137
13132
13125
13128
13131
13131
13135
13135
13131
13134
13132
13126
13130
13141
13138
13130
13136
13137
13142
13143
13138
13142
13138
13134
13136
13134
13130
13121
13125
13121
13123
13127
13132
13135
13142
13141
13133
13137
13138
13142
13142
13130
13125
13133
13131
13129
13131
13130
13132
13135
13135
13138
13138
13146
13145
13148
13143
13140
13141
13147
13153
13157
13154
13149
13144
13141
13132
13129
13128
13128
13129
13134
13143
13148
13148
13142
13138
13134
13133
13132
13138
13132
13136
13143
13139
13135
13135
13127
13131
13130
13136
13141
13142
13136
13137
13136
13139
13140
13144
13144
13141
13144
13138
13141
13143
13141
13138
13133
13131
13122
13127
13134
13137
13134
13145
13143
13140
13131
13136
13127
13126
13131
13115
13005
12915
12861
12840
12822
12823
12832
12837
12843
12853
12861
12874
12886
12905
12917
12931
12944
12952
12965
12972
12989
12994
12999
13007
13019
12974
12897
12849
12816
12812
12816
12816
12833
12835
12849
12866
12877
12895
12900
12918
12942
12955
12966
12973
12977
12989
13001
13009
13013
13022
13027
13029
13030
13046
13043
13057
13067
13072
13085
13083
13082
13081
13077
13080
13080
13082
13084
13090
13095
13107
13105
13114
13109
13100
13100
13099
13088
13097
13101
13100
13102
13110
13107
13110
13113
13117
13129
13137
13140
13137
13134
13132
13136
13135
13126
13125
13125
13120
13123
13115
13121
13128
13125
13121
13115
13119
13121
13124
13128
13132
13123
13125
13131
13122
13124
13124
13123
13121
13119
13117
13126
13125
13123
13134
13140
13134
13138
13147
13145
13143
13140
13139
13139
13142
13136
13137
13137
13137
13143
13136
13133
13134
13134
13139
13132
13136
13135
13134
13139
13140
13139
13137
13133
13126
13128
13134
13127
13129
13119
13113
13123
13125
13133
13142
13132
13138
13137
13137
13133
13132
13136
13136
13133
13131
13129
13133
13134
13136
13143
13139
13138
13138
13136
13140
13129
13133
13125
13130
13134
13140
13137
13139
13141
13140
13137
13137
13128
13133
13130
13127
13137
13127
13127
13133
13127
13124
13128
13124
13131
13129
13133
13127
13125
13132
13134
13137
13135
13137
13141
13132
13132
13134
13135
13130
13127
13124
13117
13115
13117
13116
13121
13124
13121
13122
13125
13124
13129
13138
13133
13131
13137
13128
13129
13135
13128
13129
13129
13132
13134
13133
13125
13119
13118
13125
13126
13126
13127
13126
13131
13131
13124
13128
13129
13131
13133
13138
13143
13144
13143
13147
13143
13144
13117
12737
12088
11463
11030
10678
10477
10380
10390
10415
10488
10567
10590
10591
10666
10748
10859
10955
11075
11176
11298
11400
11510
11601
11708
11794
11884
11953
12021
12086
12154
12209
12278
12333
12389
12435
12480
12523
12556
12594
12626
12654
12690
12711
12743
12769
12795
12812
12836
12842
12867
12891
12906
12914
12926
12932
12936
12953
12967
12976
12983
12997
13006
13016
13023
13031
13049
13054
13056
13061
13065
13070
13070
13067
13062
13073
13071
13082
13083
13085
13090
13094
13104
13106
13099
13105
13108
13110
13115
13107
13103
13107
13106
13107
13115
13108
13110
13111
13112
13105
13115
13121
13122
13123
13122
13114
13119
13117
13117
13123
13121
13115
13109
13108
13112
13117
13119
13116
13114
13120
13126
13126
13129
13133
13132
13137
13134
13119
13125
13122
13114
13122
13124
13128
13121
13130
13128
13132
13127
13119
13130
13124
13127
13132
13133
13122
13127
13121
13128
13124
13126
13139
13134
13137
13144
13135
13134
13133
13126
13129
13120
13122
13122
13123
13126
13130
13125
13121
13123
13127
13128
13131
13130
13136
13145
13144
13142
13138
13134
13132
13129
13125
13119
13120
13127
13130
13135
13130
13131
13132
13130
13134
13129
13129
13133
13136
13131
13134
13127
13136
13135
13131
13133
13128
13131
13132
13128
13127
13141
13130
13126
13128
13122
13109
13113
13112
13121
13117
13115
13115
13114
13112
13112
13117
13116
13123
13125
13132
13136
13133
13128
13128
13132
13122
13126
13131
13128
13133
13128
13125
13130
13125
13133
13134
13139
13138
13138
13138
13147
13145
13143
13139
13137
13138
13138
13139
13131
13132
13133
13133
13133
13133
13131
13140
13134
13142
13144
13137
13136
13139
13135
13132
13133
13134
13134
13144
13141
13142
13146
13144
13149
13146
13145
13144
13139
13141
13127
13124
13135
13129
13133
13129
13129
13133
13135
13134
13137
13136
13136
13131
13130
13132
13118
13124
13128
13129
13135
13125
13130
13128
13127
13131
13133
13124
13122
13120
13119
13121
13118
13118
13117
13118
13125
13123
13122
13129
13125
13120
13128
13129
13130
13131
13133
13133
13129
13131
13138
13132
13135
13133
13128
13133
13134
13125
13128
13122
13135
13127
13125
13134
13134
13135
13133
13132
13129
13133
13129
13126
13140
13138
13134
13133
13129
13123
13130
13134
13129
13120
13125
13121
13121
13130
13126
13127
13134
13130
13131
13127
13129
13122
13127
13133
13134
13124
13124
13120
13131
13126
13127
13127
13132
13130
13139
13138
13139
13135
13136
13150
13148
13153
13155
13144
13154
13139
13143
13145
13137
13130
13131
13135
13130
13134
13134
13136
13142
13131
13132
13126
13131
13121
13119
13127
13129
13129
13134
13140
13145
13133
13129
13138
13135
13139
13135
13133
13136
13141
13144
13139
13141
13138
13144
13137
13137
13138
13135
13144
13142
13132
13134
13129
13123
13129
13126
13128
13134
13136
13136
13133
13134
13131
13129
13129
13125
13125
13125
13121
13126
13121
13126
13127
13133
13135
13132
13136
13135
13137
13135
13137
13133
13132
13126
13124
13126
13134
13134
13141
13138
13136
13142
13138
13130
13138
13134
13133
13134
13129
13132
13135
13141
13143
13143
13139
13135
13126
13127
13121
13128
13121
13122
13128
13126
13125
13128
13124
13129
13132
13134
13140
13134
13143
13142
13136
13143
13134
