13134
13140
13141
13136
13134
13135
13135
13141
13143
13140
13135
13136
13138
13136
13144
13145
13148
13150
13150
13145
13148
13138
13135
13130
13136
13132
13135
13146
13148
13144
13141
13145
13131
13132
13135
13138
13136
13134
13134
13141
13135
13128
13136
13132
13130
13132
13136
13137
13140
13136
13134
13139
13142
13139
13136
13141
13142
13142
13144
13139
13144
13138
13137
13148
13144
13143
13137
13130
13126
13127
13122
13119
13116
13118
13116
13115
13123
13127
13133
13140
13124
13127
13131
13123
13126
13126
13126
13134
13134
13138
13140
13145
13141
13140
13137
13136
13129
13133
13128
13134
13142
13139
13142
13139
13138
13147
13148
13144
13145
13143
13139
13143
13136
13141
13143
13140
13135
13139
13131
13134
13130
13130
13130
13124
13126
13134
13128
13137
13144
13141
13132
13138
13146
13144
13141
13139
13135
13133
13135
13133
13143
13132
13131
13132
13127
13130
13127
13128
13126
13126
13127
13132
13125
13133
13131
13136
13136
13133
13126
13130
13125
13123
13134
13132
13128
13138
13140
13145
13151
13146
13156
13152
13161
13160
13152
13155
13148
13141
13137
13131
13131
13119
13116
13133
13131
13123
13125
13127
13123
13122
13130
13126
13122
13128
13138
13137
13138
13134
13135
13143
13143
13139
13149
13136
13136
13138
13143
13138
13144
13137
13135
13136
13139
13124
13125
13126
13129
13129
13127
13128
13132
13127
13136
13133
13136
13136
13137
13133
13138
13137
13136
13137
13129
13137
13141
13135
13147
13142
13134
13135
13132
13135
13142
13137
13140
13141
13140
13148
13150
13163
13152
13151
13147
13143
13139
13140
13132
13136
13134
13127
13127
13125
13134
13138
13142
13140
13136
13131
13136
13133
13135
13140
13140
13140
13146
13128
13130
13124
13132
13137
13138
13137
13156
13155
13149
13153
13140
13144
13141
13134
13140
13135
13137
13127
13131
13139
13138
13135
13133
13130
13139
13139
13144
13148
13146
13146
13142
13144
13150
13146
13148
13153
13146
13147
13148
13139
13137
13136
13135
13137
13135
13129
13134
13137
13126
13129
13129
13133
13145
13139
13144
13144
13147
13145
13148
13147
13141
13139
13135
13136
13133
13124
13126
13137
13137
13136
13136
13138
13147
13153
13148
13147
13138
13146
13149
13138
13139
13138
13130
13137
13137
13133
13145
13140
13137
13138
13134
13138
13142
13141
13144
13140
13138
13132
13133
13131
13132
13138
13139
13135
13135
13129
13130
13132
13137
13142
13132
13136
13133
13132
13130
13132
13127
13129
13129
13123
13128
13118
13125
13131
13135
13132
13136
13130
13138
13142
13142
13142
13147
13140
13142
13143
13137
13133
13135
13139
13137
13137
13140
13140
13152
13142
13147
13147
13147
13142
13143
13146
13137
13132
13133
13133
13134
13137
13137
13138
13138
13137
13142
13154
13149
13142
13152
13147
13146
13135
13013
12923
12879
12846
12834
12832
12804
12781
12785
12790
12803
12809
12824
12836
12857
12863
12875
12897
12915
12927
12937
12951
12962
12978
12987
12992
13002
13007
13021
13016
13024
13033
13040
13053
13060
13060
13069
13066
13070
13078
13070
13073
13076
13077
13085
13091
13101
13101
13110
13116
13122
13117
13109
13113
13121
13108
13082
12755
12489
12321
12214
12034
11939
11902
11906
11921
11966
11993
11987
12004
12049
12065
12100
12135
12173
12207
12269
12301
12362
12410
12462
12502
12542
12575
12618
12643
12677
12702
12734
12756
12775
12798
12815
12836
12867
12883
12894
12908
12923
12937
12948
12961
12975
12993
13006
13006
13012
13016
13033
13037
13047
13059
13063
13071
13066
13065
13068
13068
13076
13075
13077
13078
13086
13091
13094
13099
13101
13113
13107
13107
13112
13107
13108
13111
13120
13114
13112
13116
13118
13122
13119
13119
13119
13123
13120
13114
13109
13108
13107
13101
13100
13103
13114
13129
13122
13124
13133
13134
13140
13139
13137
13131
13125
13130
13127
13129
13132
13137
13135
13134
13127
13132
13133
13128
13127
13133
13129
13134
13136
13138
13128
13123
13134
13126
13130
13132
13128
13136
13137
13135
13136
13133
13131
13129
13127
13123
13133
13130
13127
13136
13135
13141
13146
13152
13152
13146
13148
13146
13142
13146
13142
13130
13123
13119
13123
13122
13124
13132
13127
13133
13138
13138
13138
13137
13128
13126
13123
13131
13126
13129
13133
13130
13133
13135
13133
13129
13141
13143
13134
13135
13127
13132
13135
13134
13137
13135
13129
13129
13130
13126
13124
13117
13122
13130
13136
13131
13125
13127
13130
13143
13144
13138
13138
13123
13127
13131
13129
13132
13129
13140
13147
13151
13147
13144
13144
13147
13152
13147
13143
13143
13133
13133
13124
13125
13119
13122
13120
13123
13136
13131
13125
13130
13133
13138
13147
13138
13142
13160
13159
13158
13150
13146
13143
13136
13132
13128
13119
13129
13137
13143
13144
13143
13139
13143
13145
13138
13143
13138
13130
13143
13147
13146
13148
13141
13137
13140
13133
13124
13125
13132
13134
13143
13142
13136
13139
13134
13129
13132
13133
13138
13134
13135
13129
13134
13130
13127
13124
13128
13130
13124
13126
13130
13130
13139
13136
13138
13143
13139
13141
13141
13141
13144
13146
13143
13142
13142
13141
13139
13141
13141
13135
13136
13126
13126
13130
13132
13133
13137
13133
13139
13131
13137
13134
13135
13142
13145
13148
13151
13140
13134
13135
13131
13128
13130
13123
13118
13131
13130
13129
13139
13137
13140
13136
13137
13142
13138
13139
13139
13139
13138
13127
13132
13127
13121
13125
13122
13123
13122
13123
13131
13125
13122
13117
13123
13115
13116
13111
13123
13133
13134
13136
13135
13135
13137
13120
13123
13127
13118
13119
13130
13126
13126
13134
13136
13134
13135
13136
13141
13138
13143
13137
13130
13124
13128
13131
13124
13132
13133
13139
13141
13136
13142
13142
13149
13146
13146
13146
13145
13140
13136
13128
13123
13123
13130
13129
13132
13134
13136
13129
13137
13132
13132
13130
13133
13138
13144
13146
13144
13155
13149
13143
13140
13135
13138
13149
13137
13129
13138
13141
13139
13137
13142
13144
13145
13140
13145
13145
13144
13145
13137
13147
13145
13145
13142
13135
13132
13140
13132
13137
13146
13146
13140
13146
13145
13145
13141
13149
13147
13147
13144
13140
13139
13138
13141
13144
13136
13124
13123
13119
13126
13126
13122
13123
13132
13133
13127
13126
13131
13132
13134
13138
13135
13138
13143
13144
13146
13151
13145
13146
13151
13154
13148
13147
13146
13143
13138
13141
13132
13134
13133
13128
13126
13119
13117
13127
13122
13129
13127
13129
13131
13129
13123
13123
13124
