13145
13141
13138
13133
13124
13131
13127
13132
13134
13130
13134
13140
13145
13139
13127
13129
13129
13132
13129
13129
13137
13137
13142
13146
13144
13145
13150
13146
13148
13145
13138
13142
13133
13139
13141
13141
13142
13142
13138
13138
13141
13133
13133
13128
13134
13144
13139
13143
13147
13139
13142
13141
13140
13147
13145
13150
13146
13141
13132
13125
13130
13124
13122
13121
13120
13122
13126
13123
13127
13125
13127
13129
13130
13131
13138
13133
13134
13142
13142
13151
13145
13138
13151
13137
13135
13137
13133
13132
13129
13135
13146
13138
13134
13138
13147
13147
13150
13151
13137
13133
13145
13134
13128
13132
13132
13127
13124
13129
13131
13146
13143
13145
13149
13143
13142
13138
13139
13141
13138
13138
13131
13133
13138
13133
13139
13139
13148
13136
13136
13131
13137
13133
13135
13142
13141
13138
13142
13144
13144
13147
13155
13146
13149
13146
13148
13153
13146
13145
13137
13133
13126
13125
13116
13120
13122
13115
13119
13127
13121
13133
13133
13132
13139
13132
13129
13135
13132
13132
13136
13136
13142
13142
13148
13146
13145
13141
13138
13140
13135
13131
13139
13132
13129
13140
13140
13139
13137
13129
13137
13127
13131
13128
13130
13132
13129
13131
13132
13131
13137
13133
13131
13124
13131
13133
13131
13136
13142
13137
13134
13125
13138
13138
13139
13138
13134
13133
13138
13136
13128
13132
13136
13138
13138
13144
13138
13131
13135
13131
13129
13131
13137
13135
13132
13138
13140
13134
13135
13136
13142
13140
13132
13121
13127
13123
13125
13133
13130
13137
13128
13129
13132
13131
13132
13127
13125
13134
13133
13132
13139
13130
13144
13140
13137
13136
13131
13131
13131
13134
13128
13125
13117
13122
13115
13129
13124
13122
13115
13123
13118
13123
13122
13125
13129
13128
13127
13128
13123
13127
13125
13122
13129
13129
13132
13135
13140
13139
13136
13133
13131
13130
13136
13135
13134
13139
13138
13134
13129
13132
13132
13134
13126
13130
13126
13132
13133
13134
13136
13138
13142
13141
13132
13129
13134
13123
13129
13131
13133
13135
13132
13134
13128
13133
13119
13121
13135
13134
13133
13138
13128
13133
13142
13138
13135
13139
13138
13138
13138
13137
13135
13136
13137
13145
13135
13135
13139
13130
13134
13133
13131
13128
13125
13125
13136
13132
13136
13142
13143
13142
13141
13137
13133
13136
13133
13133
13137
13138
13138
13141
13140
13137
13142
13136
13131
13135
13131
13137
13130
13136
13130
13130
13127
13130
13130
13132
13135
13136
13142
13141
13135
13138
13135
13141
13157
13145
13140
13145
13138
13143
13142
13146
13137
13136
13130
13128
13131
13129
13135
13135
13136
13132
13142
13136
13134
13139
13137
13136
13133
13136
13135
13137
13134
13134
13126
13131
13129
13127
13123
13128
13133
13138
13134
13128
13138
13132
13134
13138
13134
13142
13138
13139
13141
13140
13139
13140
13141
13143
13138
13145
13138
13137
13147
13141
13136
13139
13137
13138
13133
13126
13122
13121
13120
13130
13127
13137
13137
13139
13145
13151
13143
13145
13142
13139
13136
13131
13136
13147
13137
13143
13139
13135
13137
13129
13135
13130
13132
13136
13138
13139
13137
13143
13146
13137
13130
13135
13128
13116
12863
12215
11704
11306
11086
10970
10889
10781
10773
10797
10871
10956
11070
11174
11293
11380
11494
11581
11686
11772
11858
11932
12015
12081
12154
12209
12272
12324
12379
12424
12473
12513
12555
12585
12619
12639
12670
12695
12725
12753
12787
12796
12819
12839
12864
12879
12892
12908
12921
12924
12951
12970
12982
13000
13008
13014
13023
13031
13041
13046
13046
13050
13058
13060
13054
13058
13059
13057
13070
13076
13078
13086
13090
13093
13100
13098
13095
13100
13102
13108
13103
13106
13109
13111
13110
13108
13115
13114
13119
13121
13122
13122
13125
13126
13122
13131
13145
13139
13138
13147
13145
13138
13140
13135
13134
13131
13129
13126
13130
13129
13128
13129
13127
13126
13134
13131
13132
13144
13143
13146
13149
13148
13146
13143
13139
13134
13131
13137
13131
13127
13129
13133
13125
13123
13126
13122
13134
13134
13133
13137
13131
13133
13138
13139
13136
13141
13148
13148
13149
13142
13141
13138
13139
13136
13143
13135
13139
13137
13141
13139
13144
13143
13143
13142
13136
13137
13136
13134
13136
13132
13134
13132
13127
13134
13133
13129
13141
13137
13142
13150
13136
13136
13132
13129
13134
13132
13136
13128
13135
13138
13143
13145
13142
13139
13146
13145
13147
13152
13149
13141
13140
13140
13137
13137
13138
13137
13137
13134
13129
13129
13132
13137
13134
13137
13129
13126
13143
13137
13140
13142
13141
13147
13149
13146
13149
13144
13149
13143
13147
13148
13147
13152
13152
13150
13160
13149
13144
13146
13134
13133
13128
13136
13147
13142
13139
13140
13135
13134
13146
13146
13144
13132
13134
13136
13135
13134
13123
12993
12902
12859
12827
12810
12809
12820
12834
12844
12870
12883
12897
12915
12916
12933
12954
12959
12975
12978
12984
13001
13013
13013
13023
13029
13040
13042
13041
13052
13054
13063
13072
13072
13076
13077
13077
13086
13077
13084
13090
13092
13095
13096
13100
13106
13107
13110
13116
13123
13114
13113
13113
13124
13123
13132
13127
13131
13137
13129
13132
13132
13125
13128
13123
13122
13131
13134
13134
13139
13134
13137
13134
13126
13123
13119
13114
13119
13112
13110
13119
13107
13110
13122
13126
13132
13137
13139
13134
13133
13134
13131
13133
13141
13141
13150
13149
13142
13146
13139
13138
13141
13141
13143
13142
13139
13141
13142
13142
13147
13152
13150
13157
13143
13143
13146
13142
13138
13132
13133
13141
13140
13138
13139
13139
13144
13136
13132
13134
13133
13133
13138
13141
13143
13146
13150
13156
13149
13154
13148
13151
13155
13148
13144
13139
13142
13142
13143
13133
13138
13140
13142
13137
13128
13129
13128
13132
13126
13123
13122
13132
13131
13134
13145
13127
13133
13135
13134
13131
13125
13131
13125
13122
13125
13130
13129
13123
13122
13129
13125
13125
13131
13128
13135
13137
13138
13141
13139
13142
13141
13133
13137
13137
13140
13137
13140
13136
13139
13128
13126
13133
13130
13129
13137
13138
13139
13137
13138
13145
13146
13146
13143
13145
13141
13137
13140
13141
13135
13130
13132
13128
13129
13124
13129
13129
13133
13130
13136
13131
13136
13128
13130
13133
13132
13132
13134
13134
13139
13135
13136
13140
13137
13138
13143
13141
13147
13151
13148
13150
13141
13142
13136
13136
13135
13138
13137
13139
13138
13147
13147
13143
13141
13137
13138
13126
13128
13128
13128
