13147
13144
13140
13138
13144
13141
13139
13142
13134
13140
13149
13151
13150
13147
13155
13145
13149
13144
13135
13130
13135
13138
13134
13137
13136
13138
13137
13134
13132
13126
13125
13124
13118
13120
13117
13127
13136
13130
13130
13136
13140
13143
13138
13136
13137
13134
13132
13133
13138
13136
13139
13138
13141
13143
13140
13137
13132
13131
13138
13138
13134
13140
13136
13135
13135
13137
13140
13136
13136
13138
13136
13138
13130
13132
13133
13132
13131
13137
13135
13134
13138
13139
13138
13139
13146
13144
13145
13147
13135
13144
13144
13136
13134
13134
13134
13144
13145
13141
13142
13138
13129
13137
13137
13135
13131
13134
13135
13131
13139
13136
13139
13137
13133
13133
13131
13131
13137
13131
13128
13130
13130
13136
13133
13131
13132
13135
13130
13127
13130
13129
13127
13118
13121
13118
13125
13132
13127
13129
13131
13126
13129
13130
13130
13135
13147
13151
13157
13147
13138
13138
13137
13141
13143
13141
13138
13139
13142
13132
13132
13137
13133
13140
13134
13131
13132
13129
13128
13133
13123
13119
13130
13127
13134
13130
13130
13131
13126
13122
13133
13127
13129
13130
13129
13130
13125
13132
13133
13137
13137
13135
13132
13137
13141
13142
13140
13133
13135
13125
13126
13130
13136
13134
13129
13133
13135
13134
13139
13134
13142
13143
13145
13140
13141
13140
13134
13139
13136
13127
13136
13126
13129
13138
13131
13129
13138
13136
13135
13134
13138
13139
13134
13141
13132
13134
13143
13141
13147
13146
13146
13145
13144
13136
13142
13137
13136
13137
13134
13136
13129
13134
13131
13123
13122
13122
13125
13128
13123
13122
13127
13119
13125
13132
13131
13133
13135
13142
13131
13133
13131
13127
13128
13138
13141
13147
13140
13137
13138
13132
13136
13138
13132
13131
13129
13129
13136
13132
13144
13147
13149
13158
13160
13158
13156
13148
13137
13138
13128
13122
13125
13117
13115
13115
13117
13115
13113
13121
13120
13128
13133
13132
13128
13133
13131
13136
13135
13132
13140
13134
13133
13130
13124
13130
13132
13129
13120
13120
13123
13131
13120
13123
13126
13122
13127
13128
13131
13135
13134
13141
13151
13140
13142
13141
13138
13137
13143
13138
13133
13135
13137
13135
13139
13137
13135
13141
13142
13140
13150
13143
13141
13140
13131
13133
13135
13132
13131
13132
13134
13138
13133
13135
13138
13138
13144
13140
13131
13144
13140
13138
13140
13130
13134
13142
13145
13143
13144
13141
13145
13137
13141
13136
13135
13135
13134
13128
13131
13119
13127
13126
13127
13137
13137
13134
13129
13128
13131
13131
13126
13126
13120
13127
13130
13133
13148
13149
13150
13150
13138
13129
13143
13137
13135
13136
13129
13124
13132
13132
13132
13127
13131
13117
13126
13132
13133
13133
13138
13128
13139
13136
13138
13142
13138
13146
13144
13143
13141
13138
13136
13140
13134
13134
13130
13125
13134
13134
13134
13144
13142
13136
13145
13135
13132
13140
13137
13139
13138
13134
13131
13125
13127
13123
13127
13132
13130
13127
13123
13131
13135
13127
13125
13137
13131
13137
13136
13131
13122
13126
13123
13135
13129
13128
13134
13134
13137
13140
13137
13148
13143
13135
13141
13131
13126
13126
13127
12913
11849
10838
10096
9635
9428
9315
9336
9390
9537
9669
9846
10004
10199
10353
10529
10674
10835
10973
11124
11241
11368
11477
11592
11685
11775
11862
11948
12021
12097
12147
12217
12273
12327
12378
12440
12465
12514
12550
12586
12620
12657
12689
12717
12733
12765
12776
12801
12824
12838
12856
12878
12893
12927
12933
12940
12958
12973
12983
12986
12991
12995
13000
13014
13022
13023
13030
13045
13038
13045
13049
13060
13061
13060
13066
13081
13072
13075
13082
13084
13086
13083
13085
13089
13095
13102
13096
13100
13101
13103
13109
13108
13110
13114
13115
13113
13114
13113
13121
13127
13133
13137
13136
13135
13131
13128
13127
13122
13115
13113
13112
13112
13124
13117
13122
13135
13130
13132
13139
13136
13141
13143
13139
13136
13135
13137
13132
13136
13132
13133
13129
13132
13137
13140
13136
13135
13143
13137
13138
13132
13131
13129
13129
13126
13127
13122
13122
13125
13121
13121
13114
13120
13126
13132
13128
13130
13131
13128
13135
13137
13138
13138
13125
13131
13128
13133
13123
13129
13130
13131
13131
13130
13129
13133
13136
13139
13138
13134
13137
13142
13140
13146
13148
13141
13145
13142
13147
13147
13149
13148
13140
13134
13137
13127
13120
13122
13122
13124
13135
13135
13132
13126
13121
13123
13124
13128
13124
13126
13128
13132
13129
13127
13133
13142
13139
13137
13133
13132
13130
13134
13136
13137
13137
13138
13132
13125
13126
13124
13130
13123
13133
13131
13135
13135
13127
13134
13129
13125
13135
13135
13137
13135
13136
13130
13123
13124
13122
13122
13123
13123
13129
13133
13141
13151
13151
13153
13157
13152
13154
13147
13139
13130
13136
13128
13133
13133
13133
13133
13129
13131
13138
13134
13137
13127
13117
13120
13115
13112
13115
13113
13121
13114
13124
13131
13138
13138
13140
13139
13140
13134
13137
13128
13127
13130
13133
13130
13124
13134
13124
13133
13132
13136
13134
13136
13140
13134
13131
13131
13129
13131
13130
13133
13144
13134
13138
13147
13142
13129
13140
13138
13135
13141
13136
13134
13132
13129
13124
13116
13128
13131
13137
13138
13139
13141
13138
13139
13150
13142
13137
13138
13145
13147
13149
13144
13150
13144
13139
13140
13139
13145
13144
13144
13150
13142
13146
13150
13152
13146
13149
13144
13138
13134
13134
13123
13127
13127
13126
13124
13120
13124
13128
13132
13124
13132
13131
13136
13139
13142
13138
13130
13124
13126
13118
13113
13115
13112
13125
13133
13135
13137
13135
13137
13145
13139
13131
13140
13139
13134
13139
13133
13130
13126
13124
13125
13124
13126
13124
13130
13135
13140
13144
13144
13139
13140
13143
13143
13141
13139
13140
13135
13138
13135
13132
13126
13128
13124
13133
13134
13134
13134
13135
13137
13136
13128
13125
13137
13130
13130
13135
13134
13136
13136
13133
13136
13137
13139
13129
13127
13133
13136
13142
13148
13141
13152
13148
13142
13151
13145
13145
13140
13138
13136
13129
13132
13131
13125
13134
13134
13130
13131
13126
13125
13131
13131
13122
13133
13132
13144
13145
13145
13151
13155
13150
13156
13146
13148
13139
13140
13140
13142
13141
13149
13141
13148
13138
13137
13140
13130
13130
13135
13128
13124
13117
13123
13130
13125
13131
13140
13137
13143
13145
13146
13140
13141
13133
13142
13134
13133
13133
13136
13134
13138
13138
13141
13144
13150
13146
