13131
13131
13124
13132
13122
13119
13127
13128
13118
13127
13129
13130
13139
13145
13149
13147
13145
13148
13147
13143
13139
13143
13138
13137
13137
13137
13137
13136
13134
13133
13135
13137
13137
13136
13142
13141
13151
13146
13137
13140
13136
13144
13137
13135
13129
13126
13123
13128
13119
13132
13135
13132
13140
13140
13134
13139
13134
13135
13143
13133
13125
13129
13130
13132
13141
13136
13135
13140
13145
13139
13133
13131
13127
13131
13134
13129
13136
13125
13120
13129
13127
13133
13134
13132
13128
13119
13122
13122
13123
13137
13136
13132
13133
13134
13140
13141
13140
13130
13137
13136
13140
13148
13148
13146
13155
13148
13150
13148
13157
13138
13138
13141
13142
13139
13138
13131
13140
13137
13138
13139
13135
13138
13128
13128
13134
13128
13126
13132
13128
13137
13136
13137
13137
13138
13143
13136
13128
13126
13129
13120
13124
13129
13123
13134
13132
13135
13138
13138
13138
13131
13132
13133
13126
13129
13126
13121
13129
13127
13121
13133
13135
13130
13129
13122
13127
13126
13127
13132
13117
13120
13125
13132
13137
13141
13138
13138
13134
13132
13142
13138
13133
13130
13128
13126
13124
13124
13117
13115
13125
13123
13119
13127
13133
13135
13135
13137
13147
13143
13141
13148
13151
13154
13152
13152
13155
13152
13151
13147
13136
13137
13143
13141
13140
13144
13137
13139
13132
13130
13140
13133
13126
13130
13127
13133
13140
13140
13141
13136
13135
13139
13141
13138
13139
13138
13146
13148
13150
13152
13152
13150
13144
13147
13148
13138
13141
13143
13141
13141
13135
13136
13140
13136
13136
13133
13129
13136
13134
13132
13142
13131
13126
13129
13127
13138
13140
13141
13141
13138
13138
13140
13136
13142
13134
13134
13134
13126
13133
13121
13127
13138
13134
13131
13123
13123
13128
13126
13120
13122
13117
13126
13127
13132
13141
13135
13137
13138
13127
13119
13128
13125
13131
13139
13138
13137
13132
13132
13133
13138
13135
13137
13127
13131
13124
13122
13113
13111
13109
13110
13107
13116
13120
13122
13129
13132
13133
13133
13131
13134
13132
13134
13131
13132
13136
13130
13123
13122
13116
13119
13122
13132
13133
13138
13132
13129
13126
13127
13128
13128
13122
13122
13124
13123
13125
13130
13129
13130
13140
13134
13135
13141
13134
13138
13142
13145
13150
13143
13144
13150
13138
13141
13144
13142
13139
13142
13141
13145
13141
13132
13130
13137
13130
13134
13129
13127
13119
13117
13122
13121
13125
13123
13121
13132
13132
13133
13123
13125
13128
13130
13132
13137
13131
13136
13136
13139
13137
13130
13132
13138
13135
13131
13131
13124
13125
13127
13119
13128
13119
13111
13119
13124
13127
13131
13135
13134
13139
13139
13137
13134
13139
13133
13131
13130
13130
13136
13131
13132
13134
13130
13130
13138
13135
13135
13135
13134
13128
13133
13133
13137
13131
13129
13131
13134
13141
13133
13140
13147
13138
13135
13141
13133
13131
13139
13132
13133
13132
13132
13133
13134
13138
13138
13135
13138
13138
13135
13126
13125
13123
13120
13113
13116
13110
13117
13120
13125
13131
13132
13137
13138
13133
13139
13136
13137
13138
13133
13134
13137
13133
13123
13132
13131
13137
13143
13141
12994
12218
10913
9878
9223
8893
8741
8753
8813
8965
9116
9324
9503
9728
9907
10121
10294
10479
10641
10811
10872
10811
10802
10857
10924
11023
11116
11231
11323
11438
11532
11640
11719
11808
11885
11969
12046
12122
12187
12251
12299
12352
12401
12444
12481
12523
12557
12601
12628
12660
12692
12722
12753
12777
12798
12819
12838
12862
12881
12890
12901
12917
12928
12941
12960
12969
12979
12995
13003
13013
13019
13024
13033
13031
13038
13051
13052
13046
13058
13062
13067
13072
13079
13078
13080
13078
13077
13084
13089
13083
13090
13088
13093
13100
13104
13104
13106
13103
13107
13109
13109
13110
13111
13115
13120
13115
13116
13107
13112
13118
13121
13126
13136
13124
13123
13130
13125
13124
13131
13130
13133
13139
13142
13148
13140
13142
13129
13133
13133
13123
13123
13126
13132
13142
13134
13133
13132
13132
13123
13125
13122
13128
13133
13135
13133
13127
13133
13127
13124
13124
13126
13125
13134
13129
13121
13130
13122
13129
13135
13128
13133
13134
13132
13138
13138
13144
13134
13136
13135
13132
13134
13134
13132
13134
13119
13122
13121
13124
13124
13127
13132
13137
13140
13139
13135
13126
13130
13139
13135
13135
13138
13140
13136
13138
13132
13145
13134
13133
13136
13136
13135
13136
13132
13125
13135
13141
13138
13135
13137
13134
13136
13146
13141
13144
13141
13141
13135
13134
13136
13138
13127
13131
13130
13115
13121
13119
13131
13130
13130
13128
13136
13142
13143
13142
13136
13141
13132
13130
13132
13126
13124
13126
13122
13120
13122
13124
13118
13124
13123
13124
13122
13123
13129
13130
13130
13131
13132
13136
13134
13135
13140
13144
13142
13142
13137
13126
13124
13121
13125
13127
13131
13131
13139
13132
13134
13143
13143
13130
13135
13128
13124
13123
13128
13127
13127
13133
13130
13137
13136
13133
13129
13126
13134
13136
13129
13126
13125
13129
13132
13138
13134
13135
13138
13140
13138
13133
13136
13147
13138
13130
13136
13133
13131
13127
13122
13131
13125
13131
13138
13132
13140
13142
13143
13144
13136
13130
13123
13126
13122
13127
13132
13133
13130
13133
13127
13130
13143
13144
13145
13144
13139
13139
13142
13137
13134
13131
13132
13137
13135
13135
13140
13135
13138
13137
13122
13132
13131
13131
13139
13136
13138
13144
13146
13144
13134
13131
13128
13130
13135
13132
13145
13150
13143
13143
13135
13133
13136
13134
13136
13136
13139
13142
13140
13137
13141
13135
13139
13135
13130
13131
13136
13134
13141
13136
13137
13140
13137
13134
13137
13126
13126
13128
13126
13119
13117
13119
13120
13128
13130
13127
13128
13123
13123
13125
13125
13124
13132
13139
13137
13137
13134
13138
13138
13134
13127
13123
13128
13128
13116
13118
13119
13117
13123
13118
13121
13120
13117
13122
13133
13134
13132
13132
13137
13136
13139
13138
13132
13136
13141
13144
13145
13149
13145
13145
13134
13128
13133
13129
13132
13133
13131
13133
13131
13130
13128
13127
13125
13119
13116
13111
13113
13114
13120
13122
13115
13118
13120
13130
13130
13127
13135
13127
13130
13129
13136
13134
13132
13132
13132
13125
13129
13135
13138
13144
13138
13124
13132
13130
13122
13131
13131
13132
13128
13130
13134
13134
13139
13146
13135
13142
13140
13147
13144
13137
13133
13133
13130
13129
13133
13137
13135
13129
13123
13133
13133
13133
13139
