13132
13123
13122
13122
13138
13132
13136
13137
13137
13139
13141
13135
13132
13133
13128
13139
13128
13127
13134
13135
13137
13140
13142
13144
13143
13148
13149
13147
13143
13139
13131
13131
13125
13117
13122
13127
13133
13126
13125
13125
13127
13137
13128
13130
13137
13142
13143
13143
13145
13143
13142
13144
13139
13145
13136
13137
13131
13128
13139
13134
13132
13127
13130
13131
13133
13133
13130
13132
13132
13130
13136
13137
13136
13134
13124
13126
13137
13135
13141
13142
13140
13145
13146
13147
13150
13148
13146
13147
13138
13134
13139
13132
13136
13136
13136
13140
13126
13115
13129
13123
13120
13131
13125
13128
13125
13122
13132
13131
13130
13126
13129
13130
13139
13129
13124
13126
13131
13130
13128
13126
13125
13125
13125
13129
13124
13125
13123
13133
13130
13137
13136
13133
13128
13129
13131
13135
13123
13117
13129
13121
13119
13120
13112
13117
13126
13126
13128
13129
13134
13132
13134
13137
13145
13144
13146
13146
13156
13142
13141
13139
13136
13134
13132
13124
13125
13127
13126
13139
13133
13132
13136
13127
13135
13132
13134
13143
13150
13147
13152
13139
13137
13135
13131
13124
13124
13123
13128
13133
13133
13134
13143
13149
13149
13139
13136
13128
13133
13136
13140
13143
13148
13144
13141
13134
13134
13127
13128
13131
13134
13146
13147
13135
13134
13134
13136
13147
13137
13134
13141
13132
13137
13134
13129
13132
13138
13141
13137
13137
13130
13130
13128
13129
13128
13133
13128
13128
13141
13136
13129
13132
13135
13135
13136
13132
13135
13130
13134
13135
13130
13135
13137
13133
13130
13137
13138
13137
13131
13132
13143
13135
13140
13142
13143
13140
13145
13140
13139
13146
13148
13145
13148
13150
13146
13149
13149
13143
13147
13140
13129
13130
13130
13123
13125
13127
13129
13131
13130
13140
13140
13143
13145
13132
13141
13140
13136
13136
13135
13130
13133
13117
13116
13129
13131
13131
13134
13128
13133
13132
13142
13135
13133
13135
13134
13131
13126
13125
13131
13121
13121
13124
13124
13124
13126
13127
13135
13136
13134
13135
13136
13132
13137
13133
13130
13125
13118
13122
13118
13121
13125
13120
13123
13122
13120
13125
13131
13130
13133
13123
13125
13122
13128
13133
13126
13128
13130
13131
13135
13136
13132
13140
13137
13138
13138
13139
13142
13137
13139
13142
13136
13139
13149
13141
13150
13145
13144
13149
13142
13138
13145
13136
13131
13138
13139
13133
13136
13127
13127
13125
13121
13121
13124
13125
13128
13126
13127
13124
13135
13130
13129
13138
13141
13144
13141
13143
13150
13145
13152
13144
13137
13139
13143
13140
13146
13148
13153
13152
13147
13144
13151
13135
13134
13131
13130
13136
13141
13138
13141
13134
13130
13130
13133
13129
13139
13134
13128
13132
13139
13138
13136
13139
13141
13139
13137
13137
13136
13136
13134
13136
13129
13135
13144
13144
13149
13137
13143
13144
13139
13133
13139
13139
13144
13147
13149
13146
13141
13146
13152
13148
13143
13133
13133
13133
13124
13129
13129
13120
13123
13123
13123
13130
13134
13136
13134
13140
13143
13138
13139
13143
13137
13140
13139
13137
13133
13132
13134
13135
13130
13131
13143
13126
13128
13129
13128
13125
12930
12305
11801
11487
11326
11245
11244
11266
11328
11385
11467
11538
11571
11539
11564
11605
11665
11720
11799
11866
11944
12011
12076
12139
12199
12255
12311
12364
12414
12460
12501
12537
12570
12604
12644
12677
12709
12739
12767
12793
12817
12830
12848
12866
12891
12893
12911
12930
12940
12953
12966
12968
12989
12992
13001
13015
13022
13033
13031
13037
13045
13052
13050
13061
13055
13060
13065
13073
13078
13084
13085
13095
13093
13089
13100
13097
13096
13110
13114
13117
13115
13105
13104
13103
13102
13100
13102
13111
13109
13117
13121
13130
13132
13117
13121
13130
13125
13122
13126
13130
13134
13128
13121
13129
13130
13128
13119
13116
13117
13123
13123
13130
13121
13122
13126
13125
13127
13130
13119
13121
13123
13128
13125
13118
13120
13118
13129
13126
13130
13127
13121
13119
13126
13119
13120
13118
13123
13125
13132
13129
13125
13124
13128
13133
13124
13122
13119
13118
13124
13132
13130
13129
13126
13124
13137
13130
13127
13129
13127
13127
13134
13132
13137
13137
13137
13138
13135
13131
13128
13132
13130
13129
13133
13126
13131
13136
13140
13138
13141
13138
13142
13135
13135
13139
13137
13131
13135
13126
13130
13132
13134
13135
13137
13135
13141
13129
13128
13134
13137
13136
13145
13139
13138
13139
13147
13144
13145
13140
13147
13151
13147
13140
13151
13136
13134
13135
13122
13130
13132
13133
13135
13136
13130
13128
13130
13139
13136
13132
13131
13136
13135
13135
13132
13125
13136
13138
13137
13136
13132
13134
13138
13135
13140
13139
13144
13144
13142
13136
13126
13129
13126
13122
13125
13114
13117
13125
13123
13136
13139
13137
13135
13139
13131
13139
13131
13134
13136
13135
13131
13130
13131
13133
13125
13131
13143
13137
13137
13144
13130
13133
13125
13125
13128
13133
13135
13134
13140
13136
13134
13137
13129
13123
13129
13124
13134
13136
13133
13130
13136
13136
13137
13132
13133
13133
13129
13128
13127
13116
13117
13123
13126
13042
12935
12873
12845
12824
12822
12816
12822
12835
12853
12866
12876
12886
12904
12910
12928
12946
12959
12964
12982
12994
13010
13019
13029
13038
13045
13053
13053
13058
13065
13067
13057
13071
13077
13087
13091
13094
13102
13105
13104
13104
13108
13102
13110
13101
13103
13102
13099
13108
13116
13119
13120
13122
13125
13122
13116
13120
13118
13122
13121
13121
13128
13123
13129
13126
13129
13130
13137
13142
13143
13138
13137
13146
13144
13143
13140
13133
13142
13144
13139
13140
13135
13137
13140
13134
13126
13131
13125
13130
13135
13138
13137
13135
13137
13134
13132
13126
13127
13120
13117
13115
13121
13126
13127
13133
13136
13139
13135
13136
13134
13133
13137
13141
13129
13127
13129
13127
13135
13131
13132
13133
13127
13125
13129
13120
13126
13128
13126
13130
13133
13137
13129
13123
13119
13117
13113
13120
13125
13126
13133
13133
13142
13130
13129
13130
13129
13133
13133
13128
13129
13131
13130
13135
13129
13132
13132
13129
13129
13126
13130
13135
13136
13132
13141
13130
13137
13143
13136
13144
13149
13143
13138
13131
13129
13125
13128
13122
13125
13118
13118
13126
13138
13132
13141
13141
13143
13141
13137
13137
13131
13133
13132
13133
13132
13136
13133
13130
13133
13129
13132
13134
13130
13131
13139
13131
13136
13143
13134
13130
13129
13130
13126
13126
13129
13134
