13140
13132
13127
13126
13131
13128
13127
13133
13135
13137
13136
13132
13127
13129
13130
13130
13126
13131
13134
13135
13133
13137
13133
13131
13130
13121
13130
13130
13125
13133
13135
13138
13145
13143
13145
13141
13142
13141
13140
13137
13125
13118
13119
13119
13126
13123
13132
13137
13141
13138
13141
13140
13148
13143
13141
13143
13139
13140
13145
13148
13147
13153
13154
13154
13148
13143
13136
13134
13124
13121
13115
13116
13124
13128
13125
13125
13134
13126
13126
13131
13132
13132
13134
13131
13136
13136
13138
13141
13132
13133
13142
13143
13147
13143
13142
13143
13146
13148
13142
13132
13133
13135
13130
13133
13124
13124
13130
13128
13128
13127
13121
13119
13117
13120
13120
13111
13115
13113
13124
13127
13127
13129
13130
13124
13136
13129
13135
13141
13135
13133
13126
13127
13118
13118
13122
13124
13120
13125
13135
13129
13127
13125
13121
13125
13129
13122
13131
13129
13130
13134
13128
13121
13129
13134
13135
13135
13139
13132
13134
13135
13134
13133
13137
13136
13139
13135
13141
13140
13142
13137
13137
13131
13137
13138
13138
13143
13142
13142
13142
13132
13126
13120
13118
13120
13112
13114
13121
13116
13120
13122
13120
13121
13133
13134
13137
13135
13134
13131
13128
13132
13134
13133
13131
13125
13127
13120
13123
13131
13133
13136
13133
13132
13132
13128
13131
13139
13132
13139
13145
13139
13135
13133
13136
13138
13135
13123
13132
13130
13125
13124
13124
13118
13119
13121
13120
13118
13124
13122
13124
13131
13130
13127
13123
13127
13127
13123
13134
13133
13136
13139
13136
13136
13142
13132
13137
13138
13133
13137
13135
13132
13122
13124
13125
13131
13125
13123
13135
13130
13133
13143
13142
13140
13138
13136
13136
13127
13126
13128
13122
13130
13139
13136
13136
13138
13147
13141
13138
13137
13131
13134
13130
13133
13131
13129
13132
13133
13123
13130
13124
13124
13125
13119
13118
13136
13131
13131
13133
13131
13125
13124
13118
13121
13127
13128
13127
13125
13126
13131
13132
13135
13136
13138
13137
13139
13142
13134
13136
13138
13134
13139
13138
13141
13135
13139
13146
13149
13136
13135
13131
13131
13129
13133
13130
13138
13129
13124
13127
13125
13130
13136
13139
13138
13139
13139
13144
13138
13140
13136
13134
13132
13137
13135
13137
13139
13150
13143
13142
13151
13147
13149
13144
13137
13141
13137
13135
13141
13133
13128
13130
13131
13129
13132
13135
13138
13142
13130
13142
13138
13141
13147
13145
13135
13137
13136
13137
13138
13133
13127
13134
13142
13141
13138
13132
13130
13139
13135
13126
13124
13123
13126
13118
13128
13126
13127
13126
13130
13129
13136
13137
13137
13143
13139
13131
13131
13120
13117
13124
13112
13113
13115
13117
13121
13125
13126
13130
13137
13137
13135
13130
13132
13131
13129
13128
13124
13133
13126
13121
13132
13128
13125
13132
13137
13138
13139
13150
13150
13154
13148
13153
13155
13163
13160
13155
13158
13137
13137
13142
13133
13134
13145
13139
13133
13133
13142
13138
13138
13135
13131
13133
13132
13135
13136
13136
13135
13138
13134
13136
13135
13130
13127
13123
13121
13132
13136
13131
13137
13123
13139
13146
13145
13146
13148
13142
13136
12977
12770
12568
12376
12281
12222
12204
12204
12228
12252
12297
12335
12379
12419
12466
12508
12540
12574
12610
12642
12682
12707
12740
12773
12798
12811
12825
12842
12864
12885
12901
12914
12917
12936
12952
12958
12975
12979
12983
12998
13011
13014
13029
13034
13039
13041
13046
13050
13052
13051
13054
13064
13075
13083
13084
13095
13094
13098
13096
13094
13108
13096
13097
13103
13099
13101
13102
13101
13106
13107
13102
13118
13111
13122
13125
13122
13125
13122
13126
13133
13128
13121
13129
13123
13123
13125
13117
13115
13118
13119
13118
13121
13128
13131
13135
13143
13141
13141
13143
13145
13143
13129
13131
13136
13133
13138
13131
13134
13136
13126
13120
13125
13121
13126
13126
13128
13135
13138
13139
13145
13145
13139
13150
13146
13145
13140
13132
13135
13132
13133
13129
13131
13130
13132
13133
13131
13128
13125
13123
13130
13135
13129
13128
13130
13131
13132
13126
13122
13128
13135
13135
13135
13133
13136
13136
13126
13133
13129
13126
13132
13128
13127
13133
13131
13130
13132
13126
13135
13135
13128
13134
13128
13139
13132
13139
13137
13144
13141
13146
13141
13148
13138
13145
13138
13140
13135
13133
13136
13134
13135
13134
13137
13130
13136
13136
13130
13137
13140
13139
13135
13136
13132
13139
13138
13147
13147
13143
13145
13142
13137
13141
13137
13142
13143
13142
13137
13132
13129
13136
13133
13132
13128
13127
13139
13147
13139
13136
13135
13137
13134
13133
13135
13137
13134
13148
13142
13144
13145
13143
13150
13156
13151
13157
13143
13142
13151
13144
13143
13136
13133
13131
13137
13139
13132
13134
13137
13134
13138
13131
13128
13138
13129
13126
13124
13119
13127
13126
13122
13125
13127
13129
13134
13128
13135
13134
13136
13139
13134
13135
13146
13142
13137
13144
13139
13142
13147
13145
13138
13141
13138
13142
13140
13137
13135
13137
13133
13137
13136
13132
13136
13143
13143
13136
13140
13141
13146
13146
13145
13145
13141
13137
13135
13130
13138
13134
13138
13136
13133
13134
13137
13142
13131
13140
13130
13134
13137
13133
13136
13136
13135
13138
13138
13142
13137
13138
13141
13133
13130
13124
13131
13142
13138
13141
13144
13137
13131
13134
13131
13130
13129
13130
13127
13132
13141
13144
13133
13140
13148
13149
13147
13141
13136
13152
13135
13138
13137
13128
13130
13135
13131
13134
13136
13135
13135
13136
13143
13147
13145
13137
13137
13143
13138
13136
13139
13136
13137
13140
13137
13141
13135
13144
13142
13128
13132
13131
13127
13134
13133
13128
13136
13129
13129
13143
13142
13135
13142
13133
13137
13141
13137
13136
13134
13140
13137
13136
13132
13129
13131
13136
13133
13136
13130
13133
13128
13127
13133
13135
13131
13127
13130
13128
13134
13130
13134
13141
13134
13139
13128
13123
13124
13120
13124
13133
13125
13121
13126
13126
13124
13122
13124
13123
13132
13134
13125
13131
13135
13132
13135
13139
13133
13141
13137
13135
13135
13125
13133
13124
13121
13125
13126
13125
13133
13131
13137
13135
13135
13133
13134
13123
13133
13135
13138
13146
13143
13138
13140
13132
13135
13132
13133
13134
13135
13133
13127
13130
13138
13142
13130
13127
13124
13133
13126
13125
13122
13129
13135
13136
13136
13132
13137
13135
13134
13127
13120
13129
13135
13141
13145
13138
13146
13143
13140
13147
13138
13129
13133
