13137
13136
13144
13133
13134
13139
13130
13135
13139
13141
13142
13141
13132
13126
13128
13137
13141
13138
13136
13134
13134
13132
13126
13127
13128
13133
13131
13130
13128
13128
13133
13132
13130
13136
13135
13140
13144
13147
13152
13146
13143
13144
13154
13136
13138
13139
13145
13141
13144
13139
13133
13142
13147
13140
13149
13146
13147
13144
13138
13141
13144
13137
13137
13134
13136
13135
13142
13139
13141
13137
13144
13140
13132
13134
13136
13134
13134
13132
13133
13136
13140
13129
13127
13123
13121
13129
13126
13124
13135
13134
13142
13147
13144
13144
13143
13142
13144
13139
13143
13141
13154
13144
13147
13143
13141
13140
13137
13139
13141
13139
13139
13140
13142
13140
13140
13126
13136
13133
13135
13140
13135
13125
13136
13128
13136
13138
13131
13133
13136
13131
13135
13135
13139
13138
13142
13146
13153
13140
13139
13134
13139
13129
13119
13122
13129
13129
13132
13128
13135
13136
13137
13145
13140
13148
13152
13151
13147
13138
13139
13139
13142
13133
13135
13134
13137
13138
13138
13140
13149
13145
13139
13135
13136
13129
13128
13136
13131
13134
13133
13135
13135
13132
13131
13131
13129
13125
13133
13132
13137
13138
13138
13142
13128
13141
13146
13145
13146
13146
13145
13146
13138
13130
13135
13128
13146
13151
13146
13145
13141
13139
13142
13137
13136
13135
13137
13137
13128
13139
13140
13137
13136
13125
13128
13129
13129
13126
13128
13126
13139
13134
13136
13139
13141
13145
13153
13144
13145
13139
13143
13138
13136
13132
13142
13128
13132
13133
13126
13132
13135
13137
13142
13142
13144
13138
13138
13138
13136
13128
13125
13127
13135
13128
13131
13132
13133
13135
13140
13135
13131
13132
13138
13141
13136
13134
13134
13130
13137
13132
13131
13142
13139
13135
13139
13131
13134
13137
13139
13135
13138
13132
13139
13132
13134
13139
13136
13137
13146
13142
13147
13154
13157
13150
13149
13150
13155
13149
13150
13143
13150
13142
13131
13133
13132
13134
13143
13139
13138
13135
13141
13144
13141
13128
13136
13134
13140
13151
13150
13144
13144
13147
13150
13146
13143
13142
13141
13145
13141
13134
13136
13125
13132
13119
13119
13122
13122
13130
13133
13130
13131
13131
13129
13141
13134
13139
13138
13134
13136
13129
13125
13128
13133
13131
13134
13134
13133
13134
13136
13140
13145
13140
13143
13142
13145
13141
13139
13138
13136
13141
13142
13140
13155
13146
13151
13149
13143
13147
13142
13137
13138
13138
13134
13144
13140
13146
13145
13145
13134
13131
13131
13132
13130
13123
13133
13131
13131
13134
13132
13134
13135
13128
13128
13128
13134
13133
13141
13144
13148
13142
13142
13138
13142
13139
13134
13136
13131
13137
13137
13137
13141
13143
13142
13140
13137
13139
13142
13135
13140
13138
13141
13148
13140
13131
13136
13135
13135
13135
13135
13137
13135
13129
13133
13125
13133
13129
13128
13136
13138
13139
13143
13144
13150
13147
13147
13151
13144
13141
13136
13133
13132
13132
13134
13133
13130
13129
13130
13128
13129
13128
13123
13133
13126
13125
13135
13126
13137
13134
13134
13130
13125
13130
13134
13131
13126
13132
13134
13138
13138
13136
13134
13140
13152
13146
13143
13147
13147
13146
12708
11802
11206
10836
10526
10350
10314
10320
10390
10482
10606
10724
10863
10986
11119
11232
11367
11470
11574
11667
11769
11852
11940
12013
12101
12158
12232
12279
12333
12376
12423
12459
12507
12542
12589
12611
12640
12678
12718
12747
12774
12788
12817
12836
12854
12878
12890
12907
12916
12923
12945
12955
12968
12986
12993
13002
13010
13013
13010
13017
13023
13032
13044
13048
13055
13063
13069
13068
13073
13076
13083
13083
13090
13098
13110
13107
13106
13110
13103
13100
13101
13103
13103
13106
13105
13114
13109
13116
13113
13117
13118
13115
13115
13121
13124
13122
13123
13116
13120
13120
13125
13124
13131
13132
13134
13132
13130
13135
13140
13136
13134
13129
13133
13134
13139
13133
13132
13136
13136
13136
13130
13133
13134
13126
13125
13138
13132
13137
13134
13133
13138
13142
13140
13147
13146
13137
13144
13131
13127
13139
13139
13137
13136
13134
13131
13133
13133
13131
13131
13130
13143
13138
13142
13136
13137
13126
13127
13126
13116
13117
13112
13121
13120
13121
13123
13120
13120
13124
13132
13135
13138
13136
13136
13135
13130
13131
13134
13128
13129
13131
13131
13132
13134
13124
13128
13132
13138
13124
13130
13130
13129
13132
13133
13133
13142
13136
13138
13142
13143
13140
13140
13134
13133
13128
13125
13124
13121
13130
13127
13131
13136
13139
13142
13154
13150
13141
13148
13146
13133
13129
13123
13128
13128
13123
13131
13131
13134
13133
13135
13132
13133
13136
13130
13129
13136
13134
13131
13136
13131
13138
13143
13141
13137
13135
13131
13140
13130
13135
13133
13133
13140
13141
13137
13141
13135
13138
13138
13137
13136
13135
13136
13135
13135
13134
13125
13132
13127
13126
13130
13130
13131
13140
13136
13136
13141
13131
13128
13134
13132
13136
13130
13129
13126
13127
13131
13128
13119
13125
13130
13130
13132
13133
13140
13147
13142
13139
13142
13134
13138
13146
13149
13144
13140
13138
13132
13133
13134
13132
13126
13125
13129
13133
13128
13123
13128
13131
13136
13137
13131
13128
13126
13123
13128
13124
13123
13126
13122
13134
13144
13138
13150
13144
13139
13142
13133
13129
13137
13139
13141
13140
13140
13140
13148
13141
13144
13138
13131
13132
13133
13132
13130
13133
13140
13135
13148
13138
13139
13135
13138
13133
13135
13132
13134
13138
13141
13138
13139
13139
13144
13138
13140
13138
13135
13133
13131
13133
13140
13137
13140
13142
13140
13142
13142
13132
13133
13132
13134
13127
13129
13132
13132
13135
13133
13130
13133
13130
13130
13125
13127
13130
13139
13136
13131
13129
13128
13130
13131
13132
13132
13123
13126
13124
13121
13127
13124
13120
13127
13133
13136
13140
13137
13145
13143
13147
13147
13151
13149
13145
13136
13138
13142
13151
13145
13139
13147
13141
13144
13139
13141
13138
13139
13147
13142
13143
13134
13138
13129
13138
13140
13132
13133
13131
13133
13132
13130
13132
13145
13136
13139
13135
13130
13129
13124
13130
13124
13131
13131
13126
13122
13133
13140
13137
13131
13133
13135
13129
13138
13141
13139
13143
13136
13140
13147
13148
13147
13139
13135
13135
13127
13124
13129
13132
13130
13136
13134
13138
13147
13141
13141
13138
13137
13137
13132
13139
13142
13144
13139
13127
13125
13137
13135
13135
13139
13137
13140
13140
13139
13141
13132
13138
13138
13139
13138
13133
