13125
13134
13130
13127
13132
13132
13132
13138
13134
13133
13138
13139
13135
13134
13132
13134
13129
13126
13123
13125
13125
13123
13126
13135
13135
13136
13131
13129
13138
13127
13130
13133
13127
13133
13131
13134
13137
13138
13138
13137
13130
13130
13131
13125
13131
13128
13128
13124
13123
13122
13130
13131
13133
13129
13129
13126
13130
13130
13140
13145
13145
13147
13144
13140
13141
13144
13135
13140
13145
13138
13135
13142
13145
13147
13150
13147
13146
13146
13147
13143
13132
13135
13128
13134
13134
13134
13136
13147
13145
13140
13150
13139
13136
13138
13124
13130
13119
13116
13125
13122
13127
13128
13138
13144
13139
13138
13136
13135
13138
13127
13124
13127
13133
13132
13133
13131
13136
13133
13142
13149
13135
13141
13143
13140
13144
13137
13133
13135
13127
13124
13126
13122
13118
13130
13133
13129
13134
13133
13135
13132
13132
13127
13127
13128
13127
13132
13132
13124
13133
13125
13115
13128
13122
13124
13121
13124
13131
13137
13132
13133
13134
13130
13130
13129
13130
13129
13024
12942
12883
12854
12840
12827
12828
12841
12850
12858
12866
12881
12898
12909
12921
12941
12951
12967
12982
12993
12999
13009
13027
13027
13025
13036
13039
13051
13055
13060
13070
13077
13075
13084
13082
13097
13095
13096
13093
13097
13098
13116
13110
13110
13112
13107
13097
13119
13116
13115
13116
13118
13126
13129
13125
13118
13125
13124
13123
13125
13123
13118
13130
13124
13124
13120
13119
13121
13119
13120
13120
13119
13122
13131
13125
13129
13137
13137
13139
13135
13135
13138
13135
13135
13137
13135
13131
13140
13135
13130
13127
13126
13122
13134
13126
13125
13126
13126
13124
13124
13121
13122
13128
13124
13130
13138
13145
13141
13138
13127
13126
13126
13132
13136
13125
13134
13133
13131
13142
13142
13142
13145
13137
13126
13126
13125
13126
13134
13133
13140
13139
13134
13136
13138
13134
13137
13134
13138
13134
13130
13133
13135
13135
13135
13130
13136
13129
13128
13130
13135
13134
13133
13131
13136
13129
13137
13139
13134
13140
13137
13137
13143
13134
13131
13133
13128
13133
13138
13129
13130
13141
13138
13146
13144
13139
13135
13137
13136
13134
13134
13125
13134
13145
13143
13133
13133
13141
13149
13140
13135
13135
13136
13131
13137
13129
13129
13128
13130
13128
13125
13129
13124
13122
13122
13131
13123
13125
13132
13125
13130
13119
13120
13130
13140
13139
13135
13140
13137
13143
13147
13145
13140
13140
13139
13138
13137
13137
13133
13137
13140
13149
13144
13140
13145
13137
13138
13136
13135
13133
13131
13134
13132
13120
13121
13126
13127
13128
13137
13142
13142
13137
13139
13139
13140
13134
13136
13135
13140
13134
13132
13129
13126
13130
13125
13127
13129
13122
13124
13124
13125
13126
13135
13133
13136
13133
13137
13130
13131
13131
13137
13141
13143
13139
13134
13134
13130
13131
13132
13137
13136
13133
13139
13126
13124
13114
13111
13112
13121
13114
13125
13125
13132
13140
13131
13133
13135
13134
13137
13139
13134
13129
13132
13128
13134
13128
13135
13136
13132
13137
13142
13141
13144
13140
13136
13137
13126
13122
13133
13134
13130
13132
13122
13120
13118
13117
13120
13122
13126
13131
13133
13131
12837
11945
11160
10706
10437
10326
10295
10346
10409
10520
10630
10764
10886
11027
11139
11270
11380
11501
11600
11698
11781
11867
11943
12036
12098
12169
12222
12281
12330
12383
12434
12479
12519
12558
12598
12633
12663
12697
12721
12750
12770
12797
12803
12818
12839
12858
12874
12890
12903
12915
12930
12943
12959
12968
12978
12987
12995
13005
13021
13028
13033
13041
13050
13059
13058
13062
13069
13073
13081
13086
13088
13087
13088
13084
13089
13090
13093
13087
13092
13097
13101
13109
13111
13112
13113
13114
13120
13112
13110
13105
13103
13110
13115
13113
13116
13118
13118
13123
13126
13125
13135
13132
13141
13148
13138
13134
13136
13131
13125
13132
13127
13126
13118
13118
13117
13118
13119
13111
13114
13117
13122
13126
13120
13118
13122
13128
13125
13114
13120
13121
13124
13125
13129
13122
13130
13120
13121
13128
13126
13122
13132
13127
13135
13142
13139
13138
13144
13134
13133
13132
13130
13135
13136
13143
13141
13135
13135
13127
13138
13136
13136
13141
13125
13122
13127
13126
13118
13121
13125
13128
13131
13126
13129
13133
13134
13138
13132
13138
13133
13138
13140
13132
13128
13129
13125
13132
13139
13137
13132
13138
13133
13133
13134
13138
13132
13125
13030
12929
12867
12835
12814
12826
12821
12835
12850
12858
12865
12877
12887
12897
12914
12935
12950
12956
12962
12974
12973
12991
12995
13010
13017
13027
13031
13049
13051
13053
13059
13061
13064
13073
13076
13072
13086
13092
13091
13089
13097
13097
13098
13101
13099
13102
13097
13096
13100
13097
13105
13106
13104
13113
13115
13114
13122
13118
13123
13126
13128
13131
13132
13124
13126
13119
13115
13124
13121
13117
13124
13123
13132
13133
13129
13122
13125
13126
13125
13128
13133
13134
13135
13142
13138
13143
13132
13137
13141
13142
13144
13145
13138
13141
13133
13133
13136
13137
13142
13147
13139
13134
13136
13136
13138
13131
13134
13137
13131
13130
13142
13137
13142
13139
13147
13143
13147
13146
13141
13150
13151
13149
13147
13142
13140
13148
13141
13134
13135
13136
13138
13131
13128
13118
13121
13119
13125
13118
13125
13140
13143
13142
13145
13138
13140
13138
13133
13133
13125
13123
13133
13128
13129
13129
13128
13129
13136
13136
13130
13128
13125
13134
13138
13134
13134
13138
13132
13136
13129
13129
13136
13132
13133
13140
13142
13141
13139
13141
13141
13138
13129
13126
13127
13127
13134
13129
13127
13138
13128
13134
13074
12969
12903
12863
12843
12843
12842
12849
12850
12860
12875
12888
12897
12915
12926
12948
12954
12969
12978
12992
13005
13011
13020
13022
13042
13045
13053
13051
13058
13053
13056
13063
13060
13072
13082
13084
13082
13094
13102
13102
13100
13096
13101
13097
13100
13108
13108
13103
13106
13107
13116
13118
13122
13122
13127
13137
13131
13132
13134
13129
13129
13127
13126
13127
13135
13137
13134
13130
13139
13141
13138
13137
13139
13137
13134
13127
13125
13134
13131
13134
13138
13127
13122
13129
13125
13128
13126
13128
13128
13128
13137
13135
13132
13125
13125
13129
13122
13119
13126
13129
13130
13128
13128
13134
13129
13126
13134
13120
13125
13127
13131
13132
13131
13129
13128
13134
13127
13129
13123
13121
13127
13131
13136
13139
13132
13137
13134
13140
13139
13133
13132
13131
13134
13131
13129
13136
13122
