13135
13140
13142
13129
13128
13131
13130
13126
13129
13131
13137
13132
13142
13131
13132
13130
13125
13128
13125
13125
13136
13132
13131
13137
13134
13136
13139
13137
13134
13135
13136
13139
13136
13138
13135
13138
13136
13130
13129
13132
13125
13129
13131
13118
13120
13126
13123
13120
13133
13132
13127
13126
13130
13124
13135
13140
13141
13136
13143
13136
13146
13139
13140
13138
13136
13140
13140
13139
13141
13139
13125
13119
13118
13122
13129
13138
13132
13132
13129
13133
13128
13128
13136
13130
13126
13129
13120
13127
13133
13128
13124
13128
13131
13125
13125
13132
13131
13139
13139
13138
13140
13134
13131
13136
13129
13129
13132
13128
13132
13142
13138
13140
13137
13134
13142
13138
13131
13129
13128
13137
13137
13131
13134
13131
13132
13130
13128
13134
13133
13133
13135
13136
13137
13132
13133
13135
13143
13142
13144
13144
13149
13139
13138
13138
13138
13139
13136
13138
13138
13137
13148
13146
13147
13146
13147
13143
13144
13146
13142
13144
13136
13139
13143
13148
13137
13134
13131
13128
13139
13133
13136
13135
13136
13136
13142
13142
13133
13130
13132
13126
13126
13122
13128
13126
13123
13125
13128
13132
13138
13136
13135
13126
13127
13127
13140
13138
13139
13137
13140
13141
13143
13132
13142
13135
13133
13134
13135
13142
13147
13143
13135
13135
13134
13140
13145
13138
13136
13139
13138
13136
13140
13132
13139
13142
13147
13144
13140
13139
13136
13134
13133
13140
13137
13135
13138
13135
13129
13130
13127
13132
13129
13126
13135
13126
13127
13134
13127
13122
13135
13139
13140
13137
13135
13137
13133
13142
13137
13135
13142
13140
13147
13143
13138
13142
13148
13143
13141
13138
13139
13133
13134
13139
13134
13135
13138
13128
13129
13122
13126
13127
13129
13128
13137
13138
13141
13145
13140
13137
13138
13130
13128
13125
13130
13132
13133
13132
13139
13136
13135
13133
13142
13128
13131
13138
13134
13138
13131
13133
13130
13135
13131
13126
13126
13129
13131
13126
13131
13139
13139
13138
13135
13128
13140
13134
13135
13127
13134
13136
13134
13136
13133
13135
13136
13137
13140
13142
13141
13140
13139
13135
13139
13132
13126
13125
13125
13127
13134
13126
13131
13129
13137
13136
13126
13130
13129
13137
13140
13136
13135
13137
13133
13127
13136
13127
13125
13129
13130
13136
13142
13141
13140
13134
13130
13135
13141
13142
13138
13134
13130
13128
13129
13128
13132
13136
13139
13137
13134
13133
13139
13138
13144
13142
13134
13136
13132
13131
13135
13141
13142
13142
13146
13141
13143
13147
13141
13138
13141
13142
13141
13138
13134
13135
13128
13123
13128
13131
13131
13128
13126
13132
13135
13130
13127
13128
13126
13125
13129
13124
13125
13125
13128
13133
13124
13133
13126
13127
13133
13131
13135
13143
13136
13134
13143
13132
13128
13131
13128
13131
13133
13138
13134
13136
13135
13132
13134
13139
13140
13143
13143
13151
13145
13135
13136
13134
13124
13130
13123
13127
13126
13128
13134
13135
13134
13140
13142
13141
13139
13133
13127
13136
13133
13136
13131
13133
13130
13133
13130
13130
13125
13124
13124
13130
13134
13128
13132
13132
13137
13135
13135
13136
13140
13127
12726
11804
10842
10087
9671
9433
9380
9390
9494
9609
9780
9937
10121
10260
10374
10475
10617
10744
10899
11011
11151
11258
11380
11489
11602
11689
11779
11862
11946
12015
12089
12148
12218
12270
12326
12373
12425
12463
12522
12565
12602
12635
12663
12696
12725
12742
12766
12790
12812
12833
12846
12863
12873
12890
12909
12924
12938
12954
12962
12962
12973
12971
12978
12988
12997
13004
13015
13023
13032
13040
13041
13041
13043
13051
13053
13062
13064
13077
13086
13089
13084
13093
13095
13094
13095
13099
13100
13101
13101
13102
13096
13110
13112
13112
13120
13118
13119
13122
13116
13113
13120
13117
13122
13130
13129
13127
13129
13133
13134
13138
13132
13133
13129
13132
13134
13129
13129
13121
13133
13126
13129
13127
13130
13127
13136
13134
13133
13133
13136
13138
13141
13142
13136
13133
13134
13134
13133
13135
13129
13124
13130
13133
13120
13132
13128
13125
13126
13129
13136
13137
13138
13134
13135
13133
13134
13134
13135
13134
13133
13123
13124
13126
13124
13125
13117
13116
13118
13118
13115
13117
13112
13123
13126
13131
13140
13138
13137
13141
13139
13139
13149
13137
13130
13137
13140
13139
13130
13134
13129
13129
13133
13131
13129
13130
13127
13135
13131
13131
13133
13129
13126
13137
13135
13136
13136
13136
13139
13144
13137
13139
13128
13130
13132
13132
13131
13126
13128
13134
13132
13125
13128
13126
13131
13138
13129
13131
13138
13136
13137
13139
13147
13140
13138
13141
13140
13132
13134
13126
13125
13124
13123
13123
13125
13129
13123
13134
13136
13135
13135
13135
13136
13144
13151
13146
13146
13141
13142
13141
13136
13132
13132
13122
13124
13131
13131
13135
13142
13150
13149
13142
13135
13132
13138
13141
13136
13132
13133
13134
13141
13135
13130
13132
13131
13134
13126
13119
13118
13122
13123
13133
13131
13137
13137
13135
13129
13133
13127
13131
13133
13126
13130
13132
13130
13136
13129
13134
13145
13148
13145
13144
13144
13143
13146
13146
13144
13148
13149
13145
13148
13143
13139
13139
13136
13137
13133
13127
13132
13130
13128
13132
13132
13133
13128
13129
13126
13127
13130
13137
13137
13142
13150
13148
13151
13148
13129
13128
13139
13139
13135
13140
13141
13139
13135
13138
13134
13132
13133
13133
13139
13135
13132
13132
13129
13138
13130
13126
13121
13126
13131
13123
13118
13130
13136
13145
13146
13138
13140
13143
13137
13138
13144
13140
13141
13148
13140
13139
13140
13138
13137
13137
13140
13138
13141
13140
13135
13137
13136
13130
13139
13135
13139
13138
13134
13137
13135
13140
13139
13137
13130
13136
13130
13135
13141
13139
13133
13144
13141
13147
13141
13139
13150
13141
13141
13148
13141
13137
13140
13133
13127
13122
13128
13133
13127
13140
13132
13132
13125
13123
13129
13125
13124
13134
13134
13132
13132
13138
13138
13141
13134
13137
13137
13132
13140
13139
13148
13140
13147
13154
13150
13143
13151
13143
13141
13141
13125
13131
13122
13121
13121
13124
13133
13136
13134
13138
13139
13138
13135
13128
13135
13129
13128
13129
13132
13133
13130
13133
13137
13134
13131
13134
13133
13137
13132
13131
13134
13135
13134
13145
13135
13131
13140
13131
13130
13143
13133
13134
13138
13149
13149
13145
13142
13134
13135
13135
13135
13131
13126
13128
13131
13129
13127
13125
13125
13131
13131
13128
13127
13133
