13122
13124
13120
13125
13118
13119
13123
13134
13133
13133
13132
13126
13127
13128
13128
13135
13136
13129
13130
13127
13125
13131
13126
13122
13125
13131
13125
13123
13125
13123
13129
13130
13129
13130
13129
13127
13134
13128
13123
13131
13128
13133
13128
13143
13139
13145
13144
13140
13136
13141
13140
13134
13137
13138
13137
13139
13133
13127
13133
13132
13127
13132
13130
13136
13142
13138
13134
13132
13134
13133
13137
13130
13133
13133
13127
13130
13138
13136
13134
13137
13129
13135
13134
13136
13140
13135
13139
13138
13133
13140
13142
13148
13150
13148
13139
13147
13139
13134
13139
13132
13130
13142
13140
13139
13135
13136
13140
13136
13134
13128
13131
13138
13140
13138
13139
13139
13142
13132
13142
13141
13139
13133
13130
13128
13131
13135
13128
13130
13125
13132
13136
13134
13136
13133
13131
13147
13140
13140
13145
13136
13134
13132
13130
13130
13126
13130
13135
13133
13132
13130
13128
13128
13126
13122
13124
13122
13128
13128
13138
13139
13131
13131
13132
13132
13133
13129
13125
13122
13120
13130
13124
13133
13133
13130
13129
13131
13121
13112
13113
13122
13126
13128
13131
13134
13141
13135
13144
13141
13137
13131
13132
13137
13136
13133
13129
13131
13129
13130
13124
13125
13128
13134
13134
13136
13128
13133
13136
13139
13130
13133
13138
13133
13143
13142
13135
13147
13149
13140
13146
13138
13129
13133
13132
13134
13139
13140
13139
13130
13125
13125
13124
13129
13123
13128
13130
13136
13145
13134
13136
13140
13134
13144
13142
13142
13134
13140
13134
13143
13137
13136
13141
13137
13136
13133
13124
13132
13130
13128
13135
13129
13131
13132
13121
13120
13123
13125
13135
13130
13131
13122
13125
13132
13140
13139
13137
13141
13146
13146
13144
13146
13141
13135
13133
13137
13135
13132
13132
13129
13126
13129
13126
13126
13128
13132
13130
13140
13139
13138
13145
13138
13142
13143
13128
13128
13131
13137
13134
13134
13141
13138
13143
13148
13147
13145
13135
13136
13137
13133
13137
13136
13135
13143
13140
13136
13139
13139
13143
13140
13129
13129
13133
13134
13141
13132
13133
13147
13138
13134
13140
13136
13134
13139
13137
13136
13132
13130
13132
13132
13131
13135
13137
13136
13132
13131
13125
13132
13139
13138
13137
13141
13142
13148
13141
13138
13135
13140
13140
13146
13144
13139
13140
13141
13138
13143
13140
13145
13140
13131
13133
13124
13123
13131
13124
13127
13128
13136
13126
13126
13134
13132
13134
13142
13142
13142
13137
13139
13139
13132
13136
13136
13128
13131
13123
13126
13118
13121
13116
13121
13114
13123
13125
13127
13124
13123
13116
13121
13122
13125
13128
13128
13136
13141
13143
13141
13136
13144
13143
13138
13142
13143
13138
13139
13136
13129
13121
13123
13135
13135
13138
13142
13140
13141
13145
13148
13148
13137
13137
13140
13135
13140
13138
13131
13135
13131
13129
13144
13134
13138
13148
13139
13141
13136
13127
13132
13131
13134
13134
13129
13131
13135
13135
13130
13126
13128
13134
13133
13142
13133
13134
13139
13141
13139
13127
13133
13137
13141
13135
13137
13133
13127
13128
13129
13131
13130
13123
13123
13123
13122
13127
13122
13134
13143
13131
13084
12512
12019
11631
11392
11283
11233
11241
11278
11346
11394
11432
11488
11568
11632
11716
11781
11858
11925
12007
12076
12142
12205
12271
12329
12387
12429
12471
12515
12559
12594
12626
12658
12682
12706
12739
12757
12787
12813
12832
12853
12871
12880
12901
12914
12934
12936
12950
12966
12974
12987
12991
13004
13015
13011
13024
13028
13038
13051
13052
13044
13054
13068
13065
13082
13077
13090
13087
13088
13097
13100
13098
13102
13102
13108
13116
13111
13112
13115
13113
13114
13118
13114
13114
13121
13073
12959
12890
12859
12837
12818
12816
12822
12835
12844
12859
12880
12892
12910
12918
12938
12951
12967
12978
12987
12994
13000
13004
13018
13024
13032
13039
13051
13051
13052
13056
13057
13059
13069
13079
13080
13087
13088
13090
13100
13099
13098
13097
13097
13094
13101
13104
13101
13110
13111
13115
13124
13119
13127
13129
13129
13132
13131
13128
13132
13123
13135
13134
13136
13141
13140
13139
13135
13132
13124
13129
13121
13123
13126
13121
13126
13124
13130
13126
13127
13127
13122
13121
13123
13112
13114
13111
13118
13125
13128
13121
13123
13120
13130
13128
13132
13134
13137
13135
13140
13129
13133
13135
13137
13138
13135
13134
13140
13140
13140
13143
13141
13139
13142
13135
13135
13132
13135
13129
13132
13135
13137
13139
13145
13144
13139
13141
13137
13138
13135
13127
13132
13139
13138
13134
13133
13134
13138
13146
13143
13141
13137
13148
13139
13143
13141
13136
13137
13135
13133
13141
13138
13135
13138
13141
13138
13137
13135
13133
13132
13132
13131
13133
13132
13135
13125
13124
13122
13126
13129
13126
13126
13121
13122
13122
13134
13136
13132
13135
13136
13128
13129
13120
13119
13119
13123
13128
13133
13126
13126
13140
13137
13140
13142
13139
13134
13135
13133
13135
13134
13137
13129
13125
13123
13122
13124
13125
13128
13137
13138
13147
13147
13134
13137
13133
13139
13132
13133
13141
13142
13139
13137
13130
13131
13141
13137
13133
13138
13134
13123
13131
13122
13123
13131
13122
13126
13124
13132
13137
13148
13152
13147
13143
13144
13144
13141
13139
13139
13143
13144
13145
13147
13143
13142
13142
13144
13141
13137
13135
13138
13134
13136
13144
13136
13134
13137
13132
13132
13127
13132
13130
13130
13128
13134
13127
13127
13133
13138
13136
13135
13144
13142
13146
13150
13149
13151
13146
13135
13152
13145
13139
13137
13131
13140
13136
13138
13140
13147
13142
13157
13149
13154
13142
13148
13157
13151
13141
13141
13134
13131
13134
13135
13130
13134
13138
13137
13136
13138
13135
13131
13128
13122
13125
13131
13126
13132
13132
13127
13137
13140
13141
13142
13140
13138
13138
13139
13136
13136
13138
13136
13135
13132
13142
13142
13138
13138
13132
13135
13130
13132
13134
13127
13122
13134
13130
13133
13134
13137
13137
13136
13140
13136
13138
13134
13137
13136
13135
13141
13145
13140
13138
13135
13138
13136
13126
13131
13129
13127
13134
13134
13129
13136
13137
13141
13140
13144
13136
13133
13136
13135
13138
13129
13131
13137
13139
13141
13141
13135
13129
13128
13129
13129
13126
13132
13128
13132
13127
13127
13123
13125
13129
13134
13126
13131
13129
13133
13133
13133
13133
13140
13137
13147
13156
13156
13149
13148
13150
13155
13163
13149
13149
13145
13144
13147
13141
13136
13132
13135
13136
13137
13144
13132
