13129
13127
13129
13136
13138
13137
13135
13133
13135
13134
13139
13126
13136
13131
13137
13134
13137
13138
13139
13129
13132
13127
13122
13135
13132
13138
13131
13125
13120
13121
13127
13136
13135
13129
13133
13138
13139
13144
13136
13141
13146
13147
13143
13144
13141
13137
13136
13137
13132
13135
13137
13137
13146
13145
13138
13138
13136
13139
13138
13137
13134
13137
13137
13137
13128
13129
13138
13136
13139
13137
13137
13146
13137
13130
13133
13131
13134
13140
13140
13143
13142
13141
13146
13137
13137
13139
13128
13132
13131
13128
13125
13135
13139
13137
13139
13142
13135
13138
13139
13140
13129
13132
13129
13132
13131
13135
13134
13139
13133
13134
13133
13140
13131
13131
13137
13124
13121
13127
13127
13133
13134
13137
13138
13133
13133
13136
13137
13136
13135
13135
13136
13140
13142
13138
13138
13143
13149
13140
13138
13135
13135
13126
13123
13126
13119
13128
13133
13132
13128
13127
13127
13134
13134
13123
13138
13137
13141
13147
13137
13138
13147
13143
13149
13140
13141
13141
13149
13146
13137
13138
13139
13138
13142
13139
13133
13134
13134
13132
13127
13127
13125
13126
13128
13138
13132
13132
13129
13133
13134
13132
13132
13138
13136
13138
13143
13139
13127
13139
13132
13129
13132
13136
13129
13129
13135
13138
13136
13137
13134
13137
13134
13135
13137
13128
13129
13125
13120
13124
13126
13128
13128
13130
13132
13137
13138
13138
13139
13136
13140
13148
13148
13149
13137
13139
13145
13137
13130
13135
13128
13138
13140
13135
13129
13135
13136
13133
13128
13131
13136
13128
13132
13138
13138
13139
13139
13146
13145
13139
13129
13136
13138
13132
13135
13137
13133
13129
13133
13122
13121
13128
13125
13136
13138
13132
13140
13132
13127
13137
13135
13132
13134
13140
13143
13146
13146
13142
13146
13140
13135
13142
13139
13132
13133
13134
13129
13134
13131
13133
13134
13132
13137
13132
13131
13135
13128
13138
13142
13135
13145
13147
13145
13146
13141
13135
13135
13129
13132
13134
13134
13138
13141
13141
13140
13140
13135
13137
13132
13136
13133
13140
13130
13130
13137
13133
13132
13133
13131
13142
13141
13138
13132
13132
13134
13134
13131
13132
13123
13123
13134
13131
13125
13127
13127
13126
13133
13131
13131
13136
13137
13141
13140
13137
13131
13133
13135
13137
13137
13139
13143
13145
13140
13138
13139
13135
13128
13131
13129
13128
13124
13128
13128
13136
13138
13138
13134
13134
13131
13134
13123
13122
13118
13118
13125
13122
13120
13118
13118
13119
13118
13122
13133
13133
13135
13133
13134
13131
13129
13138
13138
13139
13134
13134
13136
13120
13124
13127
13129
13126
13130
13129
13133
13136
13127
13125
13117
13123
13131
13128
13136
13133
13129
13133
13130
13129
13132
13124
13129
13129
13129
13135
13127
13131
13140
13149
13148
13150
13149
13152
13139
13141
13133
13132
13141
13134
13128
13133
13131
13132
13134
13131
13132
13136
13135
13143
13136
13140
13143
13134
13135
13134
13136
13138
13142
13144
13150
13137
13137
13143
13134
13132
13137
13137
13137
13137
13131
13133
13130
13134
13132
13127
13128
13122
13126
13126
13121
13125
13116
13124
13127
13126
13124
13121
13124
13124
13126
13135
13135
13094
12701
12089
11675
11416
11281
11220
11230
11137
11124
11138
11206
11267
11356
11444
11535
11617
11715
11794
11885
11957
12030
12096
12173
12230
12295
12337
12388
12438
12484
12527
12565
12595
12626
12654
12689
12716
12738
12770
12798
12820
12836
12853
12872
12893
12905
12919
12934
12936
12956
12967
12982
12989
12998
13004
13012
13019
13024
13033
13045
13046
13051
13053
13057
13060
13072
13069
13069
13074
13075
13086
13086
13089
13091
13093
13098
13104
13101
13110
13118
13112
13113
13110
13112
13120
13116
13119
13125
13117
13113
13125
13121
13118
13120
13120
13126
13126
13126
13126
13133
13142
13135
13133
13132
13128
13132
13129
13121
13125
13130
13136
13138
13140
13139
13145
13143
13138
13132
13135
13142
13140
13138
13138
13139
13148
13142
13134
13142
13133
13141
13144
13135
13139
13138
13142
13142
13142
13141
13135
13137
13134
13133
13132
13126
13122
13131
13130
13130
13130
13129
13132
13129
13130
13127
13128
13132
13138
13137
13137
13135
13138
13138
13134
13138
13139
13136
13128
13128
13123
13115
13124
13118
13124
13124
13132
13139
13137
13142
13134
13134
13137
13129
13124
13129
13124
13128
13121
13122
13123
13123
13125
13135
13132
13127
13131
13137
13135
13132
13133
13135
13133
13131
13132
13137
13144
13134
13133
13143
13139
13139
13141
13131
13124
13120
13121
13121
13127
13130
13135
13140
13147
13149
13147
13143
13139
13143
13139
13135
13136
13136
13135
13139
13137
13139
13137
13138
13138
13142
13141
13142
13138
13136
13136
13137
13137
13133
13127
13065
12950
12884
12844
12822
12808
12811
12822
12834
12850
12866
12867
12883
12905
12918
12931
12939
12950
12973
12978
12992
12996
13006
13007
13024
13028
13033
13036
13040
13047
13054
13068
13070
13066
13066
13074
13078
13085
13089
13090
13096
13092
13097
13099
13098
13095
13100
13100
13107
13107
13110
13115
13123
13117
13124
13119
13127
13128
13135
13126
13122
13120
13122
13123
13121
13115
13112
13112
13117
13121
13119
13123
13128
13131
13133
13132
13134
13141
13140
13132
13142
13135
13125
13134
13133
13137
13139
13133
13133
13136
13138
13136
13139
13138
13131
13136
13140
13136
13137
13137
13137
13138
13139
13135
13142
13149
13148
13142
13139
13140
13136
13145
13146
13144
13139
13138
13136
13142
13134
13133
13139
13138
13135
13139
13130
13128
13132
13133
13138
13136
13130
13121
13123
13127
13131
13127
13123
13124
13133
13133
13132
13133
13127
13133
13137
13141
13141
13133
13135
13140
13138
13134
13134
13131
13135
13130
13133
13139
13134
13127
13138
13137
13135
13145
13143
13138
13146
13144
13151
13145
13143
13138
13144
13141
13135
13138
13136
13132
13139
13129
13126
13132
13133
13137
13139
13134
13131
13136
13130
13138
13135
13133
13133
13135
13130
13129
13125
13123
13123
13118
13129
13129
13124
13125
13125
13127
13131
13130
13129
13137
13144
13138
13138
13144
13149
13145
13140
13137
13143
13139
13141
13141
13137
13137
13135
13134
13137
13130
13136
13140
13134
13131
13127
13124
13133
13134
13141
13147
13147
13141
13148
13139
13128
13133
13130
13132
13137
13134
13134
13139
13140
13137
13137
13133
13130
13126
13128
13123
13134
13128
13123
13135
13132
13133
13132
13133
13137
13133
13137
13137
13145
13135
13135
13133
13136
13139
