13129
13123
13124
13124
13131
13134
13136
13136
13135
13143
13141
13143
13143
13143
13144
13148
13147
13146
13146
13150
13150
13148
13145
13149
13145
13138
13136
13140
13142
13140
13139
13134
13128
13127
13132
13124
13122
13129
13124
13132
13135
13130
13140
13137
13136
13139
13134
13139
13138
13141
13137
13139
13135
13138
13136
13138
13147
13149
13151
13153
13153
13154
13155
13153
13138
13140
13132
13134
13139
13141
13142
13148
13138
13141
13144
13143
13150
13151
13153
13155
13149
13143
13147
13133
13129
13128
13127
13138
13135
13136
13135
13135
13131
13133
13127
13123
13125
13119
13116
13122
13126
13121
13120
13125
13120
13126
13130
13135
13139
13133
13138
13148
13141
13148
13145
13142
13147
13143
13147
13139
13135
13127
13127
13127
13122
13123
13122
13122
13130
13134
13140
13145
13141
13139
13142
13142
13138
13142
13145
13139
13136
13126
13133
13138
13135
13132
13132
13124
13125
13131
13131
13138
13137
13136
13138
13134
13135
13129
13131
13143
13132
13131
13133
13135
13135
13146
13143
13142
13144
13141
13137
13133
13132
13131
13128
13131
13127
13124
13115
13120
13120
13116
13117
13115
13125
13123
13124
13125
13129
13132
13129
13142
13141
13138
13145
13139
13137
13141
13137
13144
13150
13144
13150
13135
13132
13139
13131
13140
13140
13143
13149
13146
13151
13139
13141
13138
13136
13137
13139
13137
13136
13130
13131
13141
13139
13133
13128
13133
13133
13128
13132
13132
13133
13136
13128
13122
13133
13134
13135
13150
13143
13140
13149
13146
13145
13144
13139
13136
13136
13138
13137
13135
13132
13125
13124
13133
13138
13140
13137
13138
13143
13141
13147
13144
13150
13151
13145
13149
13141
13136
13134
13137
13133
13134
13134
13121
13119
13127
13121
13128
13123
13121
13136
13127
13133
13138
13140
13143
13139
13138
13145
13140
13150
13144
13145
13142
13140
13140
13144
13147
13154
13142
13139
13137
13132
13129
13127
13133
13138
13138
13140
13141
13140
13135
13139
13135
13136
13141
13149
13149
13142
13134
13140
13139
13141
13145
13138
13136
13133
13127
13122
13125
13131
13130
13132
13136
13135
13133
13129
13129
13123
13123
13128
13124
13125
13127
13134
13138
13137
13137
13135
13137
13131
13138
13140
13133
13140
13135
13138
13144
13138
13133
13146
13143
13144
13141
13136
13136
13142
13137
13143
13142
13145
13143
13147
13145
13138
13144
13142
13140
13152
13153
13145
13150
13150
13144
13139
13133
13132
13136
13135
13136
13132
13133
13135
13134
13138
13137
13141
13141
13137
13133
13134
13131
13133
13134
13133
13134
13139
13138
13147
13146
13151
13141
13145
13149
13146
13145
13136
13133
13141
13141
13138
13131
13133
13129
13126
13126
13131
13133
13125
13123
13116
13121
13122
13124
13128
13130
13131
13134
13141
13138
13141
13139
13141
13140
13140
13139
13143
13145
13145
13138
13138
13129
13131
13134
13129
13126
13121
13128
13137
13128
13130
13129
13132
13137
13146
13144
13143
13135
13144
13146
13143
13146
13136
13137
13140
13139
13128
13134
13132
13134
13145
13147
13140
13140
13141
13139
13141
13140
13136
13131
13131
13129
13127
13121
13113
13114
13117
13124
13131
13126
13126
13127
13132
12937
12297
11771
11487
11314
11238
11216
11253
11300
11390
11466
11557
11637
11731
11811
11894
11963
12045
12096
12165
12224
12283
12329
12390
12432
12473
12504
12549
12584
12631
12655
12693
12717
12743
12774
12808
12818
12841
12857
12874
12889
12898
12916
12933
12947
12958
12969
12978
12994
13003
13011
13019
13027
13028
13040
13038
13039
13054
13052
13052
13067
13062
13064
13079
13085
13089
13095
13095
13092
13094
13107
13101
13107
13106
13103
13103
13104
13107
13114
13110
13116
13112
13115
13116
13116
13125
13122
13116
13126
13124
13129
13126
13129
13133
13143
13130
13122
13134
13124
13122
13131
13122
13119
13131
13139
13142
13131
13131
13128
13125
13122
13123
13122
13122
13116
13123
13114
13118
13120
13121
13127
13124
13125
13127
13133
13135
13137
13136
13141
13147
13144
13152
13148
13146
13161
13152
13143
13153
13144
13138
13139
13129
13125
13122
13123
13127
13124
13126
13133
13141
13152
13149
13149
13149
13143
13144
13136
13135
13131
13133
13139
13131
13128
13127
13124
13124
13124
13117
13121
13121
13126
13131
13124
13125
13134
13131
13127
13133
13136
13133
13134
13137
13139
13144
13143
13142
13138
13142
13143
13147
13154
13144
13150
13143
13140
13144
13139
13137
13146
13141
13146
13143
13139
13141
13139
13141
13140
13137
13135
13138
13131
13129
13130
13127
13135
13137
13134
13137
13130
13127
13125
13119
13126
13126
13125
13122
13124
13132
13134
13132
13137
13134
13142
13139
13141
13151
13147
13144
13142
13136
13131
13129
13134
13139
13139
13143
13147
13141
13139
13145
13140
13146
13145
13145
13142
13138
13142
13143
13141
13136
13142
13136
13136
13139
13138
13133
13129
13130
13127
13131
13132
13134
13136
13143
13136
13145
13137
13128
13130
13135
13131
13134
13132
13131
13130
13134
13138
13137
13132
13134
13138
13142
13147
13145
13147
13139
13143
13146
13139
13136
13147
13141
13136
13129
13130
13128
13132
13129
13120
13119
13133
13132
13132
13125
13126
13126
13131
13134
13134
13124
13128
13127
13131
13136
13131
13131
13131
13126
13133
13126
13126
13131
13133
13128
13136
13139
13139
13143
13137
13134
13136
13132
13127
13134
13130
13129
13131
13125
13129
13127
13135
13138
13135
13135
13141
13137
13143
13139
13140
13131
13141
13135
13133
13132
13135
13135
13140
13138
13139
13140
13139
13137
13137
13131
13132
13130
13133
13138
13132
13135
13138
13125
13130
13125
13121
13117
13118
13118
13118
13126
13132
13139
13136
13137
13126
13133
13126
13129
13134
13136
13139
13142
13138
13139
13122
13130
13132
13118
13121
13120
13118
13127
13124
13128
13138
13139
13137
13141
13136
13134
13134
13130
13124
13132
13138
13139
13140
13140
13136
13139
13151
13145
13140
13142
13138
13142
13144
13148
13143
13143
13149
13146
13137
13144
13138
13137
13149
13139
13146
13143
13141
13149
13144
13141
13133
13129
13129
13131
13131
13126
13132
13127
13120
13129
13133
13136
13134
13145
13141
13143
13137
13135
13132
13128
13127
13134
13122
13119
13126
13122
13123
13122
13122
13125
13126
13131
13144
13141
13152
13150
13149
13151
13147
13139
13142
13133
13128
13139
13133
13123
13135
13136
13142
13146
13143
13146
13142
13146
13143
13140
13140
13136
13133
13135
13138
13143
13140
13135
13138
13139
13137
13137
13133
13135
13136
