13136
13144
13137
13138
13142
13143
13145
13146
13142
13143
13138
13137
13138
13128
13124
13126
13124
13129
13131
13131
13133
13134
13137
13136
13131
13137
13147
13149
13143
13139
13138
13138
13144
13145
13145
13136
13142
13138
13141
13133
13133
13134
13121
13119
13125
13126
13125
13132
13137
13136
13128
13127
13132
13132
13131
13130
13134
13138
13140
13138
13136
13138
13139
13144
13142
13137
13145
13139
13130
13130
13127
13129
13134
13130
13131
13132
13141
13132
13136
13136
13135
13132
13133
13122
13125
13121
13123
13129
13119
13127
13129
13129
13130
13137
13140
13146
13144
13147
13146
13140
13146
13142
13141
13146
13137
13135
13138
13130
13128
13133
13135
13134
13138
13137
13140
13133
13133
13130
13129
13132
13130
13125
13120
13121
13130
13131
13136
13136
13142
13139
13149
13143
13145
13133
13133
13137
13131
13135
13134
13134
13126
13126
13123
13125
13116
13120
13129
13121
13126
13127
13127
13130
13136
13129
13135
13124
13129
13130
13135
13134
13130
13125
13125
13127
13135
13129
13135
13137
13131
13133
13135
13136
13136
13135
13126
13132
13132
13137
13135
13132
13122
13124
13123
13131
13123
13116
13130
13127
13135
13139
13138
13137
13140
13139
13142
13143
13141
13138
13139
13143
13138
13141
13137
13135
13141
13131
13125
13131
13128
13132
13126
13127
13129
13123
13120
13130
13127
13129
13128
13130
13130
13135
13134
13135
13134
13130
13139
13140
13132
13130
13130
13134
13133
13136
13132
13131
13134
13133
13133
13131
13127
13124
13132
13137
13143
13136
13129
13137
13134
13131
13137
13132
13135
13126
13133
13135
13133
13129
13126
13125
13129
13128
13123
13126
13112
13110
13117
13109
13102
13109
13115
13120
13127
13132
13128
13124
13125
13124
13127
13131
13130
13134
13135
13127
13140
13129
13125
13123
13128
13127
13130
13124
13131
13136
13136
13132
13130
13126
13135
13137
13141
13137
13146
13147
13138
13134
13138
13132
13134
13143
13139
13135
13132
13134
13132
13131
13132
13138
13137
13142
13139
13143
13142
13147
13156
13148
13142
13143
13147
13141
13130
13124
13118
13123
13125
13126
13125
13124
13126
13123
13127
13130
13131
13132
13126
13132
13139
13125
13133
13132
13124
13130
13132
13122
13125
13123
13119
13121
13114
13116
13119
13125
13122
13118
13128
13124
13128
13133
13135
13139
13143
13133
13136
13137
13137
13136
13129
13132
13133
13132
13129
13130
13126
13129
13126
13120
13124
13122
13131
13132
13132
13132
13132
13135
13136
13136
13142
13142
13145
13146
13142
13140
13137
13133
13144
13135
13131
13129
13127
13129
13136
13137
13142
13136
13136
13142
13141
13146
13143
13144
13144
13146
13138
13139
13129
13126
13128
13120
13128
13132
13124
13123
13132
13140
13142
13145
13146
13144
13146
13141
13130
13130
13126
13124
13137
13131
13129
13132
13137
13137
13136
13138
13139
13130
13127
13123
13117
13126
13133
13129
13136
13141
13139
13144
13141
13144
13150
13141
13136
13133
13133
13137
13138
13138
13137
13130
13129
13133
13133
13141
13140
13135
13128
13122
13126
13123
13123
13130
13133
13139
13135
13145
13149
13147
13139
13135
13135
13140
13133
13138
13139
13142
13140
12985
12409
11488
10536
9844
9389
9137
9034
8888
8904
8964
9110
9266
9466
9637
9850
10025
10223
10386
10561
10709
10870
11006
11155
11274
11402
11503
11612
11704
11804
11889
11969
12042
12108
12173
12240
12300
12355
12408
12455
12499
12534
12567
12607
12630
12663
12687
12717
12741
12761
12773
12803
12821
12838
12855
12872
12885
12904
12912
12924
12932
12945
12954
12958
12972
12978
12993
12996
13008
13024
13039
13042
13049
13048
13056
13061
13060
13065
13074
13080
13084
13085
13075
13084
13091
13086
13097
13094
13098
13105
13107
13109
13112
13106
13104
13114
13111
13111
13116
13119
13123
13126
13118
13117
13117
13116
13124
13121
13123
13128
13128
13129
13123
13119
13117
13125
13122
13120
13124
13123
13135
13138
13138
13146
13141
13138
13137
13133
13132
13135
13138
13135
13137
13145
13142
13142
13140
13139
13142
13147
13138
13134
13122
13125
13137
13136
13136
13135
13135
13132
13130
13123
13123
13117
13125
13127
13125
13126
13130
13134
13142
13136
13138
13141
13144
13139
13146
13137
13132
13141
13144
13145
13147
13146
13139
13137
13137
13137
13139
13136
13140
13148
13147
13149
13155
13151
13152
13154
13150
13145
13139
13137
13139
13136
13134
13135
13134
13130
13126
13131
13132
13128
13125
13136
13137
13130
13138
13135
13139
13142
13143
13142
13149
13143
13147
13137
13140
13134
13137
13136
13140
13143
13137
13130
13138
13141
13135
13133
13132
13136
13137
13137
13135
13130
13136
13134
13138
13132
13130
13126
13138
13137
13130
13134
13129
13132
13141
13134
13126
13127
13127
13133
13126
13134
13138
13130
13138
13136
13139
13145
13134
13143
13142
13143
13150
13148
13143
13144
13142
13136
13130
13131
13131
13125
13005
12922
12855
12819
12807
12803
12810
12812
12824
12838
12851
12862
12885
12897
12903
12927
12933
12947
12962
12973
12981
12991
13001
13008
13012
13018
13023
13041
13043
13050
13058
13067
13073
13076
13075
13074
13077
13085
13090
13094
13100
13100
13100
13100
13104
13101
13108
13112
13109
13116
13118
13117
13123
13121
13125
13127
13125
13131
13132
13124
13123
13123
13122
13124
13125
13122
13120
13132
13123
13121
13124
13120
13123
13118
13121
13116
13115
13120
13123
13126
13130
13137
13138
13139
13136
13139
13142
13138
13133
13130
13129
13128
13131
13125
13128
13131
13131
13129
13129
13134
13138
13139
13140
13140
13140
13133
13136
13141
13137
13138
13138
13131
13136
13138
13136
13143
13145
13139
13138
13141
13147
13137
13138
13136
13133
13135
13139
13133
13132
13133
13131
13122
13127
13125
13124
13131
13127
13124
13119
13110
13117
13117
13132
13125
13123
13123
13124
13125
13116
13110
13117
13115
13124
13126
13127
13132
13137
13134
13131
13117
13122
13124
13124
13125
13130
13142
13155
13152
13148
13155
13150
13144
13150
13152
13142
13150
13146
13144
13145
13138
13136
13130
13134
13135
13136
13138
13137
13139
13136
13128
13128
13139
13134
13136
13132
13126
13122
13118
13122
13123
13125
13131
13125
13130
13131
13130
13134
13134
13133
13138
13139
13138
13137
13132
13128
13131
13129
13129
13123
13122
13122
13124
13128
13129
13129
13130
13131
13141
13128
13128
13132
13129
13134
13126
13126
13127
13127
13127
13121
13119
13126
13129
13131
13130
13129
13127
13126
13122
13122
13131
13132
13122
13137
