13125
13125
13134
13138
13133
13129
13125
13124
13125
13123
13134
13130
13128
13137
13136
13136
13144
13142
13149
13139
13141
13136
13134
13130
13123
13121
13122
13122
13129
13129
13129
13138
13138
13136
13137
13134
13130
13129
13122
13125
13120
13121
13122
13126
13128
13127
13130
13136
13130
13132
13140
13138
13139
13147
13142
13146
13138
13138
13144
13134
13142
13140
13138
13137
13138
13137
13133
13136
13136
13137
13137
13143
13140
13152
13153
13143
13141
13143
13141
13147
13136
13138
13141
13139
13136
13137
13139
13140
13135
13132
13141
13129
13121
13119
13113
13119
13117
13119
13121
13122
13133
13139
13141
13147
13140
13139
13141
13141
13151
13139
13135
13136
13131
13137
13139
13134
13127
13125
13119
13131
13128
13134
13135
13128
13134
13134
13125
13124
13122
13133
13146
13140
13140
13134
13130
13134
13144
13138
13137
13138
13135
13134
13139
13137
13128
13120
13126
13132
13141
13134
13131
13132
13132
13134
13128
13130
13138
13139
13154
13158
13158
13155
13160
13157
13147
13144
13142
13145
13142
13138
13145
13147
13144
13140
13133
13134
13137
13141
13135
13132
13128
13128
13129
13136
13126
13130
13128
13135
13139
13129
13122
13124
13120
13121
13118
13121
13122
13123
13126
13124
13118
13121
13120
13115
13123
13123
13133
13139
13142
13132
13133
13125
13125
13123
13126
13117
13121
13124
13131
13130
13132
13125
13122
13130
13134
13131
13130
13128
13131
13121
13116
13119
13120
13123
13122
13119
13123
13129
13126
13135
13144
13149
13158
13145
13152
13145
13150
13152
13146
13134
13134
13127
13120
13130
13124
13124
13125
13133
13137
13139
13138
13132
13130
13134
13126
13125
13124
13122
13122
13119
13120
13134
13129
13126
13121
13122
13131
13139
13143
13152
13144
13147
13142
13137
13136
13131
13136
13141
13136
13133
13135
13130
13136
13104
12966
12895
12851
12828
12817
12821
12827
12826
12843
12866
12877
12887
12902
12914
12933
12932
12945
12958
12970
12987
12995
12998
13017
13028
13038
13050
13050
13057
13057
13054
13064
13063
13067
13079
13084
13086
13094
13094
13097
13106
13108
13111
13112
13118
13121
13114
13116
13117
13119
13124
13118
13120
13125
13129
13138
13133
13128
13133
13133
13135
13134
13134
13136
13141
13136
13131
13118
13111
13111
13125
13125
13125
13129
13137
13128
13132
13137
13133
13124
13137
13138
13136
13135
13134
13134
13133
13128
13120
13127
13130
13128
13128
13130
13130
13131
13123
13123
13132
13126
13124
13128
13133
13137
13137
13135
13136
13127
13129
13136
13125
13138
13133
13134
13140
13128
13127
13131
13125
13124
13136
13130
13129
13132
13132
13129
13135
13137
13138
13139
13139
13136
13142
13131
13133
13133
13133
13132
13129
13130
13129
13129
13136
13135
13129
13127
13132
13135
13132
13135
13136
13140
13140
13146
13144
13145
13133
13135
13138
13133
13137
13140
13138
13138
13134
13134
13138
13136
13132
13131
13140
13137
13137
13129
13126
13136
13129
13123
13126
13126
13126
13128
13134
13137
13137
13135
13140
13135
13133
13136
13133
13134
13135
13133
13135
13124
13125
13125
13129
13132
13140
13134
13133
13128
13132
13141
13141
13151
13140
13138
13145
13144
13144
13055
12630
12274
12048
11924
11857
11843
11846
11893
11932
11987
12035
12104
12163
12227
12283
12338
12385
12444
12488
12533
12571
12607
12634
12675
12703
12738
12757
12777
12798
12823
12844
12861
12879
12887
12907
12916
12930
12945
12956
12964
12981
13002
13006
13006
13009
13013
13025
13034
13034
13037
13046
13060
13068
13071
13078
13086
13092
13092
13097
13088
13096
13092
13082
13092
13089
13094
13096
13093
13100
13095
13100
13097
13105
13104
13103
13106
13118
13113
13116
13123
13124
13133
13130
13134
13131
13133
13132
13127
13123
13122
13121
13122
13126
13127
13134
13139
13136
13140
13138
13136
13141
13139
13135
13139
13129
13126
13132
13126
13121
13124
13121
13116
13122
13122
13117
13119
13123
13126
13127
13130
13135
13130
13132
13133
13133
13132
13134
13137
13143
13140
13144
13138
13145
13139
13139
13136
13138
13140
13142
13139
13147
13135
13137
13135
13141
13138
13143
13136
13136
13136
13134
13132
13135
13126
13125
13129
13133
13128
13127
13125
13121
13118
13116
13111
13119
13115
13126
13130
13136
13135
13136
13144
13144
13144
13155
13155
13148
13146
13149
13149
13149
13140
13135
13144
13139
13141
13138
13130
13131
13131
13136
13135
13142
13144
13139
13145
13147
13147
13148
13141
13143
13150
13139
13133
13138
13136
13144
13151
13144
13150
13147
13148
13147
13139
13142
13145
13147
13153
13154
13155
13145
13142
13140
13144
13137
13139
13136
13133
13137
13143
13136
13139
13133
13128
13129
13125
13126
13126
13129
13127
13124
13128
13127
13121
13129
13129
13134
13133
13136
13134
13137
13142
13148
13143
13145
13151
13143
13146
13143
13137
13139
13131
13127
13138
13132
13133
13132
13132
13126
13127
13130
13138
13135
13141
13132
13129
13125
13135
13136
13133
13130
13135
13136
13136
13142
13137
13137
13135
13132
13133
13134
13125
13123
13123
13124
13132
13136
13141
13140
13141
13149
13147
13141
13142
13141
13132
13133
13132
13135
13140
13133
13131
13131
13123
13121
13123
13128
13125
13129
13129
13133
13134
13132
13129
13137
13129
13132
13137
13136
13134
13132
13128
13138
13139
13134
13140
13143
13149
13142
13143
13144
13139
13133
13137
13133
13130
13135
13123
13130
13128
13131
13134
13130
13136
13136
13130
13138
13132
13133
13126
13129
13136
13129
13124
13135
13130
13123
13126
13125
13122
13119
13118
13122
13115
13118
13125
13119
13119
13124
13122
13132
13125
13122
13131
13124
13123
13129
13124
13122
13132
13134
13134
13127
13131
13130
13122
13125
13123
13126
13124
13127
13131
13132
13133
13128
13132
13128
13122
13122
13124
13122
13124
13128
13123
13134
13127
13123
13126
13128
13125
13128
13124
13129
13133
13132
13126
13129
13130
13131
13136
13135
13133
13135
13135
13134
13132
13131
13125
13132
13136
13138
13147
13138
13134
13145
13147
13145
13140
13140
13135
13138
13135
13133
13130
13129
13132
13134
13142
13142
13139
13134
13138
13134
13140
13139
13134
13137
13139
13138
13140
13135
13130
13130
13134
13137
13137
13140
13136
13137
13138
13135
13135
13128
13126
13133
13129
13126
13127
13138
13133
13132
13134
13138
13135
13140
13144
13135
13133
13132
13132
13138
13138
13131
13134
13124
13121
13127
13129
13138
13142
13139
13138
13139
13143
13138
13136
13139
13138
13138
13140
13136
13138
13131
