13132
13127
13124
13124
13131
13128
13129
13134
13139
13141
13141
13136
13141
13141
13137
13141
13136
13133
13137
13138
13142
13142
13140
13141
13130
13129
13131
13130
13132
13134
13130
13130
13134
13132
13130
13132
13123
13126
13135
13137
13128
13126
13121
13120
13126
13123
13124
13132
13131
13134
13145
13144
13142
13151
13152
13149
13148
13142
13132
13130
13138
13136
13136
13140
13129
13138
13141
13138
13137
13138
13130
13134
13134
13139
13139
13141
13129
13134
13134
13139
13142
13135
13129
13128
13128
13126
13118
13119
13117
13123
13120
13120
13121
13122
13120
13128
13125
13129
13123
13127
13133
13131
13128
13129
13131
13131
13135
13133
13125
13127
13122
13126
13133
13136
13139
13139
13142
13131
13129
13133
13131
13134
13132
13132
13133
13123
13123
13124
13127
13130
13133
13128
13129
13129
13130
13137
13130
13131
13126
13123
13126
13121
13121
13126
13130
13131
13133
13133
13137
13134
13138
13136
13137
13134
13131
13132
13126
13119
13125
13128
13134
13128
13130
13129
13127
13123
13121
13123
13119
13129
13126
13132
13133
13136
13135
13137
13128
13125
13126
13125
13128
13123
13121
13127
13125
13126
13138
13134
13132
13142
13129
13127
13124
13130
13132
13125
13129
13129
13132
13132
13125
13133
13129
13133
13140
13137
13136
13138
13135
13136
13135
13126
13125
13121
13124
13129
13123
13129
13125
13126
13133
13138
13134
13138
13134
13136
13141
13123
13125
13130
13130
13132
13132
13133
13134
13135
13129
13121
13128
13130
13140
13137
13138
13137
13144
13134
13137
13140
13139
13134
13131
13141
13134
13137
13138
13141
13134
13137
13134
13136
13133
13131
13129
13139
13134
13129
13135
13132
13130
13131
13127
13126
13130
13136
13136
13139
13126
13127
13127
13131
13129
13132
13129
13128
13139
13128
13127
13136
13135
13126
13130
13128
13127
13133
13135
13133
13129
13138
13141
13132
13131
13129
13126
13132
13126
13125
13128
13122
13120
13128
13125
13129
13126
13121
13123
13119
13113
13115
13117
13113
13111
13116
13111
13114
13130
13127
13124
13133
13130
13129
13121
13125
13125
13125
13124
13127
13121
13127
13133
13128
13126
13130
13130
13136
13137
13138
13146
13135
13141
13142
13146
13149
13151
13147
13148
13140
13141
13135
13131
13134
13127
13128
13129
13126
13140
13128
13137
13141
13139
13138
13134
13135
13142
13141
13143
13138
13135
13138
13142
13138
13135
13136
13146
13141
13133
13129
13133
13127
13128
13134
13133
13125
13124
13130
13138
13139
13138
13137
13134
13138
13138
13135
13128
13131
13133
13133
13132
13130
13139
13138
13137
13136
13142
13144
13148
13145
13134
13139
13144
13134
13137
13133
13129
13133
13126
13122
13129
13118
13134
13136
13137
13135
13137
13132
13139
13137
13135
13129
13134
13127
13135
13134
13133
13129
13128
13130
13122
13122
13120
13130
13133
13142
13144
13138
13133
13129
13127
13132
13136
13133
13132
13135
13134
13139
13134
13124
13123
13112
13107
13108
13100
13109
13118
13125
13130
13129
13133
13132
13138
13137
13131
13127
13126
13127
13131
13126
13123
13133
13129
13129
13136
13141
13140
13141
13137
13132
13128
13122
13127
13132
13135
13129
13130
13137
13140
13131
13138
13133
13129
12928
12308
11732
11194
10859
10699
10626
10642
10659
10723
10794
10894
10992
11115
11213
11331
11422
11527
11618
11725
11813
11910
11977
12057
12120
12187
12247
12306
12350
12410
12454
12502
12539
12566
12599
12634
12658
12695
12718
12748
12780
12798
12813
12845
12862
12875
12888
12909
12913
12932
12945
12966
12977
12982
12994
13004
13011
13016
13029
13038
13044
13047
13047
13047
13052
13057
13068
13067
13073
13082
13083
13089
13082
13078
13085
13086
13083
13097
13088
13092
13105
13099
13101
13106
13105
13104
13099
13106
13106
13110
13116
13117
13125
13130
13128
13130
13122
13130
13127
13126
13129
13126
13130
13129
13126
13131
13126
13121
13119
13117
13117
13117
13117
13124
13133
13131
13123
13139
13129
13130
13130
13128
13123
13123
13130
13126
13126
13125
13122
13126
13125
13122
13131
13134
13132
13135
13131
13127
13130
13130
13130
13120
13125
13128
13125
13127
13127
13129
13134
13136
13132
13131
13137
13136
13134
13126
13127
13135
13134
13133
13143
13131
13125
13119
13118
13118
13118
13123
13121
13123
13131
13126
13133
13138
13132
13135
13124
13128
13133
13126
13133
13137
13137
13136
13135
13132
13138
13132
13128
13124
13130
13134
13140
13137
13140
13135
13134
13142
13134
13120
13122
13122
13131
13136
13136
13137
13140
13142
13140
13143
13139
13140
13142
13140
13137
13140
13133
13133
13131
13120
13120
13114
13113
13111
13115
13118
13118
13117
13123
13125
13127
13134
13140
13139
13143
13140
13128
13137
13129
13122
13131
13128
13132
13134
13127
13128
13135
13139
13138
13139
13140
13143
13137
13137
13128
13135
13130
13136
13134
13125
13128
13124
13122
13121
13117
13119
13124
13126
13131
13131
13132
13135
13134
13128
13138
13132
13126
13136
13123
13113
13118
13114
13115
13116
13122
13122
13129
13132
13123
13123
13128
13131
13134
13136
13139
13142
13140
13144
13138
13136
13125
13123
13120
13116
13121
13121
13132
13136
13137
13136
13131
13132
13131
13128
13131
13125
13126
13130
13126
13126
13125
13111
13114
13115
13114
13117
13131
13127
13130
13135
13130
13127
13128
13128
13130
13148
13138
13133
13141
13136
13140
13147
13144
13135
13132
13126
13123
13122
13116
13125
13127
13127
13125
13124
13129
13128
13129
13128
13124
13135
13140
13137
13138
13140
13140
13137
13140
13141
13136
13136
13138
13129
13134
13130
13130
13139
13139
13134
13140
13134
13132
13132
13130
13129
13132
13132
13136
13132
13137
13139
13137
13141
13137
13136
13131
13125
13121
13129
13126
13125
13130
13121
13124
13128
13130
13126
13120
13122
13115
13112
13114
13110
13107
13115
13115
13120
13122
13119
13127
13123
13122
13130
13129
13123
13123
13128
13137
13133
13132
13131
13126
13129
13127
13126
13132
13125
13128
13130
13127
13119
13130
13124
13123
13129
13131
13126
13128
13137
13133
13133
13139
13137
13132
13133
13143
13147
13139
13132
13135
13126
13126
13124
13125
13127
13025
12928
12875
12833
12808
12811
12813
12832
12841
12854
12864
12878
12895
12912
12923
12929
12945
12959
12969
12980
12987
12997
13004
13001
13016
13017
13023
13038
13056
13061
13058
13070
13069
13072
13075
13079
13075
13079
13090
13100
13104
13104
13113
13102
13106
13109
13111
13107
13105
13097
13108
13106
13106
13111
13106
13111
13118
