13133
13133
13134
13129
13128
13131
13131
13135
13141
13141
13141
13136
13131
13136
13141
13147
13137
13141
13142
13142
13153
13140
13138
13140
13138
13134
13135
13133
13124
13129
13130
13130
13123
13126
13127
13132
13142
13138
13135
13137
13127
13122
13120
13113
13112
13123
13126
13136
13134
13132
13139
13137
13135
13135
13134
13132
13129
13132
13124
13121
13128
13126
13124
13132
13128
13141
13140
13141
13142
13136
13127
13133
13129
13132
13136
13131
13132
13133
13133
13133
13127
13123
13133
13132
13136
13142
13145
13145
13143
13148
13144
13141
13143
13138
13143
13143
13141
13136
13136
13134
13136
13133
13127
13132
13133
13138
13134
13133
13132
13135
13134
13138
13131
13133
13136
13130
13127
13128
13121
13128
13131
13126
13136
13133
13131
13137
13133
13129
13133
13126
13128
13132
13132
13132
13133
13141
13143
13140
13138
13136
13142
13131
13132
13135
13133
13137
13140
13132
13131
13135
13134
13137
13135
13127
13122
13119
13121
13123
13127
13125
13120
13121
13121
13125
13121
13126
13124
13128
13137
13141
13144
13142
13141
13142
13136
13140
13134
13137
13132
13133
13137
13138
13129
13134
13128
13131
13131
13128
13126
13125
13131
13134
13132
13133
13137
13136
13137
13127
13129
13133
13124
13128
13140
13133
13130
13142
13137
13146
13151
13140
13138
13134
13130
13130
13125
13130
13117
13123
13126
13129
13140
13131
13136
13143
13151
13145
13138
13133
13138
13137
13132
13136
13127
13127
13119
13121
13122
13128
13126
13133
13131
13135
13147
13135
13128
13132
13133
13132
13126
13131
13127
13131
13129
13137
13135
13137
13139
13147
13146
13147
13150
13146
13152
13150
13152
13152
13149
13148
13148
13152
13144
13146
13141
13142
13148
13142
13143
13143
13141
13149
13146
13143
13152
13141
13133
13134
13130
13125
13130
13127
13138
13133
13130
13127
13129
13133
13123
13129
13130
13118
13125
13130
13131
13140
13124
13132
13129
13132
13127
13131
13129
13136
13129
13140
13142
13140
13138
13133
13137
13142
13141
13132
13142
13133
13139
13145
13147
13145
13143
13141
13138
13134
13136
13132
13119
13116
13122
13123
13124
13126
13133
13129
13128
13137
13136
13135
13135
13133
13138
13134
13129
13135
13126
13141
13139
13131
13132
13135
13134
13141
13130
13125
13136
13132
13127
13132
13127
13125
13131
13129
13128
13132
13140
13137
13140
13139
13139
13139
13137
13134
13138
13124
13127
13135
13137
13133
13131
13129
13122
13124
13126
13128
13128
13132
13131
13125
13136
13135
13131
13140
13138
13137
13146
13143
13143
13142
13139
13139
13139
13135
13130
13133
13133
13129
13128
13135
13145
13147
13152
13148
13149
13137
13137
13137
13133
13138
13129
13133
13128
13128
13125
13132
13127
13129
13130
13129
13139
13137
13136
13144
13136
13131
13136
13126
13121
13130
13123
13127
13125
13126
13133
13135
13135
13136
13142
13144
13139
13147
13148
13138
13141
13129
13129
13131
13130
13130
13129
13132
13131
13132
13125
13126
13125
13121
13124
13117
13118
13125
13122
13129
13124
13115
13126
13119
13120
13127
13126
13125
13125
13134
13136
13138
13131
13128
13132
13132
13131
13120
13123
13123
13123
13115
13109
13120
13125
13129
13101
12819
12309
11877
11449
11155
11014
10954
10960
10990
11070
11146
11248
11352
11461
11556
11660
11742
11829
11905
11985
12053
12127
12190
12254
12312
12371
12411
12454
12500
12544
12579
12616
12638
12667
12685
12719
12745
12771
12793
12814
12832
12846
12858
12868
12889
12894
12912
12925
12940
12954
12964
12982
12994
12998
13003
13012
13016
13023
13039
13042
13042
13056
13061
13072
13079
13087
13097
13093
13107
13093
13095
13095
13094
13107
13101
13101
13114
13114
13128
13121
13113
13110
13110
13114
13112
13110
13111
13114
13111
13117
13122
13126
13127
13122
13122
13128
13125
13127
13130
13123
13127
13125
13130
13125
13122
13126
13129
13126
13126
13121
13119
13119
13116
13124
13119
13122
13135
13125
13124
13112
13119
13119
13120
13120
13119
13122
13126
13129
13133
13137
13133
13123
13128
13118
13119
13114
13109
13105
13115
13114
13113
13112
13118
13121
13124
13132
13131
13130
13128
13124
13127
13127
13121
13133
13117
13119
13126
13128
13122
13122
13119
13128
13130
13125
13128
13120
13118
13121
13115
13120
13122
13129
13134
13138
13136
13138
13142
13144
13147
13145
13146
13142
13142
13139
13140
13137
13137
13128
13130
13122
13127
13126
13127
13134
13127
13120
13121
13126
13121
13117
13126
13134
13124
13133
13136
13135
13129
13136
13128
13136
13135
13138
13141
13134
13133
13148
13143
13143
13143
13131
13129
13136
13134
13137
13140
13128
13125
13127
13134
13139
13135
13128
13131
13141
13138
13136
13139
13138
13140
13142
13140
13143
13146
13153
13151
13155
13152
13151
13140
13140
13140
13137
13141
13133
13130
13140
13136
13139
13141
13140
13143
13142
13146
13143
13134
13138
13126
13129
13128
13126
13119
13119
13128
13132
13129
13136
13139
13139
13138
13138
13129
13120
13126
13122
13125
13113
13110
13112
13116
13117
13123
13124
13132
13131
13128
13136
13137
13137
13136
13126
13118
13122
13121
13129
13126
13127
13118
13125
13127
13128
13135
13134
13134
13136
13130
13128
13135
13136
13135
13132
13131
13133
13133
13133
13136
13127
13127
13121
13118
13119
13114
13114
13117
13119
13120
13126
13125
13124
13126
13125
13126
13133
13135
13137
13135
13130
13119
13122
13126
13131
13136
13140
13138
13145
13139
13141
13145
13147
13153
13150
13149
13141
13136
13133
13138
13134
13134
13141
13139
13149
13146
13145
13146
13142
13131
13142
13138
13138
13141
13143
13134
13129
13128
13127
13131
13134
13136
13132
13130
13126
13126
13125
13120
13128
13127
13133
13130
13129
13130
13128
13124
13126
13134
13128
13130
13127
13133
13135
13137
13140
13139
13137
13142
13134
13133
13135
13135
13131
13137
13127
13122
13129
13129
13135
13134
13139
13142
13147
13145
13151
13154
13155
13156
13158
13153
13147
13152
13152
13149
13140
13138
13139
13139
13133
13140
13131
13137
13128
13125
13126
13129
13126
13130
13126
13130
13133
13127
13121
13125
13123
13123
13133
13133
13127
13131
13126
13132
13136
13138
13134
13131
13123
13123
13134
13128
13118
13128
13127
13133
13133
13126
13125
13130
13127
13139
13137
13137
13141
13141
13146
13143
13141
13143
13136
13139
13139
13132
13126
13133
13135
13137
13147
13146
13148
13142
13139
13133
13128
13131
13131
13128
13128
13130
13138
13135
13135
13138
13137
13135
13134
13131
13134
13138
