13141
13138
13149
13133
13133
13138
13138
13143
13136
13143
13146
13147
13142
13139
13135
13138
13137
13139
13138
13137
13137
13130
13127
13131
13134
13133
13131
13128
13135
13137
13135
13142
13131
13126
13124
13124
13117
13119
13122
13132
13132
13132
13139
13137
13133
13134
13128
13129
13133
13129
13137
13137
13136
13134
13137
13136
13132
13135
13125
13136
13140
13132
13130
13140
13140
13140
13139
13137
13141
13138
13136
13140
13138
13145
13144
13140
13142
13141
13137
13140
13131
13129
13136
13136
13136
13140
13134
13137
13136
13137
13138
13133
13142
13133
13128
13135
13130
13132
13128
13132
13141
13137
13132
13138
13140
13140
13134
13130
13124
13126
13126
13140
13134
13139
13143
13148
13149
13145
13137
13145
13145
13141
13147
13135
13134
13136
13133
13136
13140
13139
13139
13147
13144
13134
13130
13134
13133
13135
13132
13131
13135
13122
13131
13126
13124
13128
13122
13137
13135
13134
13134
13130
13118
13131
13131
13126
13129
13134
13137
13138
13134
13132
13145
13142
13134
13138
13140
13134
13139
13128
13125
13119
13115
13118
13122
13132
13130
13124
13128
13130
13138
13135
13126
13128
13125
13128
13120
13119
13117
13129
13128
13127
13125
13134
13133
13132
13135
13139
13131
13139
13123
13117
13119
13124
13126
13133
13138
13145
13149
13146
13137
13134
13130
13126
13128
13129
13128
13128
13135
13134
13132
13122
13124
13128
13130
13126
13123
13129
13133
13136
13131
13133
13125
13133
13137
13137
13132
13134
13136
13145
13143
13140
13143
13136
13135
13148
13141
13143
13140
13143
13142
13150
13146
13140
13142
13140
13142
13143
13136
13133
13134
13134
13139
13134
13130
13124
13125
13126
13124
13128
13126
13131
13128
13133
13137
13135
13130
13136
13130
13137
13131
13125
13130
13132
13128
13133
13133
13136
13130
13133
13136
13131
13136
13137
13139
13139
13130
13133
13130
13127
13137
13130
13129
13133
13130
13129
13127
13128
13130
13125
13119
13128
13125
13121
13130
13128
13128
13130
13131
13141
13133
13132
13127
13125
13131
13133
13132
13131
13132
13131
13139
13144
13150
13150
13154
13149
13146
13142
13135
13134
13141
13128
13132
13138
13139
13143
13137
13140
13139
13135
13132
13137
13131
13133
13132
13132
13127
13131
13135
13138
13133
13128
13134
13130
13131
13143
13145
13142
13134
13137
13149
13142
13140
13138
13141
13141
13134
13139
13140
13138
13143
13138
13134
13137
13141
13144
13135
13129
13131
13124
13125
13133
13124
13130
13132
13128
13137
13137
13134
13132
13130
13122
13125
13128
13127
13134
13130
13130
13129
13135
13137
13142
13142
13138
13138
13136
13136
13137
13133
13133
13141
13137
13131
13140
13135
13137
13126
13120
13119
13116
13113
13119
13111
13121
13119
13129
13127
13124
13119
13131
13129
13129
13135
13123
13126
13134
13130
13133
13141
13136
13132
13138
13142
13137
13135
13131
13122
13123
13122
13123
13132
13128
13130
13127
13128
13137
13137
13135
13130
13132
13123
13131
13133
13136
13137
13137
13135
13136
13137
13138
13142
13141
13145
13137
13137
13138
13136
13133
13136
13133
13126
13132
13131
13130
13135
13137
13132
13134
13131
13133
13141
13137
13099
12616
11516
10395
9668
9233
8935
8673
8598
8610
8734
8880
9080
9264
9482
9666
9883
10061
10188
10295
10445
10570
10727
10863
11010
11133
11262
11370
11485
11584
11691
11772
11869
11946
12020
12082
12149
12214
12288
12341
12395
12434
12471
12521
12551
12582
12623
12641
12677
12705
12730
12747
12778
12798
12820
12850
12864
12885
12898
12905
12920
12928
12939
12949
12958
12964
12972
12985
12997
13004
13006
13016
13029
13029
13032
13044
13047
13057
13071
13067
13073
13077
13080
13090
13093
13092
13095
13094
13099
13098
13089
13093
13104
13108
13112
13114
13109
13119
13118
13117
13126
13119
13118
13134
13129
13127
13131
13132
13128
13123
13121
13114
13113
13120
13124
13132
13131
13132
13137
13133
13130
13133
13131
13129
13127
13130
13127
13132
13126
13136
13132
13132
13135
13132
13124
13131
13126
13129
13129
13132
13140
13129
13122
13132
13126
13127
13126
13118
13120
13125
13121
13121
13126
13127
13133
13138
13140
13134
13133
13128
13132
13137
13132
13138
13142
13138
13134
13139
13126
13130
13121
13123
13120
13129
13132
13128
13122
13134
13130
13122
13129
13124
13127
13132
13129
13132
13137
13137
13131
13132
13134
13135
13136
13138
13139
13145
13141
13138
13138
13133
13118
13126
13124
13131
13131
13130
13136
13137
13137
13138
13127
13129
13133
13130
13122
13121
13121
13129
13131
13133
13138
13135
13129
13135
13130
13129
13126
13133
13134
13134
13134
13125
13126
13128
13124
13121
13116
13109
13110
13111
13114
13128
13126
13136
13134
13129
13135
13134
13129
13137
13136
13142
13144
13144
13149
13142
13138
13136
13126
13123
13133
13129
13126
13138
13138
13137
13145
13148
13158
13160
13153
13147
13145
13143
13143
13140
13134
13126
13127
13122
13121
13125
13126
13132
13136
13135
13137
13138
13134
13137
13129
13128
13134
13134
13133
13134
13133
13138
13130
13132
13147
13142
13139
13142
13143
13141
13142
13139
13138
13142
13149
13151
13153
13151
13153
13153
13143
13139
13142
13125
13121
13124
13127
13126
13129
13129
13130
13133
13131
13137
13135
13142
13141
13136
13133
13132
13137
13141
13139
13137
13143
13137
13134
13144
13138
13142
13136
13139
13135
13139
13130
13128
13123
13128
13132
13133
13139
13140
13143
13140
13137
13138
13134
13138
13132
13141
13141
13136
13134
13139
13139
13132
13127
13120
13125
13134
13130
13143
13132
13133
13142
13136
13125
13129
13123
13121
13120
13118
13125
13120
13124
13120
13124
13132
13128
13136
13138
13135
13132
13133
13125
13128
13128
13125
13122
13126
13123
13125
13131
13134
13127
13139
13145
13144
13138
13144
13139
13150
13147
13148
13157
13152
13142
13139
13136
13138
13130
13135
13134
13135
13139
13139
13139
13144
13144
13144
13142
13134
13148
13138
13139
13142
13140
13143
13140
13142
13139
13135
13134
13146
13137
13137
13140
13137
13143
13147
13142
13144
13137
13135
13146
13139
13133
13139
13136
13139
13139
13141
13133
13132
13135
13129
13130
13129
13133
13125
13128
13127
13133
13132
13132
13137
13136
13135
13134
13135
13128
13125
13124
13128
13126
13127
13136
13137
13142
13142
13143
13143
13142
13136
13146
13140
13136
13138
13135
13133
13125
13128
13121
13121
13116
13119
13126
13124
13117
13120
13123
13125
13134
13120
13125
13126
13131
13137
13136
13142
13148
13140
