13130
13132
13127
13130
13123
13126
13122
13120
13110
13116
13113
13117
13119
13122
13121
13133
13132
13129
13141
13134
13144
13153
13141
13146
13147
13145
13143
13134
13133
13130
13131
13137
13138
13141
13142
13143
13143
13138
13136
13144
13146
13145
13138
13135
13132
13136
13131
13143
13130
13136
13136
13134
13133
13130
13132
13138
13136
13134
13144
13142
13138
13137
13136
13136
13141
13138
13136
13134
13138
13137
13131
13129
13128
13135
13137
13134
13143
13134
13142
13146
13144
13139
13140
13141
13129
13128
13120
13127
13116
13124
13123
13136
13134
13134
13137
13141
13142
13147
13152
13144
13134
13138
13133
13131
13131
13133
13132
13136
13136
13132
13129
13133
13126
13131
13129
13131
13139
13130
13132
13141
13144
13142
13147
13145
13142
13137
13142
13146
13140
13140
13137
13132
13138
13135
13130
13140
13142
13136
13135
13129
13124
13128
13129
13125
13134
13133
13127
13127
13128
13128
13126
13133
13130
13136
13133
13135
13140
13138
13138
13135
13132
13131
13130
13127
13130
13133
13128
13134
13127
13131
13136
13132
13132
13134
13129
13126
13123
13125
13136
13130
13133
13137
13135
13138
13146
13140
13138
13136
13134
13131
13127
13136
13131
13139
13139
13138
13144
13137
13143
13148
13137
13133
13125
13127
13128
13132
13133
13129
13126
13123
13118
13120
13124
13128
13134
13138
13138
13133
13140
13134
13134
13135
13134
13129
13137
13132
13139
13139
13145
13148
13145
13142
13145
13145
13143
13140
13148
13142
13144
13145
13148
13148
13142
13144
13143
13138
13139
13143
13137
13146
13144
13134
13131
13126
13119
13125
13120
13115
13134
13124
13120
13122
13128
13127
13133
13129
13124
13127
13130
13128
13139
13136
13131
13130
13130
13134
13133
13128
13131
13132
13126
13125
13135
13129
13133
13132
13133
13144
13139
13138
13140
13134
13135
13134
13128
13125
13123
13122
13130
13126
13132
13135
13138
13137
13137
13135
13136
13135
13134
13128
13131
13123
13120
13120
13123
13136
13131
13136
13137
13144
13137
13137
13137
13141
13147
13140
13138
13145
13140
13139
13144
13143
13149
13143
13139
13146
13142
13143
13141
13131
13124
13127
13125
13122
13121
13122
13125
13123
13124
13119
13121
13126
13126
13115
13118
13120
13136
13133
13131
13133
13136
13138
13139
13139
13139
13135
13135
13132
13119
13122
13121
13125
13126
13133
13136
13139
13136
13136
13141
13133
13129
13135
13128
13124
13127
13125
13134
13136
13133
13136
13139
13142
13142
13143
13142
13135
13141
13138
13137
13132
13127
13136
13140
13139
13141
13145
13143
13147
13145
13148
13153
13147
13147
13144
13138
13141
13127
13121
13128
13120
13124
13127
13133
13135
13138
13144
13145
13144
13137
13136
13137
13134
13134
13134
13131
13135
13143
13135
13129
13126
13121
13122
13122
13131
13132
13129
13133
13132
13124
13131
13132
13137
13143
13150
13144
13153
13141
13128
13127
13122
13125
13130
13120
13125
13125
13124
13124
13125
13134
13140
13141
13139
13129
13138
13135
13130
13133
13129
13137
13135
13141
13139
13145
13142
13150
13149
13152
13154
13147
13153
13146
13138
13146
13142
13139
13137
13128
13120
13134
13133
13131
13136
13126
13100
12736
11989
11475
11178
11026
10945
10952
10994
11071
11155
11251
11343
11458
11543
11649
11735
11826
11900
11977
12038
12111
12172
12235
12290
12344
12395
12449
12489
12531
12567
12606
12637
12658
12680
12716
12747
12769
12803
12814
12835
12856
12867
12880
12901
12916
12922
12940
12959
12965
12974
12979
12981
12994
12993
13013
13024
13035
13037
13045
13049
13055
13062
13054
13066
13065
13078
13084
13089
13093
13095
13095
13096
13093
13099
13112
13117
13117
13126
13123
13131
13129
13125
13119
13121
13126
13124
13126
13128
13116
13124
13123
13115
13120
13118
13124
13129
13122
13129
13130
13128
13134
13130
13133
13138
13133
13140
13140
13137
13139
13137
13132
13145
13145
13141
13148
13143
13136
13139
13133
13132
13139
13137
13139
13136
13136
13130
13127
13127
13125
13124
13123
13127
13136
13137
13135
13138
13137
13138
13142
13138
13126
13131
13127
13133
13135
13144
13146
13142
13087
12975
12906
12859
12830
12818
12832
12831
12837
12848
12860
12877
12896
12915
12929
12932
12947
12972
12981
12991
12988
12997
13004
13014
13026
13030
13034
13050
13059
13067
13064
13066
13069
13071
13070
13074
13072
13084
13087
13093
13092
13099
13095
13104
13107
13103
13112
13113
13110
13115
13112
13111
13117
13122
13122
13119
13124
13121
13125
13124
13122
13128
13133
13126
13131
13125
13125
13127
13131
13131
13122
13121
13123
13127
13128
13131
13126
13129
13127
13123
13128
13134
13136
13147
13143
13132
13139
13131
13133
13138
13136
13134
13141
13144
13148
13146
13149
13147
13144
13138
13144
13148
13145
13139
13144
13136
13142
13139
13142
13139
13140
13138
13138
13138
13129
13131
13128
13123
13122
13112
13119
13120
13122
13122
13117
13120
13125
13123
13122
13122
13124
13130
13131
13135
13135
13139
13140
13135
13135
13136
13137
13141
13148
13146
13143
13137
13128
13131
13133
13132
13131
13129
13131
13126
13129
13136
13129
13123
13127
13123
13130
13129
13127
13132
13136
13133
13147
13141
13146
13149
13145
13149
13147
13147
13148
13150
13149
13147
13148
13152
13150
13142
13143
13138
13143
13140
13139
13137
13136
13134
13134
13128
13132
13134
13129
13130
13121
13120
13126
13120
13124
13130
13135
13149
13138
13133
13141
13134
13131
13133
13134
13141
13144
13139
13140
13136
13134
13130
13132
13136
13131
13125
13126
13123
13135
13130
13122
13124
13120
13119
13116
13120
13125
13133
13137
13143
13143
13140
13152
13146
13157
13148
13149
13146
13134
13132
13134
13122
13123
13121
13124
13133
13137
13138
13142
13146
13159
13149
13151
13153
13156
13145
13141
13135
13140
13134
13135
13138
13134
13128
13124
13127
13118
13116
13110
13119
13116
13121
13125
13129
13138
13143
13136
13138
13136
13124
13126
13121
13128
13127
13123
13130
13127
13131
13131
13132
13132
13134
13130
13126
13132
13138
13135
13137
13139
13140
13139
13138
13141
13138
13141
13139
13139
13134
13131
13132
13129
13129
13133
13126
13123
13128
13124
13133
13134
13119
13128
13118
13122
13124
13121
13123
13127
13124
13133
13130
13129
13125
13129
13133
13135
13132
13135
13141
13147
13147
13148
13145
13152
13150
13149
13146
13151
13144
13143
13141
13138
13127
13135
13126
13137
13135
13133
13134
13127
13123
13126
13122
13119
13126
13128
13123
13127
13130
13130
13128
13127
13133
