13128
13122
13128
13131
13125
13134
13134
13138
13137
13127
13127
13119
13125
13121
13126
13130
13122
13126
13133
13132
13137
13127
13130
13134
13136
13133
13134
13138
13141
13137
13134
13138
13133
13131
13131
13129
13135
13141
13142
13145
13137
13137
13140
13135
13133
13138
13136
13138
13137
13137
13133
13133
13131
13130
13127
13128
13136
13135
13143
13145
13148
13135
13128
13136
13130
13132
13128
13132
13133
13138
13142
13137
13136
13140
13139
13135
13131
13125
13121
13124
13117
13118
13124
13131
13122
13134
13131
13135
13139
13142
13141
13134
13130
13131
13134
13131
13133
13131
13134
13136
13143
13138
13136
13138
13136
13138
13143
13138
13134
13140
13138
13140
13141
13145
13146
13136
13134
13133
13139
13145
13139
13135
13147
13141
13134
13142
13133
13142
13144
13137
13134
13134
13128
13118
13116
13116
13117
13121
13125
13125
13134
13135
13132
13137
13135
13134
13128
13126
13132
13136
13129
13132
13126
13135
13145
13149
13149
13145
13137
13142
13137
13136
13135
13135
13130
13134
13130
13139
13136
13134
13137
13138
13135
13135
13131
13135
13131
13142
13146
13147
13153
13148
13151
13158
13150
13142
13136
13134
13137
13134
13137
13133
13132
13135
13133
13134
13132
13132
13137
13136
13129
13120
13126
13118
13125
13133
13124
13133
13125
13132
13136
13144
13141
13140
13137
13139
13139
13141
13146
13137
13139
13130
13126
13126
13122
13125
13126
13125
13130
13130
13129
13132
13129
13140
13143
13138
13141
13146
13145
13142
13138
13135
13134
13136
13131
13139
13136
13137
13140
13140
13138
13137
13125
13126
13120
13125
13121
13128
13134
13129
13144
13139
13142
13141
13147
13147
13146
13140
13138
13138
13137
13136
13141
13145
13143
13135
13133
13136
13141
13142
13139
13135
13144
13138
13138
13135
13134
13135
13129
13131
13126
13132
13131
13132
13130
13129
13133
13138
13137
13136
13141
13134
13133
13138
13134
13138
13138
13139
13145
13140
13143
13145
13137
13134
13135
13133
13140
13139
13140
13137
13123
13122
13130
13127
13127
13126
13121
13128
13127
13128
13128
13133
13126
13118
13119
13130
13122
13124
13115
13122
13130
13122
13125
13122
13120
13124
13133
13131
13124
13127
13126
13130
13134
13136
13134
13126
13124
13123
13126
13133
13122
13123
13135
13124
13126
13121
13123
13125
13126
13124
13125
13119
13121
13122
13124
13122
13124
13127
13118
13120
13124
13124
13126
13134
13135
13141
13144
13139
13138
13132
13130
13132
13134
13137
13137
13136
13143
13142
13141
13139
13131
13121
13130
13125
13126
13128
13128
13132
13133
13136
13139
13143
13136
13129
13127
13123
13124
13127
13130
13134
13136
13131
13135
13137
13137
13138
13136
13137
13134
13131
13129
13132
13126
13135
13134
13132
13132
13132
13129
13135
13128
13129
13136
13128
13125
13135
13133
13134
13137
13137
13135
13130
13135
13126
13129
13126
13123
13124
13126
13131
13133
13130
13128
13135
13133
13138
13140
13140
13143
13144
13139
13145
13134
13131
13130
13128
13132
13135
13133
13134
13133
13127
13142
13139
13142
13146
13138
13138
13132
13138
13133
13142
13133
13129
13131
13135
13130
13133
13130
13131
13137
13127
13121
13124
13128
13122
12768
12148
11709
11438
11297
11199
11071
11031
11046
11086
11168
11250
11346
11446
11534
11621
11718
11804
11897
11974
12045
12112
12185
12240
12308
12356
12405
12443
12487
12529
12567
12604
12640
12667
12702
12717
12740
12761
12789
12808
12827
12847
12867
12882
12895
12917
12927
12933
12947
12952
12958
12976
12990
13003
13007
13016
13022
13033
13040
13051
13051
13062
13068
13076
13078
13081
13084
13083
13090
13103
13106
13102
13101
13109
13112
13107
13108
13112
13110
13115
13117
13123
13120
13121
13112
13117
13112
13117
13116
13115
13107
13111
13115
13116
13117
13123
13130
13132
13128
13131
13127
13133
13136
13131
13126
13126
13131
13137
13138
13138
13139
13132
13128
13124
13124
13110
13111
13121
13118
13119
13121
13116
13127
13136
13133
13138
13125
13132
13133
13132
13133
13132
13121
13126
13122
13124
13130
13126
13126
13125
13124
13119
13119
13126
13119
13121
13126
13128
13131
13134
13141
13144
13143
13142
13152
13142
13145
13145
13138
13135
13128
13136
13136
13138
13132
13131
13117
13119
13118
13125
13118
13119
13120
13128
13127
13127
13136
13132
13139
13144
13138
13138
13137
13139
13140
13143
13145
13139
13140
13139
13136
13133
13128
13125
13129
13121
13126
13127
13132
13128
13125
13133
13134
13137
13139
13141
13142
13147
13147
13138
13133
13136
13134
13132
13119
13117
13120
13121
13125
13129
13125
13125
13124
13132
13134
13133
13136
13136
13130
13135
13128
13128
13136
13134
13144
13138
13131
13136
13134
13135
13138
13131
13124
13131
13128
13136
13126
13123
13126
13125
13124
13130
13128
13135
13135
13128
13124
13089
12969
12893
12850
12832
12818
12818
12827
12818
12785
12772
12766
12780
12784
12800
12816
12829
12854
12866
12882
12895
12912
12919
12930
12941
12953
12968
12976
12987
12992
13005
13021
13019
13029
13041
13045
13052
13053
13060
13066
13064
13068
13073
13069
13070
13083
13095
13095
13099
13090
13088
13085
13096
13102
13105
13104
13106
13114
13110
13109
13113
13113
13122
13123
13120
13115
13120
13118
13123
13115
13118
13113
13120
13121
13124
13129
13133
13130
13131
13138
13131
13126
13129
13123
13123
13129
13129
13130
13132
13131
13130
13127
13128
13121
13117
13121
13120
13122
13121
13120
13121
13117
13118
13111
13116
13117
13119
13123
13132
13122
13132
13137
13134
13138
13144
13142
13148
13135
13134
13142
13136
13131
13130
13125
13131
13133
13131
13132
13136
13136
13128
13129
13133
13132
13135
13137
13139
13142
13138
13137
13145
13145
13146
13138
13128
13129
13128
13120
13119
13123
13130
13128
13128
13135
13136
13124
13008
12920
12864
12842
12820
12817
12820
12826
12836
12849
12864
12889
12904
12917
12929
12942
12956
12973
12978
12989
12986
13009
13016
13020
13027
13027
13035
13041
13048
13050
13055
13051
13062
13063
13073
13073
13081
13088
13091
13085
13098
13096
13098
13103
13107
13110
13107
13104
13108
13110
13115
13118
13123
13127
13125
13124
13129
13128
13141
13129
13128
13139
13137
13137
13131
13125
13131
13131
13129
13129
13132
13136
13135
13127
13122
13123
13122
13127
13127
13125
13137
13130
13130
13135
13132
13126
13136
13136
13131
13137
13137
13136
13137
13141
13138
13148
13151
13149
13144
13145
13143
13151
13144
13140
13139
13138
13136
13132
13129
13128
13134
