13136
13134
13133
13136
13143
13141
13150
13147
13141
13140
13145
13140
13140
13141
13140
13150
13143
13143
13140
13138
13142
13148
13145
13151
13141
13143
13143
13132
13136
13143
13136
13147
13135
13135
13137
13134
13127
13134
13134
13136
13139
13140
13138
13138
13142
13137
13137
13139
13142
13137
13132
13133
13146
13147
13148
13151
13149
13144
13144
13145
13147
13143
13145
13141
13130
13133
13130
13130
13133
13131
13130
13134
13132
13123
13132
13132
13125
13128
13116
13120
13121
13119
13120
13116
13117
13124
13126
13121
13128
13126
13126
13132
13139
13138
13141
13136
13135
13145
13151
13142
13141
13141
13134
13135
13127
13127
13130
13129
13142
13148
13138
13143
13140
13135
13141
13138
13132
13132
13128
13126
13121
13126
13127
13126
13134
13139
13138
13142
13144
13141
13142
13138
13143
13139
13138
13143
13137
13145
13139
13141
13134
13138
13133
13135
13127
13124
13124
13124
13123
13122
13116
13125
13119
13121
13130
13125
13123
13133
13131
13127
13134
13139
13137
13138
13139
13134
13135
13141
13139
13136
13138
13131
13140
13134
13137
13145
13143
13142
13146
13141
13149
13150
13141
13138
13126
13129
13136
13132
13141
13137
13136
13141
13135
13133
13128
13122
13123
13123
13120
13116
13116
13115
13121
13116
13120
13119
13115
13128
13125
13131
13126
13130
13141
13136
13140
13139
13135
13133
13126
13130
13137
13139
13142
13155
13142
13140
13141
13136
13132
13124
13126
13130
13127
13122
13137
13137
13131
13138
13137
13136
13130
13134
13135
13140
13138
13132
13129
13134
13138
13135
13137
13136
13144
13141
13139
13139
13139
13141
13138
13138
13140
13126
13123
13126
13122
13123
13126
13129
13132
13126
13121
13124
13118
13118
13120
13123
13121
13122
13128
13129
13131
13131
13135
13134
13132
13123
13129
13134
13131
13129
13128
13127
13134
13138
13136
13138
13138
13139
13143
13146
13149
13145
13146
13144
13132
13137
13133
13138
13141
13140
13138
13138
13138
13139
13154
13142
13141
13145
13137
13132
13122
13122
13123
13130
13132
13132
13134
13142
13133
13140
13137
13133
13144
13138
13134
13131
13127
13130
13131
13123
13125
13127
13127
13132
13132
13137
13141
13143
13142
13143
13140
13148
13140
13135
13138
13133
13125
13132
13134
13135
13135
13134
13134
13137
13141
13138
13138
13150
13146
13140
13140
13135
13138
13133
13128
13135
13127
13134
13135
13137
13132
13130
13122
13129
13115
13117
13123
13125
13126
13126
13119
13120
13120
13121
13133
13128
13126
13132
13125
13130
13131
13125
13131
13138
13137
13131
13134
13132
13123
13118
13117
13111
13126
13121
13126
13135
13129
13132
13132
13132
13135
13133
13135
13136
13137
13136
13141
13140
13137
13134
13132
13125
13125
13123
13128
13128
13128
13130
13126
13125
13134
13131
13132
13134
13132
13121
13129
13139
13138
13135
13134
13139
13147
13140
13137
13142
13140
13143
13137
13138
13135
13132
13136
13142
13134
13134
13133
13133
13131
13132
13130
13132
13134
13129
13144
13132
13125
13130
13127
13123
13134
13135
13130
13136
13137
13128
13128
13131
13126
13128
13129
13125
13132
13121
13126
13132
13136
13132
13134
13144
13139
13140
13144
13139
13119
12664
11923
11364
10983
10770
10687
10669
10712
10762
10874
10963
11074
11175
11301
11403
11511
11602
11707
11791
11880
11950
12037
12099
12161
12223
12291
12345
12404
12444
12486
12521
12558
12599
12545
12481
12452
12438
12449
12467
12497
12528
12560
12575
12607
12635
12666
12698
12716
12737
12777
12796
12816
12837
12855
12882
12895
12906
12920
12932
12941
12941
12955
12963
12969
12981
12989
12998
13012
13028
13041
13048
13051
13056
13055
13062
13065
13068
13072
13076
13072
13081
13083
13090
13093
13095
13096
13101
13099
13104
13111
13114
13115
13111
13112
13114
13118
13120
13112
13120
13123
13123
13125
13127
13129
13135
13133
13120
13123
13116
13122
13117
13116
13107
13108
13109
13111
13125
13124
13130
13122
13125
13133
13129
13123
13124
13126
13123
13129
13132
13140
13137
13138
13142
13140
13141
13142
13140
13142
13140
13137
13136
13135
13139
13135
13136
13136
13133
13143
13133
13136
13144
13137
13141
13141
13136
13132
13133
13126
13134
13129
13131
13129
13128
13129
13133
13128
13131
13112
12989
12930
12878
12850
12838
12832
12834
12852
12855
12867
12878
12899
12911
12933
12947
12961
12975
12984
12995
13013
13014
13020
13028
13043
13049
13063
13061
13064
13065
13068
13077
13079
13083
13083
13089
13094
13092
13095
13098
13098
13094
13108
13100
13105
13111
13105
13111
13110
13114
13116
13122
13122
13123
13116
13121
13123
13127
13134
13134
13132
13122
13116
13124
13123
13125
13118
13113
13121
13119
13126
13130
13126
13121
13126
13125
13127
13125
13125
13135
13136
13132
13137
13128
13129
13127
13134
13138
13139
13143
13135
13134
13136
13131
13125
13125
13122
13129
13125
13127
13131
13123
13121
13133
13135
13138
13145
13146
13155
13151
13142
13143
13134
13138
13138
13136
13141
13132
13128
13133
13129
13129
13137
13128
13131
13130
13133
13126
13127
13133
13132
13128
13131
13133
13132
13134
13142
13146
13145
13147
13154
13147
13141
13137
13132
13134
13134
13133
13137
13140
13137
13138
13133
13138
13141
13140
13135
13141
13138
13137
13130
13126
13133
13131
13127
13126
13127
13132
13134
13132
13138
13135
13129
13126
13126
13133
13140
13134
13134
13132
13131
13133
13132
13134
13130
13137
13131
13135
13136
13132
13126
13130
13137
13138
13134
13132
13132
13134
13131
13131
13129
13131
13141
13133
13129
13137
13129
13139
13134
13135
13127
13123
13128
13125
13125
13128
13134
13135
13140
13135
13140
13138
13135
13141
13133
13134
13130
13133
13132
13131
13125
13135
13129
13126
13135
13133
13129
13129
13129
13136
13140
13129
13140
13141
13143
13141
13136
13133
13136
13134
13129
13126
13129
13126
13124
13134
13132
13125
13132
13131
13139
13129
13134
13134
13138
13142
13133
13134
13135
13129
13133
13138
13135
13137
13134
13130
13134
13137
13134
13136
13133
13134
13145
13139
13133
13135
13133
13135
13135
13138
13137
13134
13135
13128
13127
13131
13133
13134
13132
13127
13137
13129
13128
13126
13132
13135
13136
13131
13136
13143
13144
13149
13149
13146
13148
13144
13148
13140
13140
13145
13145
13143
13154
13144
13148
13144
13142
13139
13137
13135
13130
13135
13136
13131
13126
13137
13141
13147
13145
13141
13148
13144
13138
13139
13135
13118
13118
13123
13124
13119
13121
13130
13121
13129
13129
13128
13121
13121
