13135
13129
13139
13138
13132
13143
13137
13140
13136
13135
13132
13138
13148
13146
13150
13147
13145
13137
13140
13140
13143
13140
13139
13135
13136
13139
13136
13136
13135
13133
13134
13131
13125
13135
13133
13137
13134
13136
13139
13139
13138
13136
13143
13130
13127
13122
13119
13128
13129
13123
13130
13116
13129
13126
13125
13128
13131
13133
13135
13129
13127
13130
13125
13123
13123
13129
13126
13122
13134
13137
13137
13142
13139
13139
13142
13140
13143
13136
13127
13132
13126
13127
13134
13131
13131
13138
13137
13137
13141
13140
13136
13138
13133
13127
13132
13130
13123
13129
13127
13127
13136
13135
13130
13137
13128
13135
13137
13142
13140
13043
12954
12897
12865
12851
12841
12840
12853
12861
12871
12878
12886
12898
12922
12929
12941
12951
12966
12975
12996
12995
13004
13010
13026
13027
13041
13047
13052
13056
13056
13061
13067
13065
13064
13068
13075
13080
13081
13093
13094
13101
13115
13115
13110
13115
13115
13116
13122
13115
13108
13105
13107
13111
13117
13115
13117
13126
13128
13122
13127
13130
13128
13128
13123
13123
13123
13126
13128
13125
13129
13122
13129
13123
13123
13119
13122
13124
13119
13122
13130
13124
13130
13127
13122
13122
13125
13121
13112
13105
13113
13120
13126
13124
13129
13133
13132
13131
13129
13130
13127
13129
13137
13136
13135
13127
13129
13128
13135
13132
13134
13132
13133
13124
13118
13123
13126
13130
13126
13123
13127
13133
13139
13137
13130
13141
13142
13142
13145
13139
13136
13145
13142
13143
13144
13147
13142
13143
13135
13135
13130
13130
13130
13129
13133
13130
13135
13138
13134
13137
13128
13121
13123
13127
13126
13137
13135
13133
13127
13130
13135
13134
13132
13135
13124
13132
13128
13134
13144
13145
13142
13146
13142
13139
13146
13138
13139
13142
13140
13139
13140
13143
13141
13142
13141
13142
13145
13143
13135
13137
13137
13136
13144
13136
13139
13136
13133
13136
13134
13130
13129
13123
13123
13128
13128
13132
13139
13141
13143
13150
13148
13148
13142
13131
13136
13129
13129
13134
13132
13128
13141
13150
13149
13149
13146
13143
13144
13147
13140
13139
13134
13136
13137
13123
13126
13126
13126
13135
13134
13133
13135
13131
13131
13133
13130
13129
13133
13136
13143
13143
13138
13138
13138
13132
13141
13140
13138
13140
13136
13140
13134
13133
13133
13128
13121
13124
13129
13127
13128
13126
13130
13127
13138
13131
13133
13133
13135
13140
13136
13134
13129
13125
13128
13137
13135
13134
13134
13126
13130
13128
13123
13127
13128
13126
13131
13135
13128
13138
13134
13136
13131
13135
13135
13135
13138
13138
13143
13142
13140
13140
13140
13139
13148
13144
13140
13141
13135
13134
13128
13131
13128
13128
13134
13145
13136
13140
13137
13133
13130
13132
13127
13130
13129
13133
13144
13139
13151
13151
13147
13145
13144
13143
13142
13147
13139
13130
13131
13130
13132
13135
13132
13136
13142
13135
13134
13137
13141
13140
13149
13145
13144
13143
13141
13137
13134
13141
13142
13138
13142
13138
13146
13154
13150
13148
13152
13143
13143
13142
13131
13131
13133
13136
13131
13132
13126
13124
13123
13132
13128
13130
13134
13126
13133
13131
13130
13128
13106
12980
12851
12686
12568
12272
12086
11976
11927
11914
11935
11962
12009
12050
12105
12157
12214
12268
12330
12367
12407
12462
12500
12540
12583
12628
12662
12686
12715
12728
12753
12778
12797
12825
12846
12857
12874
12888
12912
12932
12950
12961
12970
12978
12984
12997
13003
13017
13027
13031
13036
13044
13045
13049
13059
13068
13068
13066
13075
13072
13067
13073
13070
13073
13076
13082
13085
13085
13091
13092
13104
13113
13113
13110
13109
13112
13124
13117
13118
13122
13121
13127
13134
13135
13133
13127
13127
13135
13127
13130
13129
13133
13136
13137
13143
13148
13147
13135
13143
13149
13151
13151
13142
13139
13140
13142
13138
13138
13138
13131
13138
13138
13134
13133
13125
13123
13126
13124
13119
13124
13125
13132
13127
13128
13133
13129
13139
13148
13145
13148
13156
13150
13153
13148
13152
13145
13138
13138
13142
13137
13128
13130
13133
13131
13131
13130
13137
13135
13142
13139
13142
13137
13140
13140
13145
13145
13153
13150
13150
13145
13137
13138
13135
13133
13132
13132
13128
13132
13131
13128
13140
13146
13146
13147
13144
13144
13136
13134
13138
13131
13128
13139
13138
13142
13137
13132
13129
13128
13122
13129
13132
13129
13130
13130
13133
13132
13141
13127
13131
13131
13133
13132
13126
13128
13135
13132
13130
13134
13131
13134
13134
13131
13129
13126
13118
13127
13122
13115
13125
13123
13123
13134
13135
13131
13128
13123
13126
13134
13139
13136
13146
13141
13151
13145
13153
13149
13139
13129
13126
13125
13131
13130
13133
13135
13136
13134
13139
13137
13129
13131
13136
13133
13139
13132
13130
13135
13128
13126
13126
13123
13123
13132
13132
13127
13132
13136
13144
13152
13145
13137
13133
13135
13134
13132
13120
13122
13127
13126
13130
13132
13136
13137
13134
13132
13133
13137
13138
13138
13132
13140
13141
13137
13139
13134
13133
13132
13128
13126
13133
13130
13127
13139
13140
13142
13140
13136
13138
13133
13136
13134
13134
13139
13133
13139
13141
13138
13148
13143
13139
13143
13144
13147
13149
13147
13154
13149
13153
13151
13144
13146
13143
13142
13151
13147
13149
13151
13146
13142
13146
13137
13140
13137
13137
13132
13130
13132
13129
13123
13130
13128
13134
13134
13134
13135
13134
13133
13141
13130
13132
13138
13141
13144
13141
13138
13144
13147
13150
13148
13144
13144
13139
13140
13150
13145
13143
13140
13139
13138
13143
13136
13134
13139
13141
13142
13140
13138
13138
13138
13133
13135
13129
13126
13122
13127
13123
13127
13134
13129
13133
13127
13131
13132
13134
13135
13142
13139
13137
13143
13137
13136
13137
13130
13132
13135
13131
13145
13147
13146
13150
13140
13135
13135
13133
13132
13135
13140
13135
13137
13142
13139
13135
13136
13137
13129
13125
13121
13129
13124
13133
13132
13125
13127
13125
13130
13134
13129
13133
13132
13126
13136
13133
13134
13136
13131
13126
13134
13136
13135
13137
13138
13136
13139
13138
13133
13133
13134
13139
13137
13142
13135
13137
13143
13140
13135
13129
13126
13125
13126
13124
13133
13133
13131
13133
13131
13125
13128
13131
13129
13134
13129
13131
13129
13128
13126
13120
13126
13127
13128
13145
13143
13143
13143
13141
13140
13130
13132
13129
13133
13139
13133
13132
13136
13133
13136
13140
13138
13140
13132
13132
13133
13129
13135
13135
13136
13139
13134
