13133
13127
13131
13133
13131
13127
13126
13129
13125
13131
13132
13133
13136
13131
13134
13133
13130
13126
13130
13130
13133
13139
13143
13147
13144
13141
13142
13143
13141
13147
13144
13138
13128
13123
13120
13121
13128
13127
13123
13127
13129
13129
13126
13125
13124
13125
13132
13134
13133
13138
13143
13141
13136
13128
13121
13132
13129
13128
13132
13136
13140
13137
13131
13131
13125
13126
13130
13135
13136
13136
13134
13134
13134
13139
13136
13133
13140
13134
13130
13136
13135
13126
13128
13132
13135
13131
13128
13134
13134
13136
13141
13139
13138
13135
13134
13145
13137
13131
13140
13138
13131
13135
13119
13126
13128
13126
13132
13136
13143
13149
13149
13145
13139
13135
13133
13139
13143
13137
13131
13139
13138
13139
13133
13135
13127
13135
13133
13134
13128
13132
13132
13130
13136
13137
13141
13144
13148
13149
13158
13154
13148
13144
13140
13143
13142
13143
13147
13142
13139
13133
13134
13133
13127
13133
13132
13132
13135
13132
13131
13135
13134
13134
13127
13132
13134
13136
13136
13138
13134
13144
13153
13140
13139
13135
13141
13147
13133
13129
13138
13139
13140
13140
13143
13137
13142
13142
13143
13144
13142
13135
13131
13132
13130
13133
13133
13130
13133
13123
13127
13132
13132
13133
13133
13132
13134
13127
13130
13133
13132
13132
13127
13125
13129
13133
13140
13145
13148
13144
13144
13144
13142
13141
13136
13143
13146
13146
13143
13137
13139
13130
13128
13138
13132
13128
13129
13127
13134
13131
13127
13122
13129
13138
13138
13134
13142
13137
13136
13135
13126
13135
13141
13138
13139
13141
13137
13141
13134
13138
13142
13140
13141
13142
13141
13148
13151
13150
13156
13153
13150
13143
13147
13144
13138
13141
13138
13143
13144
13135
13130
13134
13131
13128
13126
13131
13139
13146
13149
13157
13146
13151
13148
13140
13142
13141
13140
13144
13140
13138
13146
13146
13146
13153
13141
13132
13132
13140
13138
13146
13139
13135
13137
13133
13131
13125
13126
13127
13132
13129
13128
13127
13131
13141
13141
13137
13137
13139
13129
13136
13123
13128
13126
13132
13128
13129
13131
13138
13133
13131
13136
13129
13127
13130
13126
13123
13131
13131
13130
13131
13134
13138
13134
13134
13127
13128
13127
13133
13140
13137
13127
13130
13132
13138
13142
13143
13146
13142
13147
13146
13136
13136
13137
13136
13135
13138
13134
13138
13130
13128
13137
13129
13130
13127
13125
13123
13127
13129
13128
13125
13122
13125
13121
13126
13121
13124
13127
13128
13135
13135
13135
13141
13140
13139
13136
13142
13144
13147
13148
13151
13150
13158
13158
13145
13140
13147
13134
13140
13132
13122
13128
13127
13126
13128
13125
13122
13131
13129
13142
13136
13135
13138
13137
13143
13138
13134
13132
13128
13131
13126
13123
13131
13134
13131
13129
13133
13132
13125
13129
13135
13127
13133
13128
13119
13118
13120
13124
13129
13116
13121
13131
13131
13126
13127
13123
13124
13132
13136
13139
13135
13142
13142
13139
13140
13144
13140
13140
13142
13142
13139
13133
13137
13133
13135
13126
13127
13125
13133
13129
13137
13133
13140
13144
13146
13147
13150
13151
13152
13148
13140
13148
13145
13129
13131
13123
13132
13137
13132
13128
13109
12763
12303
11678
11271
11051
10930
10910
10927
10991
11048
11149
11248
11365
11464
11574
11655
11750
11827
11921
11995
12068
12132
12211
12273
12334
12368
12416
12454
12499
12529
12576
12603
12641
12665
12691
12724
12756
12780
12807
12820
12842
12856
12876
12894
12909
12929
12938
12949
12962
12974
12981
13005
13006
13015
13019
13025
13027
13036
13038
13042
13038
13043
13046
13053
13061
13069
13073
13088
13089
13093
13094
13094
13094
13101
13103
13108
13110
13113
13113
13115
13114
13114
13113
13106
13107
13114
13112
13108
13124
13120
13119
13121
13117
13112
13111
13116
13113
13108
13111
13115
13117
13122
13125
13129
13132
13123
13127
13126
13125
13028
12934
12868
12832
12814
12806
12812
12820
12826
12838
12856
12874
12882
12903
12913
12929
12946
12966
12973
12987
12990
13006
13017
13023
13022
13030
13031
13038
13050
13050
13054
13029
12934
12872
12835
12818
12818
12821
12840
12850
12787
12695
12637
12611
12605
12613
12616
12643
12664
12692
12719
12736
12751
12712
12683
12680
12683
12695
12701
12725
12734
12764
12781
12798
12821
12844
12870
12887
12907
12918
12921
12928
12942
12954
12963
12973
12985
12995
13005
13006
13010
13025
13028
13029
13047
13047
13050
13058
13058
13061
13073
13072
13076
13087
13094
13105
13115
13115
13114
13119
13113
13110
13109
13103
13115
13116
13115
13121
13118
13124
13121
13118
13124
13127
13134
13141
13144
13134
13138
13134
13127
13130
13129
13126
13137
13137
13135
13122
13119
13116
13115
13120
13123
13122
13124
13120
13125
13126
13125
13126
13128
13126
13132
13130
13134
13129
13139
13140
13141
13134
13133
13123
13131
13130
13131
13131
13133
13136
13143
13140
13140
13142
13141
13143
13146
13138
13139
13142
13137
13138
13138
13137
13130
13129
13132
13124
13135
13136
13137
13147
13144
13142
13141
13138
13148
13138
13144
13138
13137
13137
13134
13132
13138
13137
13138
13130
13132
13126
13122
13122
13123
13128
13127
13135
13137
13133
13138
13135
13135
13137
13131
13135
13131
13131
13137
13138
13132
13138
13138
13141
13138
13134
13134
13122
13127
13130
13124
13127
13120
13125
13130
13130
13131
13141
13137
13139
13142
13139
13145
13137
13137
13140
13135
13131
13140
13137
13138
13138
13143
13153
13148
13148
13146
13143
13145
13144
13142
13140
13138
13146
13132
13126
13128
13121
13127
13130
13126
13122
13126
13124
13130
13131
13131
13146
13139
13150
13152
13145
13156
13155
13148
13145
13151
13148
13154
13150
13144
13143
13142
13147
13143
13141
13134
13136
13141
13141
13138
13135
13135
13145
13140
13134
13134
13136
13137
13129
13129
13129
13126
13129
13135
13134
13137
13140
13136
13135
13132
13127
13131
13127
13129
13146
13133
13137
13148
13141
13143
13143
13143
13137
13135
13134
13129
13128
13132
13131
13128
13125
13126
13136
13134
13133
13141
13145
13143
13142
13148
13154
13156
13147
13158
13146
13146
13146
13145
13150
13141
13139
13135
13131
13138
13137
13129
13128
13136
13129
13134
13137
13134
13135
13136
13136
13132
13127
13132
13132
13125
13122
13122
13128
13124
13134
13140
13134
13137
13136
13137
13134
13145
13144
13137
13130
13131
13131
13131
13133
13133
13130
13133
13135
13137
13135
13129
13125
13129
13123
13126
13129
13137
13133
13137
13129
13130
