13138
13141
13136
13132
13143
13137
13138
13140
13131
13136
13135
13133
13136
13137
13134
13137
13131
13138
13141
13135
13139
13137
13137
13144
13136
13132
13139
13134
13145
13147
13142
13136
13139
13132
13129
13132
13136
13132
13138
13139
13141
13132
13132
13131
13140
13136
13134
13133
13139
13139
13136
13133
13137
13131
13138
13139
13133
13132
13136
13135
13142
13148
13154
13148
13143
13141
13150
13145
13141
13135
13130
13133
13140
13142
13137
13133
13137
13131
13134
13136
13133
13130
13129
13133
13143
13129
13134
13132
13127
13126
13125
13131
13129
13133
13128
13134
13121
13120
13129
13125
13128
13131
13132
13143
13141
13147
13151
13142
13142
13140
13141
13140
13137
13137
13141
13137
13140
13148
13145
13141
13145
13141
13142
13139
13138
13130
13133
13135
13136
13136
13130
13132
13135
13139
13136
13135
13134
13137
13144
13140
13137
13138
13131
13140
13140
13137
13134
13128
13129
13133
13120
13123
13138
13138
13138
13147
13151
13144
13140
13141
13130
13132
13129
13133
13137
13143
13142
13152
13151
13147
13145
13141
13135
13139
13143
13138
13126
13130
13139
13138
13134
13141
13144
13153
13148
13146
13149
13139
13136
13137
13130
13128
13130
13125
13122
13121
13126
13118
13123
13121
13124
13132
13129
13132
13141
13141
13144
13146
13143
13141
13138
13139
13138
13139
13144
13139
13134
13138
13134
13131
13131
13129
13130
13138
13134
13130
13145
13140
13140
13143
13141
13144
13149
13147
13148
13146
13144
13140
13141
13137
13128
13125
13129
13132
13136
13133
13133
13140
13134
13136
13134
13131
13131
13130
13135
13140
13134
13138
13137
13136
13135
13137
13137
13137
13137
13138
13141
13139
13140
13142
13142
13142
13141
13136
13134
13135
13136
13139
13142
13142
13139
13138
13138
13132
13134
13132
13135
13143
13143
13140
13142
13138
13135
13135
13136
13141
13142
13149
13151
13150
13151
13153
13150
13153
13151
13142
13154
13146
13136
13143
13137
13137
13139
13146
13143
13142
13141
13132
13126
13125
13124
13127
13120
13121
13124
13124
13124
13128
13124
13131
13131
13130
13130
13132
13134
13139
13142
13145
13142
13138
13135
13132
13126
13128
13118
13116
13125
13129
13126
13132
13130
13140
13139
13138
13142
13139
13138
13138
13146
13145
13141
13140
13144
13145
13151
13146
13143
13155
13152
13149
13149
13141
13130
13128
13127
13129
13120
13128
13135
13141
13143
13135
13133
13134
13130
13128
13136
13129
13131
13141
13135
13128
13130
13134
13130
13125
13124
13119
13119
13129
13121
13124
13135
13137
13149
13138
13136
13139
13135
13133
13130
13128
13131
13131
13127
13133
13119
13129
13131
13129
13137
13135
13133
13150
13151
13153
13154
13153
13152
13149
13150
13148
13150
13147
13142
13138
13140
13136
13138
13142
13139
13139
13139
13138
13145
13137
13082
12969
12893
12858
12830
12824
12822
12833
12834
12842
12846
12861
12877
12890
12910
12924
12931
12951
12959
12972
12998
13008
13009
13026
13026
13027
13036
13037
13035
13038
13044
13053
13061
13071
13071
13074
13078
13093
13092
13090
13096
13102
13106
13109
13112
13114
13115
13112
13108
13111
13106
13108
13119
13115
13121
13114
12834
11969
11088
10499
10171
9987
9928
9934
10016
10113
10224
10305
10428
10547
10692
10815
10951
11074
11211
11330
11447
11548
11654
11736
11834
11910
11997
12068
12134
12194
12256
12316
12371
12415
12463
12356
12198
12106
12080
12074
12094
12129
12160
12196
12257
12297
12348
12402
12436
12471
12518
12552
12598
12628
12659
12686
12717
12744
12754
12785
12809
12827
12850
12858
12874
12891
12905
12933
12945
12958
12969
12982
12991
13000
13007
13018
13017
13028
13035
13039
13037
13055
13057
13062
13076
13079
13080
13092
13081
13085
13080
13085
13084
13084
13083
13081
13081
13091
13091
13095
13101
13109
13119
13115
13111
13117
13121
13115
13117
13122
13124
13124
13127
13126
13122
13128
13125
13127
13123
13123
13117
13123
13114
13107
13111
13110
13107
13113
13115
13119
13121
13127
13133
13140
13141
13133
13135
13138
13133
13134
13132
13132
13145
13137
13132
13134
13129
13132
13133
13135
13138
13141
13147
13153
13145
13142
13137
13128
13124
13130
13130
13137
13139
13126
13130
13132
13132
13135
13127
13127
13128
13125
13125
13134
13141
13139
13149
13153
13146
13143
13145
13148
13154
13149
13150
13151
13147
13155
13155
13151
13143
13144
13142
13137
13128
13132
13128
13123
13131
13132
13137
13138
13143
13136
13142
13134
13139
13137
13130
13135
13117
12999
12918
12866
12837
12827
12817
12830
12832
12848
12867
12872
12895
12900
12905
12928
12933
12957
12959
12972
12985
12990
13004
13017
13014
13026
13037
13038
13038
13046
13058
13063
13064
13064
13080
13075
13085
13092
13079
13094
13097
13100
13094
13090
13093
13092
13093
13103
13099
13107
13106
13113
13124
13122
13121
13133
13132
13136
13128
13124
13116
13115
13115
13125
13121
13125
13137
13141
13138
13144
13146
13148
13143
13146
13153
13147
13150
13155
13149
13145
13151
13140
13132
13131
13131
13121
13130
13137
13129
13134
13134
13129
13139
13147
13138
13141
13135
13133
13125
13118
13112
13115
13113
13122
13121
13123
13129
13127
13133
13137
13145
13145
13143
13138
13144
13136
13138
13138
13139
13136
13138
13139
13141
13137
13131
13130
13130
13135
13127
13134
13137
13133
13144
13141
13130
13137
13138
13147
13147
13144
13136
13138
13138
13143
13134
13138
13135
13136
13136
13135
13136
13133
13126
13123
13129
13126
13125
13132
13132
13141
13140
13143
13138
13138
13142
13134
13136
13139
13136
13145
13141
13141
13151
13136
13141
13136
13134
13131
13130
13126
13118
13127
13124
13138
13135
13134
13136
13135
13138
13141
13149
13152
13144
13140
13147
13139
13142
13151
13141
13146
13154
13143
13137
13136
13136
13136
13128
13136
13135
13136
13139
13134
13142
13139
13145
13147
13143
13138
13128
13129
13131
13131
13132
13141
13133
13133
13129
13122
13126
13123
13133
13138
13132
13131
13140
13128
13127
13132
13123
13126
13124
13125
13130
13125
13119
13120
13119
13123
13123
13120
13124
13128
13145
13134
13134
13134
13139
13139
13139
13140
13135
13140
13139
13140
13138
13135
13134
13135
13135
13138
13132
13135
13132
13122
13130
13122
13122
13132
13127
13132
13134
13125
13129
13140
13147
13143
13142
13142
13142
13140
13139
13144
13138
13139
13135
13138
13142
13140
13141
13138
13143
13142
13144
13138
13139
13136
13139
13134
13130
13128
13124
13129
13124
13120
13126
13122
13131
13135
