13142
13140
13143
13146
13155
13139
13143
13142
13142
13143
13143
13138
13143
13139
13145
13140
13142
13143
13145
13139
13142
13145
13142
13144
13148
13139
13137
13126
13125
13133
13136
13136
13140
13137
13145
13148
13146
13141
13147
13148
13142
13144
13140
13138
13140
13133
13139
13141
13134
13138
13130
13121
13124
13121
13115
13118
13112
13120
13126
13126
13139
13138
13141
13141
13134
13128
13131
13121
13123
13133
13128
13130
13132
13136
13142
13129
13135
13136
13139
13140
13138
13145
13141
13142
13138
13134
13129
13133
13135
13135
13137
13136
13136
13136
13139
13137
13135
13137
13135
13130
13135
13134
13126
13126
13129
13123
13131
13135
13135
13137
13133
13137
13134
13126
13121
13119
13119
13112
13119
13124
13120
13125
13131
13135
13147
13137
13140
13134
13137
13136
13128
13118
13119
13116
13125
13129
13124
13129
13137
13138
13144
13147
13156
13162
13164
13155
13153
13148
13144
13147
13138
13136
13133
13134
13134
13135
13140
13135
13138
13136
13137
13135
13139
13140
13147
13139
13139
13135
13139
13134
13130
13136
13139
13133
13137
13144
13136
13137
13140
13145
13141
13142
13147
13146
13142
13140
13145
13146
13146
13146
13145
13143
13147
13143
13136
13134
13134
13133
13141
13143
13142
13143
13142
13134
13140
13133
13130
13138
13137
13136
13130
13128
13131
13129
13137
13138
13135
13142
13148
13146
13143
13138
13141
13145
13146
13132
13142
13135
13137
13135
13133
13131
13131
13132
13129
13136
13138
13138
13134
13137
13134
13139
13148
13140
13150
13141
13150
13147
13145
13137
13140
13140
13147
13142
13145
13147
13139
13142
13142
13138
13129
13130
13138
13142
13140
13131
13138
13123
13118
13126
13123
13127
13130
13128
13134
13139
13141
13137
13136
13138
13144
13139
13141
13138
13140
13141
13145
13143
13144
13149
13149
13146
13142
13139
13142
13145
13138
13140
13141
13135
13138
13138
13143
13153
13151
13140
13145
13136
13132
13133
13125
13128
13128
13132
13130
13133
13137
13132
13135
13136
13130
13130
13134
13136
13145
13144
13149
13147
13155
13156
13153
13154
13157
13155
13156
13156
13153
13158
13157
13149
13143
13135
13133
13136
13132
13122
13131
13026
12931
12879
12840
12823
12816
12815
12818
12835
12849
12866
12890
12900
12910
12922
12936
12943
12967
12966
12975
12990
13001
13008
13014
13024
13032
13040
13039
13050
13052
13061
13069
13072
13074
13079
13072
13074
13075
13076
13087
13080
13084
13091
13090
13096
13101
13105
13111
13111
13113
13109
13109
13108
13106
13108
13109
13101
13107
13105
13109
13112
13119
13118
13126
13120
13117
13130
13126
13125
13121
13122
13128
13129
13128
13123
13125
13128
13130
13131
13147
13141
13143
13155
13156
13147
13147
13147
13140
13141
13145
13143
13142
13142
13141
13143
13148
13146
13155
13146
13145
13143
13136
13123
13121
13125
13121
13130
13135
13138
13138
13139
13141
13141
13137
13139
13136
13137
13135
13134
13139
13130
13141
13143
13128
13127
13125
13127
13125
13129
13134
13130
13129
13134
13128
13125
13127
13122
13130
13124
13126
13129
13136
13135
13140
13138
13142
13137
13142
13140
13135
13135
13137
13136
13138
13138
13055
12290
11518
10758
10219
9858
9711
9634
9674
9733
9866
9992
10168
10313
10485
10619
10788
10921
11062
11181
11311
11421
11538
11622
11733
11820
11909
11987
12075
12132
12201
12247
12305
12352
12398
12447
12497
12543
12576
12618
12652
12684
12712
12728
12758
12778
12806
12827
12840
12858
12875
12891
12904
12914
12935
12941
12960
12985
12990
12982
12993
12994
13010
13009
13017
13024
13034
13042
13049
13051
13060
13065
13074
13081
13080
13084
13089
13085
13091
13104
13104
13106
13102
13102
13112
13106
13111
13114
13106
13106
13111
13119
13112
13118
13120
13120
13130
13128
13126
13127
13131
13138
13139
13133
13126
13131
13130
13129
13130
13129
13125
13132
13130
13136
13134
13135
13144
13138
13145
13144
13146
13145
13146
13138
13149
13137
13139
13141
13135
13134
13137
13142
13136
13138
13139
13134
13134
13139
13144
13140
13143
13146
13156
13147
13143
13146
13135
13133
13132
13130
13132
13136
13134
13133
13128
13131
13126
13130
13130
13130
13127
13129
13133
13124
13132
13124
13126
13137
13130
13134
13138
13138
13134
13139
13134
13138
13134
13134
13134
13131
13125
13122
13126
13122
13119
13124
13124
13130
13133
13132
13134
13139
13144
13148
13143
13147
13149
13141
13141
13143
13139
13142
13142
13143
13147
13138
13143
13138
13140
13138
13137
13140
13140
13130
13132
13126
13125
13126
13126
13138
13148
13150
13145
13133
13130
13134
13133
13134
13126
13134
13131
13136
13137
13139
13134
13138
13139
13139
13133
13141
13138
13147
13142
13141
13143
13136
13127
13139
13130
13133
13141
13142
13141
13137
13136
13138
13139
13140
13144
13141
13137
13137
13141
13131
13125
13131
13130
13128
13125
13128
13123
13127
13123
13139
13138
13147
13146
13143
13138
13140
13136
13143
13140
13142
13147
13145
13138
13139
13136
13134
13137
13137
13137
13133
13138
13134
13142
13140
13141
13138
13138
13137
13139
13138
13134
13130
13130
13135
13137
13135
13136
13136
13131
13132
13128
13133
13137
13138
13137
13143
13129
13136
13133
13134
13134
13132
13129
13126
13124
13132
13131
13133
13132
13139
13151
13146
13151
13148
13153
13150
13150
13148
13150
13138
13143
13145
13146
13148
13141
13137
13135
13132
13123
13123
13120
13130
13129
13129
13133
13137
13140
13136
13135
13139
13141
13137
13141
13138
13137
13138
13148
13146
13148
13143
13145
13134
13133
13139
13138
13136
13140
13138
13139
13133
13133
13136
13137
13138
13133
13142
13137
13134
13128
13133
13128
13130
13137
13138
13140
13141
13145
13146
13143
13141
13154
13143
13146
13150
13145
13146
13141
13140
13140
13135
13137
13138
13130
13135
13140
13137
13137
13135
13142
13134
13138
13133
13124
13128
13132
13136
13133
13135
13135
13137
13134
13137
13133
13133
13135
13138
13141
13142
13142
13135
13147
13134
13132
13138
13136
13140
13142
13136
13133
13126
13138
13129
13129
13129
13131
13139
13135
13138
13137
13133
13133
13132
13136
13137
13144
13140
13135
13138
13135
13141
13140
13139
13146
13140
13146
13138
13138
13144
13141
13141
13150
13144
13141
13142
13138
13136
13145
13140
13140
13134
13133
13133
13133
13137
13136
13137
13136
13135
13142
13137
13134
13134
13136
13142
13141
13138
13138
13134
13137
13137
13129
13135
13133
13135
13136
13136
13137
13139
13133
13133
13137
13133
13139
13148
