13120
13130
13132
13131
13133
13137
13134
13136
13130
13137
13147
13150
13145
13144
13140
13136
13130
13130
13131
13137
13141
13142
13140
13143
13145
13149
13151
13147
13151
13144
13145
13147
13145
13141
13135
13141
13137
13141
13140
13137
13126
13125
13123
13120
13131
13127
13132
13135
13129
13128
13138
13130
13121
13128
13126
13132
13133
13132
13127
13132
13139
13136
13136
13130
13129
13140
13136
13134
13147
13149
13149
13158
13147
13142
13139
13140
13138
13136
13142
13143
13138
13138
13136
13134
13140
13139
13134
13143
13137
13131
13136
13129
13124
13123
13119
13119
13127
13125
13123
13124
13121
13123
13130
13132
13127
13130
13130
13126
13132
13126
13132
13135
13136
13138
13137
13139
13140
13135
13139
13140
13136
13138
13139
13135
13134
13141
13141
13142
13137
13133
13135
13129
13139
13138
13133
13138
13138
13135
13133
13130
13132
13131
13138
13135
13134
13140
13134
13136
13145
13141
13147
13147
13146
13144
13145
13146
13139
13138
13137
13136
13129
13132
13141
13139
13136
13143
13142
13146
13142
13130
13135
13136
13128
13132
13128
13130
13127
13132
13136
13132
13130
13124
13126
13129
13128
13127
13131
13138
13144
13142
13139
13142
13142
13141
13140
13131
13125
13134
13128
13134
13129
13135
13137
13138
13139
13135
13131
13141
13140
13138
13148
13152
13145
13147
13141
13145
13139
13136
13137
13136
13135
13128
13129
13135
13132
13135
13144
13132
13135
13133
13136
13141
13142
13145
13134
13141
13140
13141
13142
13138
13137
13138
13139
13135
13132
13140
13128
13133
13134
13127
13128
13119
13114
13125
13126
13133
13138
13137
13139
13136
13135
13134
13128
13130
13127
13126
13127
13126
13129
13128
13123
13126
13132
13134
13136
13142
13140
13140
13139
13135
13137
13137
13145
13141
13144
13138
13131
13138
13130
13131
13134
13137
13141
13147
13138
13137
13136
13135
13136
13138
13140
13140
13137
13134
13133
13136
13138
13133
13136
13134
13128
13131
13132
13123
13119
13123
13120
13131
13131
13136
13133
13144
13151
13157
13153
13153
13151
13155
13148
13144
13142
13137
13127
13132
13127
13134
13134
13131
13131
13134
13138
13137
13137
13136
13130
13136
13133
13133
13137
13131
13127
13131
13130
13126
13123
13122
13126
13130
13127
13129
13123
13128
13134
13132
13129
13134
13134
13141
13139
13132
13137
13132
13140
13139
13140
13137
13139
13145
13139
13135
13142
13138
13137
13140
13141
13141
13137
13138
13144
13139
13128
13130
13130
13132
13127
13129
13132
13130
13135
13135
13126
13127
13121
13122
13124
13134
13137
13145
13139
13132
13138
13133
13126
13138
13131
13134
13134
13128
13128
13128
13134
13136
13132
13131
13133
13139
13144
13142
13143
13141
13138
13138
13137
13135
13138
13135
13129
13124
13118
13121
13114
13116
13120
13119
13123
13122
13125
13132
13126
13136
13153
13148
13150
13149
13145
13141
13138
13141
13138
13135
13135
13136
13144
13146
13133
13137
13136
13135
13129
13118
13120
13126
13129
13131
13128
13134
13134
13135
13132
13135
13125
13138
13134
13138
13134
13138
13134
13142
13138
13134
13143
13136
13132
13138
13133
13135
13136
13138
13140
13140
13143
13137
13135
13132
13134
13134
13136
13119
12685
11819
11150
10612
10261
10068
10012
10018
10102
10187
10328
10449
10599
10730
10888
11018
11156
11271
11391
11499
11601
11698
11808
11878
11960
12039
12119
12171
12238
12294
12347
12393
12441
12482
12528
12572
12605
12638
12669
12689
12718
12739
12767
12786
12816
12832
12854
12870
12890
12906
12914
12927
12944
12958
12970
12974
12990
12990
12994
13004
13003
13004
13020
13025
13030
13042
13039
13048
13052
13056
13066
13078
13082
13086
13093
13096
13093
13100
13095
13096
13096
13096
13103
13103
13106
13103
13101
13100
13105
13100
13105
13116
13112
13122
13125
13119
13119
13121
13129
13137
13138
13136
13137
13139
13132
13138
13131
13133
13137
13135
13133
13129
13117
13120
13122
13134
13135
13135
13139
13141
13149
13141
13134
13137
13136
13137
13133
13130
13127
13126
13126
13128
13122
13125
13123
13117
13126
13127
13122
13128
13121
13126
13137
13142
13142
13146
13150
13145
13148
13142
13139
13135
13131
13128
13131
13139
13137
13137
13134
13139
13150
13142
13146
13144
13145
13143
13137
13131
13130
13135
13130
13134
13134
13134
13137
13137
13146
13142
13145
13145
13137
13137
13142
13142
13134
13134
13135
13132
13132
13125
13117
13124
13135
13136
13144
13142
13137
13143
13137
13143
13145
13140
13138
13139
13135
13135
13128
13125
13129
13128
13132
13137
13129
13126
13131
13138
13137
13135
13132
13139
13134
13131
13138
13126
13127
13136
13132
13129
13123
13122
13123
13120
13123
13121
13128
13125
13125
13128
13123
13123
13124
13124
13122
13134
13133
13133
13137
13138
13136
13136
13133
13137
13132
13133
13136
13132
13135
13132
13132
13141
13143
13136
13139
13129
13127
13131
13127
13126
13136
13133
13136
13136
13135
13131
13133
13142
13145
13139
13144
13138
13147
13142
13137
13143
13135
13133
13129
13132
13132
13139
13147
13150
13142
13142
13137
13135
13137
13137
13136
13143
13141
13134
13138
13133
13128
13133
13130
13128
13137
13138
13144
13141
13139
13133
13128
13126
13127
13130
13130
13120
13126
13118
13122
13129
13134
13135
13137
13135
13139
13139
13135
13139
13130
13137
13133
13136
13135
13137
13133
13149
13136
13135
13138
13137
13130
13141
13135
13137
13126
13128
13127
13132
13133
13122
13124
13126
13123
13126
13123
13132
13137
13145
13142
13140
13135
13134
13127
13128
13123
13119
13109
13118
13116
13121
13126
13122
13118
13125
13131
13143
13142
13145
13149
13157
13153
13153
13146
13144
13142
13138
13133
13131
13131
13130
13131
13137
13139
13140
13137
13137
13142
13142
13140
13134
13126
13126
13126
13124
13128
13125
13123
13125
13125
13125
13122
13122
13118
13123
13115
13124
13123
13120
13128
13125
13126
13126
13126
13128
13124
13132
13132
13132
13130
13127
13124
13133
13132
13132
13129
13131
13142
13143
13141
13156
13145
13155
13155
13149
13151
13147
13142
13145
13144
13137
13140
13140
13133
13139
13137
13145
13138
13122
13125
13130
13134
13138
13133
13137
13142
13141
13141
13146
13150
13142
13132
13144
13141
13137
13135
13137
13140
13136
13131
13131
13130
13133
13136
13139
13139
13140
13139
13153
13142
13140
13134
13133
13137
13130
13121
13127
13122
13118
13122
13131
13126
13135
13137
13139
13133
13133
13135
13137
13133
13129
13133
13132
13132
13132
13124
13129
13134
13134
