13144
13132
13132
13131
13128
13134
13136
13138
13141
13137
13141
13146
13142
13139
13135
13136
13135
13135
13133
13138
13145
13141
13142
13138
13143
13137
13143
13138
13137
13132
13131
13136
13136
13144
13146
13137
13139
13132
13133
13138
13133
13129
13137
13139
13133
13129
13128
13129
13135
13137
13139
13138
13144
13135
13138
13143
13139
13133
13133
13133
13130
13128
13131
13134
13138
13133
13140
13133
13134
13124
13120
13123
13127
13138
13134
13139
13134
13135
13138
13137
13133
13135
13146
13145
13143
13147
13144
13139
13138
13142
13137
13131
13135
13135
13136
13143
13138
13133
13134
13132
13133
13125
13127
13131
13131
13127
13128
13126
13129
13136
13142
13139
13133
13138
13145
13146
13148
13146
13147
13151
13146
13142
13143
13139
13136
13140
13133
13137
13131
13136
13126
13126
13129
13123
13123
13130
13131
13136
13137
13138
13144
13141
13135
13140
13139
13142
13139
13133
13130
13132
13130
13138
13129
13132
13134
13132
13134
13139
13138
13140
13135
13134
13136
13138
13139
13140
13140
13147
13144
13135
13136
13140
13130
13130
13134
13142
13145
13142
13142
13136
13139
13133
13126
13132
13127
13131
13119
13126
13126
13133
13142
13143
13144
13151
13151
13147
13146
13144
13140
13140
13138
13130
13139
13129
13127
13140
13142
13143
13146
13150
13142
13138
13136
13133
13133
13136
13133
13130
13131
13137
13145
13138
13139
13142
13143
13142
13142
13132
13131
13137
13133
13131
13123
13122
13122
13123
13126
13121
13120
13134
13133
13130
13128
13128
13125
13136
13131
13130
13136
13136
13139
13140
13139
13139
13150
13150
13145
13147
13142
13146
13148
13137
13136
13137
13132
13139
13132
13129
13133
13143
13136
13140
13138
13142
13145
13146
13147
13139
13135
13138
13143
13137
13147
13144
13148
13151
13148
13142
13140
13145
13141
13141
13138
13135
13139
13148
13145
13140
13142
13138
13143
13135
13134
13139
13139
13141
13133
13129
13128
13127
13127
13128
13121
13117
13121
13117
13124
13122
13122
13134
13132
13129
13137
13137
13137
13141
13133
13135
13139
13128
13130
13130
13123
13124
13126
13126
13121
13124
13127
13128
13132
13128
13130
13134
13132
13137
13135
13140
13142
13146
13138
13141
13129
13134
13136
13138
13139
13141
13135
13138
13143
13133
13142
13136
13132
13126
13125
13121
13117
13121
13123
13120
13129
13125
13126
13131
13127
13125
13137
13134
13140
13137
13131
13136
13137
13131
13126
13124
13125
13133
13130
13133
13133
13136
13138
13135
13124
13133
13127
13135
13133
13133
13141
13137
13139
13142
13137
13137
13132
13135
13138
13135
13134
13125
13122
13128
13125
13135
13139
13134
13142
13140
13149
13154
13149
13145
13144
13138
13130
13124
13117
13118
13113
13115
13118
13118
13124
13127
13134
13144
13148
13142
13150
13138
13139
13134
13128
13127
13130
13136
13138
13137
13144
13136
13137
13139
13137
13137
13138
13131
13141
13127
13126
13136
13136
13134
13132
13135
13140
13137
13137
13138
13137
13134
13134
13131
13136
13136
13134
13132
13126
13124
13126
13117
13117
13119
13116
13122
13125
13125
13125
13136
13137
13142
13142
13142
13143
13148
13146
13144
13144
13141
13147
13143
13139
13130
12942
12672
12437
12292
12216
12162
12150
12152
12179
12211
12256
12299
12341
12390
12428
12461
12512
12544
12582
12615
12654
12680
12705
12729
12759
12783
12802
12825
12838
12855
12873
12899
12904
12817
12761
12720
12708
12707
12721
12737
12747
12764
12780
12789
12805
12826
12838
12855
12870
12890
12911
12926
12950
12961
12972
12987
13007
13007
13014
13026
13030
13034
13038
13040
13038
13044
13047
13053
13061
13066
13072
13076
13084
13087
13083
13090
13099
13098
13098
13110
13106
13108
13107
13108
13107
13108
13101
13114
13112
13107
13118
13113
13116
13121
13120
13117
13118
13118
13121
13123
13126
13128
13136
13133
13132
13128
13126
13126
13131
13133
13131
13132
13125
13127
13130
13133
13129
13130
13127
13133
13131
13137
13134
13137
13132
13134
13134
13147
13147
13140
13142
13138
13138
13140
13139
13134
13138
13126
13130
13136
13132
13138
13137
13141
13146
13138
13131
13135
13135
13140
13138
13141
13143
13135
13146
13138
13144
13139
13137
13141
13145
13142
13140
13141
13140
13142
13135
13132
13134
13134
13142
13138
13138
13141
13139
13138
13143
13139
13136
13143
13146
13141
13140
13138
13134
13138
13135
13134
13139
13142
13133
13130
13134
13136
13144
13138
13140
13138
13137
13135
13131
13127
13123
13128
13127
13129
13121
13125
13128
13124
13135
13137
13135
13140
13142
13144
13160
13156
13149
13141
13137
13133
13140
13135
13132
13131
13131
13125
13123
13126
13127
13126
13126
13129
13138
13126
13122
13126
13122
13129
13136
13136
13135
13129
13132
13138
13133
13132
13135
13137
13135
13143
13139
13146
13142
13139
13150
13140
13144
13146
13145
13137
13140
13145
13145
13136
13140
13140
13136
13140
13137
13138
13136
13133
13134
13129
13138
13137
13131
13137
13137
13136
13145
13145
13148
13147
13146
13146
13146
13140
13144
13142
13139
13143
13141
13136
13140
13131
13130
13135
13132
13130
13130
13122
13122
13121
13123
13122
13126
13130
13130
13126
13126
13129
13142
13136
13138
13134
13127
13130
13130
13123
13122
13129
13134
13139
13131
13131
13132
13131
13130
13130
13129
13135
13137
13128
13144
13133
13134
13137
13132
13130
13136
13139
13140
13140
13145
13135
13134
13135
13135
13138
13138
13141
13143
13135
13127
13128
13134
13135
13137
13130
13131
13134
13138
13144
13133
13140
13146
13143
13142
13140
13143
13142
13132
13129
13131
13129
13119
13129
13123
13132
13135
13137
13144
13146
13149
13142
13147
13146
13150
13145
13147
13141
13149
13142
13136
13139
13130
13129
13129
13131
13137
13134
13141
13147
13144
13142
13138
13137
13139
13139
13143
13150
13143
13141
13147
13137
13130
13135
13132
13134
13139
13137
13140
13132
13139
13131
13128
13128
13129
13130
13132
13129
13140
13137
13137
13143
13141
13142
13140
13138
13137
13138
13142
13143
13144
13140
13146
13137
13137
13135
13131
13139
13136
13131
13136
13129
13137
13133
13128
13123
13124
13126
13127
13130
13143
13138
13140
13137
13130
13138
13138
13133
13138
13136
13130
13140
13137
13140
13135
13132
13138
13132
13135
13136
13132
13134
13134
13137
13142
13145
13147
13146
13155
13146
13155
13149
13148
13146
13142
13136
13140
13133
13133
13130
13137
13135
13134
13142
13148
13149
13147
13143
13142
13142
13139
13138
13134
13133
13136
13136
13127
13131
