13141
13144
13147
13140
13135
13130
13134
13141
13138
13134
13128
13133
13138
13129
13127
13133
13132
13131
13130
13123
13121
13123
13120
13125
13112
13121
13125
13128
13128
13137
13142
13147
13145
13143
13150
13143
13138
13144
13141
13138
13138
13138
13140
13137
13139
13128
13132
13130
13134
13129
13130
13130
13140
13136
13132
13135
13130
13131
13134
13132
13134
13137
13137
13139
13132
13134
13135
13129
13129
13137
13141
13141
13136
13136
13145
13138
13141
13145
13145
13146
13135
13128
13130
13116
13114
13121
13126
13127
13130
13134
13133
13127
13135
13126
13126
13134
13129
13125
13120
13127
13122
13119
13113
13117
13109
13119
13121
13120
13114
13124
13124
13125
13126
13117
13124
13120
13124
13129
13128
13132
13132
13134
13134
13131
13133
13130
13132
13129
13124
13128
13130
13125
13136
13133
13122
13128
13129
13134
13130
13128
13125
13130
13123
13124
13113
13118
13119
13122
13124
13121
13120
13132
13133
13129
13126
13118
13124
13138
13127
13132
13125
13129
13129
13126
13126
13126
13119
13127
13129
13133
13131
13133
13134
13136
13135
13132
13133
13132
13127
13133
13136
13135
13133
13140
13135
13138
13139
13139
13133
13129
13127
13128
13122
13121
13125
13126
13123
13131
13132
13132
13133
13136
13132
13128
13119
13119
13112
13115
13111
13123
13119
13122
13131
13124
13122
13128
13129
13139
13134
13138
13142
13140
13147
13143
13138
13143
13147
13142
13139
13140
13142
13147
13144
13141
13153
13146
13142
13137
13135
13127
13128
13128
13131
13122
13129
13133
13131
13136
13129
13135
13134
13130
13140
13133
13133
13141
13136
13138
13133
13134
13135
13138
13139
13138
13130
13138
13136
13132
13129
13126
13123
13129
13128
13125
13129
13131
13131
13136
13132
13133
13126
13128
13133
13123
13128
13123
13130
13138
13134
13137
13135
13136
13136
13130
13126
13134
13134
13134
13131
13123
13125
13120
13121
13121
13114
13123
13119
13126
13126
13132
13126
13123
13123
13124
13127
13126
13119
13126
13128
13138
13141
13141
13135
13137
13142
13147
13142
13142
13140
13138
13135
13138
13145
13134
13135
13145
13133
13133
13130
13127
13131
13142
13133
13132
13130
13139
13142
13140
13142
13140
13141
13140
13138
13136
13136
13132
13129
13125
13118
13122
13119
13123
13119
13125
13127
13125
13127
13131
13131
13141
13134
13132
13136
13136
13141
13143
13142
13137
13130
13130
13129
13133
13132
13139
13138
13137
13136
13139
13138
13139
13142
13144
13139
13138
13142
13132
13134
13128
13128
13132
13135
13133
13134
13133
13132
13131
13131
13136
13135
13142
13146
13146
13150
13145
13149
13151
13145
13143
13140
13141
13135
13141
13144
13147
13142
13138
13137
13132
13134
13129
13131
13137
13134
13137
13138
13137
13128
13132
13126
13128
13134
13134
13134
13134
13140
13131
13125
13132
13134
13137
13142
13140
13141
13134
13136
13144
13139
13140
13137
13142
13140
13140
13136
13137
13143
13138
13140
13134
13135
13135
13136
13146
13137
13134
13141
13140
13134
13140
13134
13134
13136
13132
13133
13131
13129
13128
13134
13137
13135
13135
13134
13135
13133
13135
13127
13133
13138
13136
13143
13141
13142
13111
12701
12172
11734
11463
11218
11042
10998
10981
11027
11090
11175
11256
11364
11453
11557
11651
11742
11817
11906
11984
12062
12119
12185
12239
12301
12355
12411
12454
12496
12529
12584
12612
12651
12677
12700
12730
12760
12786
12816
12846
12864
12882
12894
12909
12917
12932
12941
12950
12957
12971
12981
12990
13014
13015
13024
13035
13035
13039
13042
13032
13030
13033
13045
13048
13056
13062
13070
13078
13086
13092
13095
13094
13097
13110
13114
13113
13113
13115
13116
13115
13111
13117
13114
13111
13109
13108
13109
13111
13118
13127
13119
13114
13129
13130
13136
13138
13130
13131
13132
13131
13132
13132
13132
13122
13122
13120
13115
13111
13113
13115
13120
13112
13113
13118
13121
13123
13123
13127
13123
13125
13129
13127
13119
13125
13132
13122
13119
13123
13132
13139
13136
13130
13141
13128
13132
13129
13129
13120
13130
13132
13135
13134
13139
13139
13151
13149
13147
13151
13142
13143
13153
13143
13134
13129
13128
13122
13112
13116
13117
13119
13118
13121
13123
13126
13128
13119
13120
13128
13129
13138
13131
13132
13136
13129
13124
13124
13118
13120
13121
13129
13134
13135
13141
13132
13137
13136
13133
13130
13132
13135
13142
13136
13131
13133
13136
13140
13141
13140
13146
13146
13145
13145
13137
13136
13137
13134
13136
13141
13142
13146
13140
13131
13142
13138
13139
13147
13144
13145
13152
13156
13147
13139
13140
13136
13138
13134
13132
13137
13134
13141
13144
13140
13133
13141
13144
13143
13139
13128
13132
13128
13126
13123
13118
13124
13125
13121
13127
13124
13126
13136
13139
13137
13142
13134
13135
13135
13130
13124
13126
13126
13125
13127
13122
13128
13132
13142
13143
13140
13137
13136
13140
13135
13131
13138
13128
13133
13130
13129
13130
13127
13126
13138
13133
13138
13135
13133
13132
13135
13144
13140
13130
13127
13134
13133
13133
13142
13138
13138
13142
13134
13127
13119
13118
13116
13122
13133
13132
13119
13122
13125
13138
13134
13134
13144
13141
13139
13130
13131
13133
13129
13134
13131
13121
13125
13127
13134
13134
13141
13145
13144
13141
13140
13145
13138
13134
13135
13134
13132
13130
13131
13132
13130
13131
13132
13128
13135
13128
13134
13130
13127
13127
13122
13119
13123
13119
13123
13117
13119
13123
13124
13124
13126
13115
13116
13125
13128
13129
13139
13134
13140
13137
13138
13149
13150
13149
13151
13152
13140
13137
13143
13137
13137
13133
13139
13135
13130
13126
13125
13130
13131
13134
13130
13131
13141
13145
13148
13145
13142
13142
13137
13136
13132
13125
13125
13118
13119
13126
13128
13129
13138
13139
13132
13131
13125
13119
13121
13115
13125
13123
13123
13122
13122
13128
13136
13128
13129
13124
13134
13139
13139
13140
13137
13126
13134
13133
13133
13127
13127
13125
13126
13132
13135
13121
13130
13131
13127
13130
13127
13130
13133
13130
13128
13134
13132
13123
13132
13133
13135
13141
13145
13152
13144
13150
13144
13144
13145
13144
13144
13145
13140
13145
13139
13138
13139
13142
13141
13133
13138
13130
13138
13144
13138
13138
13133
13129
13128
13126
13125
13121
13127
13125
13131
13139
13138
13134
13142
13144
13140
13138
13138
13135
13139
13143
13140
13145
13145
13155
13155
13154
13151
13152
13143
13136
13134
13131
13135
13135
13139
13132
13134
13131
13132
13130
13127
13126
13126
13132
13136
