13135
13131
13130
13127
13121
13122
13121
13122
13119
13127
13123
13120
13123
13128
13125
13130
13127
13127
13132
13130
13127
13129
13132
13132
13142
13139
13131
13131
13127
13126
13131
13138
13134
13131
13119
13124
13135
13126
13125
13122
13133
13138
13136
13132
13133
13136
13131
13133
13132
13134
13134
13134
13144
13138
13140
13141
13144
13139
13148
13144
13146
13147
13146
13144
13137
13138
13142
13139
13135
13133
13135
13133
13135
13130
13135
13127
13148
13138
13138
13138
13141
13142
13148
13140
13138
13135
13137
13135
13132
13136
13129
13122
13126
13133
13138
13139
13131
13129
13141
13132
13130
13129
13130
13132
13138
13139
13140
13126
13134
13135
13134
13143
13135
13130
13129
13128
13131
13126
13120
13119
13118
13124
13126
13133
13130
13132
13134
13136
13129
13127
13132
13126
13132
13132
13131
13131
13131
13133
13146
13136
13135
13138
13140
13135
13129
13132
13126
13130
13128
13123
13127
13132
13133
13133
13139
13138
13146
13144
13141
13147
13145
13148
13153
13146
13144
13146
13147
13142
13131
13138
13140
13136
13127
13127
13124
13133
13123
13116
13121
13117
13130
13132
13132
13132
13135
13133
13144
13146
13142
13143
13147
13148
13148
13147
13132
13132
13136
13127
13128
13124
13122
13137
13133
13133
13131
13134
13143
13139
13136
13137
13137
13128
13135
13137
13142
13148
13142
13138
13141
13133
13130
13141
13138
13132
13136
13136
13136
13136
13134
13136
13131
13140
13142
13131
13135
13129
13130
13124
13132
13135
13132
13136
13137
13128
13134
13135
13137
13137
13129
13133
13134
13135
13136
13135
13135
13139
13131
13121
13126
13122
13125
13133
13125
13120
13128
13130
13132
13135
13129
13126
13127
13133
13134
13130
13123
13123
13133
13130
13129
13133
13131
13133
13134
13129
13131
13131
13127
13131
13129
13132
13128
13136
13141
13145
13149
13147
13145
13138
13152
13142
13149
13145
13140
13138
13138
13137
13141
13139
13144
13142
13146
13146
13143
13143
13140
13147
13144
13125
13126
13125
13127
13126
13134
13136
13131
13131
13125
13130
13130
13126
13125
13120
13123
13124
13129
13135
13126
13123
13134
13129
13124
13125
13120
13123
13121
13125
13128
13132
13124
13132
13136
13136
13138
13140
13145
13139
13149
13139
13131
13138
13139
13137
13126
13126
13129
13124
13131
13134
13128
13129
13133
13133
13138
13136
13140
13142
13131
13128
13138
13133
13134
13137
13133
13132
13129
13132
13127
13130
13145
13147
13146
13143
13143
13133
13130
13130
13131
13124
13126
13126
13129
13129
13126
13128
13129
13130
13134
13133
13130
13130
13131
13135
13137
13131
13132
13132
13132
13132
13133
13133
13132
13137
13133
13128
13126
13122
13127
13127
13127
13128
13124
13127
13135
13135
13137
13140
13146
13137
13135
13135
13134
13135
13133
13126
13125
13131
13132
13130
13125
13124
13128
13128
13126
13132
13136
13141
13135
13125
13133
13130
13127
13129
13128
13127
13126
13126
13128
13127
13128
13122
13121
13126
13126
13132
13132
13128
13133
13124
13120
13130
13123
13128
13133
13142
13139
13142
13137
13140
13130
13123
13125
13120
13125
13132
13129
13134
13134
13132
13139
13134
13130
13139
13136
13139
13137
13129
12838
12221
11738
11371
11100
10961
10924
10920
10978
11043
11120
11156
11230
11302
11400
11488
11590
11673
11765
11843
11927
12003
12075
12133
12205
12262
12323
12363
12414
12460
12503
12539
12587
12616
12652
12688
12718
12743
12768
12791
12818
12833
12849
12858
12882
12900
12911
12928
12937
12946
12972
12978
12986
12991
13003
13011
13026
13033
13040
13045
13045
13051
13058
13058
13068
13069
13070
13076
13080
13093
13082
13087
13096
13091
13096
13102
13096
13104
13109
13108
13110
13107
13113
13114
13117
13117
13106
13107
13104
13112
13115
13118
13119
13118
13114
13117
13117
13123
13122
13127
13131
13134
13129
13133
13130
13130
13127
13130
13127
13128
13132
13131
13135
13130
13123
13124
13128
13128
13120
13122
13123
13131
13129
13127
13125
13126
13128
13137
13135
13133
13135
13132
13142
13140
13135
13135
13138
13138
13143
13140
13140
13142
13139
13138
13143
13142
13141
13139
13130
13134
13130
13131
13134
13125
13120
13127
13129
13136
13131
13136
13139
13135
13142
13134
13139
13141
13133
13138
13130
13128
13133
13127
13121
13120
13129
13128
13132
13134
13143
13142
13145
13143
13136
13135
13137
13132
13128
13122
13134
13134
13134
13132
13142
13135
13134
13137
13136
13138
13143
13137
13130
13121
13123
13118
13122
13128
13133
13134
13142
13138
13146
13145
13134
13135
13136
13142
13142
13137
13141
13138
13142
13149
13154
13151
13152
13149
13148
13147
13142
13148
13139
13137
13142
13132
13129
13134
13130
13127
13123
13122
13124
13123
13127
13131
13129
13132
13134
13137
13132
13128
13127
13122
13132
13128
13133
13141
13139
13138
13134
13141
13146
13148
13140
13137
13134
13129
13131
13134
13129
13137
13130
13122
13119
13116
13110
13121
13117
13116
13108
13112
13114
13119
13119
13123
13134
13138
13137
13136
13138
13135
13136
13127
13131
13132
13125
13125
13125
13122
13122
13121
13119
13121
13113
13117
13119
13122
13129
13126
13132
13133
13136
13127
13138
13126
13124
13132
13127
13124
13131
13131
13126
13125
13123
13128
13133
13133
13135
13141
13133
13130
13136
13133
13138
13141
13147
13141
13140
13136
13133
13137
13137
13137
13129
13126
13131
13124
13129
13124
13127
13126
13133
13137
13144
13136
13139
13139
13141
13139
13139
13138
13134
13134
13130
13123
13123
13120
13121
13124
13124
13123
13133
13122
13120
13122
13126
13132
13129
13126
13124
13121
13125
13128
13133
13137
13142
13130
13136
13136
13134
13136
13131
13130
13128
13118
13113
13120
13119
13117
13129
13128
13133
13131
13135
13130
13123
13123
13123
13122
13125
13119
13121
13117
13120
13124
13127
13126
13124
13125
13126
13125
13127
13128
13135
13137
13139
13134
13133
13134
13134
13138
13135
13134
13142
13138
13137
13132
13033
12944
12883
12848
12836
12827
12828
12832
12840
12856
12869
12889
12902
12911
12934
12944
12954
12962
12975
12982
12995
13006
13013
13020
13027
13027
13028
13035
13046
13047
13058
13065
13074
13079
13083
13080
13092
13090
13090
13094
13099
13100
13102
13104
13103
13096
13099
13096
13097
13103
13105
13117
13124
13121
13137
13130
13127
13132
13131
13128
13129
13131
13133
13130
13132
13128
13121
13120
13125
13118
13120
13119
13120
13129
13126
13122
13128
13119
13124
13132
13131
13136
13140
13140
13146
13139
13139
13126
