13124
13118
13123
13121
13119
13128
13118
13118
13128
13135
13142
13146
13150
13154
13153
13157
13148
13139
13135
13128
13134
13128
13126
13131
13124
13123
13122
13123
13123
13122
13122
13135
13127
13135
13136
13134
13139
13138
13137
13134
13137
13138
13143
13135
13132
13133
13131
13137
13139
13136
13136
13133
13128
13128
13129
13129
13131
13127
13124
13122
13127
13117
13116
13114
13112
13116
13121
13117
13119
13114
13110
13110
13116
13113
13107
13111
13122
13122
13122
13124
13121
13114
13117
13112
13119
13124
13133
13139
13142
13136
13144
13139
13131
13127
13123
13132
13134
13120
13124
13128
13136
13133
13136
13141
13141
13145
13148
13132
13134
13133
13139
13146
13138
13140
13144
13139
13144
13140
13142
13147
13139
13133
13135
13129
13129
13124
13126
13126
13135
13135
13141
13138
13133
13134
13136
13133
13134
13136
13140
13132
13140
13132
13126
13132
13133
13127
13126
13126
13128
13124
13126
13134
13132
13130
13131
13128
13138
13138
13141
13147
13144
13146
13159
13146
13146
13137
13140
13135
13142
13141
13140
13134
13136
13129
13131
13128
13128
13126
13131
13130
13135
13128
13130
13127
13125
13116
13117
13123
13127
13132
13139
13138
13132
13138
13142
13142
13146
13148
13143
13140
13137
13139
13152
13143
13149
13156
13146
13144
13149
13138
13141
13139
13145
13134
13135
13141
13138
13135
13132
13128
13131
13119
13120
13123
13119
13119
13120
13128
13133
13132
13142
13149
13153
13158
13161
13160
13156
13143
13139
13139
13137
13134
13140
13138
13131
13133
13135
13141
13138
13132
13138
13137
13142
13138
13144
13142
13142
13139
13142
13133
13138
13130
13131
13132
13125
13124
13130
13129
13129
13128
13118
13120
13117
13118
13119
13115
13122
13129
13134
13137
13129
13132
13135
13128
13123
13124
13125
13133
13136
13140
13139
13138
13139
13141
13144
13146
13147
13142
13149
13141
13138
13134
13128
13133
13136
13137
13136
13134
13134
13137
13138
13136
13129
13137
13145
13142
13144
13140
13134
13136
13129
13134
13145
13137
13140
13141
13143
13138
13130
13133
13128
13127
13138
13132
13129
13130
13122
13127
13128
13120
13123
13124
13130
13125
13122
13124
13121
13123
13129
13135
13126
13130
13124
13126
13134
13129
13119
13122
13125
13129
13129
13126
13134
13131
13132
13136
13132
13139
13137
13139
13142
13140
13136
13136
13134
13131
13125
13122
13124
13117
13124
13121
13119
13131
13133
13135
13136
13138
13141
13139
13141
13142
13133
13137
13138
13130
13133
13132
13130
13128
13119
13121
13134
13132
13132
13134
13128
13130
13132
13126
13130
13128
13133
13129
13133
13129
13130
13128
13125
13118
13126
13125
13135
13141
13146
13146
13145
13132
13127
13123
13124
13130
13130
13137
13140
13136
13139
13132
13134
13133
13125
13118
13124
13118
13120
13125
13123
13126
13121
13117
13119
13115
13122
13124
13127
13126
13134
13133
13142
13129
13133
13132
13135
13135
13126
13134
13135
13134
13132
13133
13130
13137
13138
13136
13132
13132
13126
13125
13118
13115
13111
13106
13117
13121
13121
13129
13121
13126
13132
13130
13133
13125
13129
13130
13128
13134
13133
13134
13136
13125
13100
12886
12377
11710
11222
10865
10700
10615
10627
10661
10753
10842
10954
11057
11180
11281
11410
11506
11614
11701
11795
11869
11958
12023
12104
12167
12233
12290
12350
12397
12449
12489
12528
12554
12590
12621
12651
12679
12714
12738
12770
12783
12811
12833
12853
12865
12876
12894
12918
12924
12947
12962
12966
12978
12989
12995
13010
13022
13028
13040
13043
13041
13054
13055
13067
13068
13066
13068
13078
13080
13095
13095
13094
13091
13100
13102
13107
13107
13113
13109
13110
13102
13100
13097
13097
13099
13108
13111
13115
13113
13110
13112
13104
13116
13124
13114
13120
13123
13125
13131
13128
13126
13139
13137
13146
13141
13129
13126
13128
13129
13129
13130
13127
13122
13122
13121
13129
13123
13121
13127
13132
13130
13126
13131
13131
13135
13142
13137
13131
13132
13125
13135
13137
13139
13140
13136
13135
13137
13130
13135
13129
13125
13128
13123
13129
13118
13113
13121
13120
13125
13126
13123
13125
13127
13131
13133
13132
13127
13126
13126
13129
13122
13124
13127
13126
13122
13125
13131
13133
13135
13136
13134
13125
13125
13128
13132
13131
13129
13128
13130
13130
13130
13133
13125
13124
13124
13118
13119
13125
13130
13125
13127
13132
13132
13138
13147
13150
13146
13147
13145
13153
13144
13142
13148
13151
13152
13152
13146
13147
13146
13149
13152
13148
13146
13148
13149
13150
13143
13141
13148
13138
13136
13138
13132
13138
13140
13132
13136
13141
13145
13154
13150
13154
13143
13139
13138
13135
13144
13145
13137
13152
13136
13135
13144
13132
13132
13131
13132
13129
13139
13139
13142
13134
13137
13134
13133
13132
13138
13142
13139
13134
13133
13139
13138
13138
13145
13138
13138
13140
13138
13134
13133
13134
13134
13134
13138
13136
13135
13138
13140
13148
13140
13138
13149
13147
13144
13143
13138
13139
13130
13128
13130
13127
13123
13129
13130
13133
13135
13134
13136
13135
13133
13143
13146
13143
13139
13139
13140
13139
13138
13142
13138
13148
13142
13140
13141
13135
13132
13134
13137
13134
13131
13124
13130
13135
13130
13127
13134
13128
13128
13120
13127
13127
13138
13144
13139
13142
13142
13140
13144
13139
13132
13137
13132
13127
13126
13121
13120
13130
13129
13133
13135
13143
13135
13138
13134
13134
13125
13130
13131
13137
13133
13128
13139
13151
13146
13144
13142
13134
13135
13135
13138
13130
13130
13132
13136
13141
13138
13139
13146
13146
13147
13150
13142
13140
13144
13139
13140
13139
13142
13139
13136
13141
13138
13144
13138
13137
13126
13130
13131
13139
13135
13133
13139
13139
13141
13134
13129
13129
13135
13134
13134
13132
13131
13135
13130
13128
13122
13126
13128
13133
13129
13139
13123
13131
13135
13129
13133
13134
13128
13128
13125
13130
13115
13125
13129
13124
13124
13130
13126
13137
13133
13132
13146
13136
13139
13132
13140
13134
13139
13137
13139
13132
13135
13142
13139
13141
13142
13134
13140
13132
13131
13134
13135
13134
13143
13135
13141
13139
13138
13136
13126
13121
13124
13124
13129
13128
13132
13121
13119
13125
13115
13118
13118
13117
13118
13112
13115
13125
13124
13125
13127
13123
13124
13130
13130
13129
13128
13133
13139
13137
13137
13143
13143
13146
13143
13127
13123
13122
13126
13123
13125
13131
13131
13145
13146
13141
13145
13144
13136
13139
13129
13125
13130
13133
13128
13126
13126
13130
13131
