13149
13148
13145
13143
13142
13143
13142
13142
13143
13135
13142
13136
13142
13140
13132
13130
13134
13132
13134
13132
13130
13125
13128
13130
13128
13128
13130
13131
13138
13137
13134
13136
13129
13137
13127
13120
13116
13130
13128
13134
13123
13122
13120
13127
13124
13130
13132
13137
13134
13135
13139
13136
13129
13135
13132
13140
13145
13142
13146
13144
13142
13134
13135
13133
13135
13135
13129
13125
13133
13122
13119
13120
13127
13128
13130
13131
13128
13131
13135
13129
13131
13132
13127
13129
13130
13134
13135
13142
13132
13122
13132
13125
13125
13133
13127
13133
13141
13138
13141
13138
13139
13138
13142
13150
13142
13142
13143
13142
13153
13149
13135
13130
13134
13136
13138
13139
13135
13127
13131
13138
13136
13135
13142
13138
13139
13145
13143
13140
13139
13128
13131
13121
13109
13117
13118
13122
13129
13132
13139
13139
13143
13137
13144
13143
13145
13139
13144
13138
13148
13134
13133
13132
13133
13136
13140
13137
13137
13143
13137
13142
13136
13138
13137
13137
13140
13135
13131
13125
13122
13118
13123
13122
13119
13128
13129
13131
13124
13123
13127
13127
13134
13139
13132
13130
13132
13129
13127
13124
13131
13115
13116
13121
13118
13124
13124
13123
13126
13126
13129
13129
13120
13126
13120
13119
13122
13126
13124
13124
13117
13123
13125
13117
13120
13128
13124
13132
13139
13138
13142
13138
13132
13130
13121
13127
13126
13133
13132
13130
13134
13138
13135
13134
13135
13138
13126
13118
13122
13127
13128
13130
13126
13125
13133
13135
13135
13135
13146
13146
13143
13132
13135
13130
13126
13122
13119
13113
13117
13116
13109
13111
13109
13109
13117
13122
13124
13128
13128
13128
13136
13134
13139
13136
13139
13139
13140
13139
13135
13134
13138
13134
13128
13127
13134
13135
13140
13139
13129
13135
13123
13130
13135
13130
13133
13137
13139
13140
13142
13132
13136
13136
13133
13126
13128
13125
13125
13121
13115
13117
13130
13125
13126
13137
13135
13132
13135
13141
13141
13144
13137
13139
13134
13137
13137
13135
13141
13141
13142
13138
13131
13122
13134
13129
13130
13135
13132
13139
13137
13141
13136
13131
13135
13136
13130
13129
13129
13132
13133
13126
13133
13128
13125
13131
13126
13127
13130
13128
13127
13132
13127
13132
13126
13134
13142
13141
13138
13150
13151
13158
13156
13148
13148
13147
13142
13147
13134
13141
13137
13137
13139
13135
13137
13132
13127
13135
13126
13126
13122
13119
13118
13119
13118
13125
13123
13122
13125
13127
13130
13130
13131
13132
13136
13136
13133
13137
13140
13140
13142
13148
13140
13136
13133
13137
13133
13133
13125
13134
13136
13136
13134
13133
13134
13137
13133
13133
13127
13129
13127
13129
13126
13125
13131
13140
13137
13143
13139
13144
13144
13140
13129
13133
13131
13137
13133
13131
13125
13126
13123
13131
13119
13118
13133
13125
13124
13128
13125
13132
13126
13125
13132
13133
13131
13130
13130
13125
13123
13124
13133
13132
13134
13130
13139
13146
13145
13146
13142
13143
13145
13140
13136
13131
13129
13137
13140
13132
13139
13136
13133
13140
13131
13123
13126
13121
13125
13132
13129
13126
13138
13137
13136
13128
13134
13138
13136
13138
13136
13136
13138
13136
13076
12629
11705
10767
10065
9654
9475
9404
9458
9531
9677
9817
10001
10158
10337
10485
10658
10796
10947
11081
11218
11332
11465
11555
11651
11734
11824
11908
11988
12056
12134
12196
12261
12315
12371
12418
12466
12510
12547
12576
12619
12644
12678
12701
12730
12751
12779
12798
12824
12840
12856
12884
12899
12921
12932
12932
12946
12955
12963
12974
12971
12968
12980
12995
13010
13018
13029
13039
13046
13061
13060
13064
13067
13070
13077
13088
13088
13097
13096
13090
13094
13088
13091
13097
13094
13097
13098
13109
13113
13117
13114
13119
13113
13109
13110
13112
13117
13123
13126
13129
13125
13122
13132
13132
13127
13134
13133
13134
13129
13129
13125
13124
13125
13123
13128
13136
13132
13127
13125
13127
13133
13130
13130
13133
13128
13133
13125
13120
13122
13125
13122
13139
13133
13142
13135
13143
13148
13147
13142
13140
13137
13137
13141
13132
13124
13135
13130
13133
13127
13132
13127
13129
13134
13127
13133
13139
13144
13142
13133
13137
13134
13133
13124
13123
13126
13121
13124
13125
13130
13126
13122
13122
13122
13123
13129
13131
13146
13138
13143
13141
13141
13137
13143
13141
13139
13139
13136
13133
13133
13135
13132
13128
13128
13128
13126
13126
13121
13128
13128
13133
13135
13124
13117
13117
13125
13130
13128
13133
13128
13137
13137
13138
13140
13145
13143
13145
13146
13146
13139
13140
13131
13130
13138
13136
13135
13145
13142
13144
13146
13134
13140
13141
13141
13135
13130
13133
13134
13133
13137
13137
13139
13137
13140
13139
13140
13141
13134
13130
13134
13138
13133
13141
13138
13137
13130
13134
13134
13132
13120
13132
13131
13132
13135
13126
13128
13132
13132
13133
13133
13127
13128
13126
13128
13133
13138
13142
13140
13142
13144
13139
13147
13141
13138
13137
13138
13135
13136
13143
13135
13133
13131
13130
13124
13129
13132
13131
13135
13128
13129
13137
13128
13124
13133
13127
13137
13137
13148
13154
13158
13144
13143
13144
13140
13134
13133
13132
13138
13132
13133
13129
13129
13129
13121
13128
13131
13132
13126
13134
13141
13144
13138
13143
13146
13148
13153
13149
13143
13142
13135
13143
13135
13135
13138
13135
13132
13135
13130
13133
13131
13125
13128
13122
13119
13125
13129
13131
13129
13127
13130
13129
13131
13120
13120
13128
13133
13131
13128
13128
13129
13126
13122
13124
13123
13133
13135
13140
13148
13145
13140
13143
13139
13136
13144
13137
13134
13145
13140
13142
13139
13133
13135
13143
13144
13142
13145
13145
13142
13139
13141
13137
13137
13133
13130
13131
13126
13132
13131
13137
13137
13145
13142
13145
13146
13144
13148
13143
13134
13132
13124
13125
13120
13118
13129
13127
13127
13133
13131
13134
13139
13137
13141
13139
13134
13131
13134
13137
13136
13138
13139
13146
13151
13138
13148
13146
13145
13139
13145
13141
13135
13136
13135
13131
13134
13136
13143
13137
13136
13136
13141
13141
13139
13135
13134
13134
13134
13136
13133
13126
13134
13135
13137
13126
13129
13133
13140
13139
13131
13138
13141
13140
13149
13140
13138
13136
13134
13138
13144
13139
13135
13134
13135
13129
13118
13118
13122
13124
13125
13123
13126
13132
13127
13120
13136
13129
13128
13130
13127
13129
13120
13124
13134
13124
13129
13127
13127
13129
13121
13112
13122
13118
13133
13127
