13130
13127
13123
13125
13132
13134
13131
13133
13126
13129
13134
13134
13133
13128
13128
13136
13138
13138
13141
13135
13127
13132
13123
13126
13128
13122
13133
13131
13133
13132
13136
13137
13135
13136
13135
13135
13142
13137
13149
13141
13139
13135
13129
13127
13124
13127
13125
13122
13109
13115
13115
13122
13127
13136
13138
13146
13142
13137
13151
13146
13148
13148
13148
13142
13144
13140
13142
13141
13136
13128
13129
13130
13137
13132
13127
13130
13138
13135
13133
13137
13129
13129
13126
13136
13135
13135
13136
13128
13125
13133
13132
13133
13133
13131
13134
13138
13130
13124
13136
13137
13143
13142
13142
13146
13147
13147
13144
13144
13143
13140
13142
13139
13141
13141
13142
13137
13144
13137
13134
13137
13138
13139
13133
13138
13138
13136
13130
13130
13125
13133
13134
13135
13145
13140
13141
13142
13143
13140
13146
13139
13134
13141
13134
13135
13132
13129
13133
13138
13133
13123
13122
13124
13121
13128
13135
13125
13120
13125
13130
13132
13126
13130
13130
13128
13135
13133
13144
13147
13138
13136
13141
13139
13136
13138
13125
13133
13133
13123
13129
13129
13132
13134
13135
13138
13136
13135
13139
13137
13141
13137
13143
13149
13146
13141
13134
13135
13141
13134
13127
13132
13129
13134
13135
13141
13143
13132
13132
13138
13128
13131
13133
13135
13135
13141
13135
13143
13132
13136
13140
13130
13124
13132
13128
13138
13137
13138
13146
13144
13143
13138
13141
13138
13126
13125
13126
13133
13133
13132
13142
13145
13143
13140
13136
13132
13131
13135
13135
13134
13135
13136
13142
13139
13134
13138
13138
13140
13134
13125
13131
13125
13122
13123
13117
13119
13118
13129
13132
13136
13134
13129
13127
13130
13127
13130
13137
13135
13144
13132
13128
13125
13129
13122
13120
13128
13129
13132
13136
13136
13136
13146
13140
13137
13131
13132
13132
13138
13135
13130
13133
13131
13134
13134
13137
13141
13138
13137
13132
13129
13130
13132
13142
13146
13139
13139
13140
13133
13145
13141
13134
13139
13145
13145
13148
13148
13146
13145
13151
13148
13147
13146
13147
13146
13146
13143
13140
13146
13137
13130
13142
13140
13145
13141
13137
13140
13138
13133
13128
13128
13133
13132
13134
13141
13135
13137
13136
13139
13140
13136
13125
13130
13131
13133
13133
13131
13129
13132
13137
13141
13138
13139
13139
13135
13133
13129
13131
13134
13133
13128
13131
13129
13134
13144
13134
13140
13135
13136
13136
13139
13138
13139
13142
13147
13139
13132
13124
13125
13133
13125
13132
13135
13136
13136
13136
13133
13138
13136
13137
13138
13131
13133
13133
13132
13134
13136
13137
13141
13131
13132
13143
13144
13141
13146
13137
13138
13143
13143
13140
13135
13136
13139
13140
13137
13136
13134
13135
13139
13138
13133
13129
13128
13128
13131
13133
13128
13127
13136
13132
13140
13135
13149
13147
13147
13147
13146
13154
13152
13148
13147
13148
13155
13148
13157
13144
13150
13147
13141
13132
13124
13116
13116
13126
13131
13125
13128
13121
13127
13130
13133
13136
13138
13138
13139
13137
13140
13137
13136
13128
13131
13122
13124
13126
13124
13131
13136
13129
13143
13139
13137
13141
13141
13137
13131
12844
12256
11774
11483
11320
11221
11199
11207
11263
11329
11417
11501
11601
11691
11781
11860
11939
12015
12085
12150
12216
12271
12317
12366
12417
12464
12499
12540
12585
12613
12641
12671
12698
12737
12758
12774
12805
12822
12852
12883
12898
12921
12931
12941
12950
12958
12964
12969
12976
12987
12993
13001
13012
13018
13038
13040
13048
13053
13057
13068
13065
13068
13070
13078
13079
13089
13092
13098
13100
13102
13107
13111
13104
13107
13104
13100
13108
13105
13101
13109
13110
13114
13116
13114
13112
13106
13110
13116
13121
13118
13112
13114
13113
13116
13120
13118
13116
13123
13125
13128
13125
13134
13135
13136
13139
13143
13129
13130
13130
13129
13128
13122
13119
13128
13128
13125
13137
13131
13131
13139
13137
13134
13137
13133
13124
13125
13123
13120
13123
13116
13118
13124
13127
13134
13134
13123
13124
13124
13116
13122
13121
13127
13135
13136
13135
13141
13132
13135
13141
13140
13136
13130
13130
13138
13142
13142
13143
13136
13139
13142
13137
13145
13140
13141
13146
13142
13135
13127
13121
13129
13121
13122
13125
13117
13123
13124
13128
13126
13131
13128
13131
13133
13134
13144
13139
13148
13147
13147
13145
13145
13147
13148
13148
13146
13143
13134
13141
13135
13132
13137
13136
13130
13132
13125
13123
13122
13129
13132
13136
13139
13136
13140
13140
13138
13145
13135
13130
13133
13126
13136
13138
13138
13140
13141
13140
13147
13146
13145
13146
13142
13146
13156
13149
13151
13152
13143
13145
13140
13141
13143
13129
13128
13127
13131
13136
13133
13133
13129
13133
13138
13136
13133
13135
13133
13138
13124
13125
13122
13118
13122
13121
13117
13120
13120
13119
13130
13126
13131
13131
13131
13134
13131
13131
13135
13127
13128
13132
13120
13119
13130
13123
13121
13129
13135
13134
13133
13136
13136
13135
13138
13138
13137
13135
13123
13138
13133
13129
13126
13123
13118
13113
13122
13118
13131
13128
13137
13133
13137
13133
13131
13136
13134
13132
13136
13136
13134
13132
13124
13120
13126
13128
13121
13120
13124
13124
13129
13135
13136
13138
13135
13145
13138
13136
13137
13144
13135
13129
13130
13125
13121
13127
13124
13120
13127
13130
13132
13133
13132
13131
13130
13126
13126
13127
13120
13124
13118
13124
13125
13131
13139
13140
13142
13144
13136
13134
13141
13141
13140
13138
13138
13138
13135
13132
13134
13141
13136
13137
13140
13137
13145
13141
13135
13136
13135
13137
13134
13137
13127
13131
13128
13127
13131
13131
13136
13137
13128
13135
13121
13120
13128
13129
13123
13134
13135
13135
13132
13124
13125
13129
13132
13141
13139
13137
13126
13131
13127
13124
13124
13129
13131
13129
13128
13133
13136
13134
13135
13139
13138
13140
13134
13134
13137
13133
13137
13132
13129
13138
13129
13128
13133
13127
13126
13121
13123
13117
13119
13115
13118
13119
13120
13129
13131
13125
13124
13133
13135
13134
13140
13138
13134
13130
13128
13132
13130
13132
13134
13133
13136
13144
13138
13141
13140
13139
13137
13135
13136
13145
13138
13144
13139
13134
13135
13133
13133
13128
13133
13138
13137
13141
13138
13135
13137
13147
13139
13152
13140
13144
13147
13144
13145
13135
13132
13124
13119
13124
13122
13116
13119
13126
13133
13139
13132
13139
13138
13135
13143
13143
13140
13146
13155
13145
13142
13142
13138
13139
13136
13136
13125
