13124
13136
13129
13141
13138
13138
13132
13135
13125
13137
13131
13131
13129
13134
13126
13134
13125
13132
13141
13137
13133
13131
13128
13134
13133
13139
13136
13137
13137
13129
13134
13137
13130
13135
13138
13138
13142
13140
13138
13146
13144
13142
13142
13147
13149
13151
13154
13156
13150
13148
13142
13141
13139
13136
13135
13141
13136
13136
13142
13134
13129
13133
13122
13119
13117
13118
13117
13126
13130
13132
13141
13139
13140
13140
13135
13134
13135
13128
13127
13128
13126
13131
13135
13140
13141
13141
13128
13138
13128
13134
13130
13134
13137
13137
13135
13142
13130
13126
13129
13124
13121
13122
13111
13122
13122
13121
13120
13122
13122
13128
13129
13132
13131
13133
13131
13133
13134
13129
13129
13131
13138
13130
13002
12914
12865
12829
12817
12817
12816
12835
12844
12855
12872
12883
12893
12913
12928
12933
12943
12952
12966
12987
13000
13010
13030
13038
13046
13044
13052
13055
13055
13062
13053
13057
13063
13072
13077
13084
13089
13093
13093
13101
13101
13096
13099
13106
13113
13110
13110
13122
13127
13125
13126
13124
13119
13118
13120
13115
13111
13113
13117
13118
13122
13124
13122
13129
13134
13126
13133
13135
13135
13140
13137
13141
13142
13136
13133
13129
13122
13128
13128
13131
13133
13136
13142
13136
13140
13138
13126
13129
13129
13124
13126
13128
13123
13126
13123
13112
13119
13122
13129
13127
13120
13131
13127
13122
13121
13124
13119
13128
13130
13138
13139
13140
13146
13144
13144
13136
13134
13139
13148
13135
13133
13145
13139
13144
13138
13140
13136
13139
13134
13121
13119
13118
13126
13128
13119
13115
13127
13124
13127
13141
13137
13135
13141
13138
13141
13133
13133
13136
13138
13140
13140
13138
13134
13138
13142
13130
13130
13130
13129
13140
13138
13133
13136
13132
13134
13133
13128
13138
13136
13131
13128
13131
13129
13141
13138
13137
13142
13135
13133
13138
13142
13132
13137
13142
13142
13141
13136
13134
13137
13135
13134
13133
13132
13135
13143
13137
13134
13137
13138
13136
13135
13130
13124
13126
13120
13126
13118
13128
13129
13132
13133
13136
13136
13144
13139
13128
13128
13123
13117
13119
13118
13126
13124
13132
13127
13132
13138
13138
13144
13147
13141
13134
13133
13135
13138
13130
13130
13132
13134
13146
13142
13140
13150
13157
13152
13150
13135
13137
13140
13140
13133
13132
13129
13136
13131
13125
13126
13124
13127
13132
13127
13135
13136
13139
13136
13131
13125
13125
13123
13126
13130
13135
13135
13138
13146
13140
13131
13137
13139
13132
13125
13125
13127
13138
13142
13143
13134
13139
13139
13141
13148
13140
13139
13142
13143
13143
13142
13132
13131
13132
13133
13132
13129
13132
13134
13142
13136
13133
13134
13139
13138
13140
13146
13135
13141
13124
13124
13124
13125
13128
13120
13122
13131
13133
13132
13136
13128
13134
13136
13134
13131
13140
13137
13143
13138
13137
13143
13135
13145
13146
13137
13135
13138
13144
13144
13143
13145
13139
13142
13147
13145
13138
13131
13130
13140
13139
13134
13142
13137
13138
13132
13132
13134
13140
13130
13132
13128
13135
13128
13120
13117
13117
13118
13126
13120
13118
13131
13131
13131
13115
12740
12082
11676
11435
11225
11041
10970
10956
10997
10998
11054
11127
11218
11302
11415
11487
11586
11674
11770
11852
11933
11894
11879
11891
11930
11972
12017
12066
12127
12175
12237
12284
12344
12398
12441
12479
12533
12558
12598
12634
12663
12691
12727
12741
12767
12786
12801
12824
12846
12869
12888
12904
12925
12929
12947
12955
12965
12986
13000
12999
13002
13005
13014
13020
13027
13039
13038
13054
13056
13061
13069
13078
13070
13083
13078
13083
13092
13090
13087
13087
13083
13083
13088
13094
13094
13099
13104
13110
13120
13117
13110
13114
13121
13119
13118
13123
13118
13111
13110
13113
13122
13126
13125
13127
13124
13123
13116
13125
13123
13124
13128
13125
13119
13128
13125
13114
13120
13113
13116
13125
13123
13114
13117
13123
13123
13132
13132
13127
13122
13124
13128
13127
13125
13120
13123
13124
13126
13127
13126
13126
13126
13128
13129
13130
13133
13129
13127
13122
13122
13123
13126
13134
13133
13134
13133
13131
13134
13133
13134
13136
13126
13127
13130
13134
13135
13140
13139
13145
13145
13152
13145
13150
13146
13144
13150
13142
13142
13141
13141
13145
13143
13140
13139
13133
13139
13145
13138
13139
13143
13150
13146
13146
13144
13145
13145
13139
13150
13137
13134
13138
13138
13133
13137
13134
13134
13139
13138
13137
13143
13141
13142
13141
13134
13136
13140
13139
13139
13138
13136
13136
13133
13135
13124
13122
13124
13132
13127
13130
13131
13132
13136
13135
13136
13136
13129
13123
13134
13134
13128
13132
13128
13129
13134
13135
13134
13136
13133
13131
13140
13142
13143
13136
13134
13133
13138
13134
13125
13133
13121
13122
13115
13113
13113
13121
13121
13123
13120
13122
13119
13126
13132
13140
13138
13145
13141
13142
13145
13136
13131
13140
13137
13143
13141
13139
13141
13142
13136
13139
13143
13148
13146
13139
13142
13144
13147
13142
13134
13137
13133
13135
13133
13133
13136
13143
13149
13157
13152
13154
13149
13148
13150
13141
13134
13138
13133
13140
13140
13138
13132
13142
13136
13135
13131
13135
13134
13132
13133
13131
13130
13139
13143
13140
13145
13140
13146
13139
13128
13124
13119
13122
13123
13123
13124
13120
13120
13123
13124
13134
13128
13125
13125
13129
13134
13134
13130
13133
13147
13141
13136
13139
13137
13133
13129
13128
13133
13134
13125
13128
13126
13130
13124
13132
13127
13132
13136
13128
13129
13129
13129
13129
13132
13131
13134
13134
13135
13141
13142
13146
13138
13140
13146
13147
13148
13147
13145
13139
13143
13136
13128
13133
13120
13129
13138
13136
13141
13141
13141
13138
13142
13139
13140
13138
13130
13131
13143
13139
13139
13140
13140
13139
13139
13133
13127
13129
13126
13130
13126
13128
13131
13132
13134
13139
13132
13134
13127
13129
13131
13118
13121
13129
13134
13137
13140
13139
13143
13147
13156
13150
13150
13152
13149
13144
13140
13137
13145
13137
13135
13142
13139
13141
13138
13141
13135
13141
13147
13148
13141
13145
13147
13147
13143
13141
13134
13140
13133
13137
13143
13135
13131
13136
13122
13126
13126
13133
13134
13135
13134
13134
13133
13132
13143
13150
13152
13153
13159
13145
13144
13139
13135
13137
13134
13137
13142
13154
13151
13152
13142
13138
13139
13139
13142
13142
13146
13144
13137
13139
13142
13128
13126
13137
13134
13132
13129
13133
13142
13138
13135
13134
