13137
13137
13138
13136
13140
13131
13145
13151
13149
13148
13152
13140
13143
13138
13142
13142
13143
13141
13150
13140
13143
13139
13129
13134
13134
13132
13125
13126
13122
13120
13127
13128
13129
13130
13133
13138
13141
13132
13130
13132
13129
13133
13126
13124
13134
13133
13142
13143
13138
13147
13146
13139
13144
13138
13126
13135
13126
13123
13126
13121
13127
13131
13132
13133
13137
13137
13138
13134
13139
13133
13134
13136
13137
13146
13143
13137
13142
13139
13130
13129
13132
13123
13125
13125
13129
13135
13133
13135
13136
13137
13140
13134
13145
13142
13144
13151
13151
13148
13155
13150
13146
13148
13135
13134
13133
13134
13136
13139
13142
13139
13141
13140
13136
13134
13135
13135
13143
13141
13151
13148
13145
13141
13129
13132
13129
13137
13129
13134
13125
13133
13142
13138
13138
13136
13137
13142
13134
13135
13147
13134
13127
13131
13126
13130
13136
13134
13128
13135
13132
13133
13134
13137
13137
13137
13137
13130
13142
13142
13137
13139
13137
13144
13139
13138
13135
13134
13128
13130
13127
13129
13126
13122
13129
13124
13120
13129
13121
13125
13124
13125
13126
13126
13125
13125
13128
13129
13135
13138
13141
13131
13132
13139
13126
13132
13134
13126
13138
13137
13136
13136
13126
13132
13135
13136
13126
13129
13124
13129
13126
13126
13125
13128
13136
13135
13138
13147
13141
13134
13142
13131
13126
13136
13136
13135
13136
13137
13140
13136
13141
13135
13135
13139
13139
13138
13131
13122
13127
13118
13122
13123
13131
13130
13131
13124
13127
13123
13126
13125
13127
13126
13127
13134
13144
13137
13136
13138
13134
13129
13134
13130
13134
13143
13133
13136
13139
13133
13136
13141
13142
13132
13134
13143
13145
13144
13144
13136
13144
13141
13142
13143
13141
13145
13149
13154
13151
13148
13141
13143
13132
13133
13129
13126
13134
13128
13126
13137
13133
13125
13133
13128
13132
13129
13115
13119
13123
13117
13122
13121
13123
13121
13125
13130
13128
13120
13126
13131
13132
13133
13133
13133
13134
13135
13135
13142
13133
13131
13131
13137
13136
13141
13138
13141
13142
13141
13133
13138
13134
13132
13138
13131
13128
13136
13136
13137
13132
13121
13124
13131
13133
13133
13130
13129
13134
13134
13135
13134
13146
13138
13133
13139
13130
13127
13127
13125
13139
13132
13127
13133
13131
13138
13139
13141
13149
13147
13149
13153
13142
13132
13134
13125
13126
13130
13126
13122
13120
13127
13131
13130
13137
13129
13142
13147
13151
13147
13142
13137
13156
13151
13146
13141
13146
13144
13147
13146
13144
13138
13129
13137
13129
13133
13134
13135
13137
13137
13141
13139
13133
13129
13136
13129
13127
13131
13129
13135
13133
13133
13134
13133
13135
13127
13135
13134
13133
13132
13133
13133
13139
13127
13126
13132
13132
13134
13126
13129
13133
13132
13131
13140
13132
13129
13134
13137
13142
13147
13142
13144
13146
13137
13141
13131
13135
13138
13137
13136
13136
13133
13126
13123
13123
13117
13122
13132
13123
13131
13132
13125
13134
13132
13133
13128
13121
13123
13121
13122
13125
13125
13125
13133
13131
13134
13137
13132
13141
13136
13144
13151
13148
13145
13154
13134
13137
13131
13130
13134
13136
13129
13131
12972
12430
11932
11449
11132
10984
10900
10913
10931
10978
11029
11115
11204
11303
11397
11508
11595
11700
11787
11876
11952
12026
12091
12170
12219
12284
12329
12382
12427
12477
12514
12567
12595
12634
12655
12682
12707
12745
12771
12789
12806
12829
12850
12873
12892
12905
12915
12932
12937
12953
12963
12974
12989
12997
13005
13014
13020
13028
13030
13034
13039
13037
13041
13042
13048
13057
13064
13069
13081
13083
13086
13092
13097
13099
13108
13106
13106
13107
13113
13113
13113
13110
13113
13112
13113
13111
13114
13116
13120
13123
13118
13119
13126
13125
13120
13121
13124
13118
13132
13133
13134
13127
13128
13126
13123
13137
13135
13124
13129
13124
13116
13124
13122
13110
13124
13120
13126
13128
13133
13126
13027
12944
12890
12856
12840
12821
12834
12842
12858
12870
12880
12890
12911
12927
12944
12950
12956
12973
12981
12985
12997
13004
13018
13029
13039
13048
13049
13054
13059
13067
13062
13073
13070
13068
13078
13074
13083
13090
13093
13092
13095
13103
13102
13102
13105
13108
13108
13105
13108
13115
13113
13114
13121
13114
13123
13132
13131
13137
13141
13141
13144
13141
13138
13134
13132
13139
13138
13134
13139
13131
13135
13151
13140
13138
13140
13140
13140
13135
13137
13135
13134
13130
13131
13137
13137
13131
13138
13131
13133
13136
13124
13124
13130
13122
13122
13123
13128
13131
13132
13129
13132
13135
13138
13140
13132
13126
13126
13120
13124
13120
13127
13136
13128
13124
13125
13126
13126
13133
13138
13137
13135
13138
13130
13136
13130
13130
13132
13123
13126
13125
13121
13127
13132
13128
13136
13139
13137
13142
13131
13131
13132
13126
13134
13141
13140
13134
13137
13132
13135
13130
13132
13136
13129
13123
13127
13123
13131
13138
13142
13139
13145
13140
13138
13142
13143
13139
13132
13133
13130
13134
13136
13140
13135
13138
13138
13139
13133
13131
13133
13136
13141
13138
13138
13139
13133
13140
13138
13135
13131
13131
13131
13136
13130
13128
13127
13129
13124
13126
13124
13126
13124
13127
13125
13128
13140
13131
13134
13135
13131
13134
13135
13138
13137
13140
13137
13142
13138
13134
13132
13139
13140
13137
13025
12934
12870
12837
12819
12816
12819
12825
12835
12858
12869
12880
12902
12909
12922
12941
12948
12965
12978
12987
12992
13007
13014
13013
13025
13032
13038
13050
13048
13055
13068
13068
13072
13078
13076
13077
13085
13081
13087
13087
13085
13094
13089
13094
13093
13104
13111
13105
13107
13116
13121
13129
13128
13124
13117
13122
13115
13110
13107
13115
13117
13118
13121
13124
13127
13130
13127
13128
13118
13130
13132
13133
13129
13129
13133
13136
13130
13123
13120
13117
13128
13130
13132
13129
13128
13122
13131
13131
13126
13137
13137
13133
13134
13127
13135
13131
13128
13128
13134
13137
13140
13133
13130
13140
13147
13145
13138
13137
13129
13128
13128
13122
13129
13130
13128
13133
13129
13128
13137
13134
13130
13138
13127
13123
13121
13127
13135
13121
13119
13122
13130
13129
13132
13123
13122
13132
13135
13144
13140
13143
13141
13145
13150
13152
13151
13141
13139
13142
13129
13125
13126
13128
13130
13133
13136
13134
13123
13120
13127
13120
13134
13137
13136
13137
13138
13138
13145
13141
13137
13148
13144
13149
13152
13140
13142
13138
13138
13138
13135
13136
13137
