13125
13123
13122
13117
13113
13120
13122
13119
13126
13130
13129
13130
13133
13132
13131
13136
13139
13139
13144
13138
13143
13138
13137
13139
13138
13135
13132
13135
13130
13129
13124
13129
13118
13124
13131
13129
13134
13133
13126
13136
13138
13126
13131
13121
13122
13132
13127
13129
13130
13133
13131
13133
13135
13132
13144
13148
13146
13145
13144
13142
13151
13136
13129
13131
13126
13133
13131
13126
13133
13132
13134
13135
13133
13135
13137
13145
13139
13141
13138
13143
13143
13138
13134
13131
13125
13133
13136
13134
13133
13131
13134
13141
13142
13141
13139
13133
13137
13128
13123
13123
13131
13122
13120
13130
13129
13131
13129
13133
13133
13130
13125
13129
13128
13134
13133
13133
13135
13132
13130
13143
13141
13138
13143
13138
13136
13145
13141
13137
13136
13139
13143
13130
13135
13132
13132
13134
13125
13129
13127
13134
13142
13140
13132
13139
13130
13133
13126
13126
13131
13131
13127
13133
13131
13132
13136
13130
13131
13130
13131
13134
13125
13119
13119
13115
13116
13126
13127
13137
13142
13147
13142
13135
13135
13134
13129
13135
13135
13134
13131
13129
13137
13125
13128
13135
13139
13135
13135
13133
13134
13138
13132
13131
13124
13121
13121
13124
13128
13132
13136
13149
13145
13148
13152
13149
13142
13144
13136
13137
13137
13138
13136
13138
13133
13126
13132
13136
13134
13127
13126
13125
13137
13132
13131
13128
13124
13115
13115
13121
13117
13123
13130
13141
13129
13130
13123
13120
13122
13126
13129
13129
13133
13124
13126
13121
13125
13133
13133
13138
13138
13139
13138
13140
13137
13131
13131
13129
13122
13124
13125
13121
13125
13122
13120
13123
13116
13123
13124
13126
13126
13127
13126
13127
13125
13131
13130
13133
13139
13136
13140
13146
13143
13143
13147
13140
13133
13138
13132
13133
13133
13136
13130
13128
13133
13127
13132
13131
13133
13139
13138
13140
13145
13139
13132
13132
13130
13132
13128
13128
13125
13128
13132
13134
13127
13131
13136
13144
13147
13148
13139
13139
13134
13133
13137
13133
13130
13133
13127
13133
13141
13134
13138
13136
13134
13130
13122
13121
13113
13120
13115
13120
13126
13124
13131
13138
13129
13128
13126
13126
13123
13123
13123
13128
13124
13125
13127
13129
13138
13141
13136
13145
13135
13125
13133
13128
13130
13130
13124
13129
13132
13130
13133
13132
13134
13131
13127
13134
13135
13138
13131
13130
13134
13134
13140
13145
13147
13146
13149
13150
13149
13143
13145
13136
13131
13134
13137
13135
13136
13135
13135
13142
13136
13135
13138
13133
13137
13143
13140
13140
13139
13139
13141
13135
13141
13136
13141
13135
13131
13135
13133
13133
13142
13138
13131
13138
13137
13136
13136
13136
13135
13137
13141
13137
13136
13140
13137
13136
13137
13134
13130
13138
13133
13133
13137
13134
13134
13135
13135
13134
13132
13133
13139
13141
13140
13144
13142
13147
13144
13142
13137
13137
13143
13140
13140
13140
13134
13136
13136
13141
13137
13139
13134
13140
13131
13136
13142
13133
13132
13134
13136
13138
13134
13133
13140
13132
13131
13138
13137
13134
13134
13134
13128
13133
13134
13136
13127
13135
13138
13140
13137
13137
13137
13130
13127
13136
13092
12603
11996
11373
10843
10519
10376
10312
10345
10406
10521
10620
10765
10882
11016
11142
11264
11377
11501
11591
11694
11775
11868
11945
12026
12085
12151
12215
12282
12326
12386
12430
12476
12514
12561
12591
12630
12658
12683
12717
12745
12766
12793
12814
12838
12862
12879
12894
12903
12923
12942
12952
12973
12984
12990
12997
12999
13004
13017
13013
13014
13026
13029
13033
13041
13047
13056
13056
13067
13068
13069
13076
13076
13077
13090
13084
13091
13092
13038
12918
12846
12805
12786
12776
12782
12796
12807
12832
12835
12854
12876
12889
12910
12923
12935
12948
12958
12966
12979
12977
12983
13008
13014
13015
13023
13028
13036
13041
13042
13047
13061
13063
13066
13068
13071
13068
13079
13084
13092
13094
13096
13102
13100
13107
13113
13112
13098
13100
13101
13113
13112
13111
13109
13105
13108
13106
13102
13095
13100
13093
13093
13104
13106
13108
13118
13121
13125
13122
13127
13122
13122
13126
13131
13134
13127
13127
13129
13125
13131
13132
13128
13129
13127
13123
13125
13120
13119
13121
13121
13125
13126
13127
13135
13134
13128
13084
12969
12899
12869
12841
12829
12829
12830
12848
12852
12859
12862
12884
12902
12914
12935
12954
12972
12981
12985
12986
12998
12994
13003
13015
13022
13034
13043
13049
13060
13063
13067
13079
13070
13074
13079
13081
13084
13096
13102
13113
13108
13107
13113
13107
13114
13121
13118
13115
13121
13128
13127
13132
13134
13129
13133
13132
13131
13130
13126
13122
13125
13118
13123
13129
13133
13137
13134
13132
13130
13127
13122
13125
13126
13127
13122
13119
13125
13127
13132
13140
13141
13133
13145
13135
13127
13134
13131
13129
13124
13128
13127
13127
13131
13135
13133
13140
13135
13138
13142
13139
13149
13142
13138
13141
13139
13138
13134
13130
13127
13132
13136
13131
13121
13123
13123
13127
13124
13131
13130
13130
13127
13120
13136
13129
13126
13128
13127
13139
13133
13134
13137
13129
13134
13123
13130
13134
13133
13131
13131
13126
13141
13128
13129
13132
13128
13129
13129
13129
13131
13135
13135
13138
13132
13134
13133
13131
13136
13133
13130
13124
13124
13119
13134
13129
13133
13131
13135
13137
13137
13130
13125
13126
13128
13130
13131
13134
13136
13132
13131
13121
13125
13116
13111
13115
13114
13114
13123
13126
13130
13122
13124
13127
13120
13129
13134
13130
13142
13135
13132
13137
13128
13128
13129
13119
13120
13125
13123
13127
13122
13121
13119
13118
13130
13135
13133
13137
13133
13133
13134
13134
13140
13139
13139
13149
13143
13142
13136
13140
13144
13141
13139
13142
13132
13134
13137
13128
13135
13137
13137
13135
13130
13132
13140
13137
13138
13135
13140
13138
13145
13139
13146
13140
13137
13137
13130
13129
13127
13124
13130
13125
13130
13123
13124
13128
13128
13134
13130
13136
13136
13132
13135
13138
13130
13131
13127
13122
13122
13127
13125
13131
13131
13130
13131
13131
13134
13138
13136
13141
13132
13136
13134
13135
13143
13104
12977
12909
12866
12844
12829
12823
12841
12842
12850
12867
12882
12895
12905
12924
12935
12944
12964
12974
12986
12999
13007
13010
13013
13020
13027
13046
13046
13049
13065
13062
13070
13080
13085
13092
13100
13097
13091
13097
13104
13103
13099
13101
13100
13106
13101
13095
13105
13104
13112
13116
13120
13118
13119
13113
13113
13120
