13130
13131
13140
13132
13130
13137
13137
13128
13124
13116
13117
13120
13115
13121
13123
13130
13129
13133
13130
13136
13137
13134
13123
13136
13132
13129
13138
13138
13143
13142
13137
13144
13129
13139
13136
13137
13135
13134
13133
13146
13145
13137
13147
13145
13145
13143
13136
13133
13137
13142
13131
13130
13128
13131
13139
13138
13140
13140
13139
13133
13142
13141
13146
13143
13144
13140
13139
13139
13136
13137
13134
13144
13136
13133
13133
13135
13137
13140
13140
13142
13141
13144
13153
13144
13135
13135
13133
13133
13132
13121
13126
13129
13137
13133
13129
13137
13140
13145
13143
13136
13139
13131
13129
13132
13139
13138
13135
13132
13135
13132
13136
13133
13125
13131
13136
13138
13130
13132
13135
13139
13133
13130
13134
13135
13135
13137
13140
13131
13137
13141
13150
13148
13144
13138
13141
13146
13134
13132
13135
13131
13138
13125
13119
13120
13123
13125
13120
13124
13119
13119
13122
13132
13127
13140
13136
13136
13138
13145
13144
13151
13146
13141
13142
13146
13142
13141
13137
13145
13143
13145
13137
13142
13135
13128
13132
13134
13133
13135
13133
13134
13145
13138
13138
13146
13146
13146
13142
13139
13138
13136
13138
13139
13136
13132
13123
13127
13132
13138
13135
13134
13122
13115
13124
13129
13123
13132
13132
13130
13141
13134
13142
13135
13139
13139
13133
13137
13133
13128
13125
13124
13126
13128
13123
13125
13114
13124
13126
13131
13129
13132
13130
13129
13130
13132
13131
13128
13130
13129
13133
13138
13134
13135
13134
13133
13128
13131
13134
13138
13144
13142
13138
13138
13140
13138
13134
13134
13135
13139
13143
13137
13142
13134
13134
13137
13133
13131
13126
13126
13125
13124
13117
13122
13116
13118
13121
13126
13131
13135
13131
13142
13141
13139
13142
13139
13137
13141
13136
13140
13135
13139
13144
13140
13132
13126
13131
13134
13137
13126
13131
13133
13142
13144
13148
13156
13159
13164
13158
13156
13149
13143
13145
13146
13141
13142
13144
13139
13142
13142
13137
13143
13139
13146
13148
13138
13130
13137
13137
13132
13134
13133
13129
13134
13134
13133
13135
13135
13134
13132
13134
13130
13144
13140
13136
13138
13134
13140
13138
13136
13137
13137
13139
13144
13139
13136
13140
13134
13132
13135
13134
13138
13134
13140
13144
13141
13134
13139
13143
13141
13137
13136
13140
13138
13130
13128
13126
13133
13133
13138
13137
13137
13142
13134
13138
13139
13140
13137
13134
13125
13124
13126
13133
13140
13130
13130
13134
13133
13138
13137
13136
13138
13140
13136
13139
13132
13132
13132
13134
13137
13141
13140
13146
13147
13142
13142
13141
13142
13151
13148
13150
13146
13154
13150
13145
13145
13136
13136
13134
13130
13126
13124
13124
13132
13124
13130
13127
13131
13130
13130
13134
13139
13130
13126
13126
13122
13121
13131
13129
13131
13137
13138
13138
13139
13142
13132
13134
13134
13131
13138
13141
13140
13145
13137
13130
13143
13148
13144
13148
13138
13138
13134
13131
13138
13129
13134
13134
13134
13145
13140
13143
13150
13141
13142
13137
13138
13137
13141
13138
13140
13136
13137
13138
13137
13137
13140
13139
13143
13137
13132
13126
13129
13140
13142
13147
13152
13151
12932
12346
11486
10800
10346
10114
9997
9999
10036
10142
10247
10403
10528
10675
10640
10631
10655
10737
10822
10935
11041
11154
11256
11382
11482
11595
11681
11776
11852
11942
12013
12092
12151
12220
12267
12331
12367
12419
12467
12514
12559
12598
12617
12649
12667
12704
12733
12761
12787
12811
12834
12854
12872
12886
12900
12913
12920
12946
12946
12959
12970
12972
12983
12992
13002
13010
13022
13030
13033
13041
13052
13060
13061
13066
13061
13073
13074
13072
13078
13076
13089
13077
13087
13085
13087
13093
13106
13099
13102
13100
13099
13109
13110
13110
13116
13112
13111
13122
13115
13111
13122
13127
13127
13132
13134
13129
13130
13126
13122
13129
13127
13127
13009
12911
12858
12834
12812
12804
12813
12824
12828
12848
12863
12878
12889
12900
12919
12931
12946
12961
12963
12972
12976
12996
13006
13014
13018
13044
13042
13049
13051
13053
13060
13076
13076
13078
13080
13085
13090
13086
13087
13087
13090
13095
13099
13108
13108
13108
13112
13105
13108
13114
13119
13119
13116
13113
13115
13108
13102
13105
13104
13105
13107
13110
13110
13118
13123
13134
13126
13129
13134
13134
13139
13133
13125
13134
13132
13138
13139
13145
13142
13139
13140
13142
13131
13137
13130
13132
13132
13132
13133
13135
13131
13122
13122
13120
13126
13120
13134
13140
13134
13138
13139
13148
13145
13143
13138
13150
13146
13146
13127
13000
12911
12867
12832
12826
12821
12833
12830
12833
12839
12850
12861
12883
12895
12925
12935
12947
12963
12974
12985
12998
13011
13019
13037
13042
13047
13044
13050
13053
13052
13061
13066
13074
13084
13081
13085
13098
13100
13091
13089
13078
13086
13084
13096
13101
13100
13110
13107
13113
13117
13118
13112
13111
13112
13116
13109
13104
13114
13110
13115
13119
13118
13124
13124
13126
13126
13114
13119
13117
13122
13121
13125
13130
13137
13134
13127
13132
13131
13128
13132
13124
13122
13130
13132
13134
13136
13137
13137
13135
13135
13134
13128
13129
13136
13139
13133
13126
13126
13116
13116
13110
13118
13126
13121
13125
13130
13133
13136
13140
13140
13152
13158
13152
13152
13140
13138
13142
13134
13133
13134
13129
13125
13125
13122
13121
13127
13123
13124
13118
13121
13119
13125
13120
13116
13112
13110
13108
13118
13122
13129
13131
13136
13137
13139
13139
13132
13132
13142
13142
13142
13146
13150
13141
13141
13138
13124
13123
13121
13120
13130
13130
13132
13138
13136
13132
13135
13136
13130
13133
13135
13127
13128
13125
13125
13136
13133
13128
13136
13137
13141
13139
13136
13138
13144
13143
13147
13151
13153
13150
13142
13143
13142
13143
13144
13139
13137
13140
13134
13133
13142
13142
13137
13134
13136
13132
13128
13132
13127
13128
13126
13121
13131
13132
13124
13136
13131
13133
13137
13139
13137
13134
13128
13125
13120
13120
13127
13130
13133
13136
13140
13137
13137
13137
13144
13135
13137
13137
13140
13132
13129
13117
13117
13112
13117
13121
13118
13132
13130
13133
13132
13140
13139
13136
13138
13144
13130
13129
13125
13129
13132
13131
13132
13127
13128
13132
13133
13133
13130
13136
13134
13138
13142
13145
13147
13136
13132
13142
13135
13142
13145
13134
13132
13131
13138
13141
13138
13141
13136
13133
13131
13123
13117
13114
13115
13124
13123
13124
13130
13129
13134
13129
13129
13134
13134
