13144
13147
13143
13136
13138
13143
13139
13145
13140
13138
13147
13148
13148
13150
13138
13142
13134
13134
13142
13137
13131
13135
13133
13134
13142
13139
13142
13135
13142
13139
13139
13132
13128
13123
13126
13114
13119
13112
13112
13126
13131
13128
13128
13130
13131
13134
13133
13132
13129
13133
13141
13137
13134
13126
13134
13134
13132
13132
13135
13132
13136
13137
13134
13129
13134
13135
13127
13125
13129
13123
13128
13130
13130
13125
13125
13126
13134
13125
13131
13129
13126
13129
13130
13130
13133
13132
13126
13133
13130
13134
13133
13129
13131
13136
13133
13131
13125
13128
13138
13135
13131
13136
13134
13139
13141
13142
13136
13134
13133
13130
13133
13133
13127
13126
13128
13125
13130
13134
13136
13145
13144
13142
13134
13132
13128
13124
13130
13127
13125
13135
13137
13130
13134
13132
13132
13131
13130
13132
13136
13130
13126
13131
13126
13124
13127
13123
13126
13122
13118
13124
13120
13124
13130
13132
13131
13135
13142
13134
13135
13138
13141
13138
13132
13131
13132
13137
13135
13138
13137
13141
13147
13138
13146
13154
13146
13147
13140
13131
13134
13124
13125
13126
13116
13115
13119
13120
13130
13127
13123
13118
13124
13131
13126
13128
13127
13130
13139
13134
13129
13132
13128
13127
13126
13138
13133
13135
13134
13134
13127
13131
13135
13135
13136
13133
13132
13140
13130
13128
13135
13128
13130
13132
13136
13136
13143
13139
13139
13137
13132
13126
13126
13137
13141
13136
13131
13133
13136
13127
13120
13122
13126
13129
13132
13138
13142
13155
13156
13159
13146
13150
13147
13141
13141
13138
13135
13138
13134
13121
13127
13122
13124
13135
13139
13134
13140
13140
13147
13143
13142
13136
13135
13138
13140
13133
13141
13138
13143
13144
13142
13137
13135
13132
13128
13132
13133
13136
13140
13135
13135
13132
13134
13130
13141
13136
13145
13145
13140
13133
13137
13137
13137
13140
13138
13138
13138
13138
13141
13146
13150
13143
13149
13149
13142
13138
13134
13133
13144
13133
13137
13146
13148
13151
13151
13145
13145
13145
13152
13147
13146
13142
13142
13139
13140
13140
13149
13151
13150
13143
13142
13142
13142
13148
13145
13144
13143
13142
13138
13129
13134
13129
13130
13133
13128
13130
13131
13132
13141
13142
13139
13136
13134
13128
13135
13131
13120
13127
13133
13133
13124
13131
13136
13132
13140
13143
13145
13140
13138
13138
13143
13142
13142
13144
13134
13135
13135
13133
13140
13136
13141
13139
13139
13143
13137
13129
13130
13126
13140
13126
13128
13127
13130
13126
13123
13119
13117
13117
13120
13126
13123
13129
13133
13138
13137
13140
13135
13132
13129
13125
13132
13127
13128
13135
13126
13131
13128
13130
13136
13138
13145
13147
13135
13138
13136
13135
13133
13130
13133
13124
13118
13129
13127
13122
13127
13128
13134
13129
13128
13128
13132
13130
13126
13117
13117
13123
13115
13126
13126
13125
13128
13125
13122
13120
13117
13121
13131
13127
13132
13141
13145
13146
13143
13143
13142
13137
13138
13143
13148
13144
13137
13142
13139
13135
13125
13121
13116
13117
13116
13119
13117
13120
13119
13124
13120
13122
13124
13125
13124
13122
13129
13125
13126
13098
12724
12217
11857
11536
11364
11181
11060
11016
11035
11074
11161
11237
11350
11440
11549
11629
11725
11806
11890
11966
12050
12121
12179
12241
12313
12362
12410
12449
12497
12530
12565
12599
12634
12668
12692
12715
12751
12768
12794
12817
12824
12840
12867
12883
12901
12913
12920
12924
12937
12953
12963
12974
12985
12999
13014
13018
13026
13035
13036
13045
13050
13047
13052
13055
13056
13066
13065
13062
13070
13072
13071
13079
13081
13094
13090
13090
13101
13106
13107
13110
13108
13112
13113
13122
13123
13125
13118
13117
13111
13115
13113
13108
13107
13121
13128
13115
13115
13121
13118
13127
13129
13128
13125
13129
13137
13135
13130
13130
13128
13126
13126
13131
13135
13136
13130
13126
13136
13127
13120
13123
13126
13128
13132
13123
13129
13133
13132
13138
13138
13138
13139
13138
13137
13132
13127
13120
13116
13117
13114
13117
13114
13113
13116
13115
13124
13120
13120
13124
13123
13126
13132
13128
13131
13132
13132
13130
13142
13138
13137
13143
13144
13140
13143
13138
13145
13133
13139
13132
13138
13137
13134
13134
13131
13127
13128
13122
13126
13132
13134
13139
13134
13137
13139
13138
13140
13145
13143
13141
13136
13134
13137
13138
13134
13138
13134
13133
13142
13132
13137
13140
13129
13131
13137
13138
13135
13135
13139
13136
13131
13132
13122
12997
12907
12864
12836
12809
12799
12801
12812
12822
12840
12856
12883
12905
12914
12930
12934
12947
12964
12977
12987
12997
12999
13015
13011
13019
13032
13032
13030
13044
13044
13045
13049
13052
13056
13061
13077
13081
13083
13092
13091
13097
13097
13092
13097
13099
13102
13113
13106
13113
13114
13108
13113
13119
13106
13110
13100
13107
13116
13122
13124
13127
13134
13135
13130
13130
13123
13125
13123
13137
13136
13141
13142
13137
13136
13138
13141
13144
13145
13148
13150
13143
13137
13134
13137
13128
13133
13126
13123
13131
13124
13121
13127
13128
13130
13127
13125
13128
13129
13132
13129
13131
13131
13135
13131
13129
13127
13122
13123
13135
13132
13138
13140
13134
13136
13141
13137
13137
13132
13137
13130
13129
13120
13118
13121
13121
13117
13122
13124
13128
13129
13122
13124
13126
13126
13127
13124
13122
13132
13132
13132
13135
13129
13136
13135
13130
13130
13133
13134
13137
13136
13140
13143
13145
13138
13135
13131
13123
13122
13134
13133
13133
13133
13122
13129
13129
13126
13129
13132
13130
13125
13121
13116
13115
13118
13126
13122
13124
13125
13123
13126
13133
13138
13154
13143
13148
13156
13154
13150
13149
13142
13135
13134
13137
13138
13137
13141
13130
13129
13137
13139
13145
13141
13146
13146
13142
13141
13140
13142
13141
13145
13143
13138
13138
13134
13128
13131
13140
13138
13138
13134
13132
13132
13139
13142
13133
13138
13131
13136
13132
13133
13128
13130
13132
13127
13129
13129
13127
13131
13132
13143
13138
13141
13134
13141
13136
13137
13135
13138
13134
13137
13142
13136
13130
13126
13131
13120
13121
13126
13116
13117
13125
13134
13144
13142
13139
13140
13143
13137
13143
13142
13140
13142
13143
13147
13143
13150
13147
13145
13143
13143
13135
13137
13138
13148
13149
13151
13154
13150
13147
13156
13149
13154
13154
13150
13149
13141
13146
13137
13128
13128
13132
13133
13142
13137
13135
13147
13142
13136
13140
13135
13140
13138
13132
13131
13132
13131
13133
