13137
13142
13149
13146
13149
13144
13149
13152
13156
13149
13145
13141
13142
13140
13138
13144
13131
13135
13137
13138
13143
13139
13137
13137
13139
13133
13141
13138
13141
13141
13134
13130
13129
13127
13129
13128
13127
13121
13121
13130
13126
13133
13134
13133
13134
13137
13137
13136
13131
13134
13138
13139
13132
13138
13140
13139
13139
13131
13135
13127
13137
13138
13136
13132
13123
13124
13131
13125
13126
13135
13133
13134
13135
13137
13134
13132
13131
13131
13137
13134
13133
13127
13129
13124
13129
13120
13132
13132
13136
13135
13133
13132
13140
13140
13135
13142
13144
13152
13149
13141
13141
13146
13137
13138
13134
13129
13136
13126
13125
13129
13128
13132
13136
13137
13134
13140
13145
13148
13149
13147
13148
13144
13137
13137
13134
13126
13122
13133
13133
13135
13130
13134
13136
13139
13139
13142
13129
13137
13135
13138
13138
13133
13121
13122
13120
13120
13128
13128
13125
13132
13125
13134
13134
13139
13140
13140
13133
13131
13139
13142
13136
13135
13134
13133
13138
13130
13129
13133
13128
13133
13137
13135
13134
13147
13143
13140
13128
13135
13137
13131
13131
13134
13133
13136
13134
13128
13132
13130
13128
13135
13134
13135
13136
13134
13128
13129
13129
13132
13133
13132
13137
13144
13149
13146
13148
13142
13138
13142
13144
13139
13132
13125
13129
13126
13130
13134
13131
13137
13137
13129
13126
13128
13129
13131
13127
13128
13136
13129
13128
13129
13127
13121
13123
13127
13134
13130
13129
13121
13124
13131
13130
13128
13134
13130
13128
13125
13125
13127
13135
13138
13134
13137
13135
13142
13141
13139
13139
13138
13135
13132
13131
13132
13135
13136
13135
13136
13142
13137
13135
13138
13131
13133
13129
13132
13132
13134
13138
13111
12985
12912
12863
12843
12826
12819
12829
12830
12845
12857
12870
12887
12906
12914
12928
12938
12952
12961
12966
12981
12993
12996
13006
13014
13020
13033
13037
13038
13049
13055
13058
13066
13067
13078
13081
13086
13086
13082
13083
13085
13083
13090
13096
13101
13110
13115
13119
13116
13113
13115
13113
13114
13111
13117
13119
13116
13120
13127
13125
13128
13127
13122
13126
13128
13120
13121
13119
13118
13130
13124
13125
13137
13138
13139
13145
13137
13131
13132
13135
13136
13134
13128
13125
13122
13120
13117
13125
13125
13124
13128
13131
13137
13141
13142
13131
13132
13127
13132
13121
13127
13130
13131
13135
13136
13139
13142
13136
13133
13139
13136
13139
13142
13138
13140
13144
13134
13128
13133
13133
13132
13134
13137
13130
13119
13115
13107
13115
13118
13117
13127
13122
13131
13131
13130
13133
13126
13128
13134
13132
13139
13149
13146
13147
13141
13141
13151
13149
13144
13147
13140
13146
13140
13135
13131
13133
13132
13134
13135
13133
13133
13138
13139
13143
13145
13145
13138
13144
13139
13145
13147
13139
13138
13129
13128
13127
13122
13128
13141
13140
13140
13139
13139
13147
13145
13139
13137
13134
13132
13136
13127
13125
13129
13123
13123
13126
13128
13130
13132
13132
13132
13134
13134
13134
13131
13128
13136
13144
13135
13136
13134
13127
13122
13126
13128
13133
13132
13137
13137
13135
13132
13130
13127
13126
13120
12979
12402
11747
11316
11085
10950
10905
10897
10940
11006
11103
11183
11299
11401
11506
11596
11694
11665
11661
11675
11720
11763
11833
11894
11970
12028
12096
12156
12220
12273
12324
12377
12426
12475
12511
12543
12583
12616
12649
12674
12709
12736
12756
12776
12808
12824
12846
12864
12878
12899
12921
12930
12941
12952
12975
12984
12995
13000
13005
13005
13010
13015
13032
13031
13029
13039
13047
13053
13060
13061
13069
13073
13072
13081
13079
13082
13086
13084
13090
13097
13094
13101
13104
13101
13109
13104
13103
13115
13107
13110
13114
13107
13105
13110
13119
13115
13122
13121
13127
13125
13125
13126
13137
13137
13131
13137
13128
13132
13129
13129
13132
13128
13122
13133
13126
13133
13134
13132
13130
13134
13134
13138
13134
13127
13128
13124
13130
13140
13140
13138
13141
13141
13132
13133
13139
13135
13137
13142
13136
13141
13137
13136
13135
13127
13125
13131
13132
13132
13128
13133
13134
13131
13134
13136
13135
13131
13133
13131
13134
13134
13130
13136
13137
13135
13139
13139
13131
13140
13136
13137
13145
13139
13134
13132
13130
13135
13136
13133
13127
13134
13130
13126
13122
13120
13118
13121
13121
13127
13126
13128
13129
13138
13135
13147
13142
13142
13141
13142
13133
13132
13134
13138
13142
13136
13148
13137
13132
13134
13134
13138
13136
13137
13138
13134
13134
13132
13141
13142
13139
13139
13142
13141
13142
13133
13132
13137
13136
13137
13126
13135
13134
13131
13129
13131
13126
13126
13127
13125
13125
13129
13126
13131
13130
13125
13127
13135
13132
13135
13131
13137
13141
13145
13143
13141
13137
13136
13140
13144
13141
13137
13143
13141
13151
13145
13139
13144
13142
13142
13135
13135
13133
13131
13137
13137
13128
13131
13135
13128
13135
13130
13127
13128
13126
13130
13129
13123
13133
13137
13143
13144
13160
13153
13151
13152
13148
13140
13144
13142
13142
13140
13140
13132
13141
13134
13129
13138
13134
13134
13129
13130
13127
13127
13121
13126
13118
13118
13124
13121
13132
13127
13132
13135
13126
13124
13130
13126
13123
13128
13121
13128
13132
13131
13124
13125
13129
13131
13139
13147
13150
13147
13153
13149
13156
13144
13137
13132
13132
13140
13133
13140
13141
13139
13138
13139
13132
13139
13139
13138
13144
13144
13139
13133
13132
13128
13130
13123
13124
13122
13131
13136
13149
13145
13137
13134
13141
13144
13140
13140
13146
13142
13139
13140
13147
13137
13140
13143
13142
13139
13132
13121
13125
13133
13126
13134
13129
13133
13143
13140
13134
13127
13126
13129
13126
13124
13134
13129
13125
13132
13127
13129
13132
13138
13136
13132
13134
13133
13132
13141
13135
13140
13138
13136
13134
13129
13136
13131
13130
13132
13127
13133
13136
13138
13138
13139
13136
13138
13131
13131
13129
13129
13129
13132
13128
13125
13126
13127
13137
13139
13136
13137
13143
13145
13140
13137
13137
13136
13136
13143
13141
13138
13137
13131
13144
13139
13137
13138
13142
13143
13149
13145
13142
13144
13148
13153
13152
13149
13142
13146
13146
13143
13146
13147
13145
13136
13142
13136
13134
13136
13130
13127
13132
13132
13132
13132
13131
13129
13124
13126
13130
13133
13124
13127
13131
13128
13131
13135
13130
13130
13129
13128
13125
13122
13122
13122
13123
13123
13134
13131
13141
13143
13137
13133
13135
13132
13142
13135
13133
13138
