13136
13138
13134
13131
13139
13140
13140
13147
13144
13135
13145
13132
13124
13122
13117
13123
13126
13125
13130
13134
13133
13128
13130
13131
13129
13131
13128
13130
13132
13133
13124
13128
13133
13130
13131
13132
13129
13126
13132
13140
13129
13132
13132
13138
13140
13145
13146
13153
13148
13140
13152
13145
13147
13148
13133
13140
13136
13138
13128
13130
13136
13133
13131
13136
13129
13126
13127
13127
13123
13125
13118
13120
13127
13130
13127
13123
13123
13125
13132
13137
13136
13145
13145
13145
13147
13143
13131
13142
13139
13140
13145
13141
13134
13138
13138
13138
13143
13141
13139
13146
13145
13137
13133
13132
13135
13135
13133
13138
13142
13145
13148
13153
13151
13148
13149
13149
13152
13151
13144
13141
13126
13129
13127
13128
13123
13125
13122
13128
13124
13124
13135
13134
13138
13138
13135
13143
13148
13147
13137
13142
13145
13146
13139
13144
13142
13139
13137
13136
13144
13146
13138
13142
13142
13135
13135
13141
13131
13133
13131
13135
13132
13135
13135
13140
13141
13142
13145
13143
13133
13132
13140
13133
13131
13135
13128
13132
13119
13122
13118
13125
13124
13130
13126
13127
13125
13128
13124
13131
13134
13123
13126
13133
13130
13143
13143
13144
13136
13140
13146
13147
13136
13138
13134
13131
13134
13139
13135
13144
13150
13140
13149
13139
13134
13135
13132
13123
13126
13131
13128
13133
13137
13135
13133
13135
13134
13137
13141
13134
13144
13145
13130
13137
13135
13142
13136
13134
13135
13131
13127
13133
13126
13125
13124
13125
13132
13135
13137
13139
13137
13134
13137
13136
13138
13142
13136
13138
13138
13135
13136
13139
13137
13130
13125
13129
13124
13124
13123
13126
13136
13130
13130
13134
13128
13135
13134
13125
13125
13131
13133
13137
13125
13125
13132
13126
13136
13137
13124
13139
13131
13137
13138
13133
13126
13129
13126
13126
13122
13127
13131
13132
13135
13128
13126
13133
13131
13133
13134
13136
13137
13135
13137
13137
13130
13131
13131
13128
13133
13139
13135
13139
13129
13130
13131
13136
13131
13132
13132
13132
13128
13122
13138
13135
13130
13136
13129
13124
13127
13126
13126
13125
13129
13125
13120
13123
13127
13129
13129
13127
13144
13137
13142
13142
13138
13145
13149
13149
13148
13141
13142
13131
13125
13136
13141
13139
13132
13133
13133
13136
13129
13127
13128
13122
13120
13128
13128
13132
13137
13136
13128
13130
13135
13136
13143
13148
13149
13146
13139
13136
13137
13134
13135
13141
13141
13142
13134
13146
13137
13131
13126
13132
13133
13139
13140
13136
13133
13138
13140
13141
13143
13136
13142
13132
13136
13136
13133
13133
13131
13133
13140
13130
13129
13133
13136
13134
13134
13139
13142
13135
13150
13140
13142
13143
13131
13136
13124
13132
13132
13126
13130
13136
13135
13135
13137
13130
13127
13130
13127
13126
13121
13123
13130
13132
13127
13138
13136
13136
13137
13138
13135
13127
13128
13132
13121
13127
13129
13136
13141
13135
13130
13128
13129
13135
13131
13137
13133
13135
13128
13132
13135
13136
13129
13136
13133
13133
13135
13133
13134
13138
13135
13125
13130
13125
13134
13142
13132
13140
13135
13138
13138
13138
13135
13129
13125
13134
13125
13131
13133
13134
13083
12454
11630
11124
10822
10636
10459
10382
10411
10451
10548
10644
10768
10892
11024
11137
11273
11387
11502
11598
11698
11777
11875
11947
12031
12097
12164
12139
12127
12131
12155
12179
12220
12258
12305
12351
12405
12452
12491
12515
12547
12577
12614
12644
12674
12701
12726
12756
12790
12813
12836
12867
12890
12906
12927
12933
12950
12961
12969
12972
12978
12976
12987
12996
13011
13025
13027
13036
13046
13045
13046
13048
13055
13061
13060
13064
13073
13075
13074
13080
13083
13087
13084
13094
13096
13090
13088
13093
13097
13089
12960
12888
12840
12822
12811
12807
12812
12823
12834
12854
12868
12874
12902
12904
12920
12929
12939
12956
12971
12992
13000
13005
13012
13019
13015
13020
13028
13033
13041
13050
13066
13068
13074
13082
13087
13095
13096
13100
13098
13102
13094
13103
13102
13105
13115
13115
13116
13116
13116
13115
13110
13116
13118
13115
13110
13118
13119
13120
13128
13134
13137
13142
13142
13136
13133
13135
13127
13136
13133
13133
13143
13143
13133
13129
13125
13129
13125
13127
13120
13123
13126
13133
13130
13121
13126
13120
13132
13133
13134
13138
13137
13130
13136
13132
13132
13143
13140
13139
13141
13133
13131
13129
13131
13125
13130
13142
13133
13136
13131
13137
13136
13135
13130
13132
13129
13132
13133
13128
13124
13128
13125
13135
13136
13138
13140
13139
13145
13151
13151
13154
13153
13143
13149
13143
13140
13143
13138
13133
13134
13133
13126
13131
13132
13127
13128
13126
13136
13140
13136
13127
13131
13123
13118
13122
13119
13122
13124
13127
13138
13140
13138
13140
13127
13130
13131
13132
13130
13133
13134
13138
13136
13122
13128
13130
13133
13133
13135
13137
13141
13147
13143
13134
13145
13139
13144
13144
13141
13138
13138
13132
13148
13140
13139
13135
13137
13139
13137
13143
13142
13140
13142
13144
13140
13144
13133
13140
13137
13141
13134
13137
13131
13130
13133
13123
13120
13120
13119
13115
13124
13127
13131
13128
13128
13129
13133
13135
13135
13136
13132
13128
13133
13135
13130
13139
13137
13138
13132
13129
13135
13129
13133
13137
13140
13135
13127
13128
13129
13128
13126
13135
13132
13135
13144
13130
13132
13132
13130
13137
13145
13149
13148
13141
13140
13136
13136
13138
13136
13123
13129
13132
13146
13141
13138
13141
13140
13140
13138
13135
13131
13134
13135
13138
13133
13140
13132
13127
13126
13122
13125
13127
13128
13124
13134
13134
13135
13150
13144
13147
13152
13154
13142
13135
13132
13137
13130
13137
13141
13139
13133
13137
13142
13134
13138
13139
13135
13139
13131
13133
13126
13127
13130
13129
13127
13125
13132
13131
13138
13143
13143
13147
13144
13133
13135
13131
13131
13135
13125
13129
13134
13137
13138
13136
13133
13133
13133
13135
13139
13142
13140
13140
13138
13132
13131
13131
13133
13128
13133
13127
13126
13126
13138
13137
13136
13144
13144
13142
13137
13132
13131
13135
13142
13134
13136
13131
13129
13133
13133
13130
13133
13133
13124
13126
13128
13128
13129
13127
13121
13125
13126
13133
13127
13130
13140
13126
13125
13125
13126
13133
13138
13138
13135
13140
13137
13132
13137
13135
13134
13130
13137
13146
13147
13140
13142
13145
13145
13141
13137
13137
13133
13134
13132
13130
13127
13120
13128
13133
13130
13129
13134
13134
13143
13134
