13138
13129
13134
13126
13126
13126
13125
13122
13113
13117
13123
13123
13125
13127
13125
13129
13127
13130
13132
13135
13143
13137
13138
13138
13135
13136
13137
13138
13130
13132
13126
13139
13133
13137
13142
13136
13131
13130
13125
13133
13129
13126
13134
13133
13138
13148
13139
13138
13139
13135
13130
13127
13130
13127
13135
13131
13140
13143
13147
13145
13157
13152
13147
13149
13149
13146
13142
13135
13141
13148
13143
13142
13140
13145
13143
13138
13136
13133
13140
13146
13145
13140
13143
13131
13125
13128
13132
13131
13137
13138
13138
13148
13142
13139
13136
13137
13136
13140
13143
13138
13143
13134
13129
13138
13128
13131
13133
13130
13132
13132
13126
13125
13125
13134
13139
13136
13138
13137
13144
13152
13145
13137
13141
13144
13143
13139
13130
13127
13132
13132
13127
13122
13126
13127
13129
13126
13129
13125
13125
13124
13132
13123
13125
13127
13124
13131
13133
13139
13138
13138
13144
13137
13139
13138
13139
13137
13132
13132
13135
13134
13134
13131
13141
13138
13139
13141
13132
13139
13142
13146
13140
13135
13134
13129
13125
13129
13124
13125
13134
13137
13142
13137
13133
13137
13136
13143
13141
13138
13132
13131
13132
13138
13125
13130
13133
13131
13134
13138
13131
13138
13131
13129
13133
13134
13127
13136
13126
13132
13132
13130
13134
13124
13129
13127
13136
13135
13132
13130
13130
13137
13141
13133
13141
13140
13144
13147
13142
13138
13136
13136
13130
13131
13121
13121
13120
13122
13122
13122
13125
13130
13128
13129
13135
13137
13131
13134
13143
13150
13154
13153
13156
13149
13148
13147
13142
13137
13132
13133
13130
13134
13131
13127
13120
13131
13133
13132
13127
13136
13126
13132
13136
13140
13134
13136
13141
13137
13146
13143
13138
13142
13142
13133
13139
13138
13127
13136
13135
13135
13139
13139
13137
13136
13141
13136
13145
13141
13140
13145
13150
13144
13137
13130
13125
13131
13137
13135
13129
13137
13134
13140
13131
13140
13131
13136
13139
13141
13145
13138
13136
13139
13137
13132
13126
13121
13126
13123
13125
13122
13129
13137
13133
13131
13129
13133
13134
13137
13140
13142
13138
13135
13134
13133
13131
13137
13138
13133
13136
13133
13126
13122
13122
13130
13116
13120
13129
13129
13133
13130
13124
13131
13129
13126
13135
13129
13131
13139
13138
13136
13131
13137
13139
13140
13145
13145
13142
13138
13139
13143
13140
13138
13142
13137
13138
13137
13135
13138
13136
13138
13137
13138
13137
13139
13130
13129
13127
13130
13128
13123
13120
13126
13128
13124
13127
13128
13122
13132
13128
13134
13129
13134
13137
13145
13146
13135
13132
13134
13133
13128
13129
13133
13133
13133
13133
13130
13129
13125
13129
13121
13116
13113
13116
13120
13112
13117
13119
13114
13126
13132
13131
13139
13136
13133
13143
13138
13139
13138
13137
13133
13136
13142
13140
13136
13127
13125
13126
13125
13122
13127
13136
13134
13142
13139
13134
13140
13135
13137
13129
13124
13126
13130
13131
13140
13136
13145
13151
13146
13149
13146
13137
13145
13142
13134
13134
13127
13123
13125
13131
13137
13132
13130
13135
13138
13127
13127
13121
13121
13125
13128
13122
13128
13134
13127
13088
12508
11512
10715
10147
9816
9689
9643
9710
9803
9950
10091
10258
10410
10574
10706
10863
11000
11137
11252
11376
11469
11579
11682
11780
11855
11947
12015
12086
12153
12221
12273
12333
12383
12428
12477
12519
12556
12607
12635
12672
12696
12721
12748
12766
12788
12809
12822
12840
12859
12879
12897
12916
12933
12949
12961
12973
12986
12990
12988
13010
13011
13010
13020
13030
13035
13047
13055
13067
13073
13077
13073
13080
13082
13089
13091
13093
13093
13096
13097
13097
13100
13102
13104
13106
13109
13112
13108
13110
13116
13109
13113
13115
13114
13121
13121
13121
13134
13127
13124
13124
13127
13128
13136
13126
13126
13133
13136
13135
13126
13119
13118
13119
13123
13123
13121
13123
13128
13134
13133
13132
13133
13125
13133
13123
13124
13128
13138
13144
13151
13151
13154
13148
13140
13143
13139
13142
13151
13142
13132
13137
13133
13137
13145
13140
13144
13143
13134
13130
13132
13133
13126
13136
13140
13141
13136
13140
13138
13137
13138
13133
13140
13136
13143
13146
13149
13140
13131
13126
13132
13125
13128
13130
13129
13133
13127
13125
13129
13129
13127
13137
13138
13140
13145
13145
13138
13146
13135
13139
13137
13134
13136
13139
13138
13133
13130
13127
13129
13141
13131
13128
13133
13126
13126
13125
13128
13127
13130
13131
13136
13134
13138
13148
13137
13139
13133
13132
13134
13135
13130
13134
13131
13131
13135
13131
13133
13137
13136
13137
13138
13143
13134
13134
13147
13154
13152
13147
13143
13143
13137
13143
13141
13140
13141
13130
13129
13133
13132
13133
13141
13131
13137
13133
13129
13135
13134
13134
13136
13139
13134
13146
13145
13140
13142
13137
13133
13129
13133
13132
13123
13125
13124
13128
13133
13132
13130
13131
13133
13147
13143
13147
13143
13144
13140
13143
13143
13135
13127
13126
13130
13122
13125
13132
13127
13126
13128
13130
13130
13131
13133
13142
13132
13126
13131
13127
13124
13131
13130
13134
13129
13128
13123
13131
13136
13140
13136
13139
13135
13143
13136
13130
13133
13127
13135
13140
13134
13133
13133
13128
13123
13116
13119
13123
13125
13133
13136
13135
13141
13138
13135
13144
13138
13138
13140
13137
13144
13149
13144
13150
13139
13146
13140
13145
13139
13134
13134
13130
13125
13130
13124
13131
13138
13142
13139
13136
13130
13126
13131
13135
13136
13132
13133
13139
13139
13138
13138
13135
13137
13132
13131
13134
13128
13129
13133
13128
13134
13130
13132
13129
13134
13132
13131
13125
13123
13128
13135
13137
13133
13134
13127
13126
13133
13135
13136
13135
13141
13139
13139
13144
13147
13144
13149
13144
13135
13138
13130
13135
13130
13120
13115
13119
13123
13120
13121
13123
13128
13139
13140
13141
13139
13133
13122
13126
13130
13122
13118
13125
13128
13134
13130
13142
13146
13150
13145
13148
13147
13142
13142
13142
13142
13139
13140
13139
13136
13130
13130
13128
13133
13130
13130
13143
13140
13139
13139
13134
13143
13150
13146
13148
13144
13138
13138
13133
13139
13138
13141
13143
13144
13145
13140
13133
13137
13129
13137
13135
13136
13135
13132
13135
13146
13147
13149
13141
13147
13140
13142
13139
13144
13146
13147
13157
13146
13150
13146
13145
13139
13148
13139
13132
13138
13139
13133
13136
13134
13141
13132
13133
13140
13145
13140
13134
13136
13131
13139
13143
13145
13135
13133
