13133
13132
13130
13131
13135
13138
13134
13135
13138
13141
13140
13139
13144
13140
13137
13139
13137
13142
13137
13141
13140
13145
13146
13147
13138
13142
13141
13132
13132
13137
13135
13140
13147
13142
13142
13137
13129
13145
13142
13139
13139
13139
13136
13142
13139
13144
13142
13141
13138
13129
13123
13117
13124
13120
13119
13120
13118
13118
13119
13123
13120
13127
13128
13133
13126
13134
13130
13128
13126
13121
13126
13126
13126
13121
13122
13121
13128
13134
13133
13133
13136
13128
13123
13123
13119
13122
13128
13134
13135
13131
13130
13128
13134
13131
13135
13141
13148
13150
13146
13144
13140
13137
13132
13136
13131
13134
13135
13131
13134
13133
13128
13128
13125
13121
13127
13125
13125
13126
13134
13134
13139
13133
13134
13134
13133
13135
13131
13132
13132
13130
13127
13123
13130
13126
13123
13127
13129
13129
13123
13119
13122
13120
13126
13137
13134
13147
13145
13145
13143
13140
13145
13138
13140
13139
13141
13125
13118
13121
13116
13115
13117
13116
13113
13120
13127
13132
13128
13132
13126
13132
13127
13125
13131
13127
13135
13130
13130
13132
13128
13127
13129
13136
13137
13139
13130
13130
13130
13130
13126
13124
13121
13124
13117
13116
13133
13134
13134
13144
13144
13143
13139
13136
13130
13126
13127
13128
13130
13131
13128
13136
13140
13134
13141
13137
13128
13128
13125
13127
13127
13125
13128
13137
13132
13133
13127
13131
13134
13133
13134
13134
13123
13129
13130
13136
13142
13140
13142
13138
13137
13134
13142
13139
13137
13133
13135
13132
13138
13138
13134
13137
13136
13138
13141
13135
13136
13144
13140
13139
13135
13132
13129
13124
13122
13123
13119
13116
13118
13115
13113
13124
13124
13124
13126
13132
13130
13122
13121
13131
13126
13126
13120
13119
13126
13129
13127
13129
13133
13133
13129
13120
13123
13117
13127
13134
13131
13133
13127
13134
13130
13134
13129
13126
13122
13123
13112
13121
13123
13124
13134
13130
13138
13138
13136
13133
13129
13122
13118
13118
13121
13119
13119
13121
13118
13125
13125
13119
13124
13130
13125
13127
13128
13132
13137
13130
13131
13137
13140
13146
13137
13132
13134
13129
13133
13138
13141
13143
13152
13145
13146
13133
13128
13132
13123
13124
13133
13128
13137
13137
13131
13137
13134
13133
13132
13135
13134
13136
13135
13149
13146
13150
13157
13154
13156
13144
13136
13146
13138
13137
13139
13134
13139
13140
13133
13136
13128
13135
13136
13133
13132
13137
13129
13136
13134
13137
13141
13138
13139
13141
13136
13145
13140
13137
13136
13134
13132
13132
13130
13136
13134
13136
13140
13134
13132
13124
13134
13134
13129
13137
13135
13141
13151
13148
13152
13147
13147
13156
13163
13150
13150
13138
13136
13139
13133
13131
13134
13127
13131
13125
13125
13127
13134
13141
13138
13136
13136
13130
13139
13137
13136
13137
13133
13132
13138
13139
13144
13140
13145
13145
13141
13138
13139
13134
13128
13129
13130
13134
13134
13128
13126
13125
13123
13124
13124
13120
13130
13130
13129
13135
13126
13117
13117
13117
13112
13120
13118
13124
13126
13129
13135
13138
13131
13125
13128
13131
13133
13135
13140
13136
13138
13138
13138
13133
12857
11756
10787
10175
9852
9672
9649
9663
9657
9641
9707
9798
9950
10082
10253
10399
10562
10708
10867
10994
11136
11252
11379
11475
11590
11685
11788
11859
11938
12008
12086
12142
12203
12238
12196
12183
12200
12223
12255
12294
12336
12376
12413
12456
12494
12523
12559
12595
12632
12673
12703
12725
12755
12770
12790
12814
12827
12840
12866
12891
12900
12911
12931
12936
12953
12961
12973
12982
12991
13000
13016
13018
13027
13040
13040
13052
13065
13075
13077
13081
13081
13086
13075
13081
13081
13079
13089
13094
13088
13100
13092
13089
13098
13097
13094
13106
13107
13101
13104
13104
13112
13120
13125
13127
13121
13117
13119
13120
13116
13118
13132
13126
13134
13131
13129
13132
13129
13123
13128
13122
13118
13126
13126
13126
13132
13127
13133
13139
13140
13146
13136
13133
13144
13142
13139
13145
13140
13136
13141
13131
13121
13129
13123
13127
13130
13133
13135
13122
13126
13119
13123
13125
13125
13129
13126
13130
13135
13139
13143
13147
13150
13139
13137
13138
13140
13142
13144
13139
13138
13144
13136
13129
13135
13133
13134
13137
13139
13136
13137
13135
13142
13137
13135
13128
13132
13134
13129
13135
13141
13139
13147
13143
13134
13134
13135
13133
13130
13129
13129
13130
13132
13138
13133
13137
13145
13141
13141
13142
13139
13140
13128
13124
13131
13127
13128
13137
13130
13138
13146
13142
13140
13139
13134
13132
13129
13134
13130
13130
13129
13127
13129
13130
13131
13137
13133
13131
13128
13129
13124
13124
13124
13131
13129
13137
13139
13138
13134
13122
13121
13121
13111
13112
13121
13126
13130
13136
13135
13137
13132
13132
13132
13123
13134
13127
13130
13131
13131
13133
13128
13134
13140
13136
13131
13140
13136
13137
13136
13136
13134
13138
13134
13140
13132
13138
13137
13132
13138
13139
13141
13145
13135
13132
13139
13138
13136
13138
13128
13138
13145
13147
13143
13138
13140
13130
13124
13130
13130
13130
13128
13134
13143
13135
13131
13136
13135
13136
13137
13135
13133
13135
13132
13134
13121
13125
13134
13131
13133
13133
13135
13139
13135
13132
13135
13127
13123
13126
13117
13117
13121
13124
13119
13123
13130
13136
13134
13137
13137
13138
13138
13137
13142
13128
13133
13138
13143
13076
12965
12897
12862
12837
12828
12832
12835
12854
12867
12870
12893
12903
12913
12926
12936
12940
12954
12958
12968
12974
12986
12998
13007
13018
13016
13024
13027
13029
13030
13039
13045
13053
13063
13070
13080
13082
13076
13086
13089
13096
13094
13093
13097
13106
13098
13101
13099
13110
13117
13112
13114
13119
13126
13132
13127
13129
13136
13135
13134
13128
13123
13132
13133
13132
13123
13132
13133
13133
13134
13133
13124
13124
13123
13125
13130
13134
13132
13136
13133
13142
13144
13146
13140
13134
13139
13144
13131
13138
13133
13126
13128
13124
13118
13123
13129
13133
13141
13133
13132
13133
13131
13134
13134
13133
13136
13135
13134
13135
13133
13127
13131
13132
13136
13133
13136
13129
13126
13129
13134
13138
13139
13138
13138
13135
13129
13128
13126
13127
13129
13126
13130
13134
13131
13134
13136
13128
13138
13135
13133
13131
13128
13139
13141
13137
13133
13133
13130
13134
13130
13140
13130
13137
13139
13132
13138
13131
13132
13144
13140
13137
13137
13139
13132
13137
13126
13133
13124
13123
13126
13117
13120
13119
