13127
13125
13125
13128
13134
13128
13121
13128
13124
13119
13126
13130
13127
13124
13120
13127
13124
13132
13138
13138
13144
13140
13142
13145
13144
13142
13144
13143
13137
13127
13119
13123
13127
13132
13133
13134
13135
13131
13134
13145
13142
13138
13144
13136
13145
13136
13131
13135
13138
13142
13135
13134
13138
13142
13141
13147
13138
13137
13134
13132
13140
13131
13131
13128
13126
13130
13134
13125
13131
13134
13132
13136
13133
13132
13136
13131
13133
13128
13134
13134
13126
13133
13132
13133
13130
13125
13125
13128
13128
13135
13138
13132
13135
13135
13132
13125
13119
13124
13124
13127
13132
13126
13134
13130
13127
13115
13122
13116
13116
13121
13117
13122
13128
13132
13140
13138
13146
13147
13149
13148
13142
13144
13142
13138
13140
13132
13130
13140
13146
13140
13139
13138
13138
13142
13147
13152
13140
13143
13155
13147
13146
13143
13152
13156
13149
13142
13150
13137
13133
13139
13135
13134
13133
13138
13139
13135
13146
13138
13136
13136
13131
13131
13134
13137
13142
13128
13129
13134
13134
13125
13130
13132
13136
13131
13135
13142
13142
13138
13136
13134
13141
13138
13139
13133
13126
13124
13131
13131
13132
13136
13131
13127
13137
13139
13142
13142
13137
13129
13127
13123
13122
13117
13110
13120
13131
13127
13125
13128
13129
13127
13130
13124
13127
13129
13125
13129
13127
13125
13134
13128
13128
13126
13128
13133
13134
13134
13134
13126
13128
13130
13129
13133
13140
13134
13133
13134
13133
13131
13131
13129
13133
13134
13130
13126
13135
13128
13126
13129
13127
13128
13132
13131
13138
13140
13137
13150
13149
13147
13145
13136
13136
13134
13133
13134
13130
13121
13119
13121
13125
13133
13133
13131
13130
13132
13130
13134
13131
13120
13131
13133
13131
13137
13134
13130
13136
13125
13129
13127
13133
13133
13131
13129
13135
13137
13133
13130
13128
13126
13123
13125
13126
13123
13127
13126
13126
13133
13131
13130
13139
13138
13141
13140
13134
13132
13134
13136
13135
13124
13127
13128
13123
13123
13128
13128
13132
13127
13127
13126
13126
13127
13123
13124
13127
13131
13127
13127
13120
13127
13130
13127
13134
13130
13126
13137
13128
13124
13128
13126
13131
13135
13132
13132
13137
13129
13132
13132
13128
13129
13128
13124
13130
13131
13129
13129
13131
13119
13116
13123
13126
13119
13119
13125
13125
13124
13124
13125
13123
13132
13136
13130
13131
13126
13123
13127
13123
13119
13123
13121
13126
13138
13137
13136
13139
13137
13138
13132
13128
13123
13120
13119
13125
13128
13125
13130
13136
13135
13132
13126
13124
13133
13131
13130
13134
13133
13134
13140
13136
13137
13131
13120
13113
13117
13117
13121
13118
13122
13123
13121
13124
13139
13134
13138
13137
13139
13130
13138
13137
13138
13140
13138
13134
13137
13137
13135
13140
13132
13132
13134
13130
13128
13128
13130
13128
13128
13133
13133
13128
13125
13126
13132
13135
13138
13135
13138
13135
13138
13143
13142
13139
13151
13139
13137
13138
13137
13130
13125
13120
13118
13120
13124
13130
13126
13116
13115
13124
13119
13125
13133
13131
13133
13128
13134
13132
13133
13138
13138
13134
13132
13132
13128
13128
13135
13126
12903
12688
12326
12000
11756
11637
11578
11572
11581
11646
11705
11769
11838
11900
11966
12039
12102
12166
12220
12274
12331
12394
12435
12491
12523
12566
12606
12639
12667
12694
12657
12596
12563
12552
12562
12580
12593
12624
12648
12678
12699
12731
12749
12780
12798
12821
12840
12850
12867
12889
12904
12924
12935
12949
12953
12967
12978
12990
12998
13005
13009
13027
13025
13031
13039
13049
13061
13062
13070
13076
13081
13078
13081
13079
13082
13082
13086
13088
13093
13092
13099
13096
13095
13101
13096
13092
13099
13103
13107
13110
13118
13124
13128
13133
13127
13126
13130
13134
13135
13134
13127
13132
13125
13125
13126
13121
13121
13127
13121
13122
13127
13124
13127
13117
13124
13128
13125
13122
13123
13117
13138
13135
13130
13132
13126
13133
13138
13138
13140
13139
13145
13150
13145
13146
13144
13142
13142
13135
13132
13129
13125
13126
13125
13122
13124
13121
13123
13120
13129
13128
13129
13122
13124
13120
13116
13126
13126
13134
13138
13133
13135
13125
13123
13128
13120
13122
13132
13127
13124
13133
13135
13129
13133
13132
13129
13134
13129
13121
13123
13124
13129
13134
13135
13124
13126
13118
13125
13119
13119
13122
13118
13130
13132
13130
13132
13138
13137
13143
13139
13143
13146
13141
13139
13137
13134
13131
13132
13126
13132
13129
13133
13132
13135
13141
13147
13153
13154
13143
13142
13136
13134
13134
13121
13118
13120
13122
13115
13118
13114
13114
13114
13117
13122
13119
13123
13120
13114
13121
13127
13120
13128
13129
13126
13123
13122
13120
13123
13120
13129
13125
13129
13126
13132
13130
13137
13130
13133
13131
13133
13140
13143
13150
13137
13130
13138
13121
13126
13129
13132
13128
13135
13135
13135
13131
13130
13123
13118
13121
13123
13120
13130
13122
13122
13125
13128
13129
13141
13133
13130
13122
13136
13131
13130
13121
13130
13119
13125
13125
13130
13125
13123
13137
13133
13132
13129
13135
13137
13133
13140
13137
13138
13136
13137
13125
13124
13128
13142
13142
13141
13142
13139
13135
13135
13137
13133
13124
13127
13124
13120
13129
13122
13128
13128
13130
13127
13130
13131
13129
13139
13132
13131
13135
13131
13126
13126
13130
13131
13133
13131
13129
13133
13139
13144
13137
13134
13138
13136
13133
13135
13137
13142
13142
13133
13136
13129
13129
13133
13130
13131
13131
13139
13136
13134
13130
13126
13122
13127
13124
13121
13125
13125
13134
13128
13123
13120
13120
13130
13131
13133
13124
13125
13126
13133
13128
13138
13136
13137
13133
13134
13134
13134
13130
13136
13134
13128
13125
13129
13126
13129
13136
13126
13126
13131
13136
13136
13142
13134
13128
13129
13128
13137
13137
13134
13131
13132
13134
13129
13129
13128
13130
13135
13139
13130
13126
13125
13124
13134
13130
13124
13130
13141
13142
13137
13142
13132
13129
13134
13139
13139
13140
13140
13139
13144
13145
13148
13144
13147
13140
13148
13138
13132
13136
13135
13140
13152
13150
13141
13144
13150
13149
13151
13151
13145
13137
13141
13144
13138
13130
13134
13136
13143
13138
13132
13134
13129
13126
13125
13125
13124
13132
13132
13137
13138
13141
13128
13128
13137
13133
13131
13124
13123
13132
13125
13133
13134
13136
13133
13129
13130
13132
13129
13126
13125
13118
13120
13128
13128
13134
13137
13137
13135
13132
13121
13121
13120
13128
13130
