13122
13124
13127
13124
13132
13133
13133
13134
13138
13146
13137
13139
13142
13138
13137
13143
13138
13146
13134
13126
13126
13123
13121
13121
13119
13126
13129
13132
13134
13132
13138
13139
13140
13137
13140
13139
13139
13135
13134
13127
13125
13139
13133
13128
13129
13127
13134
13132
13126
13127
13124
13128
13132
13129
13128
13133
13144
13141
13138
13135
13133
13134
13131
13133
13133
13136
13133
13133
13134
13134
13133
13135
13133
13130
13135
13141
13137
13143
13134
13131
13130
13136
13138
13141
13138
13136
13134
13140
13130
13136
13143
13134
13136
13134
13132
13136
13131
13136
13133
13134
13137
13132
13121
13130
13128
13133
13130
13125
13124
13133
13130
13140
13128
13118
13123
13136
13136
13135
13127
13127
13134
13133
13139
13138
13140
13138
13140
13145
13140
13140
13137
13132
13136
13131
13126
13129
13125
13119
13123
13123
13132
13138
13143
13142
13140
13144
13147
13138
13148
13149
13147
13150
13145
13140
13151
13145
13143
13145
13137
13145
13152
13150
13147
13147
13148
13140
13137
13138
13133
13135
13138
13136
13132
13130
13128
13137
13133
13132
13131
13129
13133
13138
13135
13139
13134
13138
13149
13143
13146
13147
13143
13149
13144
13138
13148
13136
13130
13133
13133
13134
13139
13136
13135
13125
13132
13139
13142
13144
13142
13147
13146
13142
13139
13131
13123
13123
13117
13122
13116
13112
13110
13119
13123
13126
13129
13139
13145
13145
13145
13136
13135
13135
13128
13128
13130
13125
13123
13128
13126
13132
13138
13144
13147
13145
13141
13140
13139
13138
13133
13136
13134
13136
13138
13131
13129
13134
13135
13141
13140
13140
13141
13140
13145
13146
13139
13140
13142
13132
13130
13127
13126
13128
13132
13126
13133
13130
13145
13139
13129
13135
13134
13130
13135
13144
13139
13135
13139
13143
13142
13145
13134
13133
13142
13130
13126
13138
13135
13144
13142
13143
13141
13140
13132
13135
13134
13141
13149
13136
13137
13135
13139
13140
13137
13127
13132
13131
13133
13141
13142
13137
13139
13136
13137
13135
13142
13138
13146
13146
13141
13131
13135
13135
13144
13144
13145
13141
13143
13140
13133
13133
13133
13134
13134
13139
13134
13142
13144
13140
13143
13148
13151
13148
13143
13136
13138
13123
13128
13135
13127
13134
13142
13143
13137
13133
13134
13136
13135
13138
13136
13137
13134
13137
13142
13128
13129
13138
13139
13140
13137
13137
13133
13133
13134
13141
13132
13134
13132
13129
13138
13140
13135
13134
13129
13124
13129
13137
13141
13144
13147
13147
13142
13145
13137
13136
13131
13128
13135
13146
13154
13148
13148
13140
13144
13142
13134
13143
13149
13147
13145
13149
13144
13144
13143
13141
13133
13131
13136
13130
13134
13137
13132
13137
13136
13137
13146
13144
13135
13140
13138
13147
13149
13147
13150
13142
13141
13138
13134
13141
13137
13139
13134
13130
13137
13127
13128
13130
13125
13125
13121
13122
13131
13135
13138
13144
13134
13133
13132
13134
13135
13137
13135
13142
13142
13141
13148
13145
13142
13145
13138
13141
13149
13149
13147
13144
13144
13131
13135
13141
13141
13138
13138
13132
13139
13140
13142
13142
13143
13143
13140
13138
13140
13135
13131
13140
13130
12677
11446
10172
9372
8914
8717
8649
8724
8830
9013
9181
9398
9582
9797
9985
10195
10367
10545
10693
10862
10987
11132
11252
11384
11479
11571
11567
11612
11651
11717
11777
11847
11918
11991
12054
12119
12178
12254
12304
12366
12411
12452
12485
12531
12560
12594
12630
12664
12696
12728
12743
12771
12799
12821
12845
12865
12878
12898
12911
12918
12921
12931
12938
12944
12955
12966
12978
12990
12999
13006
13021
13030
13038
13046
13050
13058
13065
13067
13067
13067
13074
13084
13091
13091
13094
13108
13109
13102
13097
13104
13092
13094
13105
13102
13106
13108
13118
13122
13118
13116
13121
13118
13126
13124
13127
13132
13128
13134
13128
13131
13135
13133
13135
13131
13133
13137
13133
13138
13139
13127
13132
13133
13121
13126
13123
13123
13125
13120
13110
13128
13120
13115
13116
13110
13109
13117
13115
13116
13122
13119
13124
13132
13131
13134
13134
13137
13133
13141
13142
13139
13144
13141
13141
13138
13143
13140
13141
13137
13137
13134
13136
13140
13132
13134
13135
13131
13130
13120
13117
13128
13129
13126
13134
13137
13143
13141
13148
13147
13143
13145
13139
13141
13145
13131
13127
13131
13131
13137
13123
13127
13128
13130
13133
13132
13127
13127
13130
13126
13135
13135
13131
13136
13127
13121
13121
13118
13120
13121
13121
13130
13125
13120
13129
13125
13130
13133
13133
13125
13129
13126
13123
13128
13132
13131
13127
13132
13137
13145
13135
13132
13137
13134
13135
13138
13138
13135
13131
13129
13131
13125
13129
13128
13131
13136
13136
13131
13134
13136
13136
13153
13143
13143
13143
13140
13140
13143
13150
13146
13143
13141
13136
13142
13146
13139
13137
13135
13135
13137
13128
13117
13123
13125
13122
13113
13113
13118
13119
13115
13121
13112
13129
13137
13132
13133
13131
13122
13138
13141
13141
13146
13139
13134
13136
13134
13139
13141
13136
13134
13133
13145
13143
13142
13143
13137
13140
13142
13137
13137
13130
13130
13131
13130
13136
13131
13138
13142
13151
13148
13139
13130
13126
13130
13125
13126
13125
13123
13127
13124
13122
13121
13120
13113
13121
13118
13128
13133
13134
13130
13133
13137
13132
13131
13132
13132
13137
13131
13127
13137
13132
13133
13132
13129
13132
13128
13129
13131
13129
13134
13143
13141
13147
13149
13151
13152
13153
13142
13145
13130
13125
13129
13122
13127
13132
13134
13130
13124
13122
13126
13132
13135
13129
13127
13132
13135
13130
13128
13126
13130
13123
13122
13126
13122
13126
13129
13130
13132
13129
13132
13139
13139
13140
13140
13139
13141
13139
13132
13139
13138
13140
13152
13144
13138
13143
13135
13137
13134
13135
13133
13135
13136
13129
13131
13137
13137
13140
13147
13141
13150
13135
13136
13137
13134
13130
13126
13126
13127
13125
13125
13133
13127
13123
13132
13129
13135
13139
13140
13147
13145
13147
13148
13144
13135
13135
13130
13130
13134
13132
13123
13121
13121
13120
13121
13131
13135
13143
13151
13148
13150
13151
13146
13147
13138
13140
13133
13133
13128
13120
13124
13126
13127
13134
13137
13135
13138
13134
13126
13130
13129
13128
13133
13128
13126
13132
13131
13127
13129
13138
13141
13139
13143
13135
13132
13136
13136
13135
13133
13136
13140
13128
13138
13134
13130
13139
13140
13143
13143
13141
13147
13149
13137
13137
13134
13132
13143
13138
