13124
13124
13126
13128
13138
13136
13135
13138
13129
13128
13125
13131
13140
13140
13140
13138
13133
13141
13148
13141
13139
13138
13141
13147
13137
13128
13138
13134
13127
13134
13129
13130
13130
13132
13124
13121
13123
13126
13130
13135
13125
13130
13129
13127
13134
13133
13137
13151
13154
13152
13158
13152
13147
13147
13146
13150
13147
13147
13146
13141
13144
13148
13142
13151
13150
13146
13143
13138
13139
13141
13134
13133
13144
13138
13140
13146
13141
13143
13143
13134
13131
13127
13129
13129
13136
13130
13127
13128
13122
13129
13130
13135
13134
13139
13135
13139
13133
13142
13140
13133
13131
13133
13132
13135
13126
13121
13129
13129
13120
13124
13130
13130
13133
13128
13125
13126
13124
13124
13124
13132
13131
13129
13132
13127
13139
13136
13132
13135
13135
13134
13126
13127
13129
13139
13135
13137
13134
13141
13142
13138
13144
13137
13140
13138
13135
13133
13145
13143
13137
13138
13133
13133
13140
13131
13134
13133
13142
13140
13141
13141
13133
13140
13140
13142
13151
13143
13138
13142
13136
13135
13132
13132
13130
13133
13134
13133
13131
13134
13138
13139
13139
13139
13135
13135
13135
13134
13141
13130
13130
13138
13134
13137
13141
13135
13140
13137
13139
13127
13133
13134
13133
13137
13137
13137
13142
13141
13140
13136
13132
13132
13135
13134
13130
13132
13124
13123
13121
13126
13132
13135
13138
13146
13150
13153
13153
13147
13155
13149
13149
13161
13149
13151
13156
13155
13151
13152
13151
13142
13142
13140
13134
13131
13137
13134
13140
13139
13139
13141
13137
13132
13129
13131
13130
13135
13137
13141
13136
13140
13143
13141
13139
13129
13131
13126
13127
13126
13129
13127
13125
13133
13130
13133
13133
13137
13140
13136
13139
13142
13148
13148
13149
13151
13145
13145
13146
13142
13137
13146
13150
13150
13145
13142
13140
13142
13148
13148
13142
13136
13142
13137
13136
13137
13132
13137
13135
13133
13140
13137
13131
13140
13134
13133
13137
13138
13144
13150
13147
13137
13136
13141
13141
13137
13131
13131
13141
13129
13131
13137
13127
13131
13130
13135
13137
13142
13145
13141
13138
13139
13137
13143
13145
13148
13145
13150
13151
13147
13151
13143
13141
13145
13141
13140
13139
13136
13136
13138
13134
13136
13132
13136
13133
13136
13135
13138
13147
13139
13146
13147
13141
13147
13145
13140
13141
13149
13149
13155
13150
13150
13152
13142
13143
13141
13140
13144
13142
13133
13134
13138
13131
13138
13133
13134
13133
13133
13140
13147
13146
13145
13148
13147
13141
13134
13135
13129
13131
13131
13127
13136
13135
13132
13135
13138
13138
13140
13139
13146
13144
13146
13142
13136
13135
13130
13130
13143
13138
13145
13142
13138
13140
13148
13143
13140
13140
13141
13141
13138
13134
13137
13134
13138
13136
13135
13134
13131
13131
13121
13123
13132
13131
13134
13134
13135
13136
13138
13136
13134
13126
13129
13127
13131
13121
13123
13124
13130
13126
13121
13134
13122
13129
13138
13140
13144
13142
13136
13141
13138
13136
13137
13136
13146
13147
13151
13147
13145
13151
13148
13149
13149
13148
13143
13137
13138
13136
13135
13133
13138
13138
13139
13145
13143
13148
13144
13147
13146
13137
13093
12774
12458
12168
11998
11907
11862
11871
11875
11882
11900
11946
11989
12046
12104
12163
12211
12268
12322
12381
12421
12468
12515
12558
12595
12640
12668
12705
12725
12751
12777
12798
12815
12829
12844
12857
12878
12899
12919
12934
12935
12959
12965
12971
12977
12985
12998
13014
13025
13034
13040
13044
13053
13059
13070
13077
13086
13085
13098
13096
13093
13087
13094
13092
13094
13093
13102
13102
13109
13110
13114
13113
13111
13119
13114
13116
13122
13122
13137
13134
13127
13128
13127
13123
13132
13127
13134
13134
13132
13121
13119
13123
13116
13120
13124
13123
13123
13119
13116
13134
13138
13131
13135
13119
13121
13123
13120
13122
13127
13123
13123
13120
13128
13132
13117
13115
13118
13126
13126
13122
13121
13130
13122
13126
13135
13130
13137
13138
13140
13144
13140
13136
13130
13129
13130
13127
13127
13134
13132
13139
13136
13142
13138
13134
13139
13135
13131
13132
13131
13137
13138
13132
13132
13136
13128
13127
13122
13128
13133
13129
13132
13141
13141
13142
13150
13146
13148
13149
13150
13083
12965
12898
12852
12831
12820
12823
12833
12847
12853
12866
12885
12896
12908
12923
12929
12947
12954
12962
12978
12989
12993
13000
13012
13030
13030
13046
13053
13056
13061
13055
13064
13074
13075
13076
13080
13080
13095
13096
13099
13095
13091
13099
13096
13096
13105
13107
13118
13129
13132
13132
13128
13134
13130
13126
13129
13126
13119
13120
13117
13114
13117
13112
13115
13125
13126
13131
13135
13129
13135
13125
13119
13135
13131
13130
13129
13133
13139
13139
13130
13125
13129
13136
13134
13131
13138
13133
13138
13138
13136
13135
13135
13129
13136
13136
13137
13135
13132
13135
13134
13139
13142
13133
13139
13141
13144
13143
13142
13137
13135
13133
13131
13136
13137
13139
13144
13148
13142
13144
13141
13140
13138
13141
13136
13133
13138
13139
13138
13132
13135
13131
13130
13124
13128
13127
13122
13126
13126
13124
13132
13131
13133
13132
13134
13124
13126
13125
13125
13122
13126
13118
13122
13132
13130
13121
13124
13129
13133
13131
13133
13137
13140
13137
13141
13144
13142
13140
13143
13145
13138
13140
13139
13129
13130
13129
13123
13129
13123
13123
13121
13126
13130
13129
13138
13136
13136
13139
13137
13137
13139
13136
13133
13135
13137
13131
13135
13132
13131
13136
13136
13139
13138
13139
13135
13124
13122
13123
13124
13128
13123
13126
13123
13131
13139
13138
13139
13136
13138
13136
13133
13133
13138
13138
13143
13142
13137
13136
13136
13139
13142
13130
13127
13135
13135
13126
13136
13132
13140
13141
13140
13138
13138
13133
13135
13138
13139
13132
13136
13137
13133
13133
13132
13134
13135
13135
13135
13132
13136
13134
13130
13133
13138
13134
13132
13134
13135
13140
13144
13150
13152
13142
13145
13154
13140
13145
13149
13146
13144
13147
13148
13144
13147
13142
13141
13134
13133
13133
13135
13133
13135
13131
13122
13123
13123
13122
13114
13114
13117
13124
13129
13128
13130
13123
13124
13131
13137
13137
13132
13140
13145
13145
13143
13142
13138
13132
13132
13122
13127
13125
13124
13123
13121
13131
13126
13130
13138
13135
13139
13147
13140
13146
13138
13132
13132
13133
13131
13127
13136
13140
13141
13145
13140
13145
13148
13140
13135
13131
13137
13138
13136
13131
13134
13137
13135
13133
13142
