13134
13126
13128
13134
13137
13128
13134
13146
13146
13147
13148
13150
13153
13146
13140
13137
13130
13125
13130
13124
13122
13132
13126
13128
13123
13126
13123
13127
13128
13124
13120
13130
13123
13123
13128
13132
13136
13129
13124
13122
13124
13123
13123
13125
13128
13135
13134
13136
13127
13130
13126
13129
13128
13131
13129
13129
13124
13122
13128
13130
13126
13136
13136
13139
13139
13135
13135
13137
13137
13129
13131
13137
13126
13129
13125
13124
13129
13124
13125
13123
13133
13134
13129
13131
13129
13132
13128
13132
13122
13135
13127
13131
13135
13137
13132
13135
13132
13137
13147
13138
13134
13145
13143
13141
13142
13138
13135
13130
13123
13130
13131
13127
13128
13128
13129
13124
13129
13130
13129
13140
13140
13139
13131
13135
13138
13139
13130
13142
13135
13130
13131
13130
13126
13124
13120
13124
13118
13114
13119
13123
13126
13134
13132
13138
13141
13132
13135
13137
13138
13137
13128
13129
13122
13118
13126
13126
13134
13122
13126
13136
13130
13124
13119
13117
13121
13119
13126
13132
13126
13125
13129
13121
13118
13119
13127
13136
13137
13137
13146
13144
13142
13143
13141
13142
13144
13145
13139
13135
13141
13145
13144
13142
13139
13133
13129
13120
13121
13114
13121
13125
13130
13138
13141
13144
13146
13138
13132
13139
13141
13138
13135
13132
13129
13130
13127
13138
13138
13135
13145
13143
13138
13141
13135
13134
13132
13135
13130
13128
13123
13122
13123
13129
13133
13136
13134
13134
13136
13133
13137
13142
13142
13145
13137
13132
13134
13130
13127
13136
13132
13133
13140
13137
13131
13132
13135
13138
13129
13127
13129
13129
13122
13128
13126
13131
13136
13135
13141
13133
13137
13140
13147
13153
13142
13139
13143
13136
13139
13134
13128
13131
13130
13132
13129
13132
13136
13138
13133
13138
13129
13140
13133
13125
13123
13121
13124
13131
13132
13134
13150
13148
13146
13143
13140
13144
13142
13141
13139
13133
13126
13126
13129
13134
13129
13132
13131
13134
13139
13126
13127
13127
13131
13134
13141
13134
13139
13135
13134
13134
13135
13147
13144
13142
13141
13140
13142
13152
13144
13140
13145
13139
13138
13136
13137
13125
13129
13128
13128
13138
13145
13138
13130
13139
13142
13137
13134
13127
13139
13134
13125
13133
13124
13126
13128
13136
13131
13132
13123
13126
13121
13128
13124
13122
13126
13127
13124
13130
13133
13133
13139
13141
13136
13134
13130
13128
13127
13127
13126
13119
13123
13128
13126
13128
13126
13123
13125
13130
13137
13134
13131
13137
13129
13128
13126
13130
13126
13129
13125
13126
13120
13122
13122
13132
13132
13127
13124
13136
13127
13124
13136
13138
13132
13130
13123
13125
13127
13129
13129
13126
13140
13138
13148
13150
13148
13146
13140
13135
13132
13125
13128
13136
13137
13136
13134
13129
13129
13124
13127
13127
13123
13129
13131
13135
13139
13136
13138
13138
13143
13143
13149
13141
13144
13143
13138
13140
13147
13140
13140
13138
13138
13130
13131
13135
13133
13134
13131
13129
13133
13125
13120
13127
13120
13125
13130
13134
13134
13135
13134
13139
13137
13138
13135
13132
13139
13134
13137
13138
13133
13131
13134
13126
13126
13133
13135
13066
12434
11398
10690
10270
10048
9922
9911
9949
10060
10167
10310
10445
10502
10536
10633
10730
10822
10858
10944
11031
11142
11245
11359
11460
11562
11655
11747
11822
11913
11980
12049
12123
12190
12242
12305
12349
12406
12438
12479
12518
12560
12597
12634
12669
12700
12717
12747
12778
12797
12816
12839
12861
12887
12898
12912
12923
12931
12944
12952
12963
12976
12979
12989
13006
13006
13024
13034
13037
13043
13046
13051
13059
13066
13071
13079
12993
12890
12834
12798
12771
12768
12768
12782
12792
12812
12825
12837
12857
12871
12890
12901
12918
12930
12935
12945
12958
12963
12983
12996
13006
13018
13027
13038
13046
13046
13052
13058
13058
13060
13060
13066
13072
13075
13078
13088
13097
13094
13102
13093
13090
13095
13093
13098
13103
13105
13101
13110
13117
13115
13116
13113
13116
13124
13114
13114
13125
13121
13127
13123
13128
13131
13126
13129
13135
13123
13126
13122
13122
13120
13115
13117
13122
13118
13115
13123
13122
13123
13133
13129
13131
13130
13132
13125
13128
13126
13125
13121
13126
13125
13125
13124
13118
13118
13110
13106
13112
13113
13118
13120
13129
13130
13135
13137
13135
13129
13132
13135
13137
13136
13131
13138
13145
13147
13139
13141
13135
13125
13124
13127
13126
13131
13130
13132
13134
13132
13128
13132
13136
13124
13125
13127
13122
13125
13121
13124
13132
13124
13132
13125
13125
13118
13121
13120
13128
13122
13132
13141
13134
13133
13128
13130
13139
13139
13138
13146
13134
13135
13142
13145
13144
13152
13153
13149
13142
13144
13143
13150
13147
13151
13157
13153
13147
13153
13143
13141
13140
13129
13128
13118
13120
13130
13132
13129
13132
13134
13137
13141
13140
13145
13144
13144
13143
13139
13133
13137
13125
13133
13131
13130
13127
13130
13131
13127
13127
13128
13132
13126
13123
13129
13133
13134
13138
13144
13136
13134
13128
13135
13137
13139
13138
13140
13140
13132
13129
13125
13125
13124
13122
13122
13124
13123
13126
13124
13122
13117
13112
13120
13132
13128
13128
13125
13124
13139
13138
13141
13140
13141
13141
13135
13135
13139
13136
13144
13142
13141
13141
13133
13139
13139
13141
13147
13141
13137
13137
13129
13132
13131
13137
13144
13141
13141
13147
13144
13137
13147
13142
13144
13150
13138
13139
13146
13139
13140
13140
13141
13139
13136
13136
13134
13123
13124
13127
13137
13132
13130
13128
13125
13124
13125
13129
13132
13131
13134
13141
13137
13131
13123
13121
13127
13127
13135
13143
13143
13146
13152
13140
13137
13137
13125
13129
13132
13132
13126
13125
13123
13127
13132
13133
13137
13138
13144
13146
13151
13141
13133
13138
13134
13132
13125
13120
13122
13121
13124
13133
13129
13132
13143
13144
13146
13137
13138
13145
13144
13142
13147
13145
13144
13149
13145
13136
13131
13136
13134
13132
13139
13143
13146
13142
13150
13146
13144
13140
13147
13140
13142
13143
13141
13138
13136
13135
13132
13136
13132
13134
13136
13144
13149
13141
13144
13142
13146
13143
13136
13137
13146
13134
13135
13144
13136
13135
13141
13140
13131
13123
13131
13131
13131
13127
13124
13129
13137
13133
13140
13138
13136
13138
13146
13141
13149
13145
13145
13133
13133
13131
13119
13122
13123
13117
13128
13128
13127
13126
13125
13123
13135
13133
13133
13141
13142
13140
13135
13135
13133
13131
13139
13143
