13138
13132
13135
13137
13140
13137
13136
13138
13145
13139
13147
13139
13133
13128
13124
13123
13126
13125
13131
13136
13137
13139
13138
13133
13133
13132
13135
13129
13127
13122
13123
13127
13123
13128
13134
13130
13133
13137
13133
13138
13138
13138
13136
13138
13137
13137
13142
13139
13138
13135
13131
13126
13132
13132
13123
13130
13127
13131
13135
13129
13138
13141
13151
13147
13142
13144
13142
13136
13143
13144
13143
13143
13141
13142
13150
13149
13149
13144
13143
13140
13139
13133
13137
13133
13131
13130
13126
13136
13124
13127
13124
13121
13128
13129
13124
13129
13128
13126
13129
13126
13129
13123
13123
13121
13123
13130
13136
13133
13136
13133
13132
13135
13132
13131
13139
13132
13125
13124
13122
13130
13129
13128
13133
13128
13137
13138
13145
13145
13140
13141
13142
13140
13142
13134
13137
13138
13137
13138
13133
13132
13127
13132
13129
13135
13129
13139
13144
13142
13148
13142
13139
13140
13130
13125
13125
13118
13121
13124
13118
13122
13129
13130
13134
13137
13138
13132
13133
13141
13145
13143
13145
13135
13142
13133
13131
13127
13126
13126
13121
13125
13131
13138
13136
13136
13122
13127
13131
13126
13126
13123
13122
13125
13126
13133
13142
13136
13138
13140
13135
13135
13136
13133
13133
13133
13131
13123
13126
13131
13130
13130
13125
13129
13133
13131
13135
13136
13132
13135
13132
13129
13126
13118
13115
13121
13121
13120
13126
13126
13121
13131
13134
13146
13133
13131
13133
13128
13131
13136
13137
13139
13141
13133
13141
13139
13141
13139
13137
13145
13136
13132
13137
13135
13141
13128
13134
13130
13132
13137
13139
13140
13141
13139
13135
13130
13129
13134
13138
13133
13137
13129
13131
13131
13131
13118
13131
13123
13126
13133
13126
13132
13138
13139
13134
13136
13136
13133
13132
13139
13137
13132
13138
13131
13133
13125
13120
13127
13121
13130
13126
13120
13121
13122
13115
13113
13110
13120
13126
13122
13125
13122
13118
13133
13126
13124
13135
13134
13138
13138
13131
13132
13129
13130
13131
13125
13131
13128
13135
13132
13125
13126
13124
13123
13129
13123
13127
13130
13133
13132
13146
13143
13138
13139
13140
13139
13136
13134
13138
13135
13138
13136
13129
13138
13127
13128
13146
13132
13136
13143
13142
13138
13143
13135
13135
13128
13127
13126
13123
13125
13131
13121
13122
13126
13132
13124
13126
13131
13129
13133
13127
13122
13129
13129
13133
13137
13135
13140
13145
13139
13142
13136
13138
13147
13140
13133
13137
13130
13130
13131
13128
13125
13128
13119
13117
13121
13122
13121
13127
13139
13138
13138
13136
13133
13139
13137
13134
13134
13130
13137
13144
13144
13139
13140
13134
13139
13136
13137
13136
13133
13131
13127
13129
13129
13126
13119
13133
13127
13134
13134
13127
13122
13129
13124
13132
13131
13136
13136
13144
13149
13140
13132
13146
13140
13141
13133
13130
13130
13133
13136
13140
13146
13150
13148
13141
13140
13142
13140
13126
13131
13136
13129
13132
13135
13130
13125
13134
13136
13138
13133
13127
13134
13142
13135
13135
13139
13147
13143
13153
13144
13147
13138
13145
13145
13155
13150
13147
13147
13144
13145
13142
13141
13144
13049
12339
11622
10944
10421
10142
9969
9939
9964
10060
10158
10302
10428
10596
10730
10876
11012
11141
11261
11389
11488
11593
11670
11767
11849
11936
12003
12086
12142
12212
12267
12338
12386
12434
12478
12524
12558
12599
12638
12672
12701
12726
12746
12764
12783
12806
12825
12849
12865
12879
12895
12919
12933
12959
12969
12979
12995
12995
13004
13008
13005
13010
13018
13027
13027
13035
13039
13043
13051
13053
13053
13067
13070
13061
13057
13064
13070
13076
13083
13091
13099
13089
13100
13102
13104
13106
13109
13118
13109
13104
13101
13103
13100
13109
13107
13118
13124
13128
13132
13135
13137
13132
13128
13126
13119
13130
13129
13123
13129
13122
13118
13120
13117
13116
13125
13122
13122
13120
13116
13123
13121
13126
13135
13131
13132
13142
13139
13136
13135
13134
13137
13132
13132
13138
13133
13136
13142
13135
13142
13142
13138
13142
13139
13140
13137
13140
13142
13142
13138
13136
13131
13137
13136
13139
13141
13140
13143
13139
13141
13142
13142
13140
13135
13127
13124
13133
13132
13128
13125
13121
13124
13126
13122
13129
13125
13127
13130
13130
13135
13132
13125
13136
13129
13132
13127
13133
13136
13134
13137
13133
13131
13144
13136
13139
13135
13134
13130
13130
13132
13136
13136
13136
13140
13140
13138
13134
13133
13136
13140
13136
13141
13135
13132
13136
13128
13123
13122
13117
13118
13123
13123
13131
13123
13131
13125
13125
13122
13120
13124
13124
13124
13130
13123
13123
13132
13139
13140
13145
13142
13135
13132
13129
13135
13134
13132
13136
13138
13135
13135
13129
13136
13132
13125
13130
13129
13123
13126
13121
13126
13133
13133
13140
13146
13147
13136
13138
13139
13142
13139
13136
13134
13140
13135
13129
13137
13131
13137
13137
13134
13138
13140
13141
13148
13143
13154
13148
13137
13139
13133
13126
13136
13126
13124
13132
13134
13134
13142
13140
13138
13140
13137
13135
13136
13133
13131
13124
13127
13130
13125
13128
13130
13135
13135
13137
13136
13140
13138
13142
13135
13125
13124
13124
13128
13124
13129
13126
13123
13121
13118
13122
13130
13131
13131
13139
13133
13131
13138
13133
13136
13137
13126
13131
13127
13127
13130
13135
13138
13142
13133
13129
13123
13133
13130
13141
13149
13152
13153
13147
13151
13152
13149
13145
13144
13132
13136
13137
13137
13137
13137
13133
13141
13135
13130
13130
13126
13121
13130
13130
13134
13126
13121
13124
13119
13120
13123
13131
13137
13138
13150
13145
13144
13150
13148
13148
13148
13151
13153
13153
13154
13151
13146
13145
13144
13139
13142
13141
13134
13134
13131
13126
13132
13128
13128
13129
13124
13127
13137
13132
13130
13132
13134
13132
13127
13124
13119
13124
13125
13128
13127
13130
13136
13148
13138
13141
13142
13141
13145
13150
13141
13131
13137
13133
13133
13130
13132
13131
13134
13134
13142
13142
13137
13130
13127
13136
13134
13136
13136
13139
13136
13134
13134
13134
13132
13133
13137
13145
13147
13140
13137
13133
13131
13135
13125
13120
13128
13122
13119
13124
13124
13131
13137
13135
13140
13137
13135
13142
13140
13144
13139
13138
13144
13146
13138
13146
13142
13141
13139
13135
13133
13135
13136
13134
13132
13132
13132
13133
13128
13125
13132
13129
13131
13139
13132
13135
13138
13130
13135
13132
13135
13141
13145
13153
13147
13139
13143
13147
13142
13144
13139
