13122
13123
13127
13122
13130
13131
13141
13147
13136
13124
13132
13123
13132
13136
13136
13136
13141
13135
13131
13129
13138
13136
13136
13138
13136
13128
13134
13135
13144
13141
13146
13142
13143
13141
13139
13147
13149
13141
13145
13150
13135
13138
13131
13134
13143
13143
13143
13141
13141
13133
13134
13128
13128
13133
13128
13135
13137
13142
13150
13141
13142
13138
13135
13132
13126
13137
13139
13138
13144
13133
13127
13133
13128
13132
13125
13128
13133
13132
13132
13136
13131
13127
13125
13129
13133
13134
13131
13138
13133
13141
13141
13136
13134
13138
13133
13134
13137
13130
13130
13132
13134
13126
13130
13131
13131
13136
13135
13135
13142
13135
13127
13126
13133
13131
13128
13131
13134
13141
13142
13148
13132
13135
13142
13145
13138
13142
13138
13135
13127
13131
13141
13132
13137
13143
13140
13137
13133
13134
13134
13136
13140
13135
13137
13134
13129
13131
13125
13121
13129
13128
13131
13143
13145
13148
13142
13139
13135
13140
13136
13138
13124
13115
13127
13128
13133
13130
13130
13135
13139
13138
13141
13135
13135
13144
13145
13137
13132
13129
13127
13131
13136
13134
13133
13138
13134
13133
13135
13130
13136
13128
13134
13138
13134
13137
13131
13133
13136
13134
13134
13132
13127
13125
13129
13126
13135
13148
13146
13155
13150
13143
13148
13138
13138
13147
13142
13151
13149
13140
13142
13136
13134
13133
13134
13135
13129
13124
13122
13116
13117
13115
13117
13122
13123
13122
13124
13131
13136
13136
13124
13128
13122
13125
13131
13132
13133
13131
13134
13138
13139
13138
13142
13139
13138
13138
13136
13137
13140
13138
13144
13146
13138
13132
13135
13132
13135
13133
13139
13138
13140
13134
13130
13135
13132
13135
13131
13138
13139
13134
13136
13139
13140
13142
13144
13138
13139
13140
13142
13149
13147
13141
13139
13129
13125
13134
13132
13132
13128
13130
13129
13130
13134
13131
13129
13135
13136
13141
13139
13145
13151
13145
13154
13153
13145
13141
13138
13137
13141
13138
13142
13147
13137
13135
13133
13132
13133
13142
13144
13151
13149
13146
13156
13146
13139
13137
13134
13131
13131
13124
13130
13128
13131
13120
13128
13132
13130
13131
13135
13137
13138
13131
13130
13135
13135
13135
13136
13139
13140
13140
13138
13145
13135
13139
13141
13127
13123
13128
13123
13127
13130
13118
13123
13117
13121
13123
13112
13122
13124
13128
13125
13132
13126
13117
13122
13118
13117
13120
13121
13123
13137
13136
13131
13136
13136
13133
13132
13133
13134
13136
13133
13137
13139
13143
13144
13140
13145
13143
13146
13149
13147
13147
13152
13141
13141
13147
13143
13148
13148
13142
13141
13138
13136
13132
13133
13125
13123
13124
13117
13122
13127
13123
13130
13133
13132
13128
13129
13127
13133
13128
13131
13135
13134
13127
13129
13121
13128
13132
13126
13135
13131
13121
13131
13125
13125
13132
13129
13125
13131
13132
13125
13124
13130
13134
13132
13138
13136
13141
13138
13132
13134
13133
13135
13136
13135
13134
13137
13132
13125
13127
13127
13128
13116
13126
13123
13114
13112
13113
13116
13122
13126
13125
13129
13128
13129
13136
13127
13131
13136
13133
13135
13129
13134
13127
12876
12382
11758
11321
11075
10800
10554
10417
10401
10421
10510
10600
10726
10808
10890
10969
11079
11184
11295
11396
11505
11601
11702
11784
11882
11944
12027
12091
12163
12216
12280
12333
12390
12435
12486
12519
12559
12595
12629
12661
12688
12718
12749
12766
12792
12812
12836
12849
12871
12893
12904
12915
12925
12932
12955
12965
12978
12992
12997
13007
13013
13017
13028
13035
13030
13041
13045
13046
13060
13068
13065
13083
13077
13080
13074
13084
13089
13092
13095
13092
13091
13105
13105
13102
13104
13102
13102
13100
13104
13107
13100
13103
13105
13110
13110
13111
13118
13124
13129
13125
13124
13125
13126
13128
13135
13134
13131
13129
13142
13124
13127
13126
13125
13127
13131
13124
13129
13126
13131
13129
13134
13133
13126
13125
13121
13125
13131
13124
13121
13128
13130
13129
13125
13125
13119
13121
13124
13135
13131
13134
13130
13133
13135
13130
13126
13125
13123
13124
13139
13133
13134
13140
13128
13126
13121
13116
13108
13119
13129
13118
13122
13125
13126
13132
13142
13141
13149
13146
13145
13154
13151
13148
13147
13138
13133
13133
13132
13137
13140
13133
13133
13133
13142
13141
13130
13136
13138
13136
13140
13135
13131
13135
13137
13143
13144
13141
13142
13144
13141
13140
13139
13139
13135
13145
13144
13144
13142
13134
13136
13138
13135
13131
13125
13125
13125
13123
13124
13134
13134
13138
13133
13133
13133
13129
13133
13131
13128
13125
13130
13125
13129
13133
13139
13142
13144
13137
13141
13134
13133
13130
13134
13143
13138
13139
13144
13137
13145
13136
13135
13132
13135
13134
13134
13135
13135
13137
13129
13138
13132
13137
13143
13137
13140
13140
13142
13147
13139
13126
13135
13133
13128
13138
13138
13138
13137
13141
13139
13139
13138
13136
13142
13142
13144
13143
13139
13138
13146
13146
13152
13147
13149
13146
13145
13135
13134
13135
13129
13135
13133
13138
13142
13134
13131
13128
13125
13126
13128
13126
13129
13130
13133
13132
13132
13133
13134
13134
13134
13130
13126
13129
13131
13133
13142
13133
13136
13131
13134
13130
13131
13136
13138
13137
13137
13138
13144
13145
13137
13137
13128
13135
13136
13134
13129
13133
13132
13134
13125
13124
13129
13131
13133
13135
13126
13125
13121
13127
13127
13129
13127
13132
13133
13138
13142
13137
13144
13135
13144
13142
13143
13137
13132
13130
13128
13132
13140
13145
13145
13143
13137
13135
13137
13131
13131
13130
13135
13141
13140
13132
13141
13141
13140
13147
13137
13139
13138
13140
13136
13132
13139
13139
13136
13134
13141
13146
13142
13138
13142
13132
13131
13137
13137
13137
13135
13138
13142
13140
13132
13133
13133
13130
13134
13131
13125
13129
13125
13135
13129
13128
13134
13126
13129
13135
13131
13137
13133
13137
13140
13139
13141
13133
13137
13134
13134
13137
13139
13134
13128
13127
13130
13138
13126
13123
13129
13139
13139
13137
13135
13136
13129
13128
13127
13126
13128
13126
13127
13142
13146
13142
13153
13148
13151
13148
13149
13135
13133
13132
13140
13136
13132
13129
13135
13135
13125
13122
13128
13130
13138
13133
13138
13140
13142
13147
13143
13139
13136
13137
13135
13142
13135
13138
13139
13137
13148
13141
13149
13148
13150
13143
13149
13149
13143
13145
13140
13143
13142
13142
13145
13138
13136
13136
13139
13147
13141
13143
13138
13139
13136
13130
