13124
13135
13134
13137
13142
13147
13136
13142
13133
13132
13145
13135
13133
13140
13138
13140
13142
13139
13129
13127
13126
13123
13124
13130
13126
13129
13137
13139
13147
13133
13133
13137
13138
13146
13150
13147
13145
13142
13141
13147
13140
13135
13139
13134
13139
13141
13141
13143
13143
13140
13146
13140
13136
13141
13137
13141
13140
13135
13138
13142
13144
13143
13142
13134
13134
13136
13131
13122
13126
13123
13130
13137
13133
13131
13125
13127
13132
13130
13131
13135
13122
13129
13130
13126
13126
13124
13121
13128
13131
13131
13132
13125
13128
13139
13138
13144
13145
13150
13149
13150
13148
13142
13136
13148
13147
13141
13142
13139
13138
13136
13131
13126
13123
13125
13130
13134
13132
13133
13142
13139
13128
13130
13132
13131
13126
13121
13124
13129
13126
13116
13126
13131
13121
13131
13128
13131
13134
13132
13138
13138
13139
13135
13136
13146
13141
13137
13135
13134
13136
13131
13127
13132
13129
13138
13130
13130
13132
13132
13122
13121
13110
13119
13132
13132
13133
13137
13131
13139
13143
13138
13145
13139
13138
13140
13134
13136
13135
13138
13141
13142
13147
13142
13135
13137
13122
13119
13122
13120
13129
13131
13135
13136
13141
13140
13141
13137
13135
13124
13130
13142
13133
13139
13144
13139
13142
13145
13135
13137
13131
13127
13132
13134
13125
13133
13129
13130
13128
13136
13135
13131
13124
13132
13127
13132
13130
13128
13132
13134
13140
13137
13133
13138
13131
13139
13139
13137
13139
13139
13147
13148
13147
13149
13149
13147
13149
13146
13144
13141
13135
13135
13138
13138
13135
13136
13125
13125
13121
13118
13113
13120
13129
13129
13138
13139
13136
13137
13138
13129
13130
13117
13126
13136
13135
13134
13137
13132
13134
13132
13130
13135
13123
13135
13133
13140
13147
13147
13153
13154
13147
13139
13136
13127
13124
13135
13129
13132
13139
13136
13144
13138
13137
13139
13140
13142
13140
13138
13132
13132
13139
13136
13144
13151
13141
13139
13135
13141
13144
13144
13143
13147
13147
13148
13147
13139
13141
13140
13146
13147
13140
13127
13137
13127
13124
13136
13133
13134
13135
13138
13146
13142
13143
13143
13151
13151
13142
13135
13128
13125
13126
13121
13120
13121
13124
13124
13125
13124
13126
13129
13131
13137
13136
13143
13142
13135
13134
13136
13131
13139
13131
13123
13134
13129
13132
13131
13127
13125
13125
13122
13125
13120
13119
13123
13128
13139
13139
13145
13142
13140
13153
13145
13148
13142
13137
13141
13139
13138
13140
13134
13143
13147
13142
13141
13137
13131
13131
13134
13126
13123
13124
13124
13138
13137
13139
13139
13138
13140
13143
13141
13140
13134
13133
13134
13131
13130
13123
13132
13132
13129
13132
13131
13130
13141
13139
13133
13128
13129
13134
13131
13124
13134
13128
13138
13138
13136
13137
13138
13133
13139
13127
13122
13125
13123
13128
13135
13133
13133
13137
13131
13136
13142
13151
13151
13147
13147
13145
13138
13133
13128
13128
13129
13126
13134
13135
13134
13132
13135
13137
13132
13131
13135
13129
13135
13134
13130
13123
13129
13132
13141
13139
13125
13129
13124
13123
13134
13131
13137
13140
13054
12947
12883
12848
12823
12822
12821
12759
12072
11054
10292
9754
9381
9248
9201
9277
9367
9528
9682
9875
10046
10236
10404
10579
10717
10874
11008
11146
11264
11400
11506
11615
11700
11804
11875
11957
12027
12103
12170
12242
12287
12342
12388
12440
12479
12520
12557
12595
12626
12664
12684
12718
12735
12765
12787
12812
12832
12851
12875
12892
12903
12913
12933
12937
12949
12962
12965
12971
12981
12994
13008
13009
13019
13037
13044
13056
13061
13062
13066
13068
13074
13077
13082
13086
13095
13097
13096
13095
13098
13103
13106
13105
13100
13096
13098
13101
13105
13102
13105
13114
13113
13118
13122
13119
13131
13133
13139
13135
13132
13122
13118
13122
13121
13125
13113
13107
13109
13105
13106
13108
13110
13113
13122
13117
13119
13119
13122
13131
13135
13141
13145
13143
13142
13136
13142
13137
13138
13139
13137
13140
13142
13140
13135
13125
13119
13125
13130
13136
13131
13125
13131
13129
13125
13131
13127
13130
13142
13135
13132
13131
13125
13137
13138
13144
13142
13143
13149
13143
13140
13137
13134
13135
13134
13135
13139
13138
13130
13136
13138
13137
13137
13137
13138
13137
13137
13144
13140
13141
13140
13138
13137
13127
13122
13126
13124
13125
13127
13131
13131
13134
13135
13138
13138
13137
13132
13137
13139
13140
13136
13132
13131
13132
13129
13129
13131
13138
13135
13134
13138
13132
13133
13132
13137
13137
13138
13133
13139
13136
13136
13136
13139
13131
13131
13133
13120
13126
13136
13131
13135
13126
13134
13135
13140
13140
13136
13134
13132
13136
13134
13133
13130
13142
13134
13131
13138
13131
13130
13125
13124
13124
13129
13123
13129
13123
13133
13136
13135
13134
13137
13135
13139
13130
13119
13128
13121
13125
13128
13122
13123
13117
13125
13131
13140
13140
13138
13142
13146
13151
13149
13156
13148
13156
13143
13137
13143
13140
13142
13134
13130
13131
13132
13131
13129
13123
13133
13137
13142
13142
13139
13139
13133
13128
13122
13122
13122
13128
13137
13129
13130
13136
13138
13132
13127
13131
13124
13121
13125
13134
13137
13140
13142
13147
13139
13137
13145
13139
13137
13134
13138
13142
13143
13149
13149
13144
13145
13149
13143
13142
13142
13143
13148
13141
13139
13144
13142
13146
13145
13141
13142
13140
13132
13133
13137
13134
13126
13130
13128
13124
13131
13129
13131
13137
13132
13128
13136
13140
13144
13143
13142
13144
13141
13139
13147
13144
13139
13134
13134
13138
13142
13138
13146
13139
13138
13152
13134
13129
13130
13127
13122
13123
13130
13122
13124
13131
13132
13131
13135
13136
13138
13128
13126
13126
13124
13125
13135
13134
13139
13129
13126
13126
13125
13120
13133
13129
13136
13137
13134
13142
13136
13137
13149
13139
13140
13143
13133
13136
13136
13126
13128
13129
13130
13136
13133
13129
13124
13123
13128
13127
13130
13127
13124
13129
13119
13115
13121
13124
13123
13124
13128
13125
13127
13129
13138
13135
13135
13138
13135
13139
13139
13136
13141
13133
13129
13140
13135
13133
13140
13134
13133
13131
13138
13143
13139
13136
13134
13132
13137
13128
13125
13132
13138
13144
13143
13142
13146
13141
13144
13141
13139
13128
13131
13129
13138
13128
13135
13133
13133
13136
13131
13126
13138
13128
13133
13147
13143
13140
13141
13135
13136
13140
13137
13131
13137
13138
13140
13130
13138
13131
13130
13128
13134
13143
13138
