13033
13044
13055
13056
13071
13082
13079
13091
13092
13086
13091
13089
13086
13090
13088
13088
13093
13098
13102
13110
13110
13107
13114
13125
13123
13122
13122
13122
13137
13123
13130
13128
13134
13135
13141
13134
13134
13132
13129
13134
13126
13139
13146
13145
13145
13140
13140
13141
13141
13135
13136
13134
13136
13142
13143
13144
13144
13142
13142
13143
13142
13131
13137
13138
13142
13136
13129
13124
13133
13136
13132
13136
13135
13138
13140
13137
13131
13124
13127
13131
13129
13129
13132
13122
13122
13124
13125
13131
13131
13131
13143
13142
13142
13151
13151
13154
13154
13156
13147
13145
13142
13142
13142
13144
13145
13138
13137
13135
13137
13127
13131
13133
13128
13137
13133
13137
13140
13138
13142
13143
13139
13139
13144
13138
13149
13151
13144
13147
13142
13135
13148
13135
13134
13137
13126
13126
13130
13136
13135
13136
13140
13143
13149
13152
13148
13140
13142
13141
13142
13130
13134
13138
13135
13143
13142
13137
13137
13146
13144
13142
13137
13145
13150
13144
13144
13132
13125
13134
13121
13118
13127
13120
13114
13126
13126
13133
13142
13145
13146
13144
13145
13143
13145
13146
13140
13140
13134
13133
13134
13134
13142
13139
13147
13150
13145
13141
13142
13137
13123
13122
13122
13124
13135
13132
13134
13143
13143
13144
13139
13129
13138
13137
13127
13125
13125
13129
13133
13131
13125
13126
13133
13133
13134
13130
13131
13132
13129
13123
13127
13125
13121
13129
13131
13122
13125
13131
13140
13136
13141
13145
13141
13142
13143
13128
13126
13135
13133
13138
13124
13127
13131
13123
13126
13131
13129
13132
13134
13132
13129
13131
13135
13132
13135
13133
13129
13128
13130
13129
13138
13138
13144
13145
13141
13137
13133
13133
13133
13134
13140
13131
13132
13129
13136
13127
13132
13135
13127
13132
13130
13135
13139
13134
13144
13149
13156
13156
13151
13142
13131
13138
13140
13135
13141
13143
13142
13149
13146
13141
13140
13131
13130
13140
13138
13138
13135
13145
13143
13142
13135
13143
13134
13141
13142
13139
13144
13140
13138
13130
13133
13129
13131
13133
13133
13137
13137
13142
13149
13148
13151
13149
13151
13147
13136
13133
13135
13126
13125
13130
13128
13131
13135
13136
13135
13137
13132
13138
13135
13131
13128
13136
13134
13139
13138
13139
13145
13146
13139
13142
13132
13129
13134
13123
13124
13126
13126
13127
13131
13132
13129
13124
13123
13132
13128
13139
13141
13137
13131
13131
13131
13135
13132
13135
13134
13132
13129
13134
13138
13138
13140
13141
13135
13146
13146
13138
13136
13144
13132
13137
13128
13128
13132
13120
13119
13130
13134
13138
13138
13136
13136
13139
13134
13130
13130
13133
13134
13141
13142
13132
13140
13131
13135
13131
13133
13132
13127
13131
13135
13134
13135
13134
13132
13132
13134
13129
13127
13122
13123
13132
13130
13128
13127
13125
13132
13131
13123
13129
13131
13135
13141
13145
13149
13142
13140
13144
13146
13138
13137
13132
13132
13127
13134
13134
13134
13134
13136
13141
13137
13125
13126
13131
13135
13138
13135
13132
13130
13132
13122
13132
13125
13126
13133
13127
13126
13124
13133
13139
13139
13147
13149
13141
13140
13144
13138
13123
12831
11968
11170
10710
10460
10322
10316
10340
10430
10520
10649
10765
10902
11015
11146
11257
11379
11489
11592
11683
11785
11864
11909
11897
11918
11940
11992
12034
12085
12138
12199
12257
12311
12364
12410
12457
12503
12544
12580
12618
12647
12674
12695
12713
12741
12754
12775
12802
12825
12849
12877
12901
12912
12932
12939
12957
12963
12970
12980
12987
13001
13018
13017
13027
13029
13037
13046
13052
13053
13067
13061
13072
13070
13074
13073
13082
13089
13090
13091
13098
13101
13103
13104
13100
13107
13104
13106
13106
13110
13116
13119
13122
13124
13122
13123
13129
13125
13127
13132
13134
13139
13139
13133
13139
13127
13122
13128
13124
13123
13133
13124
13130
13128
13122
13130
13136
13140
13136
13141
13148
13149
13143
13141
13148
13145
13136
13141
13146
13143
13143
13138
13133
13137
13141
13137
13146
13142
13145
13146
13139
13138
13133
13139
13142
13145
13138
13142
13137
13139
13149
13134
13131
13137
13130
13128
13135
13129
13129
13128
13125
13126
13126
13118
13126
13141
13137
13139
13138
13137
13140
13136
13139
13139
13140
13137
13131
13125
13125
13131
13135
13135
13139
13133
13135
13138
13135
13141
13140
13134
13142
13145
13139
13139
13145
13140
13134
13130
13125
13126
13131
13124
13136
13140
13145
13151
13144
13133
13131
13132
13132
13124
13125
13126
13133
13134
13130
13125
13132
13133
13137
13144
13147
13152
13157
13154
13143
13145
13141
13137
13133
13123
13128
13133
13141
13139
13134
13137
13138
13140
13139
13134
13129
13132
13132
13133
13133
13132
13140
13147
13149
13153
13150
13149
13151
13153
13156
13149
13146
13138
13140
13141
13137
13139
13138
13130
13128
13137
13132
13129
13133
13129
13136
13141
13136
13133
13132
13135
13130
13131
13132
13125
13124
13126
13129
13134
13123
13127
13126
13126
13128
13125
13126
13121
13126
13123
13123
13118
13122
13126
13131
13134
13136
13135
13141
13137
13129
13131
13135
13130
13139
13135
13131
13135
13141
13135
13131
13135
13138
13137
13136
13129
13128
13125
13121
13130
13123
13126
13129
13138
13137
13134
13139
13137
13130
13135
13138
13125
13131
13142
13136
13141
13145
13148
13154
13155
13142
13149
13141
13134
13138
13134
13135
13141
13144
13150
13139
13143
13138
13154
13141
13134
13132
13129
13135
13139
13131
13128
13138
13141
13144
13142
13142
13145
13142
13149
13147
13140
13139
13137
13138
13137
13131
13129
13135
13132
13127
13136
13132
13122
13134
13137
13133
13142
13135
13133
13130
13128
13128
13134
13138
13141
13138
13134
13132
13135
13131
13129
13131
13128
13130
13131
13129
13132
13137
13131
13137
13132
13140
13139
13137
13142
13138
13139
13149
13147
13138
13135
13131
13128
13138
13140
13140
13137
13137
13138
13134
13134
13135
13128
13140
13132
13134
13130
13132
13147
13131
13130
13131
13133
13143
13146
13141
13142
13143
13139
13137
13139
13137
13137
13135
13132
13130
13131
13132
13138
13137
13139
13135
13125
13129
13128
13130
13125
13125
13122
13128
13127
13126
13131
13137
13131
13130
13132
13131
13131
13127
13123
13123
13115
13124
13125
13128
13134
13136
13131
13131
13122
13127
13133
13134
13133
13136
13138
13142
13143
13138
13139
13134
13126
13137
13129
13130
13134
13136
13133
13140
13140
13139
13135
13138
13138
13139
13134
13129
13133
13130
