13134
13130
13134
13133
13131
13125
13125
13131
13131
13132
13134
13135
13137
13133
13130
13133
13129
13131
13126
13123
13123
13123
13120
13122
13123
13132
13136
13136
13140
13131
13128
13137
13135
13130
13139
13134
13139
13140
13134
13129
13130
13119
13123
13132
13132
13129
13129
13136
13135
13136
13134
13131
13139
13133
13132
13131
13134
13131
13130
13138
13145
13148
13142
13147
13141
13143
13142
13133
13131
13132
13139
13138
13133
13128
13133
13125
13125
13131
13130
13138
13137
13139
13142
13137
13136
13133
13125
13144
13145
13143
13147
13153
13156
13149
13145
13141
13132
13133
13137
13139
13135
13130
13129
13132
13126
13120
13123
13116
13118
13119
13118
13124
13116
13115
13122
13124
13121
13134
13131
13133
13133
13134
13133
13137
13141
13141
13138
13141
13143
13141
13138
13139
13143
13137
13136
13140
13143
13138
13131
13136
13133
13133
13127
13130
13132
13132
13130
13135
13129
13127
13129
13134
13130
13134
13136
13130
13134
13132
13128
13131
13134
13133
13135
13138
13143
13133
13135
13135
13140
13134
13125
13122
13122
13120
13124
13125
13132
13134
13141
13138
13139
13136
13141
13138
13127
13133
13135
13129
13132
13132
13130
13131
13122
13120
13132
13130
13134
13144
13149
13141
13147
13150
13151
13152
13146
13141
13145
13142
13142
13139
13141
13147
13155
13149
13148
13144
13140
13138
13143
13139
13141
13135
13130
13132
13119
13122
13126
13129
13137
13133
13134
13138
13138
13133
13136
13134
13130
13132
13131
13132
13135
13132
13133
13135
13137
13135
13134
13136
13144
13140
13139
13136
13128
13123
13127
13125
13126
13133
13127
13127
13130
13130
13129
13130
13121
13128
13133
13124
13128
13120
13124
13126
13125
13118
13123
13115
13112
13128
13122
13120
13125
13135
13133
13140
13138
13139
13141
13146
13149
13140
13128
13131
13138
13134
13126
13132
13134
13136
13132
13133
13132
13133
13137
13135
13124
13121
13124
13126
13132
13133
13130
13138
13136
13132
13135
13127
13131
13126
13123
13131
13129
13132
13128
13129
13134
13134
13137
13131
13134
13133
13134
13131
13134
13135
13139
13140
13138
13136
13129
13135
13125
13134
13130
13135
13131
13132
13135
13127
13137
13146
13145
13148
13142
13135
13145
13146
13146
13149
13144
13150
13146
13135
13126
13124
13125
13125
13125
13130
13132
13131
13126
13124
13134
13131
13129
13129
13127
13131
13132
13140
13141
13145
13138
13134
13133
13141
13136
13137
13138
13143
13135
13139
13138
13134
13138
13142
13134
13138
13130
13135
13134
13137
13141
13140
13146
13146
13149
13147
13147
13141
13145
13144
13152
13145
13140
13141
13142
13140
13133
13130
13133
13131
13136
13132
13129
13138
13136
13129
13131
13130
13130
13135
13135
13128
13145
13139
13138
13140
13131
13132
13125
13124
13127
13132
13135
13131
13130
13133
13134
13137
13133
13134
13133
13130
13132
13135
13133
13132
13125
13129
13132
13123
13129
13133
13128
13133
13129
13119
13119
13121
13125
13135
13132
13134
13140
13138
13136
13135
13141
13133
13133
13132
13132
13128
13126
13126
13125
13115
13113
13123
13121
13120
13119
13113
13115
13123
13122
13133
13130
13126
13136
13138
13145
13154
13150
13153
13154
13060
12436
11733
11207
10854
10684
10600
10616
10651
10738
10779
10853
10934
11050
11141
11265
11360
11479
11563
11664
11752
11852
11929
12013
12074
12155
12205
12270
12315
12371
12420
12468
12507
12545
12571
12608
12647
12679
12713
12747
12766
12791
12813
12833
12851
12865
12875
12900
12912
12922
12935
12949
12967
12982
12991
12996
13000
13006
13004
13013
13021
13026
13031
13038
13047
13059
13056
13060
13068
13074
13080
13083
13083
13087
13089
13099
13106
13109
13107
13114
13110
13113
13107
13101
13101
13100
13100
13109
13104
13100
13111
13110
13110
13115
13114
13114
13114
13116
13118
13125
13127
13126
13132
13140
13127
13128
13115
13115
13119
13122
13120
13124
13126
13132
13130
13133
13132
13123
13127
13134
13132
13133
13134
13130
13135
13132
13129
13126
13132
13135
13138
13138
13135
13138
13132
13143
13138
13140
13137
13135
13135
13135
13137
13134
13134
13140
13135
13142
13146
13144
13146
13141
13138
13144
13140
13139
13136
13134
13135
13130
13131
13130
13128
13124
13132
13122
13115
13126
13125
13123
13124
13126
13126
13125
13119
13128
13125
13127
13132
13132
13136
13135
13132
13124
13121
13128
13124
13126
13126
13131
13133
13139
13136
13137
13136
13132
13137
13127
13128
13127
13123
13129
13133
13130
13135
13136
13141
13150
13139
13135
13141
13131
13122
13118
13119
13118
13121
13125
13130
13137
13137
13142
13136
13134
13129
13135
13127
13123
13124
13128
13132
13131
13136
13132
13131
13126
13130
13132
13131
13132
13137
13140
13154
13153
13160
13159
13154
13156
13142
13141
13145
13142
13146
13148
13147
13148
13149
13151
13141
13146
13142
13136
13141
13136
13134
13135
13131
13128
13126
13126
13130
13133
13132
13141
13138
13137
13142
13143
13141
13136
13127
13122
13117
13116
13128
13127
13124
13129
13121
13113
13117
13121
13127
13128
13129
13128
13128
13126
13125
13134
13127
13130
13124
13126
13128
13140
13128
13133
13135
13132
13127
13122
13123
13124
13131
13130
13136
13130
13132
13137
13133
13128
13133
13132
13134
13128
13124
13137
13123
13118
13133
13129
13132
13134
13129
13128
13129
13130
13121
13117
13120
13117
13117
13118
13126
13134
13134
13139
13140
13137
13131
13130
13128
13133
13137
13140
13149
13140
13145
13146
13138
13141
13132
13129
13136
13139
13137
13137
13132
13134
13139
13146
13149
13151
13143
13144
13144
13139
13140
13141
13141
13140
13136
13127
13131
13140
13133
13133
13135
13133
13122
13118
13118
13128
13133
13139
13138
13131
13139
13142
13133
13135
13136
13137
13131
13126
13128
13134
13130
13127
13137
13137
13134
13132
13136
13136
13126
13127
13121
13124
13128
13133
13134
13134
13125
13134
13126
13126
13132
13134
13137
13140
13136
13134
13132
13132
13133
13133
13137
13129
13126
13127
13123
13120
13137
13126
13122
13124
13117
13115
13119
13118
13126
13125
13128
13131
13129
13125
13116
13118
13122
13119
13121
13125
13131
13145
13141
13137
13135
13136
13139
13142
13140
13138
13140
13143
13155
13152
13151
13147
13144
13147
13135
13136
13131
13131
13129
13135
13134
13134
13136
13135
13131
13133
13132
13131
13126
13135
13139
13142
13139
13142
13140
13141
13139
13141
13130
13133
13132
13134
13135
13145
13142
13149
13151
13148
13147
13141
13136
13139
13142
13147
13145
