13148
13150
13154
13155
13153
13153
13151
13148
13142
13149
13137
13143
13146
13145
13152
13153
13148
13139
13134
13131
13133
13130
13130
13142
13148
13145
13140
13138
13133
13133
13130
13132
13135
13137
13143
13139
13146
13141
13141
13149
13147
13149
13151
13143
13143
13139
13136
13144
13136
13133
13126
13127
13132
13126
13118
13127
13125
13130
13128
13122
13129
13126
13120
13131
13125
13122
13119
13127
13123
13126
13129
13134
13134
13139
13142
13149
13155
13153
13145
13150
13146
13140
13145
13137
13130
13138
13132
13136
13138
13137
13140
13138
13142
13129
13133
13139
13138
13135
13139
13133
13132
13126
13119
13125
13129
13129
13133
13128
13130
13137
13137
13145
13135
13136
13136
13132
13133
13140
13136
13143
13137
13134
13135
13127
13130
13134
13129
13137
13139
13142
13140
13138
13145
13136
13138
13142
13150
13149
13143
13144
13143
13140
13145
13144
13141
13137
13133
13126
13137
13131
13140
13135
13137
13138
13140
13135
13140
13139
13142
13146
13143
13138
13149
13137
13143
13145
13134
13132
13126
13131
13129
13131
13130
13122
13127
13136
13136
13131
13128
13123
13132
13126
13127
13134
13128
13135
13136
13132
13130
13130
13128
13135
13135
13136
13137
13133
13137
13138
13137
13132
13125
13120
13126
13122
13124
13124
13125
13129
13139
13128
13128
13130
13131
13135
13132
13134
13131
13134
13136
13136
13137
13139
13140
13138
13131
13129
13129
13121
13123
13122
13129
13131
13127
13135
13134
13127
13129
13132
13122
13123
13123
13122
13137
13129
13125
13125
13122
13124
13126
13126
13128
13127
13130
13130
13134
13137
13134
13130
13130
13122
13128
13127
13129
13136
13136
13135
13133
13131
13132
13132
13132
13139
13136
13140
13148
13149
13148
13146
13138
13140
13142
13138
13140
13135
13138
13143
13145
13140
13134
13134
13128
13132
13129
13122
13129
13128
13126
13132
13136
13134
13143
13141
13146
13150
13142
13139
13142
13139
13136
13136
13130
13135
13135
13136
13134
13129
13129
13133
13135
13135
13132
13125
13129
13124
13129
13125
13118
13126
13131
13138
13142
13143
13137
13133
13130
13138
13129
13128
13131
13131
13135
13122
13126
13124
13125
13128
13126
13129
13129
13129
13126
13127
13121
13127
13124
13122
13128
13134
13133
13136
13126
13119
13123
13115
13122
13121
13113
13118
13126
13127
13130
13133
13136
13142
13143
13147
13142
13135
13142
13137
13145
13137
13135
13138
13133
13146
13142
13140
13140
13137
13134
13135
13130
13132
13129
13129
13140
13139
13143
13153
13151
13140
13150
13143
13135
13133
13130
13126
13124
13131
13126
13125
13134
13132
13135
13136
13136
13138
13139
13136
13137
13133
13136
13140
13149
13140
13137
13139
13136
13132
13131
13131
13121
13121
13125
13121
13121
13126
13133
13134
13132
13128
13146
13136
13139
13134
13129
13136
13133
13135
13135
13128
13135
13126
13122
13122
13118
13121
13116
13112
13116
13120
13127
13133
13132
13135
13141
13133
13132
13130
13131
13129
13127
13133
13135
13126
13123
13123
13129
13138
13132
13137
13142
13134
13132
13132
13117
13123
13126
13134
13130
13132
13134
13133
13136
13141
13135
13138
13140
13143
13147
13148
13128
12692
11537
10600
9962
9574
9411
9356
9422
9510
9650
9793
9979
10138
10326
10478
10651
10788
10937
11036
11103
11162
11204
11169
11123
11118
11163
11218
11297
11367
11470
11547
11637
11709
11800
11871
11962
12027
12114
12170
12205
12180
12184
12196
12222
12260
12300
12341
12388
12435
12472
12520
12565
12600
12635
12667
12697
12723
12751
12764
12785
12796
12813
12834
12843
12860
12875
12895
12910
12931
12946
12956
12966
12979
12991
12993
13000
13001
13019
13014
13023
13029
13029
13035
13048
13056
13062
13067
13062
13071
13071
13079
13085
13085
13089
13092
13090
13109
13104
13105
13119
13115
13110
13114
13111
13115
13119
13113
13116
13115
13116
13116
13118
13118
13114
13122
13117
13122
13127
13124
13121
13135
13130
13128
13131
13128
13127
13125
13126
13136
13129
13138
13139
13132
13144
13138
13131
13135
13132
13128
13128
13126
13121
13132
13125
13131
13132
13130
13125
13133
13130
13132
13136
13140
13137
13134
13136
13137
13140
13130
13124
13119
13116
13125
13122
13125
13126
13129
13124
13130
13125
13134
13134
13134
13142
13138
13139
13144
13145
13151
13156
13154
13155
13155
13150
13147
13142
13142
13143
13138
13134
13126
13121
13123
13119
13117
13120
13123
13131
13122
13127
13133
13132
13132
13133
13132
13134
13131
13128
13131
13121
13122
13125
13131
13136
13133
13127
13134
13129
13128
13137
13132
13123
13121
13115
13119
13119
13128
13130
13136
13136
13138
13139
13139
13133
13136
13130
13123
13134
13126
13132
13137
13136
13134
13132
13135
13139
13135
13128
13127
13124
13134
13136
13128
13129
13126
13120
13131
13130
13126
13131
13126
13130
13141
13139
13146
13140
13144
13147
13141
13145
13139
13145
13154
13148
13146
13144
13144
13152
13148
13150
13141
13145
13140
13138
13142
13147
13145
13143
13148
13143
13144
13148
13146
13145
13138
13131
13132
13127
13115
13124
13112
13111
13112
13105
13108
13112
13117
13118
13115
13126
13121
13126
13128
13122
13129
13129
13131
13133
13127
13130
13133
13133
13139
13129
13128
13138
13148
13144
13146
13133
13142
13146
13144
13142
13143
13142
13148
13150
13143
13142
13135
13135
13138
13145
13142
13144
13146
13142
13143
13136
13138
13136
13133
13121
13122
13126
13122
13129
13126
13119
13126
13120
13131
13129
13131
13146
13153
13153
13155
13141
13137
13137
13135
13128
13121
13125
13135
13137
13131
13139
13127
13134
13139
13135
13132
13142
13139
13131
13130
13128
13127
13123
13127
13126
13123
13123
13127
13140
13139
13136
13141
13145
13133
13134
13132
13133
13133
13132
13137
13126
13137
13145
13141
13142
13135
13128
13133
13131
13121
13128
13115
13116
13119
13115
13118
13127
13126
13128
13130
13138
13129
13131
13130
13138
13141
13138
13139
13144
13129
13126
13121
13115
13119
13117
13123
13135
13127
13128
13135
13137
13138
13140
13138
13140
13139
13136
13140
13136
13135
13142
13137
13135
13138
13132
13137
13135
13138
13140
13137
13134
13130
13139
13142
13145
13148
13152
13149
13156
13149
13150
13147
13151
13147
13142
13140
13142
13136
13133
13133
13124
13120
13124
13121
13128
13127
13128
13137
13140
13143
13150
13148
13146
13147
13138
13129
13137
13131
13127
13126
13118
13117
13123
13124
13132
13136
13133
13129
13134
13129
13137
13136
13140
13142
13141
13140
13136
13131
