13136
13141
13137
13141
13142
13130
13134
13141
13140
13139
13143
13149
13155
13144
13140
13140
13139
13139
13133
13141
13140
13139
13143
13148
13136
13148
13144
13141
13141
13141
13142
13147
13140
13134
13141
13127
13130
13131
13122
13126
13125
13130
13133
13135
13129
13132
13140
13139
13133
13135
13136
13139
13146
13140
13129
13147
13144
13143
13138
13142
13134
13132
13134
13137
13135
13132
13130
13132
13129
13133
13136
13141
13136
13131
13128
13125
13125
13128
13126
13128
13129
13133
13130
13127
13123
13125
13127
13128
13122
13127
13119
13123
13131
13125
13129
13128
13130
13126
13128
13129
13133
13136
13141
13138
13143
13138
13141
13134
13140
13135
13133
13135
13134
13130
13140
13138
13135
13145
13135
13139
13138
13138
13141
13144
13142
13141
13142
13137
13138
13135
13130
13133
13136
13126
13137
13137
13138
13129
13121
13124
13123
13124
13123
13130
13119
13125
13130
13133
13134
13134
13136
13147
13146
13143
13143
13141
13136
13145
13140
13135
13139
13139
13138
13138
13135
13126
13131
13137
13131
13139
13129
13133
13135
13129
13132
13138
13142
13140
13133
13133
13133
13132
13134
13140
13140
13145
13145
13141
13144
13138
13131
13133
13131
13125
13127
13131
13125
13125
13130
13129
13133
13131
13130
13125
13128
13124
13124
13135
13138
13138
13139
13127
13135
13125
13127
13136
13138
13142
13131
13136
13134
13132
13135
13136
13130
13133
13138
13140
13136
13144
13131
13141
13142
13140
13143
13135
13135
13139
13135
13134
13127
13125
13130
13131
13134
13135
13138
13138
13142
13139
13141
13135
13133
13131
13124
13131
13130
13135
13127
13137
13136
13135
13130
13132
13124
13130
13121
13132
13127
13124
13126
13129
13125
13119
13126
13120
13114
13120
13117
13126
13124
13123
13124
13131
13130
13127
13136
13133
13134
13131
13127
13128
13132
13132
13131
13133
13133
13126
13132
13131
13126
13127
13128
13130
13119
13124
13123
13127
13130
13122
13126
13128
13121
13118
13124
13124
13127
13137
13136
13136
13135
13141
13146
13148
13148
13141
13145
13145
13143
13141
13138
13134
13139
13133
13133
13139
13139
13141
13139
13140
13127
13130
13126
13131
13131
13132
13137
13138
13135
13132
13128
13131
13122
13125
13132
13127
13125
13130
13126
13130
13127
13133
13134
13135
13134
13130
13135
13134
13132
13129
13128
13129
13143
13142
13136
13137
13139
13144
13140
13141
13135
13135
13141
13144
13139
13151
13149
13147
13149
13138
13130
13138
13131
13132
13137
13134
13132
13132
13129
13129
13132
13133
13135
13136
13129
13131
13125
13123
13127
13132
13122
13126
13139
13138
13138
13147
13150
13150
13149
13147
13144
13146
13140
13150
13148
13145
13146
13142
13147
13136
13138
13138
13129
13131
13134
13126
13123
13128
13121
13124
13132
13132
13133
13127
13126
13121
13121
13126
13136
13135
13133
13134
13149
13139
13133
13135
13137
13142
13145
13137
13135
13138
13140
13148
13141
13145
13148
13147
13149
13142
13142
13140
13139
13139
13141
13136
13133
13132
13125
13129
13134
13130
13128
13131
13137
13137
13135
13133
13135
13127
13129
13128
13137
13123
13124
13132
13136
13143
13143
13143
13126
12784
12101
11468
11009
10746
10478
10203
10080
10028
10078
10145
10266
10385
10541
10668
10820
10947
11082
11198
11330
11432
11545
11635
11743
11827
11925
11997
12077
12137
12203
12257
12319
12355
12408
12450
12498
12530
12564
12597
12635
12662
12695
12719
12742
12762
12787
12800
12826
12844
12859
12881
12895
12915
12945
12950
12966
12976
12982
12995
13005
13017
13023
13030
13038
13041
13042
13046
13047
13050
13068
13070
13078
13070
13070
13085
13083
13090
13087
13092
13095
13101
13107
13110
13106
13106
13105
13107
13108
13107
13101
13116
13115
13114
13116
13113
13112
13120
13125
13123
13127
13116
13120
13125
13126
13115
13131
13132
13130
13134
13130
13118
13129
13127
13130
13127
13126
13124
13124
13132
13128
13130
13127
13130
13126
13132
13135
13130
13134
13134
13134
13141
13134
13131
13134
13135
13139
13143
13135
13138
13140
13136
13136
13138
13135
13137
13127
13132
13131
13131
13134
13127
13130
13122
13125
13134
13126
13131
13130
13132
13134
13138
13135
13145
13142
13142
13136
13136
13144
13145
13149
13148
13143
13139
13142
13139
13130
13133
13123
13121
13122
13117
13115
13126
13130
13136
13148
13149
13147
13142
13138
13138
13146
13131
13131
13131
13124
13129
13125
13123
13122
13126
13128
13129
13127
13124
13133
13136
13145
13139
13137
13144
13135
13137
13137
13126
13130
13139
13132
13141
13140
13146
13147
13147
13146
13143
13136
13134
13133
13137
13133
13142
13145
13145
13151
13153
13151
13151
13154
13151
13149
13152
13144
13147
13142
13139
13134
13133
13138
13137
13144
13148
13134
13126
13140
13132
13134
13141
13137
13135
13134
13135
13138
13136
13135
13133
13133
13134
13136
13132
13142
13143
13150
13144
13146
13143
13132
13136
13129
13131
13139
13140
13141
13147
13141
13139
13139
13129
13128
13122
13126
13126
13130
13133
13139
13138
13140
13148
13136
13138
13139
13134
13139
13133
13129
13122
13125
13134
13129
13132
13133
13133
13143
13141
13146
13148
13145
13147
13147
13149
13151
13146
13062
12952
12892
12855
12836
12835
12840
12849
12859
12869
12885
12893
12907
12919
12936
12951
12959
12969
12982
12989
13003
13007
13014
13018
13022
13036
13041
13041
13047
13054
13072
13071
13077
13081
13076
13086
13084
13089
13091
13089
13086
13099
13100
13108
13114
13113
13116
13117
13121
13123
13104
13105
13103
13100
13102
13109
13109
13115
13114
13115
13115
13126
13130
13132
13137
13139
13137
13143
13137
13134
13137
13132
13131
13132
13133
13136
13138
13138
13137
13135
13133
13135
13132
13129
13131
13131
13125
13129
13126
13130
13124
13119
13126
13121
13125
13127
13126
13127
13127
13125
13121
13120
13120
13118
13122
13124
13124
13128
13127
13135
13142
13134
13126
13129
13133
13130
13136
13132
13131
13134
13139
13144
13136
13139
13140
13143
13143
13144
13140
13142
13137
13134
13145
13138
13127
13131
13122
13135
13137
13136
13137
13141
13134
13132
13137
13139
13138
13134
13136
13137
13148
13142
13140
13140
13138
13142
13145
13129
13132
13132
13131
13133
13123
13122
13124
13128
13126
13135
13135
13144
13145
13145
13149
13145
13139
13138
13134
13128
13122
13122
13123
13130
13126
13126
13130
13139
13138
13139
13140
13140
13148
13139
13142
13142
13143
13139
13134
13138
13138
13134
13136
13137
13130
13141
13139
13136
13135
13144
