13141
13146
13143
13139
13143
13137
13131
13136
13137
13137
13149
13140
13143
13143
13149
13145
13142
13142
13144
13142
13138
13127
13130
13129
13132
13124
13124
13117
13134
13124
13121
13133
13128
13137
13150
13150
13149
13138
13132
13131
13122
13120
13119
13121
13126
13123
13122
13125
13123
13124
13129
13122
13117
13127
13122
13128
13132
13127
13123
13126
13126
13116
13125
13131
13131
13133
13130
13121
13129
13119
13125
13126
13126
13132
13128
13135
13139
13137
13131
13133
13133
13128
13134
13133
13139
13138
13135
13140
13131
13129
13133
13132
13128
13133
13127
13126
13130
13126
13134
13133
13137
13137
13144
13149
13153
13149
13138
13138
13142
13138
13144
13144
13144
13139
13143
13145
13148
13142
13144
13150
13150
13142
13137
13132
13140
13137
13141
13140
13141
13146
13151
13147
13154
13161
13157
13148
13146
13140
13146
13140
13137
13132
13135
13139
13134
13134
13128
13115
13127
13128
13122
13122
13121
13120
13119
13117
13119
13114
13121
13119
13118
13126
13133
13133
13138
13138
13138
13140
13134
13128
13137
13128
13133
13134
13132
13132
13134
13139
13134
13138
13139
13138
13136
13131
13134
13132
13127
13125
13135
13128
13130
13131
13130
13136
13134
13138
13142
13144
13140
13143
13138
13140
13150
13147
13149
13147
13147
13140
13139
13137
13135
13137
13134
13137
13133
13133
13128
13132
13135
13138
13141
13141
13142
13138
13137
13138
13137
13140
13144
13141
13128
13127
13136
13133
13142
13136
13136
13137
13136
13143
13137
13139
13137
13137
13133
13127
13124
13132
13124
13118
13129
13122
13118
13127
13117
13122
13123
13123
13134
13134
13137
13135
13134
13137
13139
13133
13130
13130
13136
13126
13122
13132
13132
13130
13126
13128
13125
13127
13130
13137
13132
13135
13139
13142
13147
13151
13148
13155
13157
13155
13154
13150
13145
13148
13147
13143
13148
13142
13139
13139
13135
13130
13130
13126
13134
13136
13141
13139
13148
13145
13145
13143
13137
13138
13132
13139
13138
13136
13136
13136
13133
13133
13140
13132
13139
13142
13146
13152
13146
13144
13145
13142
13136
13138
13132
13129
13133
13125
13116
13118
13113
13115
13120
13122
13128
13126
13135
13137
13142
13134
13132
13135
13136
13130
13124
13128
13129
13135
13139
13135
13129
13134
13128
13126
13127
13134
13136
13136
13130
13129
13141
13139
13140
13149
13143
13140
13140
13137
13141
13137
13132
13127
13128
13125
13117
13124
13133
13131
13139
13132
13133
13137
13137
13137
13132
13130
13129
13124
13121
13126
13124
13126
13133
13121
13128
13124
13130
13126
13131
13127
13136
13126
13128
13137
13131
13129
13132
13134
13124
13129
13132
13128
13139
13147
13144
13145
13144
13142
13142
13136
13134
13137
13134
13137
13138
13140
13136
13137
13134
13138
13131
13134
13136
13129
13128
13131
13136
13136
13134
13135
13142
13144
13135
13134
13137
13139
13147
13145
13141
13144
13137
13133
13133
13128
13117
13119
13121
13115
13128
13120
13125
13128
13132
13134
13136
13139
13146
13148
13146
13149
13142
13146
13148
13139
13144
13141
13138
13141
13139
13133
13138
13129
13123
13135
13135
13130
13130
13131
13135
13136
13141
13137
12992
12466
11903
11422
11141
10978
10930
10915
10977
11041
11137
11232
11341
11434
11541
11620
11714
11802
11893
11966
12045
12112
12183
12248
12316
12368
12421
12465
12508
12537
12574
12609
12647
12670
12695
12712
12739
12752
12779
12798
12827
12852
12866
12883
12902
12921
12937
12938
12956
12971
12982
12990
13007
13020
13026
13031
13031
13034
13037
13047
13053
13051
13058
13058
13063
13075
13075
13080
13090
13089
13084
13094
13093
13096
13099
13093
13090
13094
13102
13101
13102
13099
13101
13109
13110
13111
13119
13111
13113
13118
13116
13117
13114
13118
13125
13132
13135
13134
13135
13148
13149
13147
13144
13139
13134
13136
13134
13124
13130
13132
13125
13126
13126
13119
13118
13122
13126
13126
13133
13130
13136
13135
13135
13137
13134
13129
13138
13132
13134
13138
13135
13138
13139
13146
13151
13145
13145
13148
13146
13143
13137
13135
13135
13134
13135
13136
13132
13127
13144
13133
13141
13139
13146
13150
13146
13147
13145
13142
13134
13130
13129
13128
13121
13128
13126
13127
13131
13131
13126
13128
13127
13124
13120
13115
13118
13122
13124
13131
13121
13130
13141
13142
13148
13148
13148
13149
13135
13135
13138
13124
13123
13121
13123
13124
13122
13124
13119
13117
13121
13122
13127
13132
13134
13139
13145
13138
13151
13149
13157
13159
13150
13148
13148
13147
13147
13137
13131
13126
13120
13126
13124
13121
13120
13120
13125
13130
13126
13128
13133
13126
13131
13142
13134
13132
13125
13127
13122
13118
13118
13116
13118
13120
13124
13123
13120
13124
13134
13128
13130
13130
13127
13128
13126
13125
13128
13123
13126
13129
13126
13124
13125
13125
13127
13127
13126
13124
13122
13119
13133
13127
13138
13144
13141
13142
13145
13140
13144
13146
13143
13134
13134
13140
13142
13144
13136
13132
13137
13129
13125
13120
13116
13122
13128
13133
13135
13132
13138
13145
13142
13142
13145
13139
13143
13145
13140
13140
13134
13131
13137
13129
13128
13130
13135
13132
13143
13140
13137
13135
13138
13136
13143
13138
13136
13133
13134
13141
13158
13149
13141
13140
13141
13141
13133
13129
13120
13118
13121
13127
13120
13125
13132
13139
13144
13140
13136
13139
13137
13138
13146
13134
13134
13146
13142
13138
13142
13136
13132
13127
13128
13132
13133
13135
13129
13132
13141
13137
13141
13140
13144
13146
13145
13141
13143
13134
13134
13142
13143
13137
13130
13121
13131
13128
13130
13136
13128
13135
13133
13131
13140
13134
13134
13138
13136
13133
13141
13139
13143
13138
13138
13138
13135
13132
13137
13140
13138
13135
13136
13138
13135
13141
13141
13146
13143
13140
13135
13131
13125
13128
13124
13121
13130
13131
13134
13134
13127
13136
13130
13128
13141
13130
13139
13142
13130
13136
13141
13147
13149
13145
13142
13133
13137
13133
13135
13130
13128
13130
13137
13122
13123
13123
13126
13125
13127
13130
13133
13129
13134
13138
13138
13139
13133
13133
13138
13133
13133
13129
13132
13129
13132
13128
13132
13143
13134
13135
13140
13140
13143
13136
13137
13139
13145
13149
13144
13142
13137
13143
13154
13138
13132
13131
13130
13132
13125
13125
13128
13129
13126
13135
13125
13127
13132
13131
13129
13132
13135
13143
13138
13129
13129
13126
13128
13133
13132
13140
13145
13151
13147
13142
13145
13138
13145
13151
13144
13138
13132
13135
13145
13135
