13126
13124
13128
13127
13128
13124
13125
13133
13129
13141
13137
13134
13134
13138
13130
13133
13127
13123
13131
13135
13127
13135
13134
13136
13131
13135
13140
13131
13135
13128
13129
13138
13135
13139
13139
13137
13144
13138
13133
13135
13137
13135
13133
13136
13132
13137
13142
13140
13134
13131
13130
13127
13130
13135
13142
13143
13140
13135
13146
13140
13138
13133
13131
13131
13135
13129
13124
13123
13131
13128
13135
13136
13143
13140
13144
13141
13140
13137
13135
13134
13131
13130
13130
13140
13139
13137
13141
13140
13136
13135
13137
13125
13129
13122
13127
13129
13130
13133
13134
13123
13119
13126
13131
13136
13134
13137
13135
13134
13142
13137
13140
13146
13141
13135
13132
13129
13134
13136
13140
13135
13131
13133
13126
13130
13125
13117
13124
13126
13122
13133
13138
13139
13143
13141
13131
13136
13134
13127
13137
13133
13130
13133
13136
13139
13141
13139
13138
13137
13141
13134
13129
13127
13130
13131
13134
13132
13134
13125
13127
13134
13133
13129
13131
13137
13142
13137
13132
13136
13129
13130
13131
13125
13134
13134
13132
13136
13129
13126
13131
13129
13124
13123
13123
13127
13132
13139
13141
13140
13143
13137
13142
13139
13134
13140
13138
13135
13137
13134
13130
13125
13121
13121
13118
13122
13125
13124
13126
13121
13111
13122
13121
13127
13133
13130
13136
13140
13146
13135
13135
13133
13139
13133
13133
13131
13129
13126
13128
13137
13140
13133
13135
13141
13130
13131
13127
13128
13134
13129
13134
13138
13130
13135
13134
13128
13123
13130
13138
13139
13127
13133
13131
13131
13134
13134
13133
13136
13137
13139
13149
13144
13138
13143
13140
13141
13148
13146
13146
13148
13148
13139
13138
13138
13139
13142
13145
13142
13154
13150
13145
13150
13147
13148
13140
13136
13142
13139
13142
13142
13137
13137
13144
13139
13140
13138
13135
13141
13134
13130
13137
13133
13124
13129
13129
13135
13135
13131
13135
13142
13141
13141
13139
13140
13142
13146
13144
13137
13136
13138
13134
13138
13139
13139
13136
13138
13142
13134
13126
13130
13128
13136
13145
13138
13138
13134
13139
13141
13132
13125
13132
13129
13137
13137
13132
13126
13129
13134
13133
13133
13135
13134
13128
13127
13126
13133
13134
13131
13132
13127
13133
13129
13129
13136
13140
13141
13143
13147
13140
13145
13141
13139
13135
13133
13127
13125
13125
13125
13123
13126
13131
13129
13126
13126
13130
13133
13138
13139
13145
13151
13151
13142
13143
13140
13137
13131
13135
13127
13133
13136
13134
13135
13135
13133
13138
13139
13143
13142
13144
13148
13143
13137
13140
13131
13125
13129
13130
13135
13132
13129
13134
13137
13132
13136
13133
13135
13137
13142
13139
13142
13145
13141
13140
13140
13145
13146
13136
13138
13144
13134
13127
13130
13137
13140
13138
13140
13142
13143
13147
13150
13136
13137
13131
13130
13131
13135
13133
13137
13140
13132
13138
13134
13132
13129
13131
13138
13142
13140
13141
13140
13138
13131
13125
13134
13131
13132
13133
13136
13130
13120
13125
13133
13135
13142
13142
13141
13151
13155
13145
13149
13144
13143
13139
13134
13135
13132
13130
13138
13141
13142
13145
13143
13148
12967
12605
12173
11863
11683
11592
11559
11574
11596
11651
11715
11795
11859
11932
11999
12068
12123
12193
12247
12302
12349
12404
12443
12497
12543
12584
12623
12651
12681
12708
12721
12746
12768
12789
12816
12832
12850
12876
12893
12922
12942
12947
12954
12967
12972
12981
12987
12994
12995
13005
13017
13024
13038
13045
13058
13068
13061
13069
13079
13075
13076
13074
13083
13087
13087
13087
13090
13087
13098
13103
13100
13104
13101
13099
13105
13098
13103
13112
13108
13114
13123
13118
13118
13121
13128
13126
13121
13115
13118
13116
13122
13122
13127
13122
13126
13143
13143
13133
13135
13135
13135
13133
13131
13126
13134
13131
13140
13139
13139
13134
13132
13143
13142
13139
13146
13133
13127
13130
13127
13126
13131
13131
13135
13138
13138
13130
13124
13121
13117
13124
13130
13124
13134
13134
13131
13142
13139
13134
13138
13139
13138
13131
13128
13125
13123
13124
13138
13121
13131
13130
13129
13126
13133
13128
13135
13128
13127
13130
13121
13118
13120
13118
13125
13130
13134
13132
13139
13135
13133
13140
13145
13142
13138
13137
13133
13139
13136
13132
13142
13134
13139
13135
13129
13135
13138
13138
13136
13121
13122
13130
13132
13132
13137
13134
13142
13141
13134
13140
13135
13138
13138
13130
13123
13134
13136
13134
13135
13139
13130
13134
13140
13135
13139
13137
13138
13141
13141
13135
13139
13129
13129
13122
13122
13130
13135
13135
13139
13136
13141
13144
13140
13139
13142
13139
13144
13145
13137
13143
13132
13135
13140
13138
13133
13142
13136
13130
13133
13133
13130
13131
13134
13134
13138
13139
13134
13135
13133
13127
13128
13124
13129
13133
13136
13144
13141
13145
13144
13142
13145
13142
13137
13141
13139
13134
13141
13139
13131
13139
13139
13143
13151
13143
13138
13140
13136
13127
13126
13123
13126
13131
13134
13128
13125
13124
13123
13131
13122
13124
13129
13123
13128
13123
13134
13135
13136
13135
13136
13132
13137
13138
13133
13131
13128
13132
13127
13122
13118
13116
13114
13114
13122
13123
13126
13130
13135
13133
13131
13130
13126
13126
13127
13122
13119
13119
13126
13131
13132
13134
13145
13145
13143
13150
13139
13134
13138
13137
13141
13137
13139
13144
13146
13148
13142
13140
13145
13142
13136
13144
13134
13132
13136
13132
13132
13134
13133
13131
13131
13137
13135
13142
13139
13135
13132
13126
13122
13129
13121
13127
13125
13125
13125
13124
13125
13123
13127
13127
13135
13126
13131
13137
13138
13143
13146
13145
13144
13151
13138
13139
13138
13137
13139
13134
13132
13134
13129
13130
13132
13136
13141
13144
13143
13140
13135
13137
13127
13126
13122
13122
13128
13128
13127
13125
13132
13134
13134
13133
13135
13130
13132
13137
13128
13127
13130
13142
13143
13134
13126
13138
13129
13121
13125
13124
13125
13136
13134
13138
13132
13134
13132
13131
13132
13129
13121
13122
13123
13122
13120
13120
13123
13124
13120
13126
13132
13135
13135
13137
13136
13131
13130
13128
13119
13119
13116
13118
13131
13124
13121
13144
13136
13136
13152
13142
13140
13141
13136
13134
13131
13135
13134
13131
13134
13129
13124
13120
13117
13126
13118
13123
13126
13130
13134
13140
13142
13140
13134
13134
13140
13133
13133
13138
13134
13140
13138
13139
13147
13142
13137
13146
13142
13140
13145
13133
13137
13145
13149
13152
13150
13148
13139
