13136
13139
13143
13140
13150
13141
13133
13140
13141
13147
13145
13148
13145
13143
13141
13140
13133
13132
13134
13128
13123
13129
13132
13134
13135
13129
13133
13132
13131
13137
13132
13133
13133
13133
13130
13125
13131
13123
13116
13123
13121
13125
13130
13140
13139
13134
13130
13133
13126
13131
13122
13126
13129
13136
13141
13134
13130
13129
13125
13124
13120
13125
13128
13139
13127
13124
13124
13129
13125
13130
13127
13129
13132
13133
13137
13143
13143
13136
13132
13133
13135
13141
13138
13132
13136
13128
13131
13128
13124
13119
13122
13125
13123
13132
13133
13142
13139
13143
13142
13138
13142
13138
13140
13136
13130
13117
13135
13129
13126
13126
13120
13121
13125
13128
13123
13125
13129
13123
13123
13126
13122
13121
13122
13129
13134
13132
13135
13137
13143
13141
13133
13133
13130
13124
13128
13134
13119
13127
13125
13128
13130
13137
13127
13133
13136
13139
13151
13149
13142
13145
13139
13147
13144
13142
13137
13128
13132
13133
13131
13136
13141
13139
13142
13139
13154
13151
13144
13149
13150
13157
13144
13137
13139
13139
13130
13133
13130
13128
13137
13137
13138
13137
13133
13139
13133
13134
13134
13122
13125
13130
13125
13133
13134
13136
13135
13137
13135
13132
13132
13135
13138
13134
13138
13137
13144
13140
13137
13143
13137
13140
13141
13140
13142
13140
13137
13140
13134
13143
13140
13141
13140
13147
13142
13146
13140
13131
13138
13130
13134
13141
13138
13135
13142
13140
13136
13139
13142
13144
13140
13143
13141
13136
13135
13131
13134
13125
13125
13126
13135
13141
13136
13136
13132
13133
13127
13130
13126
13130
13133
13133
13140
13148
13147
13155
13140
13143
13147
13137
13133
13135
13131
13137
13134
13133
13136
13136
13138
13140
13138
13140
13133
13137
13133
13132
13136
13128
13133
13133
13132
13132
13135
13134
13140
13142
13133
13135
13132
13136
13139
13139
13142
13140
13130
13128
13115
13118
13124
13118
13126
13139
13134
13132
13138
13137
13133
13138
13142
13146
13144
13139
13137
13135
13134
13133
13142
13134
13134
13138
13138
13138
13130
13136
13136
13138
13135
13142
13135
13139
13140
13139
13134
13136
13123
13126
13122
13123
13139
13139
13127
13139
13138
13138
13142
13141
13143
13147
13147
13144
13143
13140
13134
13135
13133
13129
13135
13134
13128
13138
13139
13138
13128
13129
13125
13130
13133
13123
13123
13131
13134
13138
13141
13139
13133
13143
13141
13137
13139
13136
13134
13140
13134
13136
13141
13136
13133
13134
13136
13139
13142
13144
13150
13144
13135
13132
13136
13134
13123
13125
13113
13121
13122
13120
13118
13128
13126
13138
13129
13131
13134
13132
13134
13131
13126
13124
13125
13120
13124
13123
13123
13132
13132
13131
13131
13128
13128
13132
13136
13136
13141
13137
13138
13141
13140
13138
13142
13146
13147
13142
13140
13138
13133
13134
13135
13139
13136
13139
13131
13138
13143
13139
13141
13138
13126
13133
13135
13132
13133
13127
13138
13143
13135
13138
13132
13145
13151
13147
13149
13149
13146
13145
13150
13150
13142
13147
13149
13142
13137
13131
13127
13132
13131
13138
13137
13131
13124
13127
13123
13132
13136
13127
13134
13135
13136
12984
12330
11491
10777
10310
10086
9975
9981
10019
10132
10245
10400
10536
10688
10816
10911
10966
11071
11161
11275
11369
11487
11575
11678
11765
11857
11937
12015
12070
12138
12189
12257
12311
12358
12406
12455
12492
12536
12575
12611
12646
12677
12703
12740
12756
12785
12808
12821
12834
12859
12873
12896
12915
12932
12936
12953
12970
12974
12984
12987
12995
13009
13013
13012
13021
13026
13038
13036
13043
13053
13063
13072
12993
12878
12822
12794
12787
12774
12777
12786
12799
12811
12822
12852
12866
12887
12903
12902
12915
12933
12953
12957
12969
12975
12980
12999
13008
13009
13023
13031
13037
13055
13060
13062
13073
13063
13071
13069
13069
13072
13080
13085
13087
13088
13097
13097
13109
13104
13103
13107
13110
13108
13099
13111
13112
13110
13113
13109
13108
13112
13118
13126
13132
13132
13133
13133
13134
13138
13131
13125
13131
13140
13129
13129
13135
13130
13136
13128
13134
13128
13128
13124
13131
13130
13138
13142
13143
13147
13147
13140
13144
13142
13134
13134
13133
13131
13133
13124
13119
13120
13116
13120
13126
13140
13128
13130
13125
13129
13125
13122
13126
13133
13122
13128
13129
13127
13132
13129
13132
13126
13132
13127
13130
13132
13133
13138
13129
13133
13139
13134
13141
13132
13133
13139
13136
13140
13145
13144
13147
13149
13145
13143
13138
13145
13136
13139
13139
13136
13138
13135
13134
13138
13136
13136
13134
13136
13137
13134
13134
13140
13137
13148
13149
13144
13138
13149
13142
13146
13146
13134
13139
13137
13138
13148
13141
13142
13147
13139
13137
13142
13134
13132
13134
13134
13122
13125
13122
13122
13123
13131
13135
13145
13139
13138
13136
13134
13142
13135
13138
13140
13140
13147
13151
13143
13142
13148
13138
13139
13144
13137
13138
13137
13135
13140
13137
13137
13139
13137
13137
13133
13143
13129
13127
13129
13122
13116
13116
13120
13117
13125
13127
13134
13133
13134
13141
13142
13140
13134
13129
13126
13120
13122
13125
13115
13121
13124
13121
13126
13137
13132
13144
13141
13140
13149
13150
13146
13145
13141
13141
13142
13146
13148
13151
13150
13145
13135
13137
13136
13138
13136
13133
13144
13139
13137
13137
13134
13132
13133
13136
13138
13131
13145
13146
13134
13140
13141
13137
13143
13141
13136
13142
13135
13129
13138
13135
13132
13134
13136
13138
13139
13142
13146
13142
13141
13138
13132
13132
13138
13139
13137
13138
13135
13129
13125
13124
13124
13125
13125
13125
13133
13133
13133
13138
13138
13132
13131
13131
13137
13136
13140
13141
13131
13137
13148
13136
13147
13145
13141
13141
13137
13135
13132
13130
13132
13141
13143
13148
13142
13144
13148
13143
13142
13137
13139
13140
13136
13143
13137
13138
13141
13138
13135
13137
13132
13136
13133
13129
13132
13132
13127
13127
13128
13135
13135
13126
13123
13126
13127
13136
13138
13131
13138
13138
13143
13133
13139
13137
13138
13134
13130
13134
13136
13129
13128
13131
13135
13138
13136
13134
13130
13135
13134
13142
13141
13141
13144
13139
13140
13140
13142
13149
13143
13139
13156
13154
13154
13151
13146
13148
13150
13155
13150
13151
13147
13139
13145
13150
13142
13137
13137
13131
13132
13127
13126
13130
13129
13128
13131
13134
13135
13133
13138
13145
13133
13134
13142
13138
13145
13142
13140
13138
13138
13138
13142
13142
13142
13149
