13124
13122
13118
13124
13129
13134
13130
13136
13134
13136
13130
13121
13127
13134
13134
13130
13123
13119
13118
13122
13121
13133
13133
13138
13146
13147
13139
13138
13140
13132
13128
13128
13133
13138
13139
13138
13146
13135
13136
13138
13134
13130
13126
13134
13135
13143
13143
13148
13138
13133
13138
13138
13138
13138
13133
13139
13139
13140
13140
13137
13133
13144
13144
13139
13141
13146
13139
13138
13139
13142
13136
13138
13140
13138
13135
13138
13145
13139
13137
13139
13133
13137
13138
13140
13141
13140
13141
13146
13148
13149
13145
13143
13138
13140
13138
13137
13135
13129
13139
13134
13130
13132
13132
13134
13133
13130
13136
13135
13137
13139
13138
13140
13133
13131
13137
13132
13131
13126
13131
13134
13130
13137
13135
13133
13129
13125
13126
13130
13129
13128
13137
13135
13134
13134
13137
13148
13149
13150
13149
13140
13142
13142
13139
13140
13136
13127
13126
13123
13121
13122
13118
13122
13121
13120
13126
13130
13132
13127
13123
13126
13130
13120
13121
13128
13126
13128
13131
13127
13121
13123
13129
13136
13138
13138
13143
13145
13143
13149
13156
13145
13142
13140
13145
13146
13144
13146
13146
13138
13139
13140
13147
13143
13146
13144
13138
13137
13137
13138
13138
13143
13141
13138
13134
13136
13129
13124
13130
13132
13131
13138
13135
13133
13130
13131
13132
13142
13140
13133
13138
13140
13137
13135
13120
13127
13130
13134
13136
13130
13134
13128
13131
13137
13139
13133
13134
13140
13142
13134
13127
13132
13131
13138
13141
13140
13139
13141
13134
13133
13125
13129
13126
13132
13129
13128
13123
13124
13112
13113
13121
13116
13122
13127
13128
13132
13136
13135
13140
13130
13125
13125
13126
13136
13127
13125
13123
13127
13138
13125
13127
13132
13132
13130
13131
13128
13127
13135
13134
13135
13132
13132
13134
13125
13130
13122
13121
13123
13124
13126
13135
13131
13131
13128
13119
13127
13129
13143
13151
13150
13146
13150
13144
13147
13148
13143
13140
13139
13142
13137
13145
13146
13141
13139
13140
13133
13126
13126
13128
13134
13132
13137
13142
13126
13130
13132
13126
13122
13123
13125
13132
13139
13132
13135
13140
13141
13152
13145
13148
13148
13148
13139
13141
13136
13134
13138
13141
13142
13144
13132
13133
13132
13128
13125
13126
13129
13137
13145
13140
13140
13129
13132
13127
13127
13138
13146
13139
13141
13135
13130
13130
13127
13126
13133
13126
13130
13131
13132
13121
13127
13131
13134
13134
13137
13141
13138
13133
13132
13137
13128
13127
13131
13128
13137
13133
13134
13134
13134
13136
13136
13124
13131
13134
13125
13125
13122
13123
13129
13129
13122
13132
13130
13127
13134
13133
13139
13141
13146
13144
13140
13134
13133
13130
13124
13124
13123
13121
13123
13131
13127
13130
13133
13132
13138
13136
13137
13142
13138
13140
13138
13141
13148
13144
13143
13137
13138
13134
13146
13131
13132
13137
13126
13126
13132
13127
13127
13136
13132
13134
13130
13127
13123
13130
13136
13133
13137
13135
13135
13135
13135
13133
13133
13128
13134
13135
13132
13133
13132
13131
13140
13141
13151
13152
13155
13150
13154
13147
13145
13137
13133
13139
13136
13122
12806
12274
11848
11468
11166
11023
10946
10960
10998
11074
11106
11159
11224
11318
11403
11506
11584
11684
11764
11854
11927
12005
12068
12144
12195
12268
12316
12374
12418
12463
12507
12544
12574
12602
12639
12663
12597
12548
12516
12516
12525
12540
12560
12593
12615
12646
12671
12705
12721
12742
12769
12800
12823
12850
12867
12886
12891
12902
12914
12924
12935
12942
12957
12966
12979
12990
12996
13002
13019
13028
13036
13051
13055
13059
13070
13077
13071
13078
13074
13070
13068
13071
13071
13075
13084
13093
13096
13094
13093
13091
13090
13093
13104
13104
13105
13113
13108
13115
13118
13123
13116
13119
13124
13130
13129
13126
13130
13128
13123
13123
13118
13121
13122
13129
13134
13126
13120
13131
13122
13112
13124
13114
13117
13131
13135
13130
13133
13123
13122
13132
13131
13125
13128
13131
13133
13128
13125
13122
13129
13125
13125
13131
13132
13138
13142
13141
13141
13129
13134
13131
13138
13137
13139
13148
13147
13147
13144
13144
13138
13140
13141
13140
13137
13134
13137
13143
13138
13137
13123
13125
13133
13133
13136
13133
13135
13139
13133
13137
13139
13138
13138
13135
13136
13127
13124
13124
13128
13125
13130
13133
13128
13129
13132
13128
13132
13128
13124
13129
13124
13135
13139
13142
13136
13135
13136
13131
13123
13119
13117
13112
13113
13117
13114
13120
13118
13132
13127
13132
13129
13132
13138
13139
13133
13133
13134
13134
13133
13127
13129
13128
13128
13129
13132
13132
13131
13131
13135
13144
13131
13128
13131
13132
13128
13131
13129
13133
13135
13136
13137
13135
13136
13130
13132
13132
13122
13125
13125
13125
13134
13134
13136
13135
13127
13131
13136
13135
13140
13129
13138
13135
13130
13133
13126
13127
13138
13132
13130
13133
13129
13126
13129
13124
13116
13118
13119
13125
13128
13136
13138
13137
13139
13133
13136
13130
13131
13138
13130
13124
13128
13126
13120
13120
13126
13123
13125
13128
13132
13123
13131
13132
13136
13130
13126
13129
13139
13132
13126
13131
13127
13132
13136
13133
13133
13134
13131
13134
13136
13137
13134
13137
13138
13139
13138
13132
13129
13126
13119
13119
13115
13111
13113
13119
13124
13133
13138
13142
13149
13147
13146
13146
13140
13144
13140
13142
13135
13122
13124
13132
13128
13128
13128
13128
13135
13135
13134
13133
13146
13138
13126
13126
13133
13133
13132
13129
13137
13148
13144
13143
13144
13141
13138
13132
13133
13129
13127
13127
13124
13130
13135
13142
13138
13135
13136
13135
13140
13130
13131
13141
13136
13138
13145
13134
13131
13127
13134
13137
13135
13133
13134
13147
13147
13147
13136
13139
13134
13149
13145
13133
13138
13140
13138
13144
13141
13130
13127
13122
13128
13124
13126
13131
13132
13125
13128
13133
13136
13132
13134
13135
13128
13125
13132
13128
13126
13128
13129
13129
13136
13130
13135
13135
13141
13140
13132
13132
13126
13132
13134
13134
13135
13135
13138
13138
13140
13132
13132
13128
13127
13123
13131
13134
13134
13137
13133
13136
13139
13135
13134
13133
13131
13131
13129
13121
13129
13128
13131
13126
13123
13129
13134
13138
13138
13140
13134
13130
13135
13140
13138
13135
13130
13131
13131
13129
13125
13129
13133
13136
13144
13141
13144
13149
13146
13142
13143
13137
13143
13137
13133
13143
13139
13139
13143
13144
13146
13143
13144
13137
13139
13130
13136
