13130
13138
13138
13133
13134
13140
13137
13138
13140
13138
13141
13140
13142
13141
13129
13134
13139
13140
13140
13139
13137
13135
13141
13135
13136
13140
13144
13142
13142
13139
13132
13137
13139
13131
13131
13130
13126
13133
13133
13136
13130
13133
13134
13131
13134
13134
13147
13151
13142
13139
13138
13131
13134
13136
13140
13142
13144
13138
13140
13138
13135
13133
13130
13138
13143
13133
13134
13131
13134
13129
13128
13134
13135
13134
13139
13138
13137
13145
13135
13137
13128
13130
13131
13137
13131
13138
13136
13142
13136
13131
13139
13128
13133
13136
13128
13128
13130
13129
13130
13132
13132
13131
13129
13140
13128
13125
13123
13126
13130
13129
13127
13125
13122
13123
13129
13126
13127
13129
13129
13133
13137
13135
13137
13133
13137
13132
13127
13134
13126
13125
13128
13131
13124
13124
13116
13118
13124
13126
13129
13131
13132
13135
13137
13138
13129
13128
13130
13133
13134
13131
13135
13131
13131
13132
13129
13124
13124
13131
13128
13137
13136
13142
13153
13151
13148
13140
13143
13148
13139
13133
13134
13128
13131
13138
13132
13131
13134
13140
13142
13139
13137
13130
13128
13132
13130
13137
13148
13143
13144
13138
13134
13136
13135
13134
13132
13130
13134
13136
13138
13128
13124
13132
13128
13123
13126
13128
13131
13134
13124
13119
13122
13119
13119
13128
13118
13123
13135
13138
13137
13132
13131
13133
13138
13137
13132
13130
13129
13121
13119
13117
13118
13122
13119
13128
13125
13122
13130
13142
13138
13145
13135
13132
13137
13133
13139
13138
13139
13137
13131
13125
13133
13131
13130
13129
13126
13132
13136
13135
13138
13139
13139
13139
13140
13141
13138
13140
13140
13137
13143
13136
13134
13140
13142
13144
13145
13141
13140
13138
13138
13137
13134
13139
13142
13135
13137
13134
13127
13132
13126
13131
13133
13127
13122
13128
13126
13122
13125
13123
13125
13125
13130
13128
13123
13129
13119
13123
13128
13122
13134
13132
13131
13136
13136
13137
13133
13136
13134
13132
13137
13137
13135
13139
13137
13135
13139
13132
13132
13131
13131
13128
13134
13136
13138
13133
13136
13140
13132
13131
13131
13131
13132
13134
13133
13133
13132
13131
13128
13124
13124
13120
13121
13129
13126
13131
13127
13131
13131
13135
13138
13143
13134
13136
13140
13137
13137
13139
13137
13137
13132
13137
13138
13132
13126
13135
13138
13139
13141
13149
13150
13159
13157
13147
13147
13145
13138
13137
13138
13131
13130
13122
13124
13118
13121
13128
13131
13136
13130
13127
13125
13130
13124
13134
13136
13136
13137
13132
13127
13136
13126
13120
13131
13130
13138
13138
13139
13135
13139
13131
13129
13131
13133
13136
13131
13125
13131
13127
13136
13131
13142
13131
13126
13132
13132
13133
13137
13136
13139
13136
13135
13135
13134
13132
13136
13131
13133
13129
13123
13128
13121
13115
13121
13122
13119
13129
13130
13132
13130
13132
13135
13132
13129
13132
13123
13134
13133
13136
13128
13135
13135
13138
13133
13138
13128
13120
13124
13134
13142
13136
13129
13131
13129
13136
13137
13129
13133
13128
13134
13133
13132
13124
13131
13122
13122
13130
13130
13134
13139
13139
13142
13142
13144
13108
12572
11982
11471
11157
11005
10932
10943
10942
11002
11065
11164
11252
11367
11462
11571
11650
11745
11828
11915
11980
12062
12122
12191
12243
12309
12358
12405
12443
12494
12530
12567
12607
12644
12675
12705
12733
12762
12787
12813
12835
12856
12875
12896
12908
12922
12932
12948
12940
12953
12954
12973
12976
12983
12996
13008
13009
13020
13027
13024
13031
13038
13042
13049
13054
13062
13079
13080
13083
13098
13102
13105
13112
13104
13106
13113
13115
13110
13108
13109
13107
13109
13114
13115
13109
13108
13117
13122
13122
13126
13124
13123
13123
13122
13127
13132
13135
13136
13146
13138
13145
13146
13132
13131
13129
13127
13134
13128
13132
13130
13129
13138
13143
13138
13131
13137
13141
13141
13135
13134
13138
13137
13138
13138
13138
13135
13134
13141
13137
13127
13120
13117
13119
13117
13115
13116
13121
13122
13134
13125
13130
13124
13123
13129
13128
13130
13133
13133
13137
13140
13130
13132
13134
13127
13138
13138
13133
13130
13128
13131
13129
13133
13143
13145
13146
13147
13145
13158
13144
13142
13137
13133
13131
13124
13120
13123
13126
13132
13140
13134
13133
13132
13134
13130
13129
13134
13132
13124
13110
13112
13115
13118
13129
13126
13116
13120
13130
13134
13136
13140
13134
13131
13141
13147
13144
13142
13143
13144
13136
13133
13136
13140
13141
13143
13141
13149
13145
13144
13142
13135
13140
13147
13144
13142
13133
13135
13132
13129
13130
13133
13135
13134
13133
13123
13123
13134
13142
13144
13137
13137
13130
13129
13133
13134
13138
13138
13138
13143
13137
13137
13140
13135
13137
13127
13129
13129
13133
13137
13135
13133
13137
13138
13137
13141
13140
13139
13143
13141
13131
13134
13127
13128
13133
13127
13130
13135
13140
13139
13143
13137
13135
13142
13143
13137
13138
13138
13137
13142
13137
13144
13145
13147
13153
13148
13138
13135
13124
13131
13137
13126
13134
13135
13135
13134
13141
13138
13142
13143
13138
13143
13136
13133
13137
13134
13138
13135
13138
13141
13133
13138
13133
13139
13143
13136
13139
13116
12990
12917
12864
12836
12829
12829
12835
12844
12844
12851
12871
12891
12905
12911
12924
12943
12953
12965
12973
12984
13001
13005
13005
13019
13022
13033
13040
13044
13053
13056
13068
13070
13066
13074
13074
13077
13080
13084
13082
13085
13084
13086
13081
13088
13093
13099
13103
13106
13107
13112
13113
13116
13118
13115
13116
13116
13111
13114
13115
13117
13129
13130
13121
13120
13109
13112
13116
13113
13115
13122
13119
13126
13125
13123
13115
13126
13131
13133
13133
13131
13134
13133
13133
13126
13129
13135
13136
13136
13134
13144
13138
13143
13140
13130
13137
13133
13125
13124
13118
13119
13123
13129
13128
13137
13131
13130
13137
13134
13130
13138
13136
13126
13127
13128
13125
13123
13130
13129
13120
13125
13120
13127
13128
13119
13124
13127
13125
13121
13122
13123
13125
13131
13137
13132
13135
13144
13133
13136
13135
13134
13137
13136
13136
13132
13130
13127
13125
13123
13122
13123
13129
13130
13128
13133
13126
13131
13140
13140
13135
13130
13135
13144
13136
13129
13131
13126
13125
13129
13128
13132
13133
13137
13137
13129
13137
13135
13132
13127
13138
13133
13136
13134
13135
13136
13132
13132
13135
13133
13145
13149
13142
13142
13145
13141
13146
13152
13149
13143
13147
13139
13135
13136
13133
