13117
13129
13132
13126
13135
13138
13141
13141
13137
13133
13131
13128
13126
13132
13126
13129
13135
13138
13142
13139
13146
13141
13142
13137
13134
13136
13129
13138
13138
13138
13138
13149
13142
13134
13131
13133
13131
13128
13120
13124
13121
13127
13120
13123
13122
13137
13137
13141
13138
13137
13142
13136
13135
13138
13136
13135
13129
13131
13133
13135
13138
13136
13130
13136
13137
13133
13131
13133
13139
13131
13135
13138
13139
13136
13132
13135
13135
13138
13139
13143
13134
13145
13147
13141
13141
13139
13139
13137
13129
13126
13131
13134
13136
13137
13133
13134
13137
13138
13131
13136
13132
13132
13136
13139
13146
13146
13146
13149
13155
13138
13139
13135
13136
13136
13134
13134
13139
13139
13142
13141
13133
13134
13129
13131
13136
13130
13131
13124
13122
13116
13125
13121
13124
13132
13126
13131
13134
13130
13134
13139
13141
13134
13128
13131
13128
13129
13120
13113
13121
13109
13112
13113
13115
13119
13119
13122
13121
13115
13120
13123
13114
13119
13126
13126
13126
13123
13130
13128
13133
13128
13138
13136
13130
13132
13127
13126
13127
13123
13127
13126
13135
13140
13145
13149
13147
13147
13147
13147
13152
13149
13139
13144
13138
13139
13141
13138
13131
13126
13125
13126
13131
13128
13129
13128
13133
13127
13126
13127
13120
13119
13128
13125
13119
13127
13123
13124
13123
13125
13128
13130
13132
13131
13130
13135
13129
13135
13131
13132
13134
13132
13127
13134
13128
13135
13132
13137
13148
13143
13148
13151
13137
13136
13134
13134
13132
13139
13138
13145
13141
13142
13144
13139
13138
13141
13139
13141
13140
13142
13136
13144
13146
13139
13141
13140
13142
13138
13145
13141
13137
13139
13140
13139
13144
13145
13139
13135
13135
13141
13133
13141
13138
13144
13143
13142
13143
13145
13141
13144
13149
13148
13148
13147
13147
13147
13139
13139
13135
13138
13135
13139
13145
13143
13144
13144
13146
13143
13140
13138
13136
13127
13128
13132
13132
13138
13131
13129
13133
13134
13126
13135
13121
13129
13141
13140
13145
13142
13141
13144
13129
13127
13126
13125
13119
13125
13124
13126
13131
13135
13146
13141
13143
13136
13134
13140
13140
13133
13136
13138
13140
13136
13134
13132
13128
13124
13129
13123
13131
13129
13130
13139
13134
13139
13141
13140
13140
13149
13145
13144
13135
13126
13132
13128
13132
13133
13125
13127
13128
13131
13127
13126
13137
13133
13129
13133
13136
13138
13141
13132
13133
13126
13129
13124
13126
13135
13134
13136
13145
13146
13147
13152
13139
13138
13137
13126
13130
13135
13128
13132
13128
13117
13126
13124
13124
13128
13127
13136
13136
13136
13131
13125
13125
13122
13123
13127
13127
13133
13129
13133
13139
13130
13134
13132
13133
13134
13132
13126
13126
13138
13139
13149
13142
13146
13143
13136
13138
13140
13142
13139
13133
13132
13137
13135
13132
13136
13127
13130
13134
13137
13134
13132
13133
13136
13135
13137
13141
13137
13137
13131
13142
13132
13133
13133
13130
13136
13134
13130
13133
13132
13131
13137
13125
13127
13126
13124
13130
13128
13130
13139
13135
13137
13134
13132
13131
13133
13133
13137
13137
13138
13141
13137
13141
13137
13131
13138
13132
13134
13066
12530
11989
11622
11409
11285
11254
11253
11297
11356
11444
11518
11614
11698
11682
11660
11698
11729
11789
11845
11915
11972
12038
12091
12170
12225
12286
12339
12389
12432
12476
12515
12554
12591
12628
12655
12682
12711
12744
12768
12793
12811
12838
12850
12865
12882
12899
12911
12926
12936
12949
12966
12974
12981
12990
13006
13011
13014
13023
13035
13035
13046
13046
13042
13059
13062
13064
13077
13077
13075
13090
13100
13105
13100
13102
13097
13108
13109
13105
13097
13100
13097
13108
13101
13103
13106
13111
13112
13108
13113
13113
13118
13121
13125
13120
13122
13118
13117
13126
13129
13132
13143
13142
13136
13140
13135
13134
13134
13132
13123
13127
13129
13126
13126
13122
13123
13124
13126
13126
13136
13139
13133
13140
13134
13142
13146
13149
13138
13134
13137
13141
13141
13142
13142
13133
13137
13141
13138
13142
13146
13147
13154
13154
13145
13151
13137
13137
13136
13137
13137
13130
13123
13122
13122
13121
13118
13122
13127
13133
13131
13126
13123
13126
13121
13120
13125
13133
13134
13127
13134
13139
13136
13134
13141
13143
13140
13141
13142
13136
13140
13139
13144
13135
13128
13138
13133
13131
13123
13122
13127
13131
13132
13133
13127
13130
13136
13138
13138
13132
13132
13131
13136
13140
13133
13137
13137
13132
13136
13138
13138
13135
13131
13128
13131
13124
13132
13131
13132
13140
13137
13133
13139
13138
13130
13139
13132
13134
13138
13137
13137
13138
13148
13146
13149
13145
13136
13136
13135
13133
13133
13134
13131
13137
13134
13134
13135
13129
13132
13130
13133
13132
13133
13132
13134
13132
13132
13139
13141
13140
13141
13141
13152
13146
13142
13142
13137
13138
13144
13135
13141
13143
13143
13143
13142
13150
13146
13148
13154
13153
13150
13151
13146
13150
13146
13143
13147
13143
13142
13144
13141
13145
13146
13142
13139
13138
13134
13136
13129
13132
13134
13127
13130
13123
13112
13118
13120
13119
13124
13119
13126
13135
13137
13134
13131
13136
13129
13130
13125
13120
13120
13127
13125
13129
13129
13129
13127
13133
13130
13133
13140
13145
13148
13145
13147
13143
13145
13146
13144
13142
13138
13142
13064
12955
12880
12843
12819
12813
12813
12821
12831
12851
12863
12874
12892
12910
12923
12940
12953
12958
12972
12980
12991
13006
13007
13017
13022
13023
13024
13026
13028
13031
13041
13052
13069
13071
13082
13087
13086
13093
13099
13099
13110
13106
13108
13117
13116
13110
13109
13115
13119
13122
13123
13119
13129
13127
13122
13128
13132
13128
13130
13128
13129
13126
13119
13116
13124
13127
13129
13122
13121
13123
13121
13121
13130
13125
13125
13121
13122
13125
13124
13132
13133
13129
13132
13140
13132
13139
13140
13137
13139
13133
13136
13134
13127
13128
13121
13120
13127
13132
13133
13128
13127
13139
13140
13131
13136
13131
13135
13131
13139
13140
13144
13137
13138
13131
13138
13136
13140
13142
13142
13139
13138
13135
13140
13140
13138
13140
13137
13131
13136
13137
13140
13139
13137
13131
13131
13134
13138
13135
13132
13134
13131
13134
13126
13128
13129
13136
13138
13135
13137
13135
13137
13136
13060
12938
12881
12845
12821
12813
12814
12814
12832
12843
12859
12873
12885
12899
12922
12933
12949
12959
12972
12983
12997
13000
13003
13007
13018
13025
13031
13036
13046
13051
13058
