13138
13130
13138
13135
13128
13120
13119
13124
13129
13135
13133
13133
13135
13132
13131
13136
13125
13134
13133
13126
13128
13134
13126
13129
13125
13122
13132
13123
13129
13122
13117
13127
13129
13135
13131
13124
13132
13124
13121
13118
13119
13118
13124
13118
13126
13125
13125
13127
13125
13136
13137
13133
13134
13137
13139
13142
13138
13139
13142
13137
13139
13134
13133
13137
13128
13135
13140
13130
13136
13133
13133
13133
13142
13139
13144
13142
13147
13138
13126
13118
13110
13108
13121
13122
13135
13132
13131
13130
13126
13130
13135
13129
13131
13132
13134
13137
13133
13138
13147
13151
13155
13154
13153
13154
13144
13140
13147
13138
13126
13130
13134
13135
13137
13138
13134
13140
13137
13138
13137
13135
13135
13138
13136
13135
13141
13136
13138
13133
13127
13132
13126
13124
13129
13131
13128
13131
13128
13133
13133
13128
13127
13131
13137
13145
13144
13139
13141
13131
13135
13135
13129
13130
13134
13138
13138
13142
13141
13137
13134
13132
13126
13126
13135
13135
13138
13140
13132
13140
13143
13142
13140
13134
13133
13141
13146
13151
13141
13144
13149
13152
13154
13149
13134
13140
13134
13132
13133
13127
13123
13132
13123
13128
13125
13128
13132
13128
13125
13125
13127
13132
13129
13131
13132
13129
13132
13120
13121
13124
13128
13125
13126
13126
13127
13130
13133
13137
13133
13131
13139
13142
13135
13132
13137
13138
13140
13135
13145
13139
13149
13151
13148
13148
13158
13156
13154
13157
13154
13146
13149
13153
13146
13138
13140
13136
13133
13123
13122
13126
13126
13123
13130
13130
13134
13129
13130
13130
13122
13131
13130
13123
13118
13119
13128
13131
13130
13129
13130
13127
13139
13136
13130
13134
13135
13138
13138
13129
13123
13126
13130
13136
13126
13126
13131
13125
13131
13128
13126
13129
13122
13128
13125
13121
13126
13131
13136
13139
13133
13135
13137
13130
13134
13135
13133
13139
13130
13130
13138
13132
13133
13135
13134
13140
13140
13138
13135
13132
13134
13128
13134
13135
13135
13136
13132
13129
13135
13127
13132
13138
13136
13142
13134
13132
13133
13128
13129
13130
13123
13126
13127
13126
13126
13132
13134
13134
13134
13138
13140
13135
13135
13136
13139
13137
13140
13136
13144
13145
13144
13139
13136
13141
13138
13140
13141
13133
13135
13126
13127
13130
13134
13135
13129
13128
13127
13129
13124
13132
13123
13133
13141
13138
13141
13138
13138
13139
13132
13125
13131
13130
13125
13131
13135
13143
13145
13149
13151
13153
13143
13137
13136
13137
13128
13124
13125
13125
13146
13134
13129
13142
13140
13139
13133
13138
13136
13140
13138
13135
13127
13128
13124
13119
13127
13124
13125
13128
13126
13125
13126
13116
13119
13122
13121
13125
13128
13136
13137
13141
13146
13131
13134
13135
13132
13132
13131
13128
13140
13122
13118
13127
13126
13134
13126
13116
13107
13110
13114
13122
13121
13127
13130
13128
13131
13141
13136
13142
13143
13134
13143
13134
13133
13144
13139
13138
13147
13144
13143
13141
13145
13139
13134
13134
13128
13133
13138
13137
13141
13137
13132
13136
13134
13132
13129
13126
13126
13118
13123
13133
13133
13135
13130
13130
13137
13137
13130
13138
13136
13112
12914
12187
11326
10776
10370
10092
9892
9770
9785
9835
9954
10079
10234
10376
10536
10675
10825
10957
11098
11215
11349
11448
11566
11661
11772
11855
11937
12003
12080
12142
12210
12264
12318
12363
12415
12450
12502
12549
12576
12612
12657
12678
12704
12728
12752
12778
12810
12826
12844
12854
12874
12893
12913
12927
12942
12955
12966
12969
12982
12982
12985
12995
13002
13006
13011
13018
13027
13037
13044
13051
13054
13058
13064
13069
13075
13081
13085
13088
13093
13094
13105
13100
13093
13103
13100
13106
13102
13100
13105
13100
13102
13100
13102
13105
13102
13114
13112
13114
13123
13121
13117
13123
13118
13121
13121
13123
13128
13132
13131
13135
13131
13137
13135
13138
13140
13131
13129
13135
13131
13130
13130
13124
13125
13136
13130
13127
13131
13132
13129
13122
13132
13131
13135
13133
13136
13140
13141
13134
13147
13138
13142
13141
13140
13142
13131
13129
13125
13124
13125
13128
13124
13136
13129
13135
13134
13132
13133
13137
13138
13138
13144
13136
13128
13138
13135
13137
13137
13139
13139
13132
13131
13137
13134
13144
13144
13143
13138
13134
13143
13132
13135
13138
13146
13146
13145
13143
13136
13138
13138
13132
13132
13132
13138
13142
13144
13140
13133
13137
13126
13130
13138
13133
13124
13136
13135
13139
13139
13141
13144
13142
13137
13135
13138
13143
13137
13142
13142
13138
13146
13139
13141
13141
13139
13130
13133
13132
13133
13137
13142
13147
13141
13141
13137
13140
13136
13136
13142
13144
13142
13134
13142
13139
13143
13146
13136
13131
13134
13135
13136
13134
13133
13131
13124
13134
13132
13136
13139
13138
13142
13133
13132
13133
13133
13131
13133
13135
13133
13138
13138
13135
13123
13124
13130
13135
13128
13131
13137
13136
13141
13143
13141
13139
13144
13150
13141
13141
13141
13136
13136
13134
13128
13126
13120
13125
13134
13135
13139
13138
13146
13138
13133
13138
13135
13129
13128
13130
13134
13135
13136
13138
13138
13136
13129
13132
13136
13142
13144
13145
13144
13136
13135
13123
13130
13136
13134
13130
13127
13135
13133
13135
13135
13138
13138
13139
13144
13140
13132
13129
13134
13125
13123
13132
13129
13130
13127
13124
13124
13122
13124
13125
13120
13125
13123
13131
13127
13128
13123
13127
13121
13115
13121
13127
13135
13132
13132
13130
13135
13139
13141
13144
13140
13137
13135
13141
13129
13132
13133
13132
13139
13139
13131
13135
13126
13130
13126
13124
13134
13137
13147
13143
13136
13144
13147
13139
13139
13138
13143
13147
13133
13134
13134
13129
13129
13129
13123
13128
13130
13135
13137
13132
13129
13125
13125
13132
13139
13135
13136
13137
13142
13136
13134
13139
13140
13146
13144
13149
13150
13148
13139
13144
13137
13139
13132
13131
13137
13138
13134
13138
13135
13135
13138
13138
13132
13144
13136
13131
13137
13132
13138
13140
13138
13135
13136
13142
13143
13135
13132
13133
13132
13131
13125
13129
13130
13132
13133
13129
13126
13122
13127
13130
13126
13133
13136
13132
13124
13125
13125
13135
13133
13132
13139
13133
13125
13128
13125
13127
13130
13135
13135
13144
13134
13130
13125
13127
13118
13122
13117
13120
13125
13123
13123
13129
13132
13131
13128
13129
13130
13135
13131
13133
13126
13136
13135
13141
13138
13138
13140
13141
13133
13128
13131
13125
13125
13132
