13132
13134
13130
13136
13132
13130
13122
13125
13117
13122
13123
13126
13122
13117
13111
13124
13119
13125
13121
13129
13133
13138
13135
13139
13137
13138
13128
13124
13121
13123
13127
13129
13120
13119
13123
13119
13113
13113
13117
13121
13128
13133
13128
13129
13132
13132
13139
13143
13142
13154
13154
13147
13152
13146
13134
13133
13122
13122
13119
13123
13113
13124
13126
13134
13122
13121
13124
13127
13125
13126
13125
13134
13132
13138
13142
13138
13134
13135
13131
13129
13124
13132
13129
13129
13126
13131
13132
13133
13134
13132
13127
13122
13123
13115
13111
13119
13125
13133
13133
13139
13138
13136
13125
13125
13117
13126
13126
13124
13123
13123
13128
13131
13123
13127
13126
13123
13116
13122
13119
13122
13116
13118
13118
13122
13118
13114
13118
13128
13126
13132
13135
13134
13141
13131
13125
13134
13132
13133
13133
13134
13135
13142
13146
13145
13133
13138
13139
13139
13137
13136
13133
13140
13136
13134
13137
13136
13134
13136
13133
13130
13136
13135
13132
13134
13131
13131
13133
13133
13134
13133
13133
13134
13131
13123
13127
13132
13133
13137
13136
13140
13134
13140
13138
13142
13134
13143
13137
13135
13137
13137
13131
13132
13121
13125
13134
13134
13127
13131
13124
13123
13125
13125
13127
13133
13138
13138
13135
13147
13146
13149
13143
13139
13139
13137
13133
13128
13130
13132
13133
13134
13129
13123
13123
13123
13117
13120
13118
13118
13121
13126
13126
13142
13136
13138
13150
13139
13134
13143
13144
13137
13138
13141
13137
13137
13138
13137
13139
13133
13137
13137
13140
13139
13151
13144
13138
13144
13141
13144
13139
13134
13132
13137
13140
13137
13139
13141
13138
13133
13132
13133
13121
13122
13120
13122
13134
13135
13132
13138
13135
13137
13139
13140
13134
13138
13137
13140
13134
13134
13136
13143
13140
13140
13145
13143
13135
13138
13134
13127
13126
13124
13123
13126
13123
13124
13125
13132
13127
13130
13133
13130
13129
13136
13137
13134
13143
13136
13133
13135
13134
13136
13134
13135
13129
13126
13135
13134
13126
13132
13131
13137
13131
13129
13126
13117
13112
13114
13110
13111
13108
13112
13122
13126
13121
13128
13128
13134
13135
13131
13138
13135
13137
13132
13129
13124
13132
13128
13129
13131
13131
13128
13131
13133
13139
13133
13140
13146
13142
13144
13141
13135
13128
13129
13124
13121
13121
13126
13124
13126
13127
13136
13139
13137
13125
13133
13119
13123
13123
13126
13126
13129
13135
13136
13128
13129
13134
13130
13130
13136
13127
13131
13132
13142
13144
13144
13139
13135
13127
13131
13133
13133
13133
13133
13139
13145
13141
13140
13134
13129
13133
13134
13135
13138
13134
13147
13138
13136
13134
13129
13129
13130
13131
13135
13134
13131
13136
13124
13124
13126
13116
13116
13115
13113
13115
13106
13108
13109
13117
13124
13123
13125
13125
13127
13134
13140
13139
13148
13143
13138
13140
13134
13132
13143
13140
13141
13129
13129
13129
13128
13131
13132
13133
13134
13126
13124
13137
13134
13129
13137
13125
13126
13131
13137
13134
13131
13143
13150
13154
13149
13146
13140
13142
13139
13144
13135
13130
13130
13133
13134
13132
13139
13141
13024
12664
12182
11869
11681
11573
11529
11533
11556
11614
11675
11750
11810
11897
11958
12030
12098
12167
12219
12285
12336
12392
12431
12486
12521
12568
12606
12641
12673
12698
12731
12763
12780
12808
12827
12846
12867
12878
12889
12904
12928
12932
12945
12954
12973
12977
12988
13001
13010
13016
13017
13018
13034
13044
13052
13056
13063
13064
13065
13070
13071
13072
13075
13076
13081
13083
13090
13088
13097
13102
13107
13114
13111
13105
13105
13105
13104
13108
13120
13121
13117
13121
13110
13111
13117
13124
13121
13126
13131
13126
13136
13128
13129
13139
13137
13131
13143
13133
13135
13127
13125
13124
13124
13124
13126
13131
13139
13138
13140
13143
13136
13137
13130
13130
13136
13128
13128
13127
13131
13124
13127
13122
13134
13128
13136
13142
13142
13141
13134
13126
13128
13119
13118
13120
13118
13120
13129
13125
13129
13139
13135
13134
13134
13133
13127
13129
13132
13127
13127
13127
13131
13139
13131
13130
13136
13129
13130
13126
13127
13127
13131
13121
13128
13129
13133
13130
13134
13139
13136
13137
13144
13134
13130
13139
13132
13132
13133
13126
13122
13121
13128
13133
13133
13133
13128
13129
13137
13135
13139
13131
13125
13131
13132
13126
13133
13131
13125
13123
13130
13123
13121
13123
13122
13123
13126
13125
13129
13133
13139
13132
13136
13125
13118
13124
13120
13126
13131
13120
13131
13133
13135
13138
13138
13134
13136
13136
13138
13142
13151
13150
13149
13150
13143
13131
13131
13129
13132
13137
13134
13131
13128
13131
13132
13133
13139
13137
13143
13143
13138
13128
13133
13131
13125
13136
13136
13135
13139
13135
13133
13131
13136
13134
13130
13126
13125
13127
13126
13126
13125
13131
13135
13140
13134
13128
13136
13082
12954
12887
12839
12819
12804
12805
12817
12830
12843
12853
12866
12879
12895
12910
12926
12940
12952
12969
12976
12992
13010
13015
13027
13030
13037
13043
13048
13051
13056
13046
13055
13062
13068
13069
13072
13076
13079
13082
13090
13094
13092
13096
13102
13108
13109
13108
13114
13110
13116
13116
13114
13120
13128
13127
13125
13121
13121
13129
13124
13121
13131
13124
13119
13123
13121
13123
13124
13123
13120
13122
13122
13124
13125
13120
13119
13133
13123
13129
13126
13126
13129
13122
13127
13133
13134
13142
13138
13135
13136
13130
13131
13136
13130
13121
13129
13121
13120
13127
13120
13114
13114
13109
13111
13111
13113
13121
13121
13131
13133
13138
13136
13141
13141
13138
13138
13146
13135
13129
13132
13121
13125
13126
13132
13133
13135
13137
13138
13141
13142
13139
13138
13143
13134
13136
13142
13141
13145
13144
13135
13134
13132
13125
13124
13125
13126
13136
13138
13142
13134
13135
13133
13137
13130
13123
13124
13129
13123
13118
13131
13123
13128
13130
13134
13133
13132
13133
13135
13129
13135
13136
13139
13149
13140
13137
13136
13126
13132
13135
13123
13121
13124
13134
13136
13138
13132
13126
13132
13134
13137
13132
13139
13136
13134
13131
13121
13122
13117
13120
13133
13135
13136
13135
13138
13134
13131
13128
13128
13120
13128
13125
13122
13122
13126
13125
13136
13140
13141
13139
13134
13131
13132
13129
13131
13124
13123
13131
13138
13136
13135
13139
13135
13136
13133
13135
13131
13135
13133
13132
13136
13134
13134
13133
13132
13134
13135
13133
13137
13140
13134
13135
13131
13135
13130
