13128
13127
13130
13128
13135
13134
13131
13130
13124
13127
13130
13135
13142
13136
13132
13134
13139
13138
13139
13134
13128
13133
13129
13128
13123
13118
13123
13118
13128
13130
13129
13137
13133
13132
13138
13135
13129
13135
13136
13139
13135
13131
13132
13133
13133
13129
13137
13138
13144
13143
13134
13126
13134
13124
13127
13132
13134
13136
13139
13137
13133
13132
13135
13133
13129
13131
13136
13131
13137
13133
13130
13139
13133
13128
13141
13126
13125
13123
13116
13121
13130
13132
13133
13134
13134
13122
13129
13133
13135
13135
13133
13134
13146
13135
13130
13129
13129
13130
13134
13137
13130
13131
13133
13128
13130
13127
13134
13130
13130
13126
13132
13136
13127
13115
13121
13116
13130
13133
13125
13127
13131
13132
13134
13132
13124
13122
13134
13134
13143
13139
13143
13138
13143
13138
13139
13139
13131
13130
13139
13132
13135
13131
13126
13133
13141
13141
13140
13135
13134
13135
13135
13141
13148
13144
13144
13138
13140
13141
13133
13129
13131
13132
13135
13141
13141
13140
13138
13147
13150
13144
13147
13147
13158
13139
13134
13132
13133
13136
13132
13123
13125
13129
13134
13144
13139
13146
13150
13152
13145
13142
13141
13143
13139
13137
13148
13144
13142
13142
13131
13125
13128
13132
13133
13132
13129
13124
13130
13140
13139
13136
13140
13137
13136
13125
13125
13122
13120
13115
13114
13115
13126
13122
13132
13137
13136
13135
13138
13134
13139
13136
13137
13138
13126
13118
13123
13122
13117
13123
13121
13127
13126
13121
13128
13117
13122
13121
13124
13132
13128
13128
13131
13133
13136
13132
13125
13120
13123
13128
13122
13129
13127
13134
13135
13132
13129
13135
13139
13138
13142
13148
13142
13142
13143
13145
13151
13138
13135
13137
13132
13135
13132
13134
13131
13129
13125
13126
13124
13132
13121
13123
13119
13121
13130
13131
13129
13131
13126
13135
13137
13135
13134
13135
13137
13145
13136
13137
13132
13133
13135
13136
13136
13136
13137
13136
13143
13137
13131
13134
13133
13130
13127
13135
13136
13141
13144
13137
13135
13140
13141
13141
13132
13129
13128
13127
13131
13141
13135
13137
13134
13136
13138
13143
13140
13146
13137
13138
13135
13136
13141
13144
13148
13155
13143
13135
13137
13137
13141
13141
13138
13135
13126
13122
13127
13135
13132
13134
13142
13144
13139
13138
13136
13137
13140
13136
13133
13135
13134
13138
13133
13136
13135
13132
13131
13131
13132
13130
13134
13132
13136
13135
13136
13141
13135
13139
13141
13139
13141
13137
13140
13143
13141
13132
13124
13121
13117
13121
13124
13125
13132
13132
13137
13139
13144
13122
13120
13120
13111
13109
13115
13117
13119
13124
13125
13132
13125
13131
13137
13139
13139
13134
13133
13138
13131
13130
13134
13123
13122
13132
13125
13124
13121
13124
13128
13136
13140
13138
13134
13129
13128
13135
13143
13137
13142
13134
13135
13133
13135
13133
13135
13135
13134
13136
13135
13137
13127
13133
13142
13140
13143
13146
13144
13154
13144
13142
13140
13140
13136
13138
13135
13137
13134
13138
13137
13137
13136
13137
13134
13135
13129
13127
13128
13129
13139
13137
13132
13131
13134
13128
13122
13114
13119
13127
13126
12788
11890
11117
10533
10181
10035
9971
9995
10032
10141
10246
10397
10519
10672
10810
10954
11083
11205
11316
11442
11543
11651
11737
11839
11910
11993
12060
12127
12185
12253
12304
12355
12401
12450
12490
12540
12572
12611
12649
12689
12711
12635
12566
12531
12514
12521
12520
12544
12561
12583
12607
12650
12677
12710
12745
12770
12790
12809
12830
12850
12865
12880
12881
12904
12918
12936
12954
12961
12961
12988
12994
12998
13002
13007
13013
13020
13025
13031
13035
13045
13043
13047
13050
13053
13055
13069
13075
13074
13078
13075
13083
13083
13086
13086
13088
13090
13092
13100
13101
13099
13103
13113
13112
13116
13121
13118
13121
13122
13118
13120
13119
13120
13117
13110
13113
13113
13121
13121
13122
13125
13131
13118
13123
13130
13138
13135
13131
13131
13132
13133
13123
13134
13126
13118
13126
13127
13134
13134
13138
13140
13138
13131
13132
13136
13141
13139
13137
13133
13127
13134
13127
13132
13129
13128
13126
13122
13119
13126
13128
13131
13129
13129
13128
13131
13126
13134
13127
13137
13137
13137
13137
13141
13126
13125
13126
13123
13124
13133
13131
13129
13124
13127
13119
13119
13120
13118
13120
13118
13115
13124
13130
13125
13134
13133
13130
13130
13129
13134
13131
13133
13136
13133
13130
13135
13131
13140
13133
13130
13138
13136
13137
13141
13138
13140
13144
13143
13143
13138
13139
13141
13145
13141
13133
13140
13145
13145
13140
13131
13128
13133
13129
13127
13128
13125
13130
13139
13138
13138
13135
13133
13129
13129
13128
13130
13136
13145
13146
13147
13144
13128
13125
13132
13131
13133
13137
13123
13132
13131
13129
13135
13129
13127
13124
13127
13134
13131
13131
13125
13135
13141
13136
13128
13133
13133
13134
13139
13141
13133
13133
13134
13136
13131
13130
13132
13136
13134
13138
13144
13140
13131
13128
13141
13132
13125
13137
13135
13132
13128
13131
13131
13129
13127
13124
13128
13137
13127
13123
13120
13120
13131
13133
13135
13143
13143
13140
13136
13135
13137
13136
13134
13137
13134
13134
13134
13127
13126
13124
13126
13141
13134
13127
13132
13132
13133
13138
13134
13138
13137
13134
13130
13127
13131
13121
13126
13135
13133
13137
13130
13130
13133
13133
13130
13132
13130
13130
13126
13126
13134
13136
13137
13146
13143
13145
13144
13143
13145
13145
13147
13151
13149
13148
13151
13148
13141
13141
13148
13140
13139
13135
13139
13133
13131
13128
13126
13135
13137
13134
13139
13147
13148
13142
13141
13145
13148
13143
13134
13135
13142
13137
13132
13132
13120
13124
13124
13125
13123
13116
13120
13125
13129
13127
13132
13122
13115
13122
13128
13137
13143
13145
13146
13146
13141
13138
13136
13136
13126
13136
13125
13130
13133
13133
13142
13145
13137
13141
13135
13140
13147
13149
13150
13149
13146
13150
13141
13129
13126
13126
13129
13133
13125
13127
13133
13132
13132
13136
13133
13145
13146
13142
13145
13145
13145
13142
13142
13139
13131
13130
13124
13129
13133
13129
13119
13122
13125
13124
13126
13129
13125
13128
13121
13128
13121
13119
13126
13129
13128
13135
13137
13138
13131
13133
13140
13136
13131
13131
13133
13138
13135
13135
13137
13130
13135
13138
13138
13143
13142
13146
13141
13147
13148
13143
13141
13135
13126
13126
13130
13129
13128
13139
13142
13141
13138
13135
13136
13134
13135
13136
