13126
13125
13122
13122
13125
13121
13125
13120
13127
13135
13125
13126
13126
13120
13122
13126
13121
13127
13133
13130
13130
13120
13123
13123
13115
13116
13125
13123
13125
13135
13130
13138
13136
13138
13145
13147
13149
13147
13144
13144
13136
13140
13133
13130
13134
13128
13129
13136
13129
13141
13137
13138
13131
13133
13135
13141
13135
13141
13141
13140
13140
13135
13134
13145
13145
13136
13143
13140
13133
13139
13134
13131
13136
13135
13136
13138
13134
13135
13132
13133
13130
13123
13117
13120
13134
13124
13120
13129
13128
13133
13128
13132
13132
13139
13139
13139
13126
13133
13134
13136
13134
13135
13129
13132
13129
13123
13134
13123
13121
13128
13122
13136
13133
13139
13139
13139
13130
13132
13127
13133
13129
13137
13146
13143
13152
13152
13148
13153
13147
13141
13133
13134
13126
13126
13128
13133
13131
13135
13137
13132
13137
13140
13137
13138
13132
13128
13134
13130
13126
13130
13126
13129
13126
13121
13120
13130
13131
13129
13130
13131
13129
13131
13131
13131
13136
13130
13125
13130
13121
13129
13126
13137
13136
13128
13128
13132
13118
13134
13134
13138
13133
13137
13138
13148
13148
13139
13142
13131
13137
13137
13136
13134
13130
13133
13148
13145
13147
13145
13143
13144
13146
13140
13139
13132
13140
13129
13129
13134
13135
13139
13129
13127
13134
13135
13133
13136
13128
13138
13141
13136
13140
13138
13140
13141
13138
13138
13147
13145
13140
13144
13135
13133
13134
13139
13138
13146
13144
13139
13139
13136
13133
13133
13121
13120
13122
13121
13130
13132
13128
13132
13133
13131
13131
13134
13135
13137
13135
13136
13134
13129
13125
13129
13135
13137
13140
13136
13137
13139
13134
13132
13132
13122
13118
13120
13111
13117
13123
13125
13126
13128
13124
13134
13125
13128
13128
13123
13118
13130
13124
13122
13121
13125
13127
13135
13125
13133
13134
13131
13133
13132
13135
13137
13141
13146
13135
13135
13140
13135
13137
13135
13132
13138
13136
13138
13142
13147
13150
13144
13153
13151
13146
13146
13140
13139
13141
13135
13129
13133
13133
13137
13135
13132
13133
13137
13135
13138
13125
13131
13134
13130
13134
13134
13136
13145
13139
13130
13135
13134
13132
13141
13133
13125
13126
13128
13123
13119
13110
13113
13114
13122
13120
13127
13127
13126
13134
13135
13134
13142
13141
13141
13140
13140
13136
13139
13128
13126
13117
13120
13122
13127
13133
13129
13125
13135
13135
13132
13135
13125
13126
13132
13125
13134
13133
13135
13131
13126
13128
13123
13120
13125
13131
13131
13131
13133
13135
13133
13129
13134
13132
13137
13129
13133
13133
13135
13136
13138
13129
13135
13134
13133
13130
13134
13132
13136
13134
13128
13133
13133
13135
13130
13125
13122
13122
13128
13131
13129
13124
13124
13127
13122
13122
13121
13125
13126
13141
13139
13136
13133
13134
13132
13135
13129
13135
13136
13142
13139
13135
13139
13151
13150
13148
13147
13146
13154
13147
13139
13145
13139
13136
13140
13136
13133
13137
13141
13144
13138
13140
13144
13142
13149
13139
13132
13127
13130
13138
13130
13130
13140
13138
13144
13144
13141
13145
13140
13143
13145
13134
13134
13137
13133
13131
13129
13126
13130
13130
13125
12916
12121
11414
10847
10526
10357
10301
10271
10330
10404
10532
10646
10783
10911
11043
11153
11277
11375
11485
11586
11689
11782
11865
11949
12041
12102
12165
12230
12286
12336
12386
12419
12471
12498
12549
12588
12627
12662
12697
12726
12762
12779
12796
12813
12828
12845
12860
12866
12889
12899
12917
12925
12939
12964
12970
12981
12992
13001
13012
13011
13014
13023
13023
13036
13039
13040
13044
13050
13059
13070
13067
13069
13071
13077
13082
13083
13094
13108
13106
13108
13117
13106
13106
13113
13109
13110
13110
13110
13109
13115
13113
13114
13117
13113
13115
13118
13123
13126
13130
13125
13124
13123
13129
13128
13132
13126
13122
13128
13133
13134
13134
13128
13139
13140
13135
13138
13144
13140
13136
13135
13142
13129
13137
13138
13137
13135
13134
13137
13139
13143
13140
13139
13144
13140
13142
13139
13133
13129
13134
13133
13135
13137
13131
13127
13130
13133
13134
13133
13132
13127
13131
13130
13132
13130
13128
13139
13143
13142
13145
13143
13157
13145
13135
13137
13129
13128
13133
13124
13129
13129
13129
13136
13143
13140
13137
13138
13134
13134
13134
13132
13134
13137
13140
13139
13140
13138
13149
13145
13146
13151
13146
13144
13146
13140
13149
13144
13148
13147
13139
13137
13149
13140
13144
13148
13144
13138
13143
13138
13150
13147
13149
13147
13147
13144
13139
13134
13137
13133
13137
13136
13135
13138
13142
13137
13143
13138
13135
13134
13137
13142
13148
13147
13144
13134
13140
13145
13148
13144
13139
13136
13143
13136
13131
13127
13129
13131
13136
13135
13133
13135
13136
13133
13142
13139
13142
13136
13140
13132
13140
13133
13136
13135
13128
13137
13131
13133
13130
13132
13122
13135
13125
13130
13133
13133
13136
13136
13135
13138
13134
13129
13133
13133
13130
13135
13134
13130
13137
13133
13130
13131
13134
13128
13125
13129
13132
13133
13134
13138
13149
13137
13135
13133
13130
13129
13132
13130
13130
13134
13130
13135
13132
13141
13139
13133
13137
13145
13143
13148
13150
13145
13150
13137
13136
13135
13135
13128
13128
13120
13123
13130
13124
13136
13138
13141
13142
13141
13136
13134
13142
13136
13139
13142
13143
13140
13136
13134
13136
13139
13141
13140
13131
13125
13127
13123
13129
13136
13137
13139
13141
13139
13144
13137
13141
13146
13150
13142
13139
13137
13131
13133
13134
13128
13125
13125
13135
13138
13135
13136
13136
13135
13128
13120
13119
13118
13126
13132
13134
13140
13134
13138
13134
13138
13135
13133
13136
13135
13140
13139
13133
13124
13129
13127
13120
13128
13117
13118
13122
13128
13127
13126
13136
13135
13139
13138
13134
13134
13132
13131
13140
13136
13132
13142
13145
13139
13142
13147
13142
13136
13140
13145
13143
13144
13145
13137
13141
13145
13136
13137
13132
13122
13129
13134
13136
13131
13127
13129
13125
13133
13133
13127
13126
13122
13136
13140
13144
13141
13148
13141
13149
13138
13134
13137
13130
13134
13126
13126
13133
13133
13136
13139
13134
13136
13140
13137
13137
13135
13138
13137
13136
13123
13128
13122
13123
13129
13127
13135
13134
13133
13132
13139
13141
13143
13128
13135
13137
13140
13133
13130
13133
13136
13136
13141
13142
13135
13127
13131
13132
13135
13136
13138
13135
13139
13144
13144
13141
13137
13133
13128
13121
13119
13133
13129
13136
13151
