13121
13120
13122
13124
13126
13130
13128
13132
13132
13134
13131
13125
13121
13125
13129
13142
13134
13130
13140
13142
13137
13135
13139
13141
13145
13139
13134
13135
13137
13134
13131
13128
13133
13136
13142
13138
13145
13136
13138
13148
13145
13139
13135
13134
13134
13138
13147
13148
13140
13141
13140
13130
13140
13138
13140
13148
13140
13139
13137
13136
13136
13140
13135
13134
13137
13141
13139
13133
13143
13138
13139
13142
13143
13137
13134
13134
13141
13129
13123
13137
13127
13126
13123
13122
13114
13123
13130
13133
13130
13133
13134
13136
13138
13135
13139
13137
13133
13128
13131
13129
13134
13135
13133
13139
13136
13139
13136
13132
13133
13133
13136
13141
13131
13130
13136
13138
13140
13135
13130
13138
13135
13137
13139
13142
13132
13134
13129
13129
13131
13139
13143
13134
13134
13137
13138
13139
13129
13127
13124
13122
13125
13132
13125
13132
13140
13138
13134
13127
13125
13122
13124
13133
13134
13139
13145
13139
13147
13143
13138
13137
13129
13139
13137
13131
13130
13124
13128
13134
13133
13138
13138
13131
13137
13141
13141
13140
13141
13134
13143
13134
13133
13132
13130
13144
13143
13147
13140
13132
13121
13122
13131
13138
13136
13137
13134
13133
13139
13130
13127
13128
13133
13137
13133
13134
13133
13134
13131
13136
13137
13139
13142
13144
13146
13144
13148
13151
13147
13140
13149
13140
13138
13141
13131
13133
13128
13126
13131
13130
13130
13124
13128
13135
13134
13138
13132
13130
13138
13135
13135
13138
13132
13131
13134
13122
13132
13128
13128
13132
13123
13118
13125
13123
13137
13133
13128
13135
13131
13133
13141
13137
13137
13148
13142
13149
13145
13143
13148
13148
13150
13146
13142
13139
13134
13135
13132
13127
13126
13123
13133
13134
13128
13123
13128
13126
13126
13124
13127
13128
13127
13132
13135
13129
13126
13128
13137
13135
13138
13135
13136
13129
13133
13138
13125
13121
13132
13125
13132
13140
13135
13138
13140
13140
13138
13141
13136
13141
13155
13145
13138
13142
13145
13145
13146
13141
13138
13139
13136
13136
13131
13134
13134
13132
13133
13126
13125
13129
13129
13122
13132
13127
13125
13126
13125
13134
13135
13134
13142
13135
13135
13133
13126
13128
13127
13124
13133
13135
13141
13131
13127
13135
13133
13133
13134
13138
13140
13142
13147
13150
13144
13148
13153
13150
13148
13147
13151
13152
13146
13135
13139
13131
13134
13139
13137
13136
13133
13131
13134
13134
13140
13128
13137
13137
13140
13137
13134
13133
13143
13134
13140
13140
13131
13128
13130
13126
13121
13128
13126
13134
13134
13137
13144
13142
13141
13142
13144
13140
13134
13134
13134
13132
13129
13127
13123
13128
13130
13137
13140
13139
13134
13140
13140
13147
13141
13139
13133
13139
13142
13132
13126
13132
13139
13136
13133
13122
13119
13123
13125
13128
13121
13129
13130
13129
13134
13128
13131
13141
13134
13131
13136
13129
13132
13136
13130
13132
13132
13122
13122
13119
13128
13121
13124
13119
13131
13126
13134
13122
13130
13121
13126
13133
13133
13128
13134
13133
13134
13132
13128
13121
13119
13117
13120
13127
13129
13133
13139
13140
13135
13121
13133
13127
13129
13104
12493
11522
10757
10297
9955
9736
9692
9698
9792
9895
10051
10187
10358
10461
10587
10644
10721
10803
10905
11008
11129
11232
11356
11458
11566
11651
11750
11826
11917
11985
12062
12122
12193
12257
12305
12347
12410
12440
12488
12538
12572
12601
12638
12666
12690
12712
12740
12753
12784
12808
12829
12846
12865
12887
12910
12919
12934
12948
12966
12971
12973
12985
12994
13009
13016
13020
13019
13022
13037
13041
13053
13055
13058
13067
13060
13053
13063
13071
13077
13087
13092
13089
13092
13100
13106
13109
13113
13110
13110
13105
13104
13100
13103
13106
13109
13108
13112
13118
13119
13113
13110
13114
13113
13108
13103
13109
13113
13119
13124
13119
13121
13121
13119
13129
13129
13129
13128
13128
13121
13125
13119
13123
13130
13130
13122
13122
13121
13126
13123
13128
13124
13131
13126
13122
13124
13119
13120
13124
13124
13122
13121
13127
13129
13134
13139
13142
13132
13130
13126
13122
13130
13125
13124
13123
13123
13125
13134
13135
13136
13145
13139
13139
13135
13129
13131
13123
13131
13125
13131
13136
13132
13130
13131
13132
13135
13133
13131
13142
13142
13135
13141
13139
13140
13134
13135
13136
13131
13136
13132
13133
13138
13138
13136
13138
13136
13130
13130
13126
13129
13134
13127
13124
13135
13136
13136
13132
13126
13126
13134
13138
13137
13147
13142
13137
13147
13135
13139
13144
13146
13145
13150
13146
13143
13142
13139
13143
13139
13137
13140
13133
13128
13126
13132
13136
13135
13132
13139
13137
13136
13137
13134
13134
13132
13135
13134
13131
13130
13131
13132
13131
13122
13126
13123
13134
13139
13133
13135
13139
13137
13147
13150
13149
13145
13135
13131
13125
13120
13113
13107
13110
13115
13118
13127
13135
13131
13127
13127
13125
13134
13145
13140
13142
13144
13141
13139
13143
13143
13139
13144
13144
13145
13139
13136
13134
13138
13127
13127
13132
13140
13140
13141
13142
13143
13137
13135
13145
13139
13139
13143
13139
13137
13145
13142
13144
13132
13126
13136
13133
13129
13143
13131
13141
13142
13141
13130
13133
13129
13134
13132
13132
13127
13131
13126
13131
13144
13136
13137
13142
13138
13131
13133
13131
13126
13125
13124
13131
13123
13126
13132
13132
13134
13136
13141
13140
13136
13135
13138
13134
13131
13134
13133
13136
13134
13135
13135
13131
13130
13130
13133
13138
13138
13137
13130
13133
13139
13132
13132
13128
13132
13136
13140
13139
13140
13140
13144
13153
13151
13148
13142
13138
13143
13144
13139
13145
13133
13135
13138
13135
13140
13144
13140
13138
13135
13135
13136
13133
13131
13127
13136
13140
13141
13139
13142
13151
13156
13149
13142
13144
13139
13140
13136
13133
13130
13131
13130
13136
13132
13133
13132
13133
13138
13135
13136
13140
13136
13136
13138
13126
13121
13126
13123
13127
13125
13127
13132
13139
13143
13142
13141
13136
13137
13132
13134
13132
13140
13132
13129
13131
13132
13137
13140
13144
13146
13142
13147
13145
13144
13138
13142
13139
13141
13143
13143
13143
13140
13132
13136
13130
13133
13142
13087
12970
12893
12846
12826
12818
12822
12831
12848
12864
12880
12892
12902
12911
12926
12927
12937
12950
12961
12978
12991
13001
13002
13013
13021
13029
13030
13047
13059
13061
13062
13065
13066
13079
13081
13084
13091
13092
13088
13097
13102
13104
13105
13109
13107
13113
13104
13108
