13130
13134
13133
13130
13126
13131
13138
13143
13134
13133
13137
13133
13132
13137
13132
13138
13136
13140
13136
13138
13143
13138
13140
13139
13128
13135
13131
13125
13138
13138
13136
13139
13136
13139
13134
13134
13132
13136
13136
13144
13140
13145
13153
13144
13142
13139
13130
13128
13125
13119
13125
13123
13126
13126
13122
13122
13125
13127
13134
13136
13132
13135
13134
13138
13139
13137
13143
13146
13155
13147
13147
13148
13141
13133
13125
13122
13123
13131
13138
13137
13138
13140
13145
13145
13140
13144
13144
13142
13134
13133
13143
13139
13127
13135
13124
13125
13120
13122
13114
13115
13115
13119
13119
13126
13125
13122
13118
13119
13122
13117
13119
13132
13131
13139
13140
13137
13137
13129
13130
13122
13113
13120
13122
13118
13121
13131
13131
13140
13134
13135
13139
13138
13139
13145
13133
13132
13132
13136
13140
13139
13139
13131
13131
13129
13131
13131
13136
13133
13132
13127
13127
13130
13134
13132
13132
13133
13138
13138
13135
13130
13129
13131
13132
13135
13129
13121
13127
13138
13134
13123
13134
13130
13133
13138
13141
13137
13145
13145
13144
13142
13149
13136
13134
13138
13134
13132
13135
13136
13151
13151
13148
13144
13152
13150
13148
13145
13144
13138
13139
13138
13134
13132
13133
13129
13130
13128
13129
13129
13128
13121
13134
13135
13128
13138
13132
13129
13133
13139
13141
13146
13147
13139
13134
13137
13138
13137
13127
13133
13138
13129
13119
13120
13119
13131
13136
13135
13136
13138
13139
13147
13144
13140
13142
13134
13140
13133
13122
13121
13117
13118
13120
13116
13118
13121
13120
13119
13121
13124
13119
13127
13133
13134
13133
13131
13133
13135
13141
13136
13141
13136
13131
13132
13129
13138
13137
13137
13137
13139
13135
13138
13126
13131
13127
13127
13123
13129
13131
13137
13134
13132
13129
13131
13129
13138
13132
13139
13140
13137
13140
13137
13131
13131
13127
13126
13126
13127
13125
13123
13131
13121
13123
13130
13125
13130
13118
13124
13119
13120
13113
13115
13112
13117
13119
13118
13121
13123
13130
13133
13134
13134
13143
13144
13136
13147
13143
13142
13133
13130
13130
13122
13122
13121
13120
13130
13125
13128
13123
13126
13136
13135
13138
13147
13142
13146
13143
13145
13145
13145
13140
13141
13141
13134
13137
13133
13130
13128
13124
13121
13123
13122
13124
13120
13121
13127
13123
13130
13132
13135
13128
13130
13126
13123
13126
13131
13131
13129
13129
13128
13140
13129
13125
13131
13124
13127
13116
13115
13114
13114
13127
13136
13131
13136
13129
13123
13119
13124
13129
13135
13131
13127
13141
13132
13133
13138
13131
13136
13138
13144
13151
13151
13148
13138
13150
13146
13136
13143
13143
13141
13138
13136
13133
13141
13141
13139
13130
13132
13131
13130
13125
13134
13131
13132
13134
13134
13138
13139
13135
13135
13134
13129
13134
13130
13135
13142
13139
13138
13144
13141
13142
13140
13140
13134
13140
13141
13138
13144
13141
13143
13148
13137
13141
13139
13138
13141
13130
13126
13135
13132
13134
13138
13133
13130
13136
13130
13127
13128
13125
13131
13127
13131
13135
13134
13137
13137
13137
13137
13140
13136
13141
13147
13152
13147
13143
13140
13148
13140
13139
12907
11928
10720
9857
9346
9038
8767
8706
8724
8854
8995
9185
9367
9587
9774
9989
10159
10347
10505
10679
10826
10985
11115
11258
11361
11483
11584
11677
11767
11856
11931
12021
12080
12153
12201
12261
12316
12378
12426
12469
12507
12553
12577
12609
12639
12671
12689
12722
12741
12772
12793
12816
12841
12851
12873
12894
12905
12921
12941
12956
12970
12968
12971
12986
12990
13004
13014
13023
13027
13039
13048
13053
13057
13054
13052
13062
13078
13079
13079
13082
13083
13091
13086
13089
13092
13087
13097
13103
13104
13110
13109
13108
13116
13111
13112
13110
13112
13115
13116
13113
13118
13115
13121
13130
13125
13120
13127
13124
13119
13129
13127
13127
13130
13135
13127
13129
13129
13128
13126
13122
13126
13132
13127
13123
13126
13118
13128
13122
13124
13127
13135
13134
13137
13136
13140
13138
13127
13131
13132
13130
13138
13137
13130
13138
13130
13133
13135
13132
13136
13138
13136
13138
13140
13137
13134
13139
13134
13128
13126
13126
13124
13133
13129
13123
13126
13130
13132
13138
13140
13145
13144
13150
13153
13146
13138
13143
13141
13145
13140
13143
13140
13136
13133
13129
13116
13116
13124
13119
13120
13121
13122
13123
13130
13131
13135
13137
13139
13136
13132
13131
13129
13134
13124
13126
13127
13132
13136
13136
13132
13131
13133
13133
13137
13138
13135
13132
13133
13136
13139
13139
13145
13149
13145
13154
13146
13142
13144
13133
13128
13132
13133
13126
13136
13138
13133
13133
13130
13126
13137
13137
13131
13146
13132
13127
13129
13126
13134
13134
13130
13133
13136
13130
13131
13123
13121
13123
13127
13131
13139
13137
13142
13141
13136
13146
13134
13136
13131
13014
12927
12870
12836
12822
12810
12818
12819
12835
12845
12865
12888
12896
12905
12921
12932
12943
12955
12970
12974
12993
13005
13007
13018
13024
13031
13030
13042
13047
13055
13061
13059
13066
13074
13080
13077
13092
13088
13087
13096
13093
13099
13101
13106
13107
13115
13117
13119
13119
13118
13126
13126
13127
13130
13136
13126
13120
13118
13117
13120
13115
13110
13111
13112
13119
13126
13123
13124
13125
13125
13134
13138
13129
13135
13137
13130
13133
13116
13122
13123
13124
13135
13139
13142
13148
13156
13163
13151
13149
13142
13147
13149
13140
13137
13147
13139
13142
13141
13137
13142
13140
13141
13144
13140
13134
13140
13139
13146
13145
13138
13145
13137
13136
13133
13134
13132
13142
13135
13125
13127
13126
13122
13127
13128
13126
13132
13131
13122
13128
13128
13130
13136
13135
13133
13145
13134
13133
13135
13135
13136
13134
13136
13129
13130
13128
13136
13139
13139
13145
13138
13138
13141
13146
13142
13138
13124
13136
13138
13140
13148
13142
13146
13149
13148
13145
13148
13151
13142
13138
13139
13132
13134
13130
13128
13138
13132
13131
13129
13120
13119
13122
13127
13135
13136
13138
13138
13132
13134
13140
13135
13131
13134
13136
13133
13122
13120
13129
13126
13130
13137
13129
13135
13133
13132
13128
13127
13125
13126
13127
13124
13124
13126
13128
13130
13134
13136
13136
13138
13139
13136
13138
13137
13140
13141
13145
13150
13142
13146
13157
13148
13150
13148
13141
13144
13143
13140
13151
13140
13141
13148
13149
13147
13151
13150
13143
13139
13137
13134
13132
13134
13123
13132
13128
13126
13140
13133
