13126
13136
13142
13138
13141
13152
13157
13151
13151
13147
13150
13142
13138
13138
13138
13144
13147
13143
13142
13141
13139
13139
13130
13138
13135
13137
13129
13131
13132
13135
13135
13137
13129
13132
13130
13138
13134
13133
13134
13143
13141
13138
13134
13133
13140
13139
13135
13141
13134
13128
13128
13131
13126
13125
13125
13128
13122
13114
13121
13119
13125
13122
13125
13127
13137
13142
13139
13140
13139
13135
13138
13138
13142
13144
13142
13137
13140
13144
13138
13140
13129
13134
13138
13134
13139
13139
13135
13140
13134
13135
13136
13134
13130
13138
13133
13135
13138
13141
13141
13133
13126
13134
13126
13133
13135
13131
13127
13133
13143
13137
13127
13135
13122
13132
13134
13136
13132
13139
13134
13138
13131
13136
13130
13135
13129
13134
13133
13129
13126
13123
13127
13127
13131
13141
13138
13135
13126
13129
13132
13130
13140
13138
13136
13142
13138
13130
13136
13134
13136
13135
13122
13133
13121
13123
13122
13131
13132
13135
13134
13138
13135
13142
13150
13140
13147
13152
13151
13144
13137
13132
13134
13127
13132
13138
13135
13149
13148
13146
13138
13130
13127
13126
13122
13130
13129
13130
13132
13127
13137
13134
13134
13132
13135
13138
13134
13135
13132
13131
13130
13140
13136
13136
13140
13135
13130
13135
13130
13136
13131
13127
13137
13131
13129
13131
13129
13132
13135
13137
13143
13146
13155
13146
13150
13145
13142
13141
13132
13130
13133
13118
13119
13121
13117
13125
13125
13124
13124
13128
13130
13132
13133
13138
13136
13140
13140
13136
13132
13139
13131
13132
13134
13126
13126
13127
13130
13136
13136
13133
13134
13145
13137
13133
13135
13135
13130
13134
13128
13123
13128
13136
13133
13136
13145
13147
13144
13138
13143
13146
13147
13139
13130
13133
13137
13138
13141
13143
13129
13140
13133
13133
13136
13128
13134
13133
13128
13134
13134
13129
13132
13138
13142
13139
13141
13145
13141
13138
13138
13133
13146
13135
13131
13136
13133
13131
13131
13134
13130
13131
13132
13131
13134
13137
13137
13124
13132
13132
13128
13135
13124
13122
13118
13111
13114
13115
13111
13125
13129
13135
13134
13133
13126
13131
13138
13140
13132
13134
13133
13137
13142
13134
13137
13139
13140
13133
13127
13126
13132
13134
13125
13125
13126
13123
13125
13134
13134
13133
13135
13138
13128
13123
13134
13127
13126
13133
13128
13128
13122
13117
13123
13121
13126
13124
13124
13133
13136
13133
13134
13126
13142
13134
13136
13135
13134
13133
13134
13136
13142
13132
13135
13139
13128
13135
13137
13132
13138
13142
13147
13150
13145
13139
13147
13141
13138
13138
13134
13137
13143
13150
13147
13145
13150
13143
13141
13141
13128
13130
13130
13137
13145
13138
13139
13139
13139
13143
13139
13139
13141
13132
13129
13132
13129
13138
13141
13144
13143
13146
13139
13138
13126
13130
13131
13128
13127
13131
13126
13132
13138
13135
13139
13134
13131
13135
13137
13135
13130
13129
13130
13134
13137
13127
13130
13134
13126
13132
13131
13132
13137
13141
13137
13133
13133
13138
13137
13133
13136
13134
13131
13137
13129
13124
13130
13125
13130
13135
13141
13139
13150
13143
13137
13139
13137
13138
13143
13150
12982
12249
11490
10751
10329
10089
10001
9991
10060
10143
10279
10399
10550
10677
10826
10958
11103
11223
11347
11444
11560
11660
11767
11850
11934
12006
12083
12143
12217
12271
12329
12380
12425
12465
12512
12548
12588
12619
12659
12688
12719
12741
12758
12783
12811
12814
12838
12853
12868
12885
12907
12921
12939
12948
12957
12966
12979
12990
13006
13009
13011
13013
13023
13033
13037
13035
13048
13050
13059
13063
13062
13068
13077
13077
13083
13086
13088
13091
13090
13095
13093
13100
13100
13110
13116
13110
13105
13115
13111
13111
13113
13117
13118
13118
13113
13119
13114
13119
13126
13127
13126
13126
13129
13136
13129
13131
13142
13136
13137
13147
13144
13139
13142
13138
13140
13133
13129
13122
13120
13118
13119
13130
13129
13122
13124
13126
13126
13135
13133
13135
13125
13124
13125
13129
13126
13135
13126
13132
13133
13125
13127
13123
13129
13135
13129
13126
13134
13123
13128
13134
13125
13133
13129
13133
13144
13144
13145
13137
13140
13138
13130
13131
13125
13128
13128
13121
13123
13129
13129
13126
13130
13136
13138
13137
13133
13138
13134
13138
13138
13131
13129
13132
13136
13138
13134
13132
13142
13137
13136
13138
13136
13133
13130
13132
13132
13134
13134
13127
13127
13133
13134
13133
13133
13128
13134
13125
13125
13137
13135
13135
13142
13139
13138
13137
13140
13139
13133
13142
13146
13146
13143
13146
13147
13145
13143
13137
13134
13132
13134
13139
13125
13130
13127
13130
13127
13138
13135
13132
13131
13135
13128
13125
13125
13128
13135
13128
13133
13134
13131
13137
13142
13137
13132
13130
13128
13134
13133
13141
13141
13141
13137
13133
13132
13136
13133
13125
13132
13129
13131
13136
13126
13130
13134
13134
13134
13133
13128
13130
13131
13133
13126
13122
13120
13120
13125
13116
13120
13128
13121
13121
13123
13124
13127
13134
13133
13135
13129
13134
13131
13132
13129
13133
13128
13128
13123
13118
13124
13133
13126
13131
13127
13125
13126
13128
13138
13135
13139
13137
13140
13138
13132
13122
13122
13121
13131
13127
13126
13129
13134
13133
13137
13138
13137
13141
13141
13139
13134
13129
13127
13125
13130
13127
13128
13135
13136
13138
13141
13137
13135
13143
13140
13137
13136
13136
13134
13135
13138
13138
13140
13138
13134
13135
13131
13132
13142
13141
13135
13139
13142
13141
13137
13138
13143
13137
13137
13139
13144
13143
13141
13139
13137
13140
13137
13141
13135
13124
13138
13130
13126
13130
13129
13131
13134
13138
13138
13135
13137
13135
13133
13142
13139
13140
13137
13138
13145
13137
13133
13135
13132
13135
13134
13132
13132
13130
13131
13125
13125
13120
13124
13122
13123
13125
13129
13127
13124
13118
13125
13124
13120
13126
13134
13133
13135
13138
13137
13134
13143
13142
13141
13141
13140
13139
13135
13135
13136
13128
13125
13143
13144
13144
13142
13143
13141
13140
13144
13147
13135
13142
13138
13137
13137
13131
13136
13145
13143
13140
13141
13135
13134
13131
13124
13129
13134
13134
13131
13124
13124
13121
13127
13130
13134
13132
13132
13128
13135
13128
13123
13124
13126
13126
13129
13125
13127
13123
13127
13123
13117
13121
13122
13120
13123
13124
13123
13124
13113
13111
13118
13109
13114
13120
13120
13123
13126
13129
13127
13128
13137
13135
13131
13138
13131
13128
13126
13120
13126
13125
