13146
13142
13147
13148
13142
13138
13137
13131
13126
13123
13128
13131
13138
13132
13137
13138
13134
13136
13136
13134
13129
13128
13130
13135
13125
13129
13134
13131
13137
13140
13141
13146
13142
13139
13141
13129
13122
13130
13122
13123
13134
13137
13133
13125
13126
13122
13126
13127
13125
13127
13128
13137
13142
13141
13139
13138
13134
13137
13141
13143
13143
13146
13151
13147
13136
13139
13141
13137
13143
13145
13144
13138
13135
13134
13137
13127
13124
13132
13130
13133
13138
13133
13140
13138
13140
13140
13138
13139
13129
13130
13132
13133
13135
13134
13127
13129
13131
13134
13137
13132
13139
13134
13134
13130
13123
13132
13129
13124
13131
13139
13138
13141
13139
13138
13144
13135
13135
13134
13134
13129
13127
13129
13126
13134
13138
13135
13139
13138
13139
13136
13125
13131
13136
13127
13122
13123
13128
13124
13127
13122
13127
13135
13133
13144
13137
13140
13138
13132
13125
13127
13125
13123
13126
13121
13131
13131
13133
13145
13137
13141
13139
13132
13128
13126
13128
13125
13136
13140
13138
13129
13134
13122
13130
13109
13117
13119
13124
13137
13137
13134
13134
13138
13137
13138
13132
13137
13141
13142
13148
13146
13143
13144
13147
13144
13146
13130
13131
13140
13140
13138
13145
13139
13144
13145
13146
13147
13150
13142
13146
13143
13136
13127
13125
13119
13124
13130
13132
13138
13134
13143
13140
13135
13133
13135
13121
13123
13125
13130
13134
13137
13135
13141
13135
13133
13147
13142
13142
13147
13146
13147
13138
13140
13134
13134
13132
13123
13119
13127
13129
13132
13129
13129
13131
13132
13126
13131
13135
13138
13142
13144
13146
13142
13141
13140
13138
13135
13127
13128
13128
13132
13132
13137
13138
13138
13143
13131
13133
13140
13133
13140
13144
13146
13149
13144
13152
13146
13144
13142
13141
13138
13136
13137
13145
13138
13134
13140
13135
13134
13129
13131
13126
13128
13134
13138
13135
13139
13147
13139
13141
13136
13134
13140
13140
13140
13140
13139
13132
13136
13126
13126
13123
13120
13124
13132
13134
13132
13138
13140
13140
13135
13136
13133
13136
13127
13125
13125
13124
13126
13126
13118
13122
13125
13127
13123
13123
13128
13128
13131
13132
13133
13131
13135
13128
13122
13129
13123
13133
13136
13132
13138
13142
13143
13140
13144
13146
13147
13143
13147
13147
13147
13140
13136
13134
13135
13129
13130
13134
13133
13131
13141
13139
13138
13142
13142
13134
13138
13139
13142
13142
13137
13131
13141
13142
13133
13137
13133
13124
13132
13117
13116
13123
13120
13126
13133
13129
13132
13134
13139
13139
13136
13141
13130
13135
13125
13127
13134
13131
13138
13146
13151
13152
13143
13138
13142
13136
13138
13141
13140
13144
13141
13141
13142
13137
13135
13139
13135
13137
13140
13144
13138
13138
13139
13136
13133
13137
13133
13135
13139
13144
13141
13144
13146
13148
13149
13149
13146
13140
13139
13141
13143
13147
13148
13144
13150
13143
13154
13157
13151
13149
13152
13142
13140
13133
13129
13141
13137
13129
13132
13125
13127
13126
13124
13132
13131
13136
13138
13137
13139
13132
13134
13128
13126
13128
13120
13124
13123
13119
13118
13123
13121
13125
13125
13122
13102
12701
12171
11692
11036
10623
10387
10294
10278
10337
10409
10540
10646
10794
10914
11044
11162
11291
11397
11515
11612
11709
11795
11884
11962
12034
12096
12165
12218
12281
12332
12387
12432
12483
12523
12561
12596
12634
12669
12705
12731
12751
12777
12794
12808
12833
12846
12858
12879
12891
12906
12923
12927
12942
12963
12976
12985
12988
12995
13012
13014
13017
13020
13023
13034
13040
13050
13051
13062
13077
13080
13088
13094
13088
13088
13088
13091
13099
13103
13107
13110
13102
13101
13107
13107
13110
13112
13112
13119
13127
13120
13118
13116
13118
13127
13125
13121
13124
13117
13123
13124
13119
13115
13122
13122
13129
13129
13129
13125
13128
13134
13128
13132
13131
13125
13137
13141
13138
13137
13141
13134
13127
13132
13129
13123
13124
13121
13118
13124
13119
13117
13129
13125
13121
13129
13119
13122
13124
13125
13129
13123
13122
13124
13127
13131
13122
13130
13126
13129
13131
13127
13127
13129
13126
13128
13131
13135
13133
13138
13139
13136
13133
13133
13134
13134
13137
13133
13137
13139
13137
13132
13142
13135
13131
13132
13129
13136
13132
13132
13133
13137
13132
13138
13134
13139
13141
13137
13140
13138
13138
13140
13134
13137
13129
13134
13133
13130
13130
13131
13125
13136
13136
13143
13144
13133
13132
13126
13133
13138
13132
13132
13148
13139
13140
13138
13142
13143
13144
13146
13138
13134
13129
13122
13128
13128
13129
13122
13126
13121
13119
13119
13118
13122
13115
13120
13120
13132
13128
13131
13128
13131
13128
13127
13123
13121
13119
13121
13133
13132
13129
13132
13139
13140
13137
13133
13134
13139
13145
13140
13138
13126
13134
13133
13137
13139
13145
13138
13137
13138
13140
13133
13131
13133
13137
13134
13130
13130
13142
13144
13144
13140
13142
13137
13138
13130
13136
13138
13141
13140
13136
13132
13134
13130
13125
13124
13126
13131
13129
13130
13135
13135
13141
13138
13136
13136
13142
13144
13140
13140
13157
13146
13141
13051
12941
12879
12841
12820
12819
12818
12830
12842
12857
12873
12886
12888
12909
12919
12935
12947
12957
12970
12988
12991
12993
13005
13010
13025
13031
13034
13045
13049
13051
13059
13061
13073
13074
13076
13084
13088
13096
13097
13096
13097
13098
13101
13096
13100
13104
13106
13113
13115
13110
13111
13112
13113
13116
13119
13115
13121
13117
13122
13133
13134
13132
13131
13130
13131
13128
13126
13117
13117
13121
13120
13121
13127
13116
13114
13116
13110
13115
13123
13119
13122
13113
13115
13115
13116
13117
13119
13125
13128
13124
13134
13139
13135
13145
13143
13137
13144
13138
13142
13153
13141
13142
13143
13143
13146
13142
13134
13131
13129
13130
13124
13128
13142
13143
13144
13147
13145
13153
13138
13130
13132
13133
13133
13134
13133
13137
13142
13139
13146
13136
13125
13126
13118
13119
13127
13129
13127
13129
13130
13133
13129
13120
13123
13126
13132
13131
13132
13135
13140
13139
13137
13136
13132
13132
13132
13134
13130
13135
13129
13125
13127
13126
13126
13133
13127
13126
13124
13123
13126
13122
13126
13123
13122
13120
13115
13110
13119
13117
13118
13133
13128
13129
13141
13135
13136
13141
13136
13133
13124
13014
12916
12856
12824
12810
12803
12809
12781
12768
12754
12761
12773
12788
12807
12827
12814
12780
12764
12760
12766
12775
12795
12811
12827
12848
12864
