13140
13142
13133
13136
13136
13142
13139
13142
13132
13138
13139
13137
13142
13141
13136
13142
13135
13128
13125
13121
13129
13127
13120
13124
13130
13129
13129
13134
13139
13141
13146
13150
13151
13152
13150
13146
13147
13139
13134
13132
13138
13142
13132
13140
13136
13138
13132
13135
13122
13136
13134
13132
13139
13142
13148
13161
13158
13155
13157
13145
13143
13139
13133
13131
13130
13131
13133
13129
13130
13130
13135
13132
13131
13132
13132
13129
13134
13130
13129
13128
13129
13135
13130
13131
13129
13130
13123
13126
13122
13116
13123
13115
13117
13116
13118
13128
13126
13120
13133
13134
13146
13152
13154
13159
13158
13156
13150
13146
13138
13132
13135
13138
13128
13129
13126
13121
13124
13120
13123
13128
13130
13135
13140
13144
13148
13144
13142
13137
13136
13141
13145
13140
13133
13136
13129
13130
13126
13123
13127
13122
13124
13133
13130
13135
13137
13138
13140
13138
13139
13137
13140
13140
13144
13146
13144
13134
13137
13132
13133
13129
13137
13134
13131
13132
13132
13122
13122
13123
13118
13130
13139
13128
13131
13132
13133
13133
13133
13125
13130
13128
13133
13140
13134
13131
13126
13129
13132
13134
13134
13129
13129
13134
13132
13135
13128
13127
13135
13131
13133
13139
13135
13139
13142
13138
13139
13135
13134
13138
13129
13135
13141
13132
13129
13132
13135
13137
13141
13135
13140
13137
13130
13139
13134
13132
13135
13141
13138
13141
13138
13138
13132
13138
13140
13137
13130
13132
13137
13128
13129
13136
13131
13130
13131
13128
13131
13126
13126
13128
13117
13125
13126
13131
13131
13131
13137
13140
13140
13136
13140
13130
13130
13135
13127
13132
13133
13137
13135
13135
13139
13126
13131
13127
13128
13118
13122
13124
13125
13125
13132
13133
13135
13137
13142
13138
13128
13130
13138
13137
13133
13129
13131
13126
13123
13122
13118
13122
13126
13133
13145
13140
13142
13147
13136
13138
13148
13147
13143
13141
13146
13142
13143
13144
13143
13140
13134
13137
13140
13134
13138
13141
13140
13139
13136
13135
13134
13142
13138
13138
13134
13141
13142
13138
13140
13137
13140
13145
13143
13136
13138
13131
13127
13129
13133
13130
13130
13133
13130
13134
13136
13138
13134
13137
13142
13140
13141
13138
13140
13140
13144
13143
13137
13141
13136
13133
13137
13135
13132
13133
13123
13132
13140
13141
13140
13138
13138
13135
13134
13133
13133
13127
13125
13134
13133
13136
13138
13146
13137
13138
13133
13129
13127
13137
13137
13137
13136
13138
13142
13148
13144
13145
13151
13149
13147
13149
13145
13146
13154
13155
13140
13136
13135
13137
13135
13136
13141
13147
13139
13137
13139
13126
13120
13128
13126
13128
13138
13128
13130
13133
13133
13133
13129
13134
13131
13128
13127
13125
13125
13120
13122
13129
13125
13132
13134
13131
13133
13135
13125
13129
13131
13130
13132
13130
13137
13130
13126
13136
13129
13122
13128
13130
13125
13136
13137
13147
13157
13157
13147
13144
13139
13134
13139
13148
13156
13147
13148
13143
13145
13142
13138
13139
13135
13142
13144
13077
12951
12879
12839
12819
12814
12816
12823
12833
12853
12864
12874
12901
12909
12923
12941
12949
12959
12966
12969
12987
13003
13008
12943
12604
12346
11977
11715
11473
11316
11236
11232
11261
11323
11390
11458
11477
11524
11581
11656
11710
11790
11865
11944
11991
11935
11915
11912
11814
11788
11791
11750
11679
11672
11691
11741
11789
11851
11912
11978
12033
12098
12151
12211
12267
12330
12378
12431
12476
12526
12553
12589
12618
12659
12682
12712
12738
12769
12783
12805
12818
12839
12866
12879
12896
12896
12911
12925
12944
12957
12970
12980
13002
13016
13017
13033
13032
13038
13045
13050
13058
13062
13058
13068
13069
13074
13071
13075
13075
13073
13082
13088
13094
13098
13093
13099
13100
13098
13099
13099
13102
13100
13109
13112
13130
13117
13125
13126
13125
13125
13122
13120
13130
13126
13117
13121
13117
13112
13128
13129
13129
13129
13131
13128
13124
13121
13120
13123
13127
13128
13134
13129
13121
13127
13127
13132
13136
13136
13138
13137
13140
13145
13143
13135
13130
13126
13132
13130
13125
13131
13134
13136
13139
13132
13134
13132
13128
13125
13137
13129
13131
13127
13136
13137
13141
13144
13140
13140
13145
13142
13140
13135
13137
13143
13137
13136
13135
13134
13132
13129
13128
13123
13122
13113
13118
13117
13127
13126
13122
13130
13132
13127
13135
13127
13124
13127
13119
13115
13122
13125
13134
13138
13131
13127
13125
13127
13130
13127
13128
13120
13130
13124
13124
13122
13126
13123
13129
13123
13124
13121
13126
13126
13124
13125
13131
13124
13128
13131
13134
13134
13138
13132
13137
13137
13129
13129
13122
13125
13136
13131
13126
13129
13128
13129
13131
13140
13136
13137
13138
13139
13133
13133
13130
13137
13130
13133
13130
13129
13129
13131
13135
13130
13134
13132
13141
13143
13144
13142
13140
13143
13135
13136
13142
13140
13137
13143
13137
13134
13134
13134
13139
13143
13138
13135
13139
13139
13134
13131
13130
13130
13128
13122
13118
13119
13117
13124
13128
13133
13138
13146
13144
13139
13137
13125
13129
13123
13128
13129
13130
13123
13124
13118
13124
13121
13116
13125
13122
13128
13136
13134
13135
13133
13135
13136
13133
13137
13133
13129
13131
13132
13140
13134
13133
13131
13127
13130
13134
13130
13122
13128
13138
13139
13139
13139
13142
13140
13147
13141
13134
13135
13135
13138
13140
13126
13124
13130
13123
13127
13130
13119
13121
13130
13130
13129
13131
13133
13131
13126
13131
13124
13127
13128
13125
13136
13130
13131
13132
13139
13136
13138
13137
13131
13129
13132
13130
13119
13125
13129
13132
13137
13132
13129
13136
13128
13129
13135
13135
13125
13126
13116
13124
13123
13126
13126
13128
13132
13127
13121
13128
13129
13135
13138
13132
13146
13141
13138
13130
13137
13138
13134
13137
13130
13130
13129
13138
13140
13150
13150
13139
13142
13140
13134
13141
13146
13137
13146
13132
13123
13123
13124
13129
13128
13126
13129
13136
13134
13130
13131
13138
13133
13135
13135
13131
13137
13138
13136
13141
13146
13146
13142
13146
13144
13143
13140
13143
13141
13145
13143
13134
13137
13133
13130
13125
13124
13118
13129
13124
13129
13120
13128
13129
13128
13136
13137
13137
13139
13135
13145
13141
13143
13143
13147
13143
13149
13142
13144
13141
13140
13135
13129
13122
13124
13122
13121
13122
13116
13123
13130
13127
13123
13131
13132
13137
13130
13136
13139
13130
13125
13127
13126
13129
13135
13140
13140
13141
13145
13147
