13143
13141
13140
13137
13136
13132
13134
13129
13127
13127
13132
13129
13134
13138
13146
13141
13140
13139
13138
13137
13142
13135
13131
13132
13133
13138
13133
13136
13143
13142
13142
13144
13144
13143
13143
13139
13132
13133
13128
13131
13125
13130
13134
13137
13142
13148
13145
13145
13142
13137
13146
13134
13138
13140
13141
13139
13143
13134
13131
13128
13127
13119
13127
13129
13134
13133
13134
13137
13140
13137
13140
13144
13149
13148
13151
13147
13151
13145
13141
13136
13129
13131
13129
13130
13133
13136
13138
13142
13138
13138
13134
13131
13134
13137
13136
13138
13135
13119
13116
13118
13121
13135
13129
13134
13134
13132
13134
13133
13134
13128
13123
13141
13143
13140
13141
13140
13134
13137
13139
13136
13134
13143
13142
13133
13132
13135
13140
13142
13140
13140
13147
13152
13152
13152
13148
13141
13150
13142
13140
13137
13136
13131
13129
13127
13126
13126
13128
13131
13138
13138
13138
13138
13140
13137
13131
13136
13130
13134
13133
13133
13126
13130
13135
13128
13133
13134
13128
13140
13134
13135
13146
13139
13127
13127
13126
13129
13134
13127
13132
13135
13139
13133
13120
13125
13131
13131
13132
13123
13125
13123
13125
13134
13128
13129
13135
13135
13129
13132
13135
13138
13137
13139
13143
13136
13135
13136
13140
13145
13136
13130
13140
13139
13132
13134
13129
13133
13137
13145
13150
13141
13141
13134
13131
13132
13126
13132
13135
13131
13139
13138
13134
13130
13127
13131
13121
13124
13123
13122
13124
13127
13122
13127
13126
13126
13132
13138
13136
13142
13133
13131
13141
13138
13131
13129
13130
13137
13140
13146
13144
13143
13150
13147
13152
13156
13153
13144
13140
13139
13150
13142
13134
13143
13140
13132
13140
13135
13133
13135
13136
13138
13138
13135
13144
13142
13137
13134
13130
13127
13123
13116
13128
13130
13127
13137
13135
13134
13134
13138
13137
13142
13143
13139
13141
13139
13139
13137
13131
13128
13137
13132
13131
13125
13129
13133
13135
13135
13139
13143
13138
13130
13122
13124
13129
13123
13128
13128
13128
13135
13126
13122
13127
13115
13129
13136
13133
13140
13148
13147
13144
13138
13138
13135
13136
13138
13134
13135
13140
13132
13135
13129
13118
13126
13126
13131
13129
13128
13135
13135
13133
13132
13126
13130
13134
13132
13137
13138
13137
13138
13137
13133
13136
13134
13136
13136
13136
13135
13136
13140
13146
13139
13145
13146
13146
13144
13142
13135
13136
13137
13136
13130
13130
13137
13136
13132
13130
13132
13125
13134
13134
13135
13131
13132
13138
13142
13144
13144
13150
13143
13140
13131
13137
13129
13137
13139
13133
13137
13134
13136
13137
13134
13135
13128
13128
13134
13127
13126
13130
13130
13136
13131
13129
13136
13138
13141
13137
13131
13135
13137
13136
13138
13124
13123
13125
13119
13125
13120
13122
13128
13122
13118
13124
13122
13123
13130
13130
13129
13137
13137
13142
13135
13139
13134
13136
13129
13129
13127
13132
13130
13136
13126
13124
13130
13133
13129
13126
13127
13126
13123
13124
13127
13124
13115
13129
13123
13118
13126
13125
13127
13125
13120
13131
13128
13132
13137
13135
13136
13134
13129
13130
13124
13124
13125
13134
13138
13085
12666
12015
11426
10884
10540
10382
10316
10348
10404
10512
10612
10748
10866
11009
11123
11252
11360
11482
11575
11683
11770
11867
11943
12023
12074
12152
12206
12268
12330
12381
12432
12467
12498
12533
12571
12604
12638
12672
12703
12730
12756
12788
12804
12826
12838
12863
12884
12908
12922
12935
12939
12950
12970
12973
12981
12989
12997
13016
13020
13021
13025
13033
13039
13046
13046
13064
13066
13072
13078
13082
13080
13080
13084
13094
13096
13096
13096
13100
13107
13105
13109
13116
13112
13116
13117
13122
13118
13113
13107
13123
13123
13122
13124
13126
13123
13119
13122
13128
13125
13121
13117
13115
13116
13102
13103
13106
13107
13116
13120
13118
13127
13125
13135
13133
13129
13133
13128
13135
13139
13134
13139
13134
13132
13141
13133
13132
13132
13132
13145
13144
13142
13132
13139
13135
13135
13128
13127
13134
13128
13133
13127
13130
13137
13131
13126
13134
13138
13138
13139
13138
13137
13140
13132
13136
13129
13136
13135
13133
13137
13131
13128
13133
13125
13122
13117
13119
13137
13128
13131
13127
13122
13123
13134
13131
13138
13132
13136
13133
13132
13138
13133
13133
13135
13133
13133
13135
13134
13132
13137
13129
13133
13135
13134
13130
13129
13133
13132
13130
13141
13137
13135
13139
13138
13147
13143
13130
13135
13128
13124
13116
13115
13117
13125
13131
13130
13126
13124
13129
13130
13128
13131
13130
13137
13130
13127
13133
13135
13134
13138
13138
12988
12772
12641
12563
12424
12319
12262
12245
12214
12199
12191
12219
12254
12302
12335
12381
12422
12472
12510
12488
12458
12452
12454
12475
12498
12528
12555
12595
12625
12659
12686
12710
12739
12763
12774
12796
12812
12832
12846
12865
12884
12908
12918
12937
12946
12960
12971
12995
13001
13010
13017
13023
13024
13038
13039
13048
13058
13060
13065
13071
13076
13076
13083
13092
13093
13086
13092
13094
13089
13101
13102
13107
13113
13117
13110
13110
13109
13113
13109
13114
13115
13122
13128
13136
13142
13144
13138
13140
13133
13125
13117
13119
13120
13117
13117
13126
13135
13139
13134
13137
13141
13137
13132
13130
13136
13125
13131
13132
13131
13130
13134
13130
13135
13138
13139
13143
13142
13142
13145
13133
13120
13120
13122
13115
13114
13116
13121
13121
13115
13121
13130
13130
13130
13139
13128
13127
13132
13134
13137
13142
13145
13142
13140
13134
13139
13133
13133
13135
13136
13136
13141
13140
13140
13133
13127
13131
13125
13125
13138
13132
13134
13139
13138
13146
13145
13146
13142
13150
13150
13149
13142
13137
13132
13139
13129
13117
13117
13121
13130
13131
13138
13133
13133
13129
13134
13128
13126
13127
13126
13135
13135
13129
13142
13137
13132
13137
13133
13134
13148
13139
13136
13134
13132
13124
13132
13132
13131
13130
13132
13134
13137
13134
13132
13137
13141
13139
13142
13143
13142
13139
13138
13143
13139
13142
13150
13142
13141
13141
13136
13131
13135
13133
13137
13126
13124
13128
13126
13131
13136
13127
13132
13133
13138
13142
13144
13140
13139
13141
13138
13132
13135
13133
13135
13139
13131
13125
13133
13130
13135
13131
13125
13129
13133
13132
13137
13128
13129
13123
13116
13131
13132
13127
13133
13132
13129
13142
13138
13140
13141
13134
13132
13134
13138
13138
13133
13134
13130
13136
13138
13137
13132
13126
13126
13127
13120
