13130
13138
13130
13130
13126
13117
13124
13133
13134
13136
13133
13134
13137
13133
13134
13139
13137
13136
13133
13132
13137
13138
13132
13138
13139
13138
13139
13137
13138
13140
13135
13137
13130
13124
13125
13120
13122
13126
13125
13131
13134
13130
13135
13131
13138
13132
13136
13141
13139
13138
13129
13129
13133
13131
13128
13132
13135
13138
13138
13137
13140
13142
13136
13137
13134
13144
13134
13136
13138
13141
13140
13142
13137
13138
13145
13137
13135
13134
13136
13138
13134
13135
13143
13136
13142
13132
13133
13128
13132
13136
13139
13134
13136
13125
13132
13134
13134
13134
13120
13118
13122
13128
13128
13135
13128
13137
13137
13140
13141
13138
13142
13141
13140
13131
13135
13128
13137
13133
13128
13126
13125
13130
13129
13122
13124
13117
13117
13119
13121
13119
13120
13122
13131
13126
13136
13132
13131
13136
13136
13137
13143
13141
13145
13146
13138
13138
13139
13136
13145
13140
13140
13145
13138
13134
13132
13130
13136
13138
13135
13132
13129
13126
13125
13125
13124
13116
13118
13126
13127
13124
13117
13121
13137
13132
13126
13127
13129
13127
13131
13129
13130
13132
13131
13126
13123
13123
13129
13132
13137
13138
13136
13136
13129
13121
13127
13126
13127
13137
13142
13137
13134
13135
13131
13134
13129
13127
13127
13132
13140
13138
13128
13128
13137
13137
13138
13141
13146
13144
13138
13140
13137
13135
13133
13135
13131
13127
13127
13132
13125
13122
13129
13135
13125
13122
13140
13135
13137
13147
13141
13142
13142
13138
13137
13137
13136
13136
13138
13140
13134
13128
13111
13118
13124
13114
13113
13126
13124
13143
13146
13146
13154
13147
13149
13151
13144
13138
13135
13131
13123
13131
13130
13134
13140
13139
13154
13145
13147
13144
13142
13145
13139
13143
13148
13138
13140
13137
13139
13145
13146
13147
13141
13135
13145
13142
13139
13140
13133
13132
13130
13123
13123
13132
13134
13137
13130
13131
13134
13138
13135
13130
13131
13132
13129
13125
13130
13120
13120
13125
13129
13138
13139
13140
13145
13139
13136
13127
13131
13137
13140
13139
13140
13135
13135
13132
13137
13142
13140
13139
13144
13141
13151
13150
13147
13147
13135
13136
13140
13139
13141
13140
13134
13141
13139
13134
13140
13134
13127
13135
13125
13132
13134
13137
13132
13131
13142
13134
13133
13130
13133
13126
13138
13138
13139
13139
13133
13137
13140
13138
13135
13129
13131
13134
13133
13143
13136
13136
13140
13134
13138
13137
13136
13143
13138
13136
13130
13128
13128
13129
13131
13132
13134
13130
13132
13137
13140
13132
13126
13122
13121
13122
13124
13116
13119
13123
13121
13114
13117
13118
13124
13125
13129
13129
13134
13137
13134
13137
13135
13141
13139
13136
13129
13135
13132
13125
13133
13131
13129
13129
13126
13127
13130
13130
13124
13125
13134
13130
13133
13131
13132
13136
13141
13133
13134
13135
13137
13144
13147
13147
13143
13141
13141
13138
13137
13137
13132
13134
13138
13138
13140
13139
13147
13156
13153
13145
13152
13144
13143
13138
13136
13135
13140
13138
13141
13132
13121
13117
13119
13122
13125
13130
13128
13132
13137
13133
13132
13137
13133
13138
13132
13140
13136
13135
12908
12056
11233
10741
10356
10110
10031
10011
10090
10180
10307
10427
10581
10711
10865
10987
11126
11241
11361
11467
11578
11657
11698
11665
11697
11729
11785
11836
11898
11953
12021
12076
12137
12185
12246
12303
12356
12407
12459
12503
12550
12587
12621
12645
12677
12704
12730
12754
12772
12793
12818
12837
12859
12880
12892
12916
12926
12941
12954
12957
12965
12978
12988
12986
12993
13010
13011
13018
13025
13027
13045
13052
13053
13059
13068
13070
13074
13079
13081
13087
13090
13095
13089
13097
13095
13100
13106
13105
13108
13116
13113
13107
13109
13101
13102
13104
13107
13113
13117
13114
13121
13130
13138
13135
13133
13126
13126
13120
13117
13117
13125
13122
13121
13126
13129
13132
13131
13132
13128
13125
13129
13132
13126
13131
13137
13124
13122
13130
13129
13134
13135
13135
13142
13141
13138
13136
13135
13121
13125
13126
13131
13136
13139
13136
13135
13140
13140
13139
13144
13149
13153
13151
13146
13144
13141
13144
13142
13144
13148
13145
13138
13141
13131
13123
13130
13124
13132
13132
13132
13136
13138
13138
13145
13133
13132
13140
13141
13137
13140
13137
13136
13135
13140
13134
13129
13134
13128
13128
13130
13124
13126
13121
13129
13129
13131
13123
13130
13131
13142
13137
13132
13138
13137
13138
13136
13129
13132
13133
13129
13132
13132
13122
13127
13128
13122
13123
13125
13127
13130
13135
13136
13134
13138
13138
13143
13147
13149
13144
13143
13147
13150
13144
13142
13140
13137
13132
13131
13128
13130
13121
13119
13119
13124
13125
13126
13129
13130
13128
13122
13132
13127
13134
13136
13132
13134
13138
13140
13138
13136
13140
13136
13139
13139
13133
13128
13135
13137
13138
13133
13133
13133
13131
13120
13127
13124
13133
13132
13129
13130
13130
13130
13136
13137
13134
13137
13132
13136
13143
13134
13145
13141
13141
13154
13148
13140
13147
13140
13142
13136
13133
13130
13135
13134
13125
13129
13130
13127
13128
13131
13132
13130
13125
13128
13129
13127
13125
13125
13122
13126
13126
13133
13136
13134
13142
13141
13140
13140
13141
13140
13138
13129
13126
13132
13131
13133
13134
13135
13132
13133
13138
13138
13137
13144
13137
13138
13137
13132
13135
13127
13124
13130
13126
13124
13133
13137
13134
13134
13142
13145
13143
13148
13148
13140
13140
13134
13139
13146
13146
13152
13157
13147
13139
13154
13146
13148
13148
13143
13133
13141
13140
13142
13142
13146
13136
13136
13136
13133
13138
13137
13139
13144
13149
13147
13141
13141
13138
13140
13147
13145
13147
13148
13144
13140
13133
13133
13124
13122
13124
13124
13135
13133
13134
13139
13129
13128
13131
13130
13134
13136
13135
13134
13132
13129
13127
13133
13139
13134
13124
13123
13129
13137
13131
13129
13132
13132
13139
13142
13146
13147
13145
13145
13146
13146
13149
13144
13147
13147
13141
13136
13146
13135
13129
13135
13135
13138
13138
13127
13130
13133
13136
13138
13135
13134
13128
13126
13131
13127
13132
13135
13137
13139
13138
13138
13138
13136
13139
13131
13134
13135
13147
13140
13139
13141
13147
13149
13146
13146
13146
13153
13159
13153
13148
13156
13147
13151
13149
13142
13140
13148
13151
13154
13143
13149
13142
13146
13150
13146
13141
13139
13132
13132
13128
13126
13140
13139
13136
13135
13126
13132
13130
13124
13131
13127
13142
13142
13133
13135
13134
