13149
13151
13152
13150
13145
13144
13144
13145
13134
13137
13141
13138
13138
13134
13133
13137
13135
13138
13146
13140
13141
13145
13138
13143
13143
13138
13141
13138
13145
13144
13141
13140
13138
13136
13142
13132
13138
13129
13131
13139
13141
13139
13133
13131
13129
13126
13127
13130
13127
13130
13137
13140
13142
13137
13147
13140
13132
13130
13134
13125
13125
13130
13130
13127
13123
13044
12939
12872
12835
12820
12814
12815
12822
12829
12846
12851
12872
12883
12904
12914
12930
12940
12951
12957
12975
12988
12993
13004
13007
13021
13033
13028
13040
13046
13060
13065
13066
13068
13073
13071
13070
13076
13069
13081
13086
13094
13089
13086
13087
13086
13091
13099
13096
13104
13113
13115
13122
13116
13118
13122
13130
13128
13126
13119
13128
13131
13132
13129
13128
13137
13140
13136
13139
13139
13143
13142
13135
13133
13144
13134
13141
13143
13131
13134
13132
13133
13130
13132
13129
13127
13131
13139
13131
13134
13138
13140
13141
13127
13127
13132
13131
13137
13135
13133
13133
13129
13123
13132
13137
13138
13137
13133
13141
13137
13135
13135
13134
13131
13141
13140
13136
13147
13146
13148
13144
13138
13135
13132
13129
13137
13139
13137
13133
13143
13147
13140
13138
13135
13138
13134
13126
13124
13122
13123
13131
13135
13142
13144
13139
13139
13146
13139
13142
13137
13133
13134
13130
13127
13137
13136
13131
13138
13138
13130
13134
13138
13142
13136
13141
13144
13143
13149
13144
13150
13144
13136
13134
13131
13134
13131
13132
13131
13126
13134
13141
13141
13143
13138
13136
13136
13133
13125
13124
13125
13123
13132
13135
13137
13146
13135
13132
13142
13134
13128
13132
13134
13130
13129
13141
13134
13137
13137
13132
13130
13130
13128
13137
13128
13131
13135
13135
13135
13140
13135
13131
13134
13131
13137
13131
13135
13130
13136
13129
13131
13126
13129
13122
13119
13131
13130
13128
13139
13132
13136
13136
13131
13134
13130
13129
13129
13132
13133
13134
13138
13138
13138
13140
13134
13128
13136
13129
13131
13123
13122
13126
13130
13142
13141
13140
13140
13136
13138
13137
13137
13140
13149
13140
13138
13143
13144
13140
13143
13136
13143
13138
13138
13143
13132
13139
13135
13132
13128
13125
13132
13130
13131
13135
13130
13134
13134
13142
13134
13129
13132
13138
13131
13132
13131
13128
13129
13138
13132
13131
13139
13139
13142
13136
13124
13136
13127
13126
13125
13126
13123
13122
13120
13120
13116
13126
13122
13118
13128
13132
13135
13143
13140
13142
13137
13133
13136
13137
13143
13146
13141
13133
13134
13144
13143
13135
13132
13134
13132
13132
13129
13128
13135
13123
13119
13122
13115
13118
13124
13114
13126
13129
13132
13131
13132
13127
13138
13136
13134
13133
13133
13134
13128
13129
13125
13130
13132
13134
13130
13131
13138
13141
13137
13126
13124
13118
13122
13121
13121
13119
13127
13136
13144
13132
13124
13131
13132
13127
13129
13128
13121
13125
13132
13123
13123
13125
13122
13127
13132
13135
13143
13135
13136
13137
13137
13139
13138
13130
13126
13128
13131
13131
13132
13130
13133
13131
13138
13134
13134
13136
13133
13136
13138
13133
13134
13135
13138
13138
13135
13129
13134
13124
12774
12308
11805
11503
11328
11195
11068
11041
11050
11114
11175
11270
11352
11453
11540
11641
11725
11819
11895
11972
12040
12113
12174
12233
12285
12349
12392
12450
12487
12521
12556
12587
12621
12663
12684
12671
12568
12526
12505
12511
12523
12553
12567
12597
12620
12649
12672
12691
12719
12739
12763
12794
12808
12837
12866
12882
12896
12909
12924
12924
12933
12948
12962
12968
12984
12997
13009
13021
13024
13033
13043
13037
13042
13054
13056
13059
13064
13073
13084
13085
13095
13098
13092
13095
13099
13106
13100
13096
13091
13094
13094
13099
13094
13099
13115
13117
13121
13124
13124
13127
13128
13127
13121
13111
13116
13118
13117
13117
13124
13128
13130
13134
13132
13133
13126
13121
13130
13125
13123
13125
13127
13122
13123
13119
13122
13125
13132
13126
13133
13133
13134
13137
13135
13132
13141
13146
13144
13141
13141
13136
13132
13126
13130
13119
13122
13126
13126
13130
13135
13131
13136
13133
13130
13128
13124
13128
13134
13134
13134
13134
13142
13141
13138
13137
13136
13137
13134
13139
13133
13133
13132
13141
13135
13130
13136
13136
13135
13128
13128
13122
13132
13132
13135
13132
13138
13143
13143
13150
13147
13146
13146
13146
13147
13147
13144
13138
13138
13139
13145
13148
13143
13146
13147
13149
13144
13137
13140
13136
13134
13132
13132
13134
13131
13129
13138
13136
13136
13137
13135
13135
13138
13141
13148
13144
13148
13142
13134
13136
13128
13123
13130
13126
13122
13130
13131
13130
13135
13136
13132
13144
13144
13148
13142
13148
13134
13135
13138
13132
13136
13136
13133
13135
13134
13132
13141
13142
13147
13102
12985
12905
12860
12834
12822
12818
12825
12839
12845
12871
12879
12893
12911
12924
12940
12966
12972
12980
12988
12995
13003
13015
13022
13023
13031
13040
13035
13040
13047
13054
13060
13070
13071
13082
13090
13096
13100
13097
13103
13095
13098
13103
13103
13110
13115
13107
13104
13108
13110
13123
13122
13124
13130
13129
13125
13128
13123
13118
13134
13130
13123
13131
13124
13127
13126
13126
13125
13127
13138
13141
13141
13136
13137
13140
13135
13126
13132
13128
13123
13117
13119
13129
13128
13123
13124
13121
13128
13126
13128
13128
13130
13129
13138
13130
13119
13121
13116
13120
13126
13120
13123
13119
13122
13124
13128
13119
13120
13125
13128
13129
13131
13123
13121
13129
13129
13125
13137
13139
13138
13143
13141
13140
13136
13131
13131
13122
13124
13124
13123
13126
13138
13134
13143
13141
13136
13137
13135
13138
13143
13149
13144
13143
13140
13143
13139
13136
13134
13138
13140
13139
13140
13150
13144
13154
13153
13150
13146
13141
13140
13139
13136
13130
13135
13124
13130
13133
13136
13129
13128
13130
13134
13134
13138
13127
13124
13129
13125
13126
13131
13127
13131
13129
13132
13136
13135
13141
13138
13142
13143
13142
13136
13138
13132
13138
13135
13136
13139
13139
13140
13145
13142
13149
13140
13143
13141
13125
13129
13132
13124
13128
13119
13121
13132
13125
13124
13132
13133
13137
13144
13134
13137
13140
13145
13138
13136
13134
13128
13134
13147
13146
13149
13148
13143
13149
13148
13138
13139
13142
13141
13133
13127
13128
13135
13132
13137
13122
13133
13141
13130
13129
13129
13120
13124
13121
13126
13139
13139
13143
13155
13156
13156
13157
13148
13150
13142
13136
13131
