13137
13137
13147
13147
13141
13138
13130
13137
13130
13133
13132
13128
13132
13133
13138
13143
13144
13140
13140
13143
13150
13145
13143
13145
13145
13145
13145
13138
13137
13133
13126
13131
13126
13127
13129
13135
13139
13142
13141
13147
13146
13151
13158
13150
13151
13155
13143
13141
13142
13140
13135
13138
13139
13133
13133
13142
13143
13142
13142
13141
13141
13142
13136
13135
13136
13134
13127
13126
13122
13124
13132
13139
13131
13140
13144
13151
13155
13159
13159
13163
13155
13146
13141
13136
13134
13132
13128
13125
13125
13128
13128
13134
13136
13139
13141
13146
13140
13131
13133
13131
13136
13129
13126
13127
13125
13128
13133
13133
13138
13135
13137
13146
13137
13144
13134
13132
13135
13138
13134
13137
13140
13140
13146
13140
13136
13138
13126
13131
13138
13136
13136
13137
13142
13136
13130
13131
13130
13131
13131
13128
13127
13126
13127
13125
13131
13137
13137
13139
13146
13144
13144
13155
13142
13141
13140
13132
13138
13131
13129
13136
13134
13128
13136
13137
13134
13142
13134
13139
13137
13131
13135
13135
13140
13137
13147
13146
13147
13142
13143
13141
13145
13141
13140
13140
13132
13126
13125
13122
13125
13130
13125
13131
13127
13129
13129
13129
13135
13136
13140
13145
13142
13142
13146
13140
13138
13142
13142
13147
13143
13142
13141
13145
13145
13134
13134
13122
13129
13132
13125
13128
13133
13127
13127
13135
13131
13131
13128
13124
13132
13131
13130
13135
13134
13135
13135
13133
13137
13136
13135
13138
13140
13132
13141
13135
13135
13142
13146
13141
13150
13147
13143
13144
13142
13128
13135
13138
13136
13143
13136
13137
13136
13132
13128
13130
13130
13135
13134
13139
13145
13142
13147
13147
13139
13147
13148
13146
13142
13139
13133
13137
13135
13135
13144
13136
13138
13139
13141
13132
13129
13116
13119
13114
13115
13107
13109
13116
13120
13129
13124
13121
13130
13130
13128
13134
13122
13123
13121
13127
13122
13123
13119
13124
13121
13131
13126
13123
13126
13131
13132
13133
13132
13133
13134
13122
13123
13130
13126
13126
13130
13129
13125
13132
13131
13131
13134
13139
13136
13137
13135
13135
13149
13140
13136
13136
13133
13131
13128
13127
13126
13122
13129
13134
13136
13138
13143
13141
13143
13139
13138
13143
13138
13136
13141
13138
13140
13135
13129
13128
13137
13137
13133
13135
13134
13138
13147
13146
13149
13149
13149
13147
13147
13139
13135
13130
13127
13127
13125
13120
13119
13121
13124
13126
13123
13132
13134
13132
13139
13132
13124
13122
13122
13121
13137
13136
13139
13135
13140
13136
13136
13134
13132
13129
13131
13127
13134
13129
13131
13139
13140
13136
13142
13133
13139
13142
13142
13146
13140
13135
13134
13133
13132
13136
13131
13138
13144
13139
13133
13132
13128
13132
13129
13128
13140
13138
13133
13136
13141
13138
13141
13136
13136
13136
13137
13137
13136
13136
13126
13135
13133
13130
13131
13125
13120
13136
13141
13138
13135
13145
13148
13144
13144
13146
13138
13141
13146
13139
13146
13148
13145
13148
13141
13136
13137
13137
13136
13137
13140
13141
13137
13145
13145
13146
13144
13141
13138
13142
13135
13141
13142
13138
13141
13139
13132
13140
13135
13141
13138
13136
12725
11921
11332
10926
10714
10605
10597
10540
10474
10469
10529
10604
10718
10827
10945
10976
11047
11133
11234
11325
11431
11524
11633
11717
11813
11888
11965
12036
12118
12173
12243
12291
12349
12393
12449
12485
12531
12574
12600
12634
12662
12684
12707
12736
12762
12785
12808
12827
12846
12867
12889
12913
12918
12924
12944
12948
12951
12964
12964
12975
12990
13002
13008
13014
13023
13029
13035
13049
13054
13065
13067
13071
13082
13079
13081
13087
13096
13107
13110
13106
13105
13110
13103
13106
13101
13108
13109
13107
13110
13111
13109
13117
13102
13100
13105
13108
13108
13118
13111
13115
13123
13124
13123
13122
13129
13121
13123
13120
13116
13121
13117
13126
13137
13131
13141
13141
13151
13150
13147
13148
13140
13138
13135
13141
13138
13143
13136
13135
13136
13142
13130
13134
13127
13129
13133
13132
13128
13128
13126
13126
13128
13139
13133
13130
13134
13131
13139
13135
13130
13135
13123
13132
13141
13132
13134
13132
13133
13138
13131
13132
13132
13136
13130
13133
13133
13130
13126
13124
13126
13126
13119
13133
13130
13137
13145
13146
13142
13144
13137
13136
13140
13140
13136
13131
13139
13141
13143
13137
13127
13128
13132
13128
13130
13122
13117
13130
13130
13125
13127
13132
13132
13125
13125
13130
13118
13121
13126
13125
13129
13122
13119
13124
13129
13126
13131
13123
13129
13139
13143
13141
13143
13143
13147
13142
13142
13143
13141
13146
13141
13142
13138
13139
13142
13137
13136
13138
13134
13134
13137
13138
13143
13147
13144
13148
13135
13135
13131
13133
13126
13127
13126
13134
13124
13127
13125
13124
13118
13124
13123
13131
13136
13138
13140
13140
13143
13141
13137
13138
13137
13138
13146
13144
13147
13141
13137
13130
13132
13134
13132
13129
13123
13128
13127
13132
13129
13137
13135
13132
13134
13124
13124
13127
13127
13123
13132
13127
13129
13134
13132
13132
13126
13133
13129
13130
13125
13118
13119
13124
13125
13125
13131
13131
13140
13137
13138
13138
13132
13134
13130
13132
13138
13140
13132
13131
13131
13143
13145
13139
13142
13140
13141
13139
13135
13128
13136
13132
13131
13139
13132
13128
13134
13132
13128
13127
13131
13130
13138
13139
13141
13142
13140
13146
13153
13150
13147
13143
13146
13142
13141
13138
13139
13138
13137
13140
13135
13131
13133
13133
13136
13138
13136
13131
13131
13132
13141
13132
13133
13143
13140
13140
13139
13140
13136
13140
13146
13140
13137
13136
13126
13130
13129
13129
13137
13130
13135
13134
13136
13136
13132
13130
13136
13135
13134
13131
13130
13135
13141
13138
13143
13132
13133
13140
13137
13127
13135
13126
13120
13126
13117
13120
13122
13120
13123
13121
13130
13132
13133
13131
13136
13137
13136
13129
13137
13132
13129
13136
13135
13132
13128
13138
13137
13134
13139
13140
13142
13144
13139
13133
13131
13138
13135
13137
13135
13131
13141
13142
13142
13151
13143
13145
13153
13149
13150
13147
13141
13130
13134
13139
13140
13144
13141
13139
13145
13133
13129
13125
13133
13137
13133
13134
13135
13138
13137
13140
13134
13137
13142
13136
13132
13137
13136
13147
13140
13137
13137
13132
13136
13139
13133
13133
13131
13136
13129
13137
13136
13135
13143
13140
13139
13141
13142
13133
13139
13129
13124
13127
13126
13131
13128
13132
13123
13130
