13126
13128
13131
13139
13137
13143
13140
13140
13135
13142
13145
13142
13136
13139
13139
13149
13144
13149
13154
13150
13141
13138
13137
13136
13140
13137
13132
13132
13130
13126
13136
13141
13144
13141
13143
13140
13145
13096
12970
12908
12859
12832
12824
12817
12814
12824
12837
12855
12866
12881
12892
12907
12921
12935
12944
12956
12972
12977
12996
12998
13010
13010
13018
13022
13034
13042
13049
13056
13064
13064
13071
13074
13071
13081
13087
13088
13099
13099
13098
13102
13104
13112
13110
13099
13102
13095
13102
13106
13110
13108
13113
13117
13120
13115
13115
13118
13123
13123
13135
13135
13132
13133
13131
13129
13137
13127
13136
13132
13132
13125
13129
13127
13125
13122
13120
13119
13128
13120
13128
13131
13131
13130
13129
13131
13134
13133
13132
13138
13131
13134
13140
13144
13146
13137
13134
13134
13130
13131
13137
13125
13131
13131
13131
13134
13135
13139
13132
13134
13134
13129
13128
13126
13121
13123
13123
13125
13124
13129
13135
13135
13140
13144
13139
13139
13135
13140
13144
13149
13145
13142
13137
13134
13134
13138
13132
13136
13137
13132
13138
13134
13133
13141
13138
13139
13140
13144
13139
13140
13140
13140
13139
13137
13135
13133
13137
13135
13138
13134
13130
13137
13131
13131
13131
13132
13126
13129
13126
13133
13136
13140
13148
13139
13143
13141
13128
13136
13131
13132
13139
13128
13124
13131
13131
13131
13129
13132
13136
13135
13144
13140
13141
13150
13145
13146
13143
13137
13139
13132
13134
13138
13137
13136
13128
13131
13129
13132
13129
13132
13127
13138
13141
13137
13136
13133
13136
13139
13141
13138
13143
13142
13137
13145
13138
13147
13144
13141
13139
13143
13139
13140
13135
13133
13140
13144
13145
13137
13136
13136
13132
13139
13135
13139
13140
13136
13139
13138
13142
13141
13139
13142
13140
13138
13134
13138
13140
13144
13137
13132
13136
13132
13135
13133
13131
13132
13132
13134
13138
13137
13125
13129
13131
13139
13134
13130
13130
13126
13136
13131
13129
13137
13139
13140
13141
13137
13138
13142
13140
13141
13141
13139
13142
13137
13141
13137
13134
13154
13148
13143
13147
13144
13144
13147
13145
13138
13146
13135
13133
13128
13122
13118
13117
13126
13125
13127
13132
13134
13136
13132
13132
13138
13140
13140
13136
13133
13135
13131
13130
13123
13125
13135
13135
13127
13124
13129
13126
13133
13130
13135
13137
13136
13143
13146
13141
13145
13144
13149
13155
13154
13150
13144
13147
13143
13148
13141
13145
13147
13152
13146
13141
13137
13128
13123
13125
13131
13126
13127
13133
13130
13126
13132
13136
13131
13132
13137
13137
13139
13136
13124
13126
13126
13125
13132
13124
13132
13128
13132
13141
13133
13134
13136
13133
13137
13144
13144
13137
13140
13140
13134
13129
13126
13128
13137
13140
13149
13145
13149
13145
13150
13149
13152
13141
13141
13140
13135
13127
13136
13128
13127
13136
13133
13129
13131
13133
13141
13144
13145
13140
13140
13136
13136
13130
13134
13133
13129
13125
13125
13127
13123
13122
13123
13124
13121
13127
13132
13139
13133
13134
13136
13138
13145
13148
13142
13141
13143
13145
13149
13137
13126
13129
13130
13125
13128
13129
13134
13142
13140
13132
12970
12646
12384
11930
11576
11391
11291
11268
11275
11206
11165
11197
11241
11322
11396
11490
11572
11663
11748
11832
11908
11992
12060
12133
12185
12248
12298
12356
12397
12445
12492
12545
12574
12607
12638
12669
12697
12731
12751
12779
12794
12816
12838
12868
12887
12898
12908
12925
12935
12953
12962
12968
12982
13003
13018
13022
13026
13038
13034
13037
13040
13038
13048
13054
13055
13068
13065
13070
13079
13075
13083
13092
13090
13096
13099
13100
13105
13102
13104
13100
13110
13108
13108
13115
13120
13118
13113
13110
13114
13126
13121
13126
13130
13123
13124
13131
13138
13133
13131
13128
13130
13128
13131
13127
13124
13125
13116
13118
13129
13123
13118
13134
13136
13132
13135
13125
13124
13131
13135
13134
13125
13126
13132
13138
13142
13131
13129
13133
13133
13140
13138
13138
13137
13135
13138
13136
13136
13134
13133
13139
13145
13143
13142
13139
13140
13139
13145
13140
13148
13145
13140
13145
13144
13141
13147
13137
13139
13137
13137
13132
13133
13141
13136
13134
13141
13135
13137
13143
13142
13149
13136
13139
13140
13138
13139
13142
13138
13138
13139
13141
13141
13132
13129
13129
13127
13132
13136
13135
13136
13131
13125
13137
13137
13138
13139
13133
13136
13133
13137
13140
13139
13134
13135
13140
13146
13146
13138
13142
13138
13137
13132
13129
13127
13124
13133
13138
13141
13134
13145
13146
13147
13143
13139
13138
13143
13139
13134
13135
13139
13133
13139
13151
13147
13150
13142
13127
13134
13135
13131
13132
13132
13141
13140
13145
13147
13149
13143
13138
13136
13138
13134
13126
13134
13139
13148
13143
13147
13138
13142
13139
13135
13125
13133
13144
13140
13141
13141
13134
13140
13132
13126
13134
13128
13133
13135
13126
13133
13133
13132
13142
13142
13142
13138
13142
13143
13142
13128
13123
13129
13133
13130
13129
13136
13133
13141
13144
13146
13140
13138
13135
13133
13119
13124
13126
13125
13121
13122
13120
13130
13125
13128
13134
13125
13131
13134
13130
13135
13139
13143
13156
13157
13158
13150
13150
13147
13140
13143
13141
13144
13155
13144
13143
13139
13133
13129
13118
13117
13118
13129
13131
13128
13130
13136
13136
13136
13134
13139
13147
13152
13157
13142
13138
13139
13139
13142
13137
13133
13125
13126
13130
13124
13125
13125
13128
13128
13127
13135
13135
13138
13152
13148
13147
13160
13151
13150
13141
13139
13140
13139
13141
13141
13137
13142
13137
13132
13131
13131
13130
13132
13127
13124
13128
13130
13132
13137
13124
13135
13138
13138
13145
13138
13132
13138
13141
13140
13135
13129
13131
13132
13142
13137
13124
13129
13132
13139
13135
13132
13126
13136
13132
13134
13125
13131
13125
13134
13134
13137
13141
13150
13143
13142
13146
13132
13135
13137
13135
13140
13140
13138
13132
13135
13139
13149
13146
13144
13142
13139
13144
13140
13129
13130
13128
13133
13134
13134
13132
13128
13124
13118
13122
13133
13127
13129
13127
13115
13120
13117
13121
13127
13127
13124
13142
13136
13137
13139
13141
13142
13136
13129
13132
13132
13127
13118
13120
13121
13125
13132
13133
13137
13134
13126
13130
13133
13132
13133
13127
13131
13129
13126
13130
13128
13118
13123
13138
13134
13135
13137
13142
13147
13146
13136
13143
13141
13135
13138
13126
13133
13131
13129
13124
13132
13131
13137
