13135
13122
13133
13137
13132
13139
13130
13132
13135
13136
13132
13135
13134
13131
13129
13131
13133
13133
13136
13133
13142
13137
13131
13132
13137
13137
13129
13131
13129
13140
13142
13140
13143
13150
13153
13153
13149
13138
13136
13141
13138
13138
13140
13122
13123
13131
13131
13133
13141
13140
13143
13147
13144
13133
13134
13139
13138
13139
13141
13135
13146
13144
13151
13146
13140
13138
13131
13124
13127
13127
13131
13137
13136
13138
13142
13144
13150
13148
13149
13155
13145
13134
13135
13134
13135
13142
13136
13131
13142
13135
13133
13139
13137
13142
13145
13147
13141
13138
13135
13133
13142
13137
13139
13140
13138
13137
13140
13141
13134
13133
13129
13133
13135
13140
13140
13133
13130
13135
13135
13141
13136
13127
13123
13126
13124
13131
13134
13141
13149
13150
13146
13143
13144
13145
13144
13148
13143
13140
13145
13142
13151
13147
13142
13145
13145
13136
13136
13128
13126
13131
13134
13134
13125
13133
13136
13142
13144
13135
13136
13136
13131
13127
13134
13133
13137
13144
13143
13149
13142
13148
13142
13150
13152
13147
13149
13149
13147
13146
13149
13143
13142
13141
13137
13139
13139
13133
13136
13128
13125
13128
13127
13132
13127
13125
13125
13125
13130
13130
13129
13134
13141
13132
13145
13139
13144
13153
13148
13149
13146
13145
13147
13148
13150
13146
13144
13134
13129
13128
13126
13127
13134
13123
13122
13119
13119
13122
13123
13128
13131
13130
13134
13136
13140
13144
13144
13143
13147
13148
13149
13152
13144
13130
13138
13138
13137
13140
13136
13143
13147
13146
13142
13140
13132
13131
13134
13136
13142
13137
13135
13138
13134
13133
13131
13132
13133
13134
13134
13137
13137
13132
13129
13134
13131
13140
13134
13135
13133
13128
13128
13137
13137
13131
13135
13129
13133
13135
13129
13128
13123
13129
13129
13124
13125
13132
13136
13140
13137
13138
13138
13138
13142
13137
13133
13133
13132
13139
13137
13142
13136
13142
13141
13142
13131
13132
13132
13136
13144
13142
13148
13148
13150
13142
13141
13130
13128
13131
13121
13124
13126
13127
13131
13137
13134
13128
13126
13122
13117
13118
13122
13124
13134
13122
13120
13126
13130
13130
13131
13134
13128
13122
13126
13127
13116
13115
13124
13122
13127
13123
13129
13138
13135
13128
13134
13131
13134
13137
13125
13133
13132
13136
13130
13127
13135
13135
13138
13137
13130
13133
13140
13137
13144
13141
13139
13132
13135
13135
13140
13132
13137
13136
13138
13142
13137
13143
13150
13141
13137
13136
13140
13147
13145
13147
13153
13140
13136
13134
13126
13130
13130
13129
13121
13126
13127
13126
13124
13130
13128
13126
13132
13133
13139
13130
13138
13148
13142
13138
13139
13139
13135
13136
13136
13136
13133
13135
13137
13132
13132
13133
13131
13143
13141
13137
13147
13137
13134
13141
13138
13143
13153
13146
13142
13133
13134
13127
13130
13129
13128
13126
13130
13132
13145
13135
13138
13139
13142
13144
13147
13143
13142
13140
13135
13140
13140
13144
13145
13144
13151
13154
13150
13143
13130
13130
13141
13143
13140
13143
13137
13144
13144
13144
13144
13141
13143
13144
13145
13136
13129
13135
13127
13132
13133
13122
13055
12866
12580
12379
12262
12202
12187
12191
12213
12242
12269
12316
12360
12407
12454
12491
12531
12569
12604
12628
12675
12696
12721
12756
12782
12811
12836
12846
12865
12877
12895
12891
12793
12734
12697
12687
12684
12696
12725
12737
12757
12781
12792
12812
12834
12839
12872
12880
12896
12909
12928
12939
12954
12959
12969
12980
12998
13023
13025
13029
13041
13045
13042
13044
13041
13046
13058
13062
13065
13077
13080
13080
13074
13083
13084
13088
13089
13083
13097
13091
13090
13101
13097
13105
13100
13107
13106
13100
13100
13103
13102
13104
13116
13114
13126
13127
13127
13128
13129
13124
13126
13133
13128
13136
13137
13138
13138
13144
13133
13132
13132
13129
13133
13126
13122
13127
13125
13124
13134
13126
13129
13135
13137
13136
13136
13126
13131
13129
13128
13115
13113
13117
13128
13128
13128
13127
13123
13131
13126
13128
13138
13133
13140
13136
13126
13127
13126
13131
13134
13130
13133
13125
13126
13130
13127
13130
13132
13124
13141
13128
13126
13128
13128
13126
13127
13134
13139
13137
13137
13131
13126
13129
13126
13123
13126
13130
13133
13134
13126
13132
13142
13138
13140
13139
13138
13138
13142
13142
13136
13139
13137
13139
13136
13141
13139
13144
13136
13137
13140
13138
13135
13138
13138
13141
13135
13134
13134
13127
13127
13134
13122
13127
13126
13124
13133
13138
13134
13144
13141
13139
13145
13145
13141
13144
13137
13138
13137
13141
13136
13141
13142
13143
13141
13142
13144
13150
13146
13146
13146
13136
13131
13130
13128
13125
13123
13122
13125
13128
13129
13137
13129
13141
13146
13136
13138
13135
13134
13139
13135
13128
13136
13132
13130
13139
13135
13128
13127
13133
13140
13136
13137
13139
13138
13149
13141
13132
13132
13123
13129
13121
13120
13127
13119
13126
13118
13123
13123
13124
13128
13138
13136
13132
13135
13133
13134
13135
13134
13136
13140
13139
13141
13133
13133
13135
13129
13128
13135
13129
13132
13136
13137
13132
13137
13137
13141
13147
13149
13147
13150
13138
13130
13143
13138
13140
13145
13143
13144
13147
13146
13152
13144
13147
13147
13140
13133
13130
13129
13132
13130
13127
13136
13128
13132
13132
13121
13119
13121
13122
13125
13125
13126
13119
13126
13134
13138
13144
13138
13142
13142
13140
13140
13145
13144
13138
13135
13132
13125
13122
13121
13123
13115
13113
13116
13121
13118
13117
13125
13137
13139
13140
13144
13138
13136
13145
13140
13134
13137
13135
13138
13137
13135
13136
13133
13133
13128
13125
13126
13127
13130
13126
13126
13136
13141
13144
13143
13139
13139
13139
13132
13141
13118
12990
12909
12859
12830
12817
12814
12819
12822
12834
12848
12858
12873
12896
12907
12919
12936
12943
12966
12977
12995
13006
13015
13027
13030
13032
13033
13035
13047
13045
13050
13056
13059
13067
13064
13060
13069
13081
13081
13092
13097
13099
13104
13100
13113
13118
13120
13124
13122
13120
13128
13119
13119
13121
13118
13121
13118
13120
13115
13109
13108
13114
13120
13129
13132
13135
13133
13131
13133
13125
13117
13128
13125
13133
13135
13132
13128
13131
13122
13130
13123
13127
13127
13132
13135
13135
13136
13144
13138
13136
13142
13132
13134
13137
13131
13129
13136
13140
13141
13138
13136
13126
13125
13125
13123
13127
13128
13133
13141
13135
13128
13138
13126
13137
13138
13134
13145
13150
