13129
13127
13131
13130
13131
13127
13137
13133
13137
13141
13145
13138
13145
13143
13144
13139
13133
13135
13136
13143
13138
13137
13135
13138
13139
13149
13151
13148
13155
13152
13150
13147
13138
13131
13134
13139
13137
13142
13140
13139
13149
13142
13144
13135
13139
13136
13134
13137
13138
13137
13134
13124
13133
13133
13128
13130
13126
13121
13118
13130
13133
13134
13138
13140
13137
13134
13133
13122
13129
13132
13140
13136
13126
13123
13135
13137
13140
13136
13132
13134
13134
13039
12948
12890
12848
12827
12818
12823
12832
12844
12861
12872
12901
12910
12921
12939
12951
12958
12970
12981
12984
12989
13010
13011
13026
13028
13034
13034
13040
13045
13053
13061
13061
13065
13067
13073
13073
13077
13078
13092
13104
13102
13106
13109
13106
13112
13110
13109
13110
13121
13115
13110
13115
13107
13108
13118
13122
13122
13121
13124
13118
13120
13114
13116
13116
13125
13132
13132
13132
13134
13137
13129
13121
13119
13129
13122
13125
13119
13125
13125
13125
13125
13114
13128
13136
13132
13134
13139
13134
13141
13141
13136
13141
13136
13139
13146
13146
13141
13136
13138
13134
13130
13138
13144
13139
13145
13138
13136
13142
13141
13142
13137
13129
13125
13130
13130
13129
13133
13131
13129
13137
13136
13137
13136
13137
13136
13140
13138
13139
13136
13135
13127
13136
13141
13133
13139
13135
13140
13136
13134
13127
13125
13126
13136
13135
13143
13142
13133
13138
13146
13141
13144
13142
13137
13150
13143
13135
13143
13137
13138
13144
13131
13129
13128
13126
13124
13124
13125
13126
13120
13123
13127
13139
13134
13133
13136
13133
13137
13136
13128
13132
13131
13129
13133
13131
13132
13128
13126
13128
13129
13130
13140
13134
13137
13146
13138
13132
13133
13127
13128
13130
13128
13132
13130
13130
13125
13129
13137
13131
13133
13132
13131
13131
13126
13123
13130
13133
13142
13142
13147
13142
13140
13142
13141
13139
13139
13136
13130
13143
13146
13141
13140
13138
13134
13139
13136
13132
13138
13125
13138
13138
13142
13134
13130
13133
13125
13120
13125
13126
13132
13130
13132
13141
13139
13139
13140
13135
13132
13133
13127
13127
13134
13133
13136
13135
13134
13134
13135
13138
13138
13147
13141
13137
13132
13136
13125
13129
13144
13143
13138
13143
13147
13147
13139
13135
13139
13136
13141
13139
13136
13142
13138
13146
13135
13135
13136
13135
13138
13131
13128
13133
13126
13125
13127
13126
13135
13139
13136
13137
13132
13137
13139
13133
13132
13134
13134
13131
13130
13128
13128
13131
13131
13127
13120
13124
13124
13133
13141
13134
13132
13137
13137
13134
13136
13128
13136
13139
13138
13134
13130
13133
13139
13136
13135
13129
13126
13126
13130
13126
13132
13126
13132
13136
13138
13138
13141
13140
13143
13135
13129
13122
13127
13128
13128
13126
13132
13129
13136
13141
13133
13133
13136
13150
13138
13139
13144
13139
13135
13126
13123
13127
13129
13126
13134
13132
13143
13153
13154
13146
13149
13151
13151
13139
13132
13131
13122
13125
13129
13124
13126
13131
13137
13146
13143
13146
13144
13141
13140
13131
13129
13132
13136
13145
13134
13134
13133
13122
13124
13125
13124
13127
13135
13132
13141
13134
12912
12351
11964
11739
11601
11550
11542
11575
11614
11691
11748
11824
11890
11965
12035
12109
12167
12231
12291
12348
12390
12442
12481
12526
12570
12608
12637
12673
12694
12720
12747
12777
12791
12818
12837
12857
12872
12888
12906
12915
12931
12944
12955
12966
12972
12990
12996
13001
13005
13012
13018
13030
13041
13044
13047
13055
13059
13069
13077
13075
13085
13085
13104
13093
13100
13098
13098
13103
13104
13107
13108
13108
13108
13106
13113
13111
13115
13114
13114
13109
13120
13124
13117
13120
13122
13125
13130
13133
13130
13132
13129
13126
13133
13130
13126
13130
13136
13137
13135
13136
13138
13134
13136
13134
13135
13132
13128
13135
13124
13119
13131
13129
13128
13126
13122
13113
13130
13134
13134
13131
13145
13150
13146
13151
13151
13157
13164
13157
13145
13154
13143
13139
13135
13133
13131
13133
13128
13123
13116
13118
13115
13115
13125
13122
13126
13131
13124
13127
13126
13126
13136
13136
13133
13134
13133
13139
13140
13141
13130
13131
13136
13134
13132
13126
13134
13136
13140
13132
13130
13136
13134
13127
13128
13125
13128
13132
13136
13138
13139
13137
13130
13132
13132
13128
13131
13127
13131
13139
13133
13132
13138
13133
13135
13137
13142
13143
13135
13131
13138
13136
13137
13142
13142
13143
13138
13136
13138
13134
13126
13139
13136
13133
13135
13133
13133
13133
13136
13134
13138
13137
13129
13133
13133
13131
13132
13136
13138
13146
13143
13138
13136
13134
13138
13138
13143
13148
13155
13158
13147
13142
13137
13139
13146
13142
13140
13136
13142
13133
13137
13146
13139
13143
13147
13142
13139
13140
13138
13132
13137
13141
13136
13137
13128
13133
13134
13125
13126
13138
13132
13137
13140
13145
13145
13136
13143
13137
13130
13125
13126
13124
13126
13129
13133
13132
13136
13143
13141
13131
13125
13132
13131
13128
13134
13125
13128
13132
13136
13134
13134
13130
13132
13128
13138
13137
13128
13122
13121
13130
13121
13117
13127
13128
13130
13123
13123
13125
13128
13130
13140
13134
13143
13151
13145
13142
13144
13144
13138
13137
13125
13135
13127
13131
13129
13133
13136
13128
13129
13131
13134
13137
13133
13142
13143
13152
13147
13148
13144
13152
13141
13141
13142
13141
13142
13138
13132
13140
13137
13137
13144
13135
13139
13134
13127
13129
13123
13121
13125
13126
13129
13134
13122
13123
13129
13129
13129
13136
13133
13134
13137
13133
13133
13128
13135
13134
13133
13130
13135
13144
13138
13136
13138
13140
13144
13140
13135
13133
13139
13142
13143
13136
13141
13152
13152
13152
13142
13140
13139
13142
13137
13145
13134
13138
13141
13139
13140
13143
13141
13138
13129
13129
13125
13123
13126
13122
13118
13119
13128
13133
13130
13131
13131
13133
13133
13139
13133
13131
13130
13138
13146
13141
13143
13144
13141
13141
13141
13142
13146
13157
13155
13162
13168
13165
13172
13161
13159
13154
13153
13148
13146
13140
13141
13142
13139
13140
13136
13140
13138
13147
13139
13142
13140
13129
13131
13131
13127
13128
13129
13133
13133
13131
13126
13124
13119
13124
13123
13124
13130
13132
13129
13135
13138
13134
13135
13135
13131
13135
13133
13133
13139
13147
13145
13134
13138
13132
13132
13127
13122
13121
13114
13109
13118
13116
13126
13133
13134
13138
13135
13140
13141
13134
13138
13150
13146
13148
13147
