13139
13132
13129
13129
13130
13135
13132
13135
13128
13130
13133
13135
13143
13138
13142
13141
13139
13139
13138
13143
13143
13145
13137
13140
13138
13145
13149
13145
13147
13148
13142
13143
13132
13125
13127
13119
13118
13124
13118
13122
13129
13124
13134
13137
13137
13135
13128
13126
13125
13132
13135
13129
13128
13123
13129
13131
13134
13129
13126
13130
13133
13137
13134
13129
13129
13134
13134
13128
13133
13137
13141
13147
13140
13128
13138
13132
13128
13129
13122
13118
13120
13122
13132
13135
13147
13141
13140
13137
13133
13131
13125
13115
13119
13116
13116
13122
13128
13133
13134
13134
13133
13130
13128
13125
13122
13119
13128
13129
13129
13129
13127
13125
13119
13112
13124
13126
13132
13134
13131
13135
13135
13129
13136
13135
13136
13137
13142
13137
13138
13135
13129
13131
13135
13136
13131
13129
13133
13129
13139
13138
13138
13138
13142
13136
13139
13134
13133
13125
13131
13133
13124
13126
13121
13120
13128
13121
13117
13122
13124
13129
13127
13131
13134
13138
13137
13134
13129
13127
13126
13131
13129
13134
13140
13131
13125
13129
13122
13128
13122
13124
13133
13143
13146
13144
13141
13143
13142
13139
13143
13144
13141
13138
13132
13128
13136
13134
13138
13138
13136
13131
13132
13138
13145
13138
13133
13121
13133
13126
13128
13131
13134
13130
13136
13130
13135
13138
13140
13136
13134
13127
13135
13132
13131
13136
13131
13137
13131
13130
13133
13136
13138
13146
13143
13140
13142
13139
13135
13136
13129
13128
13133
13132
13139
13131
13146
13148
13156
13156
13148
13139
13135
13125
13125
13125
13122
13126
13126
13132
13130
13131
13133
13135
13138
13137
13129
13120
13122
13117
13115
13121
13123
13134
13133
13133
13139
13132
13137
13137
13138
13142
13144
13137
13142
13137
13133
13130
13130
13137
13142
13142
13141
13135
13137
13122
13122
13122
13121
13126
13121
13120
13125
13133
13130
13146
13137
13146
13139
13135
13142
13140
13140
13149
13153
13147
13154
13144
13141
13147
13141
13138
13142
13129
13129
13128
13130
13122
13131
13135
13134
13135
13133
13134
13146
13143
13141
13140
13138
13144
13142
13140
13132
13137
13135
13131
13130
13140
13141
13137
13141
13142
13142
13136
13143
13138
13136
13135
13138
13138
13126
13127
13132
13134
13138
13130
13124
13123
13125
13126
13127
13124
13120
13128
13137
13124
13122
13121
13128
13128
13136
13137
13133
13138
13141
13138
13127
13129
13133
13129
13129
13129
13125
13132
13127
13132
13136
13126
13127
13138
13132
13131
13131
13132
13130
13127
13129
13127
13129
13131
13122
13123
13126
13130
13135
13128
13133
13128
13124
13129
13129
13134
13134
13139
13139
13138
13132
13139
13134
13138
13136
13145
13151
13149
13137
13129
13136
13136
13135
13139
13134
13133
13140
13139
13138
13132
13135
13139
13142
13148
13146
13146
13148
13145
13147
13141
13143
13148
13146
13142
13140
13141
13141
13141
13149
13147
13139
13141
13135
13128
13133
13129
13131
13138
13135
13128
13139
13135
13130
13129
13127
13135
13145
13146
13145
13144
13142
13141
13140
13140
13133
13132
13131
13132
13133
13126
13118
13120
13119
13122
13120
13131
13126
13125
12693
12036
11646
11408
11169
11016
10980
10971
11019
11081
11166
11249
11314
11375
11463
11539
11627
11708
11798
11875
11962
12023
12099
12155
12229
12283
12338
12380
12435
12479
12526
12552
12587
12627
12657
12687
12721
12742
12771
12795
12815
12824
12838
12856
12874
12886
12902
12916
12933
12952
12971
12981
12998
13009
13018
13035
13038
13036
13046
13042
13045
13045
13048
13053
13057
13067
13073
13087
13094
13101
13113
13107
13094
13105
13100
13103
13101
13102
13104
13112
13105
13107
13102
13117
13124
13119
13118
13117
13113
13124
13118
13118
13120
13119
13120
13125
13120
13116
13122
13122
13130
13131
13141
13140
13133
13137
13127
13134
13127
13125
13128
13118
13118
13126
13123
13120
13127
13123
13125
13127
13125
13132
13135
13139
13141
13133
13133
13132
13134
13143
13133
13140
13141
13141
13136
13142
13140
13135
13129
13131
13133
13139
13135
13130
13125
13131
13125
13125
13124
13121
13126
13117
13115
13121
13121
13122
13122
13119
13120
13120
13119
13122
13124
13132
13130
13129
13130
13134
13137
13141
13143
13135
13141
13135
13135
13135
13132
13136
13132
13127
13129
13131
13127
13124
13119
13128
13134
13139
13142
13142
13142
13130
13137
13143
13142
13136
13137
13141
13144
13134
13134
13132
13129
13132
13134
13130
13130
13133
13133
13133
13128
13124
13135
13131
13133
13139
13135
13132
13134
13136
13136
13138
13141
13136
13132
13133
13136
13135
13132
13131
13141
13135
13124
13129
13133
13135
13140
13136
13136
13132
13124
13134
13134
13139
13132
13126
13129
13128
13127
13127
13127
13123
13132
13125
13122
13129
13124
13133
13135
13136
13134
13133
13138
13133
13128
13141
13141
13142
13153
13147
13155
13152
13138
13145
13141
13137
13133
13131
13133
13132
13134
13133
13125
13122
13129
13123
13122
13122
13119
13124
13120
13128
13132
13127
13129
13136
13140
13134
13133
13133
13134
13134
13134
13130
13132
13126
13127
13131
13133
13131
13135
13134
13136
13145
13143
13131
13130
13124
13126
13120
13126
13131
13122
13132
13135
13134
13142
13141
13149
13143
13137
13136
13142
13135
13129
13105
12970
12888
12838
12810
12802
12798
12814
12817
12837
12860
12878
12893
12906
12908
12928
12939
12949
12964
12981
12989
12998
13007
13007
13018
13016
13030
13026
13038
13044
13049
13058
13063
13063
13076
13073
13075
13079
13076
13080
13093
13101
13104
13105
13108
13109
13113
13118
13112
13110
13123
13120
13118
13117
13119
13130
13124
13124
13132
13119
13132
13133
13133
13134
13137
13130
13135
13132
13129
13124
13118
13117
13119
13120
13129
13122
13125
13136
13124
13131
13135
13128
13124
13128
13128
13128
13125
13122
13121
13129
13132
13128
13121
13119
13119
13129
13128
13132
13137
13135
13138
13142
13143
13136
13128
13126
13129
13123
13128
13126
13118
13130
13130
13136
13137
13136
13137
13143
13138
13137
13132
13132
13132
13133
13133
13134
13126
13129
13127
13134
13140
13140
13137
13135
13132
13135
13134
13135
13134
13132
13130
13131
13137
13134
13134
13135
13136
13133
13133
13139
13127
13131
13123
13128
13131
13134
13134
13139
13137
13140
13142
13131
13136
13134
13133
13131
13132
13134
13117
13118
13124
13117
13118
13120
13121
13133
13131
13135
13130
13135
13138
13134
13139
13133
13132
13129
13124
13122
13123
13127
13124
13128
13131
