13123
13130
13132
13123
13118
13117
13118
13126
13130
13130
13139
13134
13129
13131
13127
13122
13133
13134
13137
13140
13145
13143
13150
13148
13145
13144
13146
13145
13151
13142
13143
13142
13150
13144
13146
13139
13141
13140
13136
13133
13136
13142
13147
13147
13144
13141
13137
13133
13130
13123
13131
13128
13129
13136
13135
13135
13144
13146
13149
13150
13149
13143
13149
13147
13144
13136
13137
13131
13139
13138
13139
13141
13150
13147
13142
13140
13141
13138
13131
13138
13130
13137
13133
13131
13132
13139
13142
13148
13140
13135
13137
13130
13127
13134
13134
13129
13132
13139
13142
13143
13141
13135
13136
13131
13130
13131
13130
13128
13136
13132
13131
13138
13132
13131
13138
13139
13148
13151
13155
13163
13151
13151
13154
13146
13148
13140
13143
13139
13143
13132
13141
13130
13128
13136
13135
13137
13136
13135
13138
13140
13142
13139
13146
13150
13145
13144
13141
13145
13150
13143
13139
13141
13138
13141
13140
13142
13137
13142
13133
13138
13132
13133
13139
13132
13130
13124
13131
13134
13126
13123
13132
13130
13129
13133
13131
13134
13135
13143
13144
13138
13135
13138
13138
13140
13141
13141
13140
13145
13146
13139
13139
13140
13143
13145
13145
13137
13145
13145
13141
13144
13140
13134
13142
13141
13093
12965
12891
12854
12838
12828
12835
12833
12843
12865
12874
12882
12897
12913
12933
12936
12947
12954
12966
12985
12990
12999
13006
13025
13038
13035
13044
13045
13052
13056
13068
13071
13072
13076
13079
13082
13077
13082
13088
13088
13099
13100
13097
13107
13100
13104
13112
13107
13110
13110
13108
13103
13111
13107
13111
13110
13114
13110
13113
13116
13113
13118
13127
13128
13134
13134
13131
13139
13140
13138
13138
13145
13143
13142
13139
13139
13131
13128
13122
13118
13122
13127
13134
13142
13133
13129
13138
13139
13137
13141
13140
13139
13137
13138
13137
13143
13144
13141
13141
13143
13136
13136
13135
13139
13146
13135
13129
13128
13133
13134
13135
13129
13134
13130
13130
13126
13126
13130
13127
13119
13121
13117
13115
13129
13125
13123
13132
13122
13128
13138
13145
13143
13139
13137
13142
13143
13145
13140
13148
13150
13150
13145
13143
13138
13143
13135
13146
13145
13139
13141
13144
13147
13145
13138
13135
13132
13124
13132
13130
13131
13131
13137
13134
13138
13130
13136
13145
13140
13135
13134
13131
13133
13132
13137
13143
13137
13139
13134
13135
13135
13133
13130
13133
13134
13068
12948
12889
12852
12831
12824
12828
12826
12837
12847
12862
12877
12895
12912
12933
12944
12956
12972
12978
12997
12999
13010
13021
13018
13027
13042
13037
13038
13052
13059
13061
13065
13073
13071
13070
13076
13076
13087
13087
13089
13098
13097
13104
13109
13107
13108
13105
13103
13103
13102
13104
13109
13106
13107
13110
13111
13116
13116
13120
13111
13111
13117
13129
13133
13129
13136
13123
13128
13125
13125
13118
13121
13125
13124
13117
13121
13113
13117
13112
13117
13134
13136
13137
13142
13137
13138
13140
13137
13127
13121
13129
13135
13135
13131
13133
13132
13134
13133
13132
13130
13133
13128
13138
13133
13127
13128
13127
13136
13127
13129
13127
13125
13130
13125
12816
12136
11603
11241
11058
10957
10951
10969
11034
11115
11216
11302
11413
11503
11603
11692
11745
11746
11784
11831
11895
11953
12028
12086
12153
12206
12265
12309
12365
12404
12454
12487
12535
12570
12609
12636
12673
12705
12739
12759
12782
12805
12828
12848
12869
12882
12909
12916
12929
12944
12957
12967
12986
12997
13001
13006
13011
13016
13023
13025
13027
13031
13044
13049
13057
13073
13068
13071
13082
13090
13086
13100
13091
13088
13083
13088
13092
13097
13097
13094
13102
13102
13106
13108
13102
13110
13113
13113
13116
13120
13126
13129
13128
13120
13118
13118
13114
13121
13114
13117
13124
13125
13129
13133
13132
13133
13126
13127
13138
13130
13121
13120
13116
13116
13121
13122
13128
13125
13130
13131
13133
13140
13137
13138
13136
13139
13135
13139
13134
13131
13127
13125
13125
13125
13120
13121
13118
13125
13124
13120
13130
13123
13133
13131
13127
13132
13135
13135
13146
13146
13133
13136
13134
13137
13133
13130
13128
13128
13138
13136
13132
13132
13127
13128
13133
13131
13134
13131
13135
13136
13133
13130
13130
13124
13125
13135
13134
13136
13123
13130
13131
13134
13136
13136
13139
13132
13134
13122
13132
13135
13142
13144
13138
13142
13143
13145
13150
13153
13153
13145
13144
13151
13148
13140
13137
13135
13139
13135
13139
13140
13142
13138
13140
13134
13137
13138
13140
13143
13134
13139
13144
13146
13150
13145
13136
13137
13136
13134
13142
13139
13137
13146
13139
13137
13139
13140
13137
13135
13132
13130
13131
13136
13138
13150
13144
13143
13143
13144
13148
13145
13145
13142
13132
13129
13132
13135
13129
13129
13118
13121
13118
13119
13120
13121
13124
13130
13126
13124
13131
13121
13125
13133
13129
13134
13136
13139
13141
13138
13140
13136
13139
13139
13143
13153
13155
13150
13153
13147
13148
13151
13144
13137
13131
13127
13129
13129
13129
13130
13128
13135
13137
13129
13130
13128
13126
13137
13133
13129
13140
13127
13127
13126
13120
13125
13135
13139
13141
13144
13142
13142
13139
13135
13131
13132
13133
13134
13139
13145
13145
13146
13138
13142
13138
13130
13134
13137
13134
13130
13129
13144
13146
13146
13155
13157
13159
13162
13151
13142
13143
13137
13131
13135
13134
13137
13131
13129
13129
13131
13133
13129
13133
13134
13132
13135
13126
13122
13132
13128
13129
13131
13126
13124
13126
13127
13134
13139
13135
13138
13133
13132
13134
13131
13135
13133
13135
13139
13137
13132
13134
13131
13136
13132
13127
13132
13129
13131
13129
13128
13126
13129
13123
13129
13138
13131
13127
13123
13129
13130
13124
13139
13140
13136
13135
13133
13131
13129
13127
13129
13128
13134
13133
13132
13133
13135
13133
13141
13141
13139
13148
13143
13141
13142
13143
13142
13148
13141
13141
13063
12949
12883
12845
12824
12818
12816
12820
12829
12852
12861
12873
12894
12909
12926
12942
12955
12959
12972
12979
12989
12998
13012
13014
13022
13029
13038
13048
13056
13064
13068
13079
13085
13086
13100
13095
13102
13101
13104
13097
13106
13108
13118
13120
13120
13119
13120
13123
13122
13131
13125
13122
13124
13119
13117
13118
13115
13109
13112
13109
13121
13122
13129
13126
13122
13133
13131
13132
13142
13139
13138
13141
13126
13128
13135
13127
13126
13131
13130
13125
13133
13133
13134
13133
13138
13128
13132
13133
13137
13138
13130
