13134
13137
13142
13137
13136
13139
13133
13142
13135
13138
13139
13131
13132
13130
13126
13136
13130
13125
13129
13120
13118
13122
13116
13120
13113
13118
13119
13122
13119
13122
13124
13133
13131
13138
13133
13138
13144
13129
13123
13122
13121
13117
13122
13120
13126
13128
13130
13138
13134
13138
13139
13133
13136
13137
13135
13130
13127
13131
13136
13132
13124
13130
13132
13125
13130
13129
13130
13122
13124
13123
13122
13127
13135
13130
13126
13130
13140
13137
13129
13135
13137
13143
13141
13143
13141
13143
13141
13138
13131
13134
13138
13134
13136
13139
13143
13148
13141
13141
13148
13136
13134
13139
13124
13126
13126
13123
13119
13129
13137
13138
13140
13151
13149
13148
13145
13144
13147
13133
13129
13133
13134
13141
13138
13133
13125
13127
13131
13134
13132
13134
13136
13131
13138
13131
13131
13134
13133
13129
13131
13136
13130
13141
13136
13137
13136
13138
13138
13138
13142
13136
13135
13137
13132
13126
13131
13132
13141
13133
13127
13137
13132
13135
13137
13130
13133
13133
13132
13126
13123
13124
13128
13133
13134
13141
13138
13144
13135
13128
13133
13136
13143
13149
13141
13143
13142
13132
13138
13132
13140
13134
13136
13142
13143
13144
13145
13145
13142
13136
13134
13147
13144
13143
13143
13140
13148
13144
13137
13137
13128
13137
13141
13136
13137
13135
13129
13128
13127
13128
13130
13132
13132
13141
13132
13137
13139
13142
13132
13131
13136
13127
13129
13121
13125
13127
13133
13132
13136
13126
13121
13131
13126
13127
13131
13135
13144
13145
13141
13139
13128
13129
13127
13122
13118
13117
13122
13126
13124
13118
13118
13123
13121
13119
13121
13122
13128
13125
13132
13132
13136
13128
13136
13140
13137
13134
13135
13127
13124
13120
13118
13124
13132
13129
13130
13127
13130
13132
13136
13138
13137
13139
13138
13133
13136
13137
13131
13135
13128
13124
13129
13134
13132
13132
13133
13132
13137
13137
13139
13138
13136
13136
13135
13138
13136
13147
13151
13146
13151
13138
13137
13137
13133
13139
13140
13140
13143
13138
13133
13134
13132
13139
13143
13140
13141
13139
13140
13139
13136
13138
13146
13142
13142
13147
13147
13146
13143
13147
13148
13139
13137
13135
13133
13132
13140
13144
13144
13138
13140
13137
13126
13138
13132
13125
13122
13124
13119
13123
13123
13126
13118
13124
13121
13119
13122
13132
13132
13137
13126
13124
13134
13128
13127
13129
13129
13126
13130
13138
13138
13136
13138
13137
13145
13148
13146
13142
13140
13143
13155
13148
13140
13138
13136
13133
13128
13119
13116
13124
13128
13136
13136
13139
13146
13140
13142
13149
13144
13146
13142
13139
13150
13143
13133
13141
13134
13134
13132
13132
13123
13125
13134
13137
13137
13144
13142
13144
13143
13142
13138
13135
13137
13139
13140
13138
13132
13124
13124
13121
13125
13123
13116
13132
13137
13133
13131
13129
13128
13131
13125
13126
13139
13128
13138
13138
13140
13139
13142
13139
13133
13131
13133
13131
13128
13138
13125
13130
13132
13133
13136
13131
13132
13127
13123
13123
13117
13127
13130
13132
13131
13138
13137
13138
13141
13136
13141
13139
13142
13146
13145
13141
13143
13139
13125
12847
12115
11553
11228
11019
10928
10894
10925
10978
11071
11150
11265
11356
11467
11557
11670
11742
11827
11909
11985
12056
12129
12191
12252
12310
12365
12415
12462
12505
12542
12582
12620
12649
12684
12707
12734
12756
12789
12807
12831
12856
12875
12884
12897
12920
12928
12939
12947
12948
12952
12967
12977
12996
13007
13018
13029
13035
13040
13050
13049
13048
13054
13058
13056
13057
13062
13072
13068
13069
13075
13075
13095
13096
13100
13109
13109
13111
13120
13118
13122
13120
13120
13116
13113
13104
13106
13107
13106
13108
13110
13111
13114
13115
13120
13121
13137
13137
13139
13146
13144
13141
13146
13138
13143
13141
13137
13132
13122
13129
13134
13133
13137
13133
13139
13138
13133
13126
13130
13124
13124
13130
13133
13135
13134
13131
13134
13132
13136
13124
13126
13129
13126
13131
13137
13124
13144
13137
13139
13138
13142
13144
13148
13145
13142
13141
13143
13141
13135
13141
13136
13137
13142
13137
13139
13144
13138
13136
13140
13135
13131
13128
13119
13122
13129
13126
13130
13128
13134
13138
13133
13135
13131
13131
13132
13129
13139
13129
13140
13139
13142
13141
13143
13134
13138
13133
13135
13134
13133
13135
13130
13129
13133
13133
13139
13134
13130
13128
13130
13133
13129
13134
13136
13137
13140
13137
13144
13142
13143
13141
13139
13140
13146
13144
13140
13139
13149
13138
13134
13138
13139
13139
13139
13135
13136
13136
13136
13140
13131
13129
13134
13133
13140
13141
13142
13145
13135
13127
13133
13119
13121
13129
13128
13131
13123
13121
13120
13121
13129
13123
13121
13130
13129
13137
13137
13143
13152
13139
13134
13140
13138
13132
13127
13135
13139
13140
13139
13138
13138
13139
13137
13132
13132
13132
13122
13125
13127
13123
13133
13126
13123
13133
13132
13134
13129
13133
13139
13138
13142
13135
13143
13144
13150
13147
13156
13145
13150
13139
13134
13139
13143
13138
13126
13127
13126
13126
13126
13131
13130
13138
13143
13153
13159
13154
13141
13143
13137
13131
13138
13140
13140
13139
13139
13145
13134
13140
13135
13136
13132
13127
13128
13127
13135
13132
13131
13126
13134
13133
13124
13129
13126
13127
13121
13123
13122
13124
13124
13134
13126
13133
13135
13139
13132
13137
13134
13138
13128
13123
13124
13118
13120
13119
13114
13120
13123
13124
13132
13129
13132
13132
13141
13136
13142
13140
13134
13136
13149
13144
13138
13141
13136
13136
13133
13135
13129
13124
13129
13136
13133
13135
13135
13138
13135
13140
13140
13145
13129
13130
13138
13138
13134
13132
13126
13131
13139
13127
13124
13120
13113
13114
13119
13121
13119
13123
13120
13122
13136
13130
13125
13127
13126
13130
13133
13137
13139
13146
13136
13136
13128
13131
13136
13136
13140
13143
13147
13147
13147
13147
13156
13147
13149
13154
13150
13154
13154
13158
13150
13145
13143
13136
13133
13125
13125
13132
13135
13138
13145
13136
13134
13134
13128
13128
13130
13126
13131
13133
13133
13141
13138
13137
13140
13139
13137
13132
13137
13146
13141
13137
13139
13133
13131
13133
13135
13137
13144
13147
13142
13142
13141
13136
13134
13141
13140
13135
13135
13132
13133
13134
13135
13134
13133
13132
13128
13127
13137
13138
13134
13139
13136
13139
13137
13132
13136
13141
13132
13133
13126
13128
13130
13122
13127
13132
13131
13134
13139
13134
13147
13151
13143
13138
