13143
13137
13136
13135
13131
13135
13127
13132
13124
13121
13116
13124
13130
13131
13135
13143
13139
13141
13143
13138
13147
13137
13144
13138
13139
13134
13138
13136
13134
13136
13129
13138
13136
13147
13149
13150
13149
13139
13142
13141
13136
13137
13139
13130
13122
13131
13130
13131
13127
13139
13137
13136
13129
13127
13118
13121
13116
13116
13113
13119
13133
13129
13124
13127
13127
13127
13127
13121
13124
13125
13123
13135
13132
13134
13134
13134
13136
13128
13124
13126
13121
13122
13131
13125
13117
13119
13113
13124
13126
13131
13136
13138
13140
13138
13144
13145
13143
13141
13133
13130
13130
13129
13131
13124
13125
13128
13131
13134
13129
13130
13131
13140
13128
13138
13137
13136
13142
13143
13139
13142
13135
13122
13129
13125
13120
13128
13118
13124
13134
13137
13134
13140
13140
13140
13143
13147
13140
13137
13130
13136
13142
13140
13134
13139
13141
13139
13138
13138
13134
13131
13134
13136
13138
13139
13140
13132
13135
13134
13130
13141
13139
13135
13139
13143
13148
13145
13147
13147
13139
13138
13133
13129
13130
13128
13132
13132
13127
13129
13124
13122
13133
13130
13128
13135
13136
13138
13141
13131
13130
13130
13128
13128
13126
13131
13129
13129
13138
13127
13124
13122
13122
13126
13133
13131
13129
13133
13133
13133
13134
13135
13136
13134
13134
13138
13137
13144
13142
13145
13139
13133
13142
13130
13137
13140
13134
13136
13131
13130
13127
13125
13129
13138
13135
13131
13134
13132
13134
13130
13133
13139
13142
13140
13151
13147
13139
13147
13146
13148
13154
13145
13137
13134
13133
13130
13127
13133
13128
13132
13137
13142
13145
13137
13136
13138
13141
13145
13141
13134
13136
13137
13133
13133
13131
13132
13138
13136
13152
13146
13143
13138
13137
13135
13143
13130
13125
13132
13128
13121
13128
13130
13137
13143
13146
13141
13137
13138
13130
13139
13138
13137
13149
13139
13140
13139
13140
13137
13128
13125
13133
13126
13127
13141
13142
13145
13152
13154
13160
13154
13151
13150
13144
13142
13139
13137
13136
13141
13139
13135
13141
13129
13127
13131
13124
13125
13121
13124
13124
13126
13125
13132
13138
13140
13139
13143
13141
13145
13141
13140
13138
13135
13128
13130
13133
13136
13134
13131
13139
13138
13130
13134
13131
13129
13139
13129
13126
13128
13126
13134
13136
13133
13138
13143
13150
13144
13148
13147
13144
13142
13141
13130
13131
13125
13129
13127
13127
13125
13124
13124
13130
13136
13130
13139
13135
13147
13153
13145
13141
13144
13137
13139
13127
13133
13136
13136
13128
13131
13116
13125
13126
13132
13135
13139
13142
13143
13143
13139
13133
13136
13130
13131
13135
13142
13140
13141
13145
13148
13146
13147
13143
13136
13138
13134
13132
13134
13133
13133
13140
13140
13140
13146
13142
13141
13143
13136
13132
13136
13135
13136
13135
13134
13131
13132
13133
13130
13135
13139
13146
13139
13134
13137
13143
13137
13134
13132
13131
13132
13128
13135
13130
13133
13136
13138
13137
13135
13138
13141
13142
13142
13142
13139
13139
13139
13149
13141
13140
13139
13136
13131
13132
13127
13123
13124
13129
13131
13127
13132
13130
13140
13139
13136
13128
13129
13132
13133
13129
12856
12370
11707
11274
10898
10702
10609
10564
10481
10502
10545
10635
10727
10858
10973
11098
11202
11329
11426
11533
11629
11725
11806
11896
11976
12066
12127
12197
12246
12306
12362
12412
12454
12493
12527
12564
12590
12635
12671
12705
12732
12752
12783
12808
12819
12838
12863
12875
12891
12902
12917
12929
12947
12959
12970
12979
12987
12999
13010
13020
13023
13032
13028
13036
13039
13042
13050
13046
13053
13061
13069
13073
13082
13085
13086
13102
13098
13101
13111
13106
13114
13108
13111
13112
13111
13114
13114
13116
13116
13115
13111
13112
13118
13117
13116
13119
13115
13118
13115
13113
13120
13120
13128
13133
13131
13134
13133
13132
13132
13124
13129
13131
13126
13127
13124
13128
13126
13121
13132
13127
13127
13123
13124
13134
13133
13126
13132
13125
13132
13126
13123
13126
13130
13124
13136
13125
13119
13127
13119
13117
13122
13117
13127
13125
13132
13125
13123
13126
13136
13137
13143
13134
13136
13135
13136
13138
13136
13127
13130
13134
13131
13133
13135
13131
13131
13134
13132
13131
13135
13138
13132
13128
13132
13133
13137
13137
13134
13141
13137
13148
13146
13145
13143
13143
13138
13131
13136
13132
13131
13131
13132
13132
13131
13124
13121
13123
13123
13127
13136
13137
13132
13130
13127
13131
13126
13125
13132
13131
13134
13141
13136
13139
13140
13138
13138
13134
13130
13140
13124
13129
13135
13130
13130
13136
13132
13129
13126
13130
13123
13132
13132
13127
13128
13134
13133
13136
13137
13135
13132
13134
13130
13133
13129
13131
13130
13134
13138
13134
13139
13138
13130
13137
13128
13130
13132
13127
13120
13134
13130
13134
13136
13136
13130
13126
13130
13126
13135
13138
13138
13141
13138
13141
13134
13128
13125
13133
13121
13128
13131
13131
13129
13132
13125
13127
13134
13137
13135
13133
13133
13134
13131
13129
13129
13131
13124
13126
13125
13130
13130
13132
13137
13132
13131
13131
13135
13136
13133
13134
13130
13134
13137
13140
13139
13136
13134
13149
13139
13141
13144
13149
13146
13149
13142
13141
13140
13147
13143
13138
13145
13145
13141
13136
13139
13143
13146
13148
13139
13152
13145
13142
13143
13142
13138
13133
13130
13137
13136
13133
13136
13137
13143
13149
13147
13142
13142
13141
13129
13136
13137
13134
13136
13129
13130
13133
13133
13133
13137
13136
13139
13142
13137
13139
13133
13139
13143
13135
13136
13146
13136
13132
13136
13134
13136
13133
13134
13131
13136
13138
13139
13138
13140
13142
13140
13139
13134
13135
13136
13134
13138
13141
13139
13142
13144
13147
13135
13126
13133
13119
13131
13128
13132
13134
13127
13126
13134
13136
13129
13139
13135
13137
13140
13139
13139
13143
13141
13144
13146
13153
13149
13153
13152
13148
13150
13146
13143
13141
13137
13137
13132
13129
13131
13130
13131
13135
13134
13140
13143
13139
13141
13141
13132
13129
13129
13125
13138
13134
13136
13142
13131
13130
13132
13125
13129
13137
13136
13134
13136
13138
13133
13131
13138
13136
13135
13127
13133
13131
13125
13130
13132
13132
13138
13136
13136
13135
13130
13134
13138
13131
13133
13139
13137
13143
13142
13139
13142
13133
13134
13142
13133
13130
13135
13127
13125
13130
13128
13130
13133
13139
13136
13138
13143
13141
13136
13140
13141
13147
13140
13141
13143
13143
13144
13139
13144
13142
13142
