13122
13124
13123
13124
13130
13134
13127
13126
13122
13124
13139
13135
13137
13149
13149
13152
13155
13148
13142
13145
13146
13142
13141
13144
13131
13132
13130
13129
13136
13141
13140
13146
13137
13143
13143
13141
13143
13140
13140
13139
13136
13133
13134
13126
13132
13137
13131
13134
13131
13136
13139
13137
13133
13129
13127
13134
13133
13130
13131
13129
13129
13125
13126
13133
13134
13139
13145
13142
13150
13142
13147
13152
13144
13145
13145
13136
13137
13134
13131
13143
13128
13131
13127
13126
13129
13131
13130
13140
13139
13131
13144
13138
13134
13134
13126
13124
13123
13122
13123
13126
13126
13132
13131
13136
13134
13130
13128
13128
13140
13135
13140
13151
13147
13146
13138
13141
13138
13135
13129
13133
13124
13131
13129
13126
13126
13123
13126
13132
13115
13112
13118
13115
13116
13119
13121
13124
13128
13135
13136
13133
13136
13137
13138
13146
13144
13147
13147
13138
13146
13144
13143
13144
13145
13146
13140
13132
13126
13124
13124
13130
13119
13121
13128
13131
13134
13135
13127
13136
13127
13126
13127
13129
13128
13131
13137
13145
13143
13141
13139
13136
13135
13133
13135
13135
13131
13132
13131
13132
13135
13129
13131
13130
13131
13123
13127
13136
13137
13132
13131
13143
13145
13139
13137
13133
13135
13141
13137
13142
13137
13129
13135
13130
13128
13129
13124
13122
13121
13118
13117
13117
13117
13127
13137
13140
13137
13136
13142
13142
13144
13139
13137
13140
13146
13140
13144
13143
13139
13144
13145
13142
13130
13140
13140
13137
13144
13147
13138
13145
13140
13145
13145
13146
13144
13147
13138
13138
13142
13137
13136
13137
13133
13134
13134
13137
13132
13129
13130
13133
13134
13128
13131
13137
13126
13129
13126
13129
13132
13129
13135
13130
13117
13118
13130
13129
13133
13134
13135
13148
13141
13138
13144
13139
13137
13137
13133
13133
13134
13137
13132
13129
13133
13133
13133
13142
13150
13137
13134
13135
13138
13126
13130
13130
13121
13124
13122
13123
13129
13129
13130
13128
13126
13132
13129
13126
13127
13132
13130
13136
13133
13133
13140
13139
13133
13139
13128
13128
13133
13131
13131
13129
13124
13124
13129
13137
13138
13134
13134
13140
13141
13138
13135
13131
13134
13133
13132
13122
13127
13126
13126
13126
13122
13124
13128
13125
13126
13130
13126
13131
13129
13126
13127
13125
13124
13130
13127
13134
13132
13134
13134
13133
13134
13132
13133
13132
13129
13128
13126
13130
13141
13137
13132
13138
13132
13136
13139
13139
13138
13143
13142
13146
13135
13137
13139
13136
13146
13144
13145
13150
13139
13135
13150
13148
13148
13152
13144
13146
13145
13138
13137
13132
13128
13124
13128
13131
13130
13138
13134
13135
13141
13136
13137
13138
13138
13139
13138
13138
13134
13131
13134
13139
13128
13126
13123
13123
13120
13116
13119
13128
13129
13123
13135
13134
13133
13142
13137
13139
13138
13136
13134
13137
13138
13143
13147
13146
13145
13143
13145
13139
13143
13133
13124
13132
13127
13133
13132
13131
13140
13132
13134
13136
13132
13131
13133
13131
13126
13126
13122
13130
13129
13122
13127
13122
13119
13121
13114
13115
13120
13118
13112
13117
13122
13126
13133
13146
13027
12496
11939
11582
11390
11280
11257
11248
11303
11277
11237
11244
11303
11360
11440
11513
11601
11682
11784
11859
11948
12016
12089
12154
12217
12269
12335
12378
12427
12470
12509
12548
12584
12616
12646
12674
12708
12727
12756
12777
12800
12820
12837
12854
12877
12893
12908
12922
12935
12941
12958
12964
12974
12986
12991
13004
13003
13005
13014
13013
13021
13031
13042
13053
13062
13058
13074
13071
13082
13089
13086
13095
13096
13094
13105
13107
13111
13107
13116
13114
13115
13118
13121
13121
13132
13128
13121
13119
13118
13119
13113
13107
13109
13110
13118
13122
13116
13119
13124
13120
13117
13116
13122
13127
13120
13124
13136
13132
13133
13130
13127
13123
13124
13126
13119
13130
13136
13128
13132
13132
13132
13127
13125
13125
13132
13125
13129
13141
13132
13130
13119
13121
13125
13116
13127
13140
13139
13134
13139
13138
13138
13127
13128
13125
13121
13123
13134
13127
13124
13131
13124
13126
13125
13123
13130
13130
13139
13132
13133
13135
13130
13135
13135
13131
13133
13129
13136
13137
13141
13137
13140
13131
13130
13129
13132
13129
13134
13141
13143
13143
13140
13135
13134
13134
13129
13133
13138
13125
13129
13133
13128
13131
13131
13129
13134
13136
13142
13140
13138
13138
13147
13149
13145
13146
13149
13139
13141
13136
13131
13128
13128
13123
13126
13127
13126
13133
13132
13127
13134
13131
13125
13127
13127
13132
13129
13126
13133
13127
13125
13131
13126
13132
13131
13130
13127
13133
13135
13133
13135
13141
13140
13136
13138
13128
13125
13120
13118
13120
13124
13126
13126
13128
13125
13135
13128
13135
13121
13122
13123
13130
13135
13135
13135
13145
13141
13133
13143
13134
13130
13134
13130
13128
13124
13121
13123
13124
13130
13123
13128
13133
13138
13141
13142
13144
13158
13144
13136
13137
13137
13124
13119
13121
13123
13125
13135
13135
13130
13128
13128
13125
13129
13130
13132
13137
13135
13129
13133
13133
13130
13140
13138
13142
13141
13140
13150
13142
13139
13133
13133
13139
13134
13127
13126
13121
13132
13122
13120
13116
13120
13125
13128
13129
13130
13130
13129
13138
13124
13126
13129
13126
13131
13132
13125
13133
13136
13125
13137
13131
13140
13146
13141
13141
13142
13140
13140
13134
13129
13126
13130
13130
13133
13134
13129
13133
13139
13133
13127
13129
13131
13134
13132
13133
13128
13132
13131
13136
13125
13132
13133
13126
13130
13132
13134
13140
13143
13140
13149
13138
13145
13148
13148
13146
13139
13144
13140
13132
13136
13133
13128
13133
13140
13147
13147
13141
13148
13138
13138
13137
13135
13134
13137
13139
13142
13137
13136
13138
13139
13147
13139
13138
13139
13136
13137
13142
13142
13139
13143
13143
13144
13140
13141
13130
13134
13131
13132
13133
13125
13126
13131
13130
13122
13118
13124
13126
13138
13127
13123
13126
13118
13124
13121
13125
13132
13136
13130
13135
13136
13131
13131
13130
13126
13122
13125
13134
13131
13133
13138
13132
13133
13138
13130
13124
13133
13131
13126
13131
13130
13128
13129
13134
13138
13132
13128
13127
13133
13130
13129
13137
13146
13140
13138
13136
13134
13136
13134
13138
13123
13122
13119
13117
13126
13126
13123
13126
13127
13126
13135
13136
13133
13140
13137
13141
13140
13140
13139
13134
13139
13140
13136
13140
13130
13133
13131
13131
13137
13132
