13130
13127
13131
13129
13123
13134
13132
13139
13147
13144
13138
13135
13137
13138
13140
13138
13136
13131
13132
13128
13128
13133
13134
13134
13131
13137
13132
13138
13140
13138
13133
13138
13131
13133
13131
13131
13128
13125
13126
13137
13136
13128
13136
13127
13125
13132
13131
13135
13134
13139
13143
13143
13143
13138
13149
13145
13146
13142
13142
13143
13143
13138
13135
13139
13143
13139
13134
13131
13128
13129
13126
13135
13126
13133
13135
13137
13142
13147
13147
13145
13140
13133
13143
13136
13137
13139
13143
13140
13138
13134
13135
13138
13135
13135
13132
13136
13138
13138
13133
13140
13142
13137
13144
13144
13143
13147
13143
13139
13135
13134
13135
13138
13137
13137
13142
13138
13147
13143
13147
13146
13140
13136
13141
13139
13135
13136
13138
13133
13137
13134
13133
13136
13136
13137
13134
13141
13132
13129
13132
13131
13137
13137
13134
13139
13139
13143
13138
13136
13129
13132
13132
13132
13127
13133
13134
13137
13136
13139
13134
13147
13148
13146
13144
13140
13135
13137
13140
13138
13140
13144
13140
13136
13135
13129
13132
13138
13134
13141
13136
13138
13141
13125
13119
13130
13128
13129
13129
13128
13129
13133
13129
13126
13111
13119
13123
13127
13132
13129
13131
13135
13134
13134
13145
13144
13146
13151
13148
13140
13142
13148
13141
13137
13134
13129
13137
13138
13142
13139
13140
13138
13145
13142
13138
13138
13132
13127
13125
13119
13123
13125
13131
13134
13125
13133
13133
13136
13131
13130
13128
13136
13139
13133
13139
13132
13132
13139
13142
13146
13149
13155
13143
13148
13146
13140
13136
13137
13134
13132
13129
13130
13135
13125
13129
13130
13131
13132
13134
13134
13136
13137
13135
13139
13129
13135
13133
13130
13124
13129
13128
13133
13132
13137
13133
13131
13128
13135
13133
13138
13140
13139
13140
13137
13141
13132
13137
13137
13133
13136
13131
13136
13145
13141
13139
13140
13140
13141
13143
13138
13141
13138
13134
13144
13142
13147
13155
13148
13150
13146
13141
13138
13134
13132
13130
13126
13124
13124
13123
13124
13128
13134
13132
13134
13136
13135
13142
13144
13146
13136
13131
13134
13135
13135
13135
13131
13135
13134
13133
13128
13131
13137
13130
13133
13130
13133
13133
13127
13133
13128
13126
13137
13130
13131
13133
13124
13121
13118
13119
13116
13118
13125
13128
13132
13133
13125
13134
13129
13130
13124
13128
13124
13132
13131
13135
13137
13142
13141
13137
13137
13146
13145
13145
13137
13127
13133
13142
13142
13140
13142
13135
13147
13138
13129
13136
13121
13131
13133
13127
13133
13132
13133
13128
13123
13128
13123
13122
13126
13125
13127
13126
13126
13133
13128
13129
13128
13133
13134
13130
13136
13139
13135
13136
13135
13127
13130
13129
13128
13129
13127
13125
13127
13126
13120
13126
13124
13131
13136
13134
13137
13141
13145
13146
13143
13140
13134
13134
13137
13137
13138
13136
13131
13138
13132
13131
13138
13137
13137
13138
13143
13135
13141
13145
13153
13140
13145
13142
13143
13144
13146
13142
13145
13139
13136
13140
13131
13122
13133
13128
13131
13134
13129
13130
13128
13130
13122
13129
13132
13134
13129
13134
13128
13134
13123
13123
13127
13127
13127
13104
12982
12741
12340
12115
11978
11907
11877
11892
11910
11956
11997
12064
12122
12178
12223
12280
12320
12287
12276
12285
12301
12345
12379
12405
12411
12438
12455
12491
12525
12553
12574
12608
12633
12667
12681
12715
12738
12773
12788
12818
12834
12859
12873
12893
12911
12924
12933
12950
12955
12966
12978
12990
13008
13013
13023
13037
13038
13035
13046
13045
13042
13046
13040
13050
13048
13060
13062
13071
13083
13087
13093
13090
13099
13107
13104
13103
13108
13107
13109
13114
13112
13117
13113
13114
13117
13104
13113
13113
13108
13118
13113
13107
13113
13107
13104
13112
13110
13112
13119
13117
13115
13118
13114
13116
13119
13117
13118
13124
13124
13125
13130
13128
13126
13135
13129
13129
13138
13138
13142
13140
13138
13140
13142
13146
13151
13139
13142
13147
13139
13144
13138
13135
13138
13134
13133
13141
13141
13148
13150
13137
13136
13134
13130
13130
13123
13127
13116
13119
13120
13117
13122
13117
13123
13131
13124
13128
13138
13135
13139
13145
13139
13140
13131
13128
13134
13128
13127
13126
13124
13129
13131
13120
13133
13123
13120
13129
13126
13124
13132
13133
13132
13133
13136
13132
13133
13142
13136
13146
13141
13147
13147
13135
13129
13141
13133
13138
13137
13134
13137
13135
13132
13134
13134
13134
13135
13126
13129
13125
13122
13133
13138
13143
13148
13138
13135
13138
13126
13127
13131
13129
13138
13135
13136
13132
13133
13128
13128
13127
13131
13132
13134
13136
13137
13141
13136
13128
13136
13131
13135
13134
13134
13136
13139
13140
13147
13143
13142
13139
13138
13136
13134
13128
13133
13135
13134
13140
13135
13129
13138
13137
13138
13140
13136
13140
13143
13149
13138
13136
13136
13135
13139
13137
13136
13143
13138
13136
13131
13128
13131
13128
13127
13123
13123
13122
13130
13125
13122
13123
13123
13127
13126
13123
13134
13137
13134
13137
13142
13141
13150
13150
13156
13157
13156
13151
13151
13150
13138
13134
13139
13139
13140
13136
13134
13143
13136
13140
13143
13144
13142
13142
13143
13140
13143
13134
13140
13136
13140
13136
13129
13135
13128
13137
13133
13134
13132
13138
13126
13125
13130
13120
13127
13140
13138
13135
13134
13134
13132
13134
13140
13141
13135
13136
13133
13134
13125
13126
13132
13135
13138
13138
13142
13141
13141
13137
13147
13138
13142
13151
13145
13143
13149
13142
13144
13145
13129
13137
13134
13136
13144
13134
13129
13125
13122
13129
13121
13117
13117
13118
13126
13128
13136
13132
13134
13137
13135
13134
13138
13134
13140
13131
13129
13125
13130
13131
13138
13132
13135
13137
13131
13141
13134
13131
13138
13130
13131
13131
13132
13131
13138
13132
13128
13130
13124
13120
13127
13126
13124
13132
13142
13139
13136
13133
13136
13145
13138
13129
13131
13129
13131
13128
13127
13130
13133
13135
13138
13132
13126
13128
13132
13134
13136
13135
13134
13130
13132
13136
13129
13131
13135
13132
13140
13145
13137
13130
13132
13140
13134
13134
13138
13140
13141
13135
13129
13125
13117
13115
13121
13115
13118
13124
13134
13129
13132
13132
13129
13118
13125
13130
13133
13130
13127
13128
13134
13135
13134
13142
13138
13130
13138
13137
13139
13142
13143
13148
13146
13144
13132
13135
13134
13135
13139
13136
13130
13132
13130
13131
13131
13126
13126
13124
13126
13128
13134
