13141
13138
13142
13145
13147
13146
13137
13135
13134
13136
13130
13127
13135
13132
13127
13133
13129
13133
13136
13132
13134
13135
13142
13140
13137
13139
13141
13141
13139
13139
13141
13147
13136
13137
13140
13132
13128
13133
13135
13133
13136
13129
13142
13144
13152
13149
13149
13153
13145
13148
13146
13142
13147
13142
13142
13149
13149
13141
13140
13139
13142
13142
13139
13143
13138
13141
13133
13128
13124
13133
13133
13139
13135
13133
13138
13134
13137
13141
13134
13134
13134
13137
13137
13136
13134
13132
13135
13138
13135
13135
13140
13132
13144
13135
13136
13133
13135
13135
13142
13133
13131
13138
13138
13145
13138
13134
13138
13143
13146
13138
13144
13157
13151
13145
13151
13139
13142
13139
13131
13129
13126
13123
13123
13122
13122
13118
13120
13117
13123
13124
13125
13122
13128
13121
13126
13131
13138
13137
13139
13137
13142
13139
13138
13138
13126
13138
13135
13127
13124
13132
13131
13133
13135
13133
13135
13119
13121
13126
13126
13134
13143
13141
13142
13144
13142
13135
13144
13140
13137
13135
13131
13129
13126
13116
13111
13114
13112
13117
13118
13129
13134
13135
13135
13140
13135
13138
13146
13142
13142
13141
13141
13145
13135
13132
13140
13135
13140
13146
13145
13147
13151
13147
13146
13131
13132
13133
13128
13130
13135
13128
13123
13123
13123
13113
13118
13122
13126
13134
13129
13123
13122
13134
13135
13137
13137
13136
13143
13137
13143
13137
13132
13137
13135
13137
13141
13132
13137
13142
13144
13141
13141
13141
13145
13135
13133
13131
13128
13131
13131
13132
13128
13121
13134
13128
13131
13132
13138
13138
13136
13137
13142
13143
13145
13137
13135
13138
13146
13141
13132
13133
13133
13140
13129
13128
13144
13139
13140
13145
13140
13140
13143
13142
13144
13144
13146
13143
13141
13142
13140
13145
13141
13136
13142
13140
13136
13143
13137
13136
13134
13132
13134
13128
13131
13132
13133
13134
13143
13138
13145
13145
13142
13154
13147
13141
13145
13136
13135
13138
13136
13135
13135
13135
13134
13134
13130
13130
13128
13122
13126
13129
13130
13132
13137
13132
13130
13139
13142
13139
13138
13133
13137
13137
13136
13132
13126
13132
13130
13123
13125
13126
13128
13136
13138
13131
13140
13139
13141
13139
13136
13132
13134
13125
13136
13143
13146
13146
13148
13144
13137
13137
13134
13133
13140
13140
13147
13151
13144
13143
13142
13140
13143
13139
13143
13146
13141
13139
13136
13128
13125
13123
13134
13138
13126
13121
13130
13120
13124
13118
13116
13119
13114
13114
13115
13115
13113
13115
13119
13123
13125
13121
13128
13132
13138
13135
13133
13138
13138
13138
13143
13134
13137
13139
13138
13136
13134
13139
13142
13137
13137
13135
13137
13142
13137
13130
13141
13141
13140
13142
13136
13133
13130
13129
13133
13131
13135
13136
13136
13138
13141
13140
13148
13145
13149
13139
13127
13134
13128
13135
13129
13122
13129
13130
13138
13134
13127
13130
13137
13134
13128
13138
13132
13146
13138
13137
13140
13135
13127
13134
13127
13129
13132
13130
13131
13129
13131
13132
13139
13137
13137
13140
13142
13142
13148
13137
13134
13135
13125
13125
13121
13124
13130
13128
13131
13127
13014
12271
11145
10254
9750
9459
9370
9364
9456
9566
9728
9870
10054
10216
10393
10545
10712
10843
10993
11115
11249
11359
11477
11579
11682
11770
11867
11939
12039
12098
12163
12228
12292
12336
12392
12434
12475
12511
12559
12594
12636
12662
12698
12714
12733
12756
12776
12801
12818
12830
12851
12860
12882
12906
12917
12928
12950
12958
12970
12985
12986
12993
12997
13008
13013
13021
13033
13034
13042
13043
13045
13058
13063
13071
13079
13085
13087
13092
13086
13095
13081
13088
13093
13098
13099
13111
13107
13116
13111
13107
13108
13105
13091
13100
13098
13097
13107
13113
13120
13121
13128
13130
13126
13132
13132
13124
13129
13127
13134
13124
13122
13124
13121
13117
13119
13116
13116
13110
13114
13121
13116
13125
13123
13124
13124
13126
13127
13140
13138
13140
13155
13150
13142
13145
13144
13146
13144
13138
13145
13138
13135
13128
13127
13132
13131
13133
13119
13122
13122
13119
13109
13112
13114
13119
13127
13130
13133
13136
13136
13136
13126
13129
13127
13130
13126
13127
13128
13137
13132
13136
13145
13139
13141
13140
13132
13138
13140
13138
13135
13135
13136
13134
13137
13142
13140
13135
13134
13133
13133
13127
13126
13132
13126
13130
13126
13125
13128
13127
13121
13130
13130
13136
13128
13133
13134
13135
13137
13141
13136
13133
13144
13131
13126
13135
13130
13129
13129
13125
13129
13133
13128
13125
13127
13136
13131
13133
13132
13137
13145
13139
13132
13137
13134
13141
13136
13126
13125
13123
13119
13121
13110
13113
13123
13124
13128
13130
13128
13132
13128
13126
13130
13123
13119
13127
13125
13129
13128
13128
13133
13132
13138
13128
13132
13142
13147
13140
13134
13134
13138
13131
13122
13122
13122
13130
13139
13139
13140
13147
13142
13145
13135
13137
13135
13133
13137
13135
13131
13132
13133
13129
13136
13138
13135
13140
13135
13134
13136
13142
13139
13140
13138
13152
13148
13156
13150
13148
13144
13141
13141
13138
13131
13138
13140
13138
13136
13135
13128
13125
13129
13135
13128
13132
13136
13127
13133
13130
13129
13131
13127
13123
13127
13124
13120
13129
13124
13130
13134
13137
13136
13138
13144
13139
13138
13140
13132
13131
13127
13131
13140
13131
13132
13136
13137
13138
13142
13141
13143
13142
13149
13141
13135
13133
13144
13145
13140
13137
13135
13135
13137
13128
13139
13132
13127
13130
13129
13126
13125
13130
13128
13132
13133
13134
13143
13153
13148
13153
13148
13139
13140
13128
13122
13129
13125
13127
13124
13126
13126
13131
13135
13138
13128
13137
13142
13141
13141
13138
13134
13130
13130
13130
13127
13126
13122
13127
13125
13130
13131
13131
13133
13135
13134
13128
13131
13130
13126
13132
13129
13129
13134
13129
13130
13132
13135
13137
13138
13144
13148
13149
13152
13152
13150
13144
13144
13138
13134
13126
13124
13132
13136
13136
13138
13132
13133
13136
13127
13133
13134
13133
13134
13128
13122
13118
13118
13120
13115
13123
13119
13116
13126
13119
13118
13121
13125
13128
13126
13128
13132
13136
13135
13133
13132
13132
13133
13122
13134
13131
13130
13132
13133
13135
13136
13133
13128
13131
13126
13124
13122
13124
13128
13135
13138
13138
13143
13144
13144
13134
13136
13135
13148
13138
13134
13138
13131
13125
13131
13141
13142
13143
13143
13138
13133
13138
13139
13137
13140
13144
