13122
13126
13135
13139
13151
13146
13140
13141
13138
13140
13136
13134
13127
13130
13130
13138
13133
13138
13134
13137
13142
13135
13133
13139
13140
13138
13148
13146
13145
13150
13150
13146
13147
13143
13142
13139
13139
13136
13136
13133
13130
13124
13129
13131
13137
13133
13135
13135
13136
13133
13136
13138
13144
13153
13143
13138
13134
13137
13138
13137
13138
13138
13142
13151
13143
13138
13142
13140
13138
13140
13134
13133
13135
13142
13144
13143
13145
13143
13146
13151
13150
13147
13146
13137
13136
13132
13124
13121
13115
13121
13124
13129
13132
13134
13132
13136
13126
13131
13129
13129
13130
13133
13140
13141
13134
13132
13138
13135
13137
13138
13142
13136
13137
13137
13145
13131
13136
13134
13131
13125
13123
13126
13129
13129
13134
13129
13124
13131
13131
13132
13126
13135
13133
13131
13137
13140
13138
13138
13138
13137
13146
13146
13151
13149
13140
13137
13140
13127
13122
13122
13123
13126
13132
13136
13133
13138
13137
13127
13128
13126
13119
13125
13126
13122
13128
13125
13127
13136
13128
13131
13134
13122
13126
13123
13124
13128
13126
13127
13133
13134
13132
13135
13131
13131
13126
13125
13139
13140
13142
13145
13136
13132
13132
13129
13134
13138
13145
13138
13137
13133
13125
13132
13131
13130
13126
13113
13112
13121
13123
13133
13137
13137
13144
13140
13149
13151
13148
13139
13135
13132
13134
13129
13130
13134
13125
13129
13134
13132
13131
13132
13129
13130
13135
13128
13129
13130
13134
13128
13125
13126
13125
13131
13138
13134
13141
13132
13131
13134
13133
13134
13130
13129
13134
13134
13137
13138
13136
13132
13140
13133
13138
13137
13136
13133
13134
13138
13140
13129
13130
13129
13126
13132
13126
13121
13120
13132
13129
13132
13129
13128
13127
13127
13125
13118
13130
13122
13129
13138
13137
13131
13134
13134
13138
13132
13137
13135
13129
13135
13138
13125
13128
13134
13133
13139
13134
13130
13141
13136
13139
13146
13148
13144
13146
13138
13141
13143
13150
13143
13142
13139
13134
13139
13137
13135
13149
13134
13134
13141
13141
13138
13142
13140
13143
13146
13150
13139
13129
13144
13139
13134
13134
13137
13133
13139
13134
13133
13139
13138
13136
13139
13130
13134
13134
13137
13136
13140
13140
13137
13137
13134
13129
13132
13128
13132
13140
13133
13129
13133
13137
13138
13134
13131
13133
13134
13130
13126
13115
13127
13133
13123
13130
13138
13134
13136
13128
13129
13137
13131
13133
13140
13139
13142
13143
13135
13137
13131
13132
13128
13128
13128
13127
13133
13134
13136
13137
13138
13136
13141
13133
13128
13123
13121
13121
13129
13127
13131
13127
13130
13137
13131
13130
13129
13127
13133
13132
13131
13136
13142
13146
13145
13135
13137
13139
13133
13125
13121
13120
13123
13119
13124
13123
13124
13126
13120
13120
13114
13123
13132
13134
13137
13135
13133
13139
13141
13134
13130
13126
13132
13127
13126
13133
13130
13145
13151
13145
13137
13140
13144
13141
13134
13135
13133
13141
13135
13140
13139
13130
13122
13121
13123
13124
13122
13122
13124
13137
13131
13126
13122
13127
13130
13131
13135
13129
13131
13124
13124
13121
13121
13117
13117
13122
13122
13131
13136
13134
13134
12901
11909
11016
10456
10043
9788
9713
9703
9785
9879
10028
10164
10329
10473
10637
10774
10932
11058
11192
11301
11430
11528
11629
11722
11825
11904
11991
12054
12124
12182
12245
12296
12353
12405
12459
12497
12540
12586
12620
12649
12686
12706
12733
12766
12779
12806
12821
12833
12849
12866
12882
12896
12923
12940
12958
12976
12989
12991
13011
13004
13004
13011
13015
13026
13034
13044
13047
13051
13053
13065
13061
13073
13078
13077
13077
13082
13088
13101
13094
13096
13102
13090
13090
13092
13090
13096
13094
13090
13096
13103
13111
13115
13120
13126
13127
13129
13131
13128
13134
13137
13128
13134
13130
13132
13126
13124
13119
13120
13124
13124
13119
13120
13124
13130
13131
13132
13133
13138
13135
13131
13137
13133
13128
13135
13132
13124
13124
13128
13129
13137
13132
13126
13129
13127
13126
13136
13125
13125
13124
13122
13123
13123
13123
13124
13123
13116
13106
13105
13113
13119
13119
13130
13133
13138
13133
13134
13130
13135
13132
13125
13130
13127
13121
13126
13126
13124
13134
13132
13137
13138
13135
13130
13141
13146
13145
13143
13142
13135
13133
13130
13133
13134
13147
13144
13140
13143
13144
13138
13136
13134
13120
13116
13120
13120
13131
13133
13134
13139
13127
13120
13126
13129
13133
13137
13126
13135
13133
13137
13137
13125
13126
13124
13130
13133
13134
13136
13131
13126
13134
13132
13120
13131
13132
13140
13133
13134
13127
13125
13126
13132
13126
13134
13138
13133
13135
13135
13136
13138
13135
13135
13134
13130
13128
13130
13130
13131
13133
13138
13131
13131
13141
13134
13134
13138
13136
13144
13141
13144
13141
13133
13131
13140
13146
13138
13133
13130
13133
13133
13133
13130
13125
13128
13127
13122
13127
13119
13117
13127
13124
13127
13135
13126
13126
13132
13129
13136
13133
13126
13122
13123
13135
13122
13123
13124
13125
13131
13133
13145
13153
13137
13140
13140
13137
13136
13137
13135
13136
13137
13133
13138
13131
13139
13141
13136
13138
13131
13134
13138
13135
13135
13144
13133
13139
13139
13139
13140
13139
13137
13137
13134
13127
13124
13128
13127
13118
13125
13127
13122
13132
13130
13126
13132
13129
13128
13131
13131
13130
13135
13142
13147
13137
13138
13139
13138
13133
13134
13128
13145
13139
13132
13135
13139
13141
13144
13141
13139
13140
13134
13137
13133
13132
13134
13142
13145
13143
13142
13140
13139
13141
13130
13133
13131
13132
13130
13129
13125
13125
13132
13130
13129
13120
13131
13138
13135
13127
13128
13128
13126
13124
13122
13128
13121
13117
13125
13125
13121
13121
13120
13121
13122
13126
13129
13133
13135
13137
13142
13145
13151
13150
13144
13144
13142
13139
13138
13129
13128
13129
13127
13124
13124
13120
13125
13135
13130
13132
13132
13128
13134
13129
13131
13142
13137
13141
13145
13146
13144
13147
13139
13144
13139
13136
13143
13144
13137
13136
13135
13135
13136
13142
13134
13134
13139
13142
13144
13140
13135
13134
13140
13141
13141
13135
13137
13134
13136
13141
13138
13134
13143
13132
13132
13133
13124
13121
13128
13125
13126
13129
13135
13135
13132
13134
13132
13137
13138
13138
13136
13134
13129
13130
13122
13121
13126
13126
13131
13130
13132
13129
13128
13124
13120
13117
13122
13128
13128
13134
13133
13136
13141
13143
13143
13147
13136
13127
13128
