13130
13126
13134
13128
13137
13139
13136
13138
13147
13137
13132
13128
13135
13137
13148
13147
13149
13145
13145
13141
13144
13140
13137
13136
13140
13138
13133
13130
13131
13127
13130
13131
13130
13131
13132
13132
13137
13132
13127
13130
13128
13118
13124
13114
13116
13126
13126
13130
13129
13128
13133
13133
13137
13135
13138
13138
13137
13129
13129
13129
13136
13125
13119
13128
13122
13119
13120
13122
13118
13128
13130
13134
13132
13128
13128
13123
13129
13133
13138
13144
13138
13135
13143
13140
13142
13139
13135
13141
13146
13147
13149
13140
13136
13132
13126
13130
13140
13136
13134
13129
13141
13130
13135
13142
13142
13142
13141
13134
13132
13128
13121
13126
13120
13118
13124
13124
13126
13134
13136
13142
13133
13130
13135
13133
13133
13144
13136
13135
13139
13140
13147
13147
13143
13138
13139
13141
13135
13135
13133
13134
13146
13148
13142
13142
13144
13142
13139
13135
13134
13132
13133
13128
13119
13121
13119
13112
13114
13122
13119
13119
13122
13123
13127
13124
13125
13127
13120
13122
13122
13119
13119
13121
13134
13136
13135
13149
13151
13144
13143
13141
13142
13133
13123
13122
13133
13139
13140
13145
13144
13147
13151
13146
13140
13140
13146
13139
13138
13136
13140
13143
13134
13134
13132
13122
13123
13132
13130
13138
13145
13142
13143
13139
13149
13145
13151
13149
13149
13142
13150
13141
13148
13137
13132
13132
13126
13125
13122
13116
13116
13115
13122
13121
13124
13126
13129
13130
13140
13138
13138
13146
13141
13138
13145
13138
13133
13144
13137
13132
13138
13137
13134
13135
13132
13131
13129
13134
13130
13128
13128
13130
13142
13134
13130
13136
13135
13132
13132
13133
13133
13135
13135
13135
13131
13138
13143
13139
13136
13132
13135
13136
13134
13134
13141
13132
13134
13138
13135
13137
13143
13140
13146
13142
13146
13139
13140
13146
13140
13141
13135
13136
13140
13127
13125
13131
13129
13131
13126
13124
13118
13124
13128
13133
13133
13142
13145
13140
13134
13132
13135
13133
13130
13126
13129
13126
13126
13129
13125
13129
13137
13133
13131
13124
13124
13117
13119
13119
13119
13123
13129
13129
13140
13140
13143
13150
13152
13151
13148
13145
13146
13138
13140
13135
13126
13138
13138
13137
13136
13133
13135
13138
13140
13124
13129
13130
13136
13134
13119
13123
13127
13136
13135
13134
13134
13132
13124
13125
13124
13125
13125
13128
13136
13136
13134
13138
13141
13139
13146
13140
13134
13134
13135
13137
13136
13134
13136
13133
13131
13125
13127
13126
13124
13125
13141
13137
13138
13143
13145
13148
13149
13149
13148
13150
13149
13145
13144
13151
13144
13142
13141
13146
13142
13129
13131
13136
13136
13137
13135
13136
13141
13145
13145
13143
13137
13138
13144
13138
13135
13139
13137
13145
13145
13142
13145
13138
13141
13146
13145
13149
13141
13140
13136
13138
13139
13138
13141
13141
13145
13148
13151
13139
13148
13143
13139
13140
13131
13130
13127
13119
13122
13117
13120
13130
13130
13131
13138
13133
13127
13126
13124
13129
13130
13122
13132
13130
13126
13129
13130
13130
13132
13132
13140
13142
13146
13139
13141
13144
13151
13152
13150
13141
13132
12797
12289
11943
11735
11615
11573
11556
11602
11639
11709
11775
11846
11912
11994
12052
12122
12180
12245
12305
12357
12403
12462
12493
12535
12575
12616
12640
12679
12699
12728
12747
12771
12794
12821
12833
12851
12870
12892
12911
12927
12929
12936
12952
12965
12973
12978
12986
12996
12998
13011
13027
13032
13046
13050
13052
13062
13069
13072
13080
13080
13077
13085
13083
13082
13099
13094
13098
13101
13104
13110
13109
13112
13108
13113
13120
13123
13124
13119
13116
13128
13121
13119
13120
13122
13130
13126
13132
13136
13134
13134
13139
13136
13130
13127
13129
13124
13128
13130
13136
13134
13129
13136
13132
13136
13142
13133
13134
13135
13137
13139
13137
13138
13134
13141
13143
13140
13135
13133
13138
13148
13138
13138
13138
13138
13138
13142
13149
13141
13139
13142
13147
13147
13141
13138
13135
13136
13135
13133
13136
13132
13122
13128
13130
13128
13144
13138
13144
13147
13143
13138
13137
13136
13132
13138
13137
13134
13133
13126
13119
13125
13123
13120
13130
13126
13129
13127
13128
13133
13130
13128
13134
13129
13131
13132
13127
13128
13126
13124
13131
13129
13131
13143
13143
13140
13148
13141
13139
13144
13144
13148
13145
13146
13142
13149
13149
13141
13134
13127
13129
13137
13137
13138
13144
13142
13140
13142
13141
13144
13142
13142
13148
13135
13132
13132
13131
13129
13131
13126
13130
13123
13126
13132
13131
13135
13139
13140
13146
13143
13139
13139
13144
13141
13139
13142
13142
13134
13130
13134
13137
13148
13142
13142
13142
13138
13146
13140
13138
13122
13123
13131
13138
13131
13136
13136
13136
13139
13138
13139
13146
13133
13131
13145
13138
13133
13140
13132
13125
13127
13121
13124
13119
13127
13130
13135
13137
13142
13143
13141
13150
13156
13149
13143
13143
13142
13139
13140
13140
13135
13139
13144
13145
13142
13144
13146
13138
13139
13144
13132
13145
13141
13143
13153
13141
13137
13142
13143
13142
13144
13145
13140
13141
13144
13139
13140
13138
13136
13138
13141
13135
13137
13131
13126
13128
13124
13124
13123
13126
13126
13131
13134
13134
13130
13132
13136
13132
13137
13136
13135
13132
13130
13131
13132
13124
13126
13133
13125
13126
13129
13132
13135
13137
13134
13127
13127
13130
13127
13131
13136
13137
13137
13129
13131
13137
13136
13139
13134
13133
13131
13136
13142
13139
13140
13134
13131
13132
13130
13132
13131
13131
13126
13126
13135
13133
13133
13138
13123
13130
13126
13125
13116
13122
13126
13126
13122
13125
13126
13129
13130
13132
13138
13130
13131
13137
13136
13123
13124
13124
13126
13136
13130
13139
13138
13146
13151
13148
13148
13138
13139
13142
13132
13125
13125
13115
13117
13118
13120
13117
13119
13122
13126
13127
13123
13122
13125
13130
13129
13137
13135
13132
13141
13131
13129
13133
13131
13128
13126
13133
13133
13133
13130
13131
13131
13132
13130
13120
13121
13124
13131
13134
13123
13130
13144
13135
13136
13144
13148
13150
13150
13140
13138
13138
13138
13141
13142
13137
13132
13126
13124
13131
13134
13133
13130
13133
13129
13130
13130
13130
13129
13138
13135
13138
13139
13138
13134
13132
13133
13137
13138
13137
13132
13127
13139
13136
13132
13070
12966
12909
12869
12848
12835
12834
12834
12833
12846
12862
12879
12890
12911
12919
12935
12937
12946
12959
12972
12986
12999
13009
13017
13020
