13141
13137
13132
13131
13131
13135
13129
13136
13133
13131
13135
13144
13154
13156
13154
13157
13151
13141
13151
13138
13141
13141
13136
13144
13144
13145
13144
13138
13138
13126
13127
13128
13132
13135
13132
13133
13139
13135
13134
13135
13140
13133
13131
13126
13130
13124
13117
13121
13119
13115
13125
13130
13133
13132
13136
13136
13131
13128
13134
13121
13123
13135
13138
13136
13136
13133
13129
13130
13131
13129
13130
13137
13153
13151
13148
13146
13150
13138
13128
13136
13130
13130
13128
13129
13127
13133
13136
13143
13139
13145
13149
13141
13146
13143
13142
13147
13142
13139
13145
13138
13131
13136
13124
13125
13130
13129
13131
13130
13117
13122
13121
13125
13131
13135
13132
13134
13141
13140
13132
13140
13141
13147
13141
13135
13132
13130
13133
13135
13130
13130
13124
13134
13138
13137
13137
13146
13140
13129
13134
13132
13130
13139
13137
13132
13136
13136
13139
13136
13137
13137
13135
13136
13139
13131
13134
13135
13143
13136
13130
13132
13127
13127
13128
13130
13132
13131
13136
13136
13133
13140
13145
13136
13132
13132
13129
13136
13140
13127
13135
13129
13130
13141
13135
13135
13135
13137
13135
13138
13144
13142
13141
13139
13133
13134
13135
13135
13137
13123
13126
13132
13132
13134
13137
13133
13136
13138
13137
13133
13132
13131
13136
13135
13131
13128
13132
13141
13140
13137
13138
13132
13139
13139
13137
13138
13136
13141
13139
13140
13143
13131
13141
13138
13136
13135
13133
13124
13129
13124
13122
13117
13120
13116
13120
13130
13132
13133
13130
13136
13129
13135
13139
13132
13133
13133
13136
13137
13140
13137
13141
13135
13138
13142
13133
13127
13129
13125
13131
13132
13133
13130
13132
13128
13132
13125
13132
13128
13134
13127
13122
13131
13128
13128
13127
13122
13125
13123
13124
13133
13132
13137
13141
13134
13133
13143
13139
13147
13145
13142
13150
13137
13134
13136
13135
13131
13130
13132
13142
13140
13146
13134
13138
13133
13133
13128
13127
13129
13141
13128
13130
13137
13133
13139
13140
13142
13138
13141
13146
13141
13141
13144
13142
13134
13137
13137
13140
13138
13138
13136
13142
13136
13130
13134
13132
13130
13138
13137
13135
13127
13130
13123
13127
13128
13122
13125
13120
13122
13127
13124
13124
13120
13123
13126
13124
13128
13122
13127
13131
13129
13133
13132
13129
13132
13138
13137
13135
13140
13137
13140
13142
13127
13128
13132
13130
13132
13139
13128
13132
13129
13142
13137
13132
13126
13128
13133
13134
13127
13130
13130
13131
13129
13125
13131
13132
13133
13134
13138
13139
13138
13137
13137
13138
13140
13146
13138
13134
13138
13135
13133
13137
13132
13134
13138
13142
13142
13140
13139
13147
13139
13140
13137
13139
13147
13141
13142
13145
13140
13151
13142
13139
13139
13134
13136
13130
13129
13133
13137
13141
13140
13140
13141
13140
13128
13132
13138
13141
13140
13139
13132
13132
13126
13134
13137
13137
13136
13148
13145
13142
13133
13124
13119
13121
13126
13119
13120
13123
13129
13132
13136
13136
13138
13138
13134
13137
13137
13137
13131
13132
13138
13136
13133
13134
13129
13129
13130
13130
13135
13126
13124
13139
13132
13135
13133
13125
13138
13140
13142
13148
13142
13032
12378
11786
11151
10698
10443
10338
10299
10351
10417
10539
10651
10791
10910
11049
11165
11298
11409
11528
11622
11723
11804
11900
11968
12053
12112
12177
12230
12286
12331
12392
12425
12471
12515
12557
12592
12633
12670
12705
12726
12749
12763
12797
12817
12837
12855
12867
12885
12902
12914
12928
12940
12957
12967
12976
12985
12991
13001
13010
13016
13022
13031
13037
13042
13051
13068
13067
13084
13079
13074
13078
13076
13072
13085
13090
13103
13114
13115
13121
13120
13126
13127
13125
13129
13127
13126
13121
13124
13128
13120
13116
13122
13109
13111
13109
13112
13108
13113
13116
13122
13125
13123
13122
13131
13132
13131
13123
13128
13125
13120
13130
13130
13120
13130
13125
13135
13137
13134
13135
13133
13131
13136
13137
13150
13147
13143
13136
13131
13136
13130
13127
13131
13133
13139
13136
13131
13133
13130
13136
13131
13127
13135
13135
13133
13123
13131
13127
13136
13139
13139
13146
13145
13145
13140
13144
13140
13145
13139
13143
13135
13136
13137
13140
13138
13140
13128
13125
13126
13131
13125
13125
13132
13133
13131
13136
13137
13140
13143
13141
13144
13134
13139
13139
13138
13144
13139
13136
13136
13126
13113
13119
13114
13110
13126
13126
13127
13127
13128
13129
13123
13128
13123
13128
13132
13139
13136
13132
13134
13132
13124
13130
13132
13132
13128
13127
13130
13129
13121
13115
13115
13114
13115
13115
13120
13129
13133
13138
13147
13146
13141
13142
13144
13139
13144
13133
13138
13141
13140
13138
13138
13131
13121
13120
13127
13133
13129
13125
13125
13130
13120
13117
13128
13125
13132
13129
13133
13130
13126
13125
13133
13125
13128
13130
13132
13135
13137
13138
13144
13138
13132
13138
13131
13126
13132
13137
13135
13132
13134
13133
13134
13139
13132
13130
13127
13132
13128
13126
13114
13120
13118
13125
13131
13126
13136
13134
13135
13129
13138
13128
13123
13115
13117
13115
13119
13123
13126
13127
13132
13130
13124
13137
13130
13137
13136
13135
13133
13128
13130
13138
13135
13136
13132
13130
13136
13138
13145
13138
13132
13138
13132
13134
13129
13127
13127
13130
13129
13136
13138
13145
13145
13136
13138
13141
13136
13139
13136
13138
13135
13132
13126
13138
13131
13124
13129
13128
13128
13132
13132
13140
13140
13145
13148
13141
13148
13145
13147
13150
13145
13150
13145
13141
13140
13135
13143
13130
13134
13135
13134
13128
13134
13121
13119
13127
13130
13132
13132
13134
13137
13134
13124
13134
13129
13125
13133
13136
13137
13138
13135
13136
13126
13124
13132
13133
13138
13138
13148
13153
13142
13147
13141
13142
13140
13143
13133
13132
13131
13119
13125
13129
13136
13128
13133
13138
13137
13127
13122
13119
13125
13119
13116
13131
13121
13121
13129
13131
13134
13136
13140
13136
13139
13138
13138
13142
13138
13137
13131
13135
13132
13130
13127
13129
13134
13139
13146
13151
13153
13150
13142
13145
13150
13143
13153
13145
13139
13147
13141
13145
13151
13145
13139
13143
13136
13140
13141
13138
13140
13135
13130
13133
13126
13134
13133
13126
13119
13120
13128
13133
13124
13131
13126
13132
13143
13142
13141
13138
13145
13146
13138
13143
13140
13138
13137
13132
13133
13135
13133
13134
13143
13133
13122
13134
13130
13136
13140
13138
13144
13146
13138
13139
13145
13141
13138
