13129
13128
13127
13124
13126
13130
13125
13136
13126
13125
13129
13127
13126
13134
13131
13136
13138
13136
13145
13143
13140
13137
13136
13137
13132
13132
13137
13139
13142
13138
13138
13140
13130
13128
13132
13127
13128
13128
13134
13133
13126
13130
13132
13134
13138
13144
13141
13137
13133
13128
13140
13129
13125
13134
13126
13133
13131
13130
13132
13128
13128
13118
13121
13120
13120
13130
13129
13121
13122
13118
13120
13123
13122
13122
13120
13127
13126
13125
13124
13128
13131
13135
13132
13130
13135
13132
13141
13140
13132
13131
13133
13135
13129
13134
13139
13138
13133
13127
13125
13123
13126
13124
13127
13130
13126
13132
13131
13127
13131
13123
13119
13121
13125
13127
13130
13138
13142
13138
13136
13140
13126
13134
13138
13126
13122
13124
13127
13136
13129
13127
13137
13138
13134
13136
13134
13138
13131
13135
13135
13134
13140
13136
13135
13138
13128
13134
13134
13128
13134
13131
13130
13127
13118
13125
13121
13116
13118
13117
13120
13132
13134
13133
13135
13137
13135
13133
13133
13134
13128
13124
13135
13133
13128
13131
13135
13136
13133
13130
13142
13145
13146
13141
13141
13144
13141
13141
13135
13132
13135
13132
13130
13135
13132
13132
13133
13137
13134
13134
13135
13142
13136
13141
13145
13137
13141
13139
13140
13139
13134
13130
13129
13130
13126
13142
13140
13137
13138
13137
13133
13129
13136
13130
13135
13135
13133
13130
13130
13131
13133
13133
13141
13143
13141
13143
13130
13128
13131
13129
13139
13139
13134
13138
13135
13124
13121
13122
13131
13133
13133
13137
13139
13134
13133
13141
13139
13129
13131
13132
13136
13132
13129
13128
13125
13124
13126
13125
13127
13132
13142
13134
13131
13135
13136
13133
13130
13131
13144
13134
13136
13131
13123
13130
13133
13125
13132
13131
13136
13139
13136
13135
13135
13124
13129
13135
13133
13132
13132
13133
13137
13133
13134
13133
13134
13129
13130
13127
13127
13129
13142
13143
13142
13145
13150
13144
13138
13131
13131
13125
13125
13124
13122
13123
13127
13125
13133
13133
13134
13131
13129
13126
13132
13127
13129
13131
13127
13121
13126
13128
13126
13129
13135
13134
13138
13142
13137
13136
13141
13135
13139
13125
13126
13130
13133
13133
13129
13137
13137
13133
13137
13136
13127
13126
13134
13137
13141
13132
13136
13136
13142
13142
13149
13144
13147
13146
13139
13138
13137
13135
13135
13137
13144
13134
13132
13134
13134
13137
13136
13139
13147
13132
13136
13138
13139
13136
13129
13129
13131
13130
13127
13125
13127
13124
13124
13125
13127
13125
13133
13128
13127
13121
13135
13130
13133
13130
13128
13124
13128
13133
13136
13132
13129
13135
13134
13133
13123
13118
13119
13123
13136
13135
13135
13140
13136
13137
13138
13134
13134
13133
13134
13129
13117
13115
13123
13122
13124
13122
13130
13121
13125
13115
13117
13117
13124
13123
13130
13135
13106
12986
12906
12862
12838
12816
12819
12821
12828
12848
12868
12883
12899
12909
12918
12934
12942
12954
12954
12968
12978
12994
13008
13012
13029
13032
13040
13040
13053
13052
13058
13068
13062
13073
13080
13077
13082
13091
13097
13101
13100
13103
13099
13105
13102
13102
13073
12444
11111
10072
9477
9133
9016
8993
9083
9192
9376
9539
9735
9909
10114
10284
10469
10625
10794
10942
11089
11201
11330
11441
11559
11658
11752
11834
11924
11990
12059
12132
12187
12239
12303
12354
12406
12451
12499
12539
12576
12619
12648
12681
12705
12728
12758
12773
12794
12815
12829
12846
12863
12885
12901
12918
12932
12943
12955
12968
12977
12976
12983
12991
13007
13025
13032
13034
13048
13049
13041
13057
13056
13058
13062
13064
13069
13080
13083
13087
13089
13089
13089
13096
13102
13108
13101
13099
13101
13109
13111
13114
13112
13115
13119
13115
13119
13111
13113
13131
13133
13128
13130
13132
13131
13134
13126
13117
13119
13111
13112
13122
13124
13118
13118
13115
13119
13113
13119
13118
13122
13126
13125
13122
13123
13123
13128
13126
13127
13133
13135
13134
13134
13133
13129
13129
13122
13126
13122
13126
13129
13132
13137
13138
13141
13146
13134
13131
13138
13129
13129
13132
13130
13133
13128
13132
13138
13130
13123
13117
13124
13137
13136
13136
13132
13122
13135
13131
13130
13130
13134
13132
13138
13144
13141
13140
13140
13149
13142
13132
13135
13130
13129
13130
13129
13129
13127
13129
13134
13134
13130
13134
13129
13129
13135
13132
13130
13130
13125
13118
13118
13120
13118
13118
13116
13116
13133
13129
13130
13136
13134
13141
13137
13139
13137
13133
13132
13136
13135
13138
13136
13133
13133
13139
13137
13138
13133
13125
13124
13133
13139
13138
13133
13138
13136
13138
13133
13128
13132
13134
13135
13140
13142
13155
13154
13158
13156
13147
13142
13141
13141
13137
13131
13131
13130
13131
13134
13136
13129
13135
13134
13132
13125
13130
13127
13132
13133
13132
13136
13124
13130
13131
13125
13122
13125
13128
13135
13134
13139
13141
13146
13154
13154
13150
13150
13139
13142
13133
13135
13132
13125
13122
13123
13129
13129
13131
13128
13129
13135
13136
13129
13136
13140
13137
13135
13133
13132
13131
13139
13132
13145
13142
13135
13137
13147
13134
13137
13132
13138
13136
13139
13138
13129
13127
13126
13134
13141
13136
13139
13139
13129
13139
13141
13141
13140
13142
13141
13139
13137
13135
13135
13131
13133
13131
13125
13127
13123
13116
13121
13122
13123
13126
13125
13131
13130
13130
13122
13126
13127
13127
13122
13118
13119
13121
13126
13124
13131
13123
13119
13123
13125
13134
13137
13135
13139
13139
13139
13147
13139
13144
13149
13145
13145
13143
13146
13146
13143
13137
13142
13139
13142
13146
13140
13134
13142
13141
13137
13128
13125
13126
13129
13132
13122
13118
13114
13119
13129
13128
13124
13120
13130
13130
13124
13120
13119
13115
13122
13132
13123
13128
13129
13132
13132
13137
13137
13145
13146
13142
13142
13134
13132
13135
13129
13133
13134
13134
13130
13129
13129
13126
13129
13126
13120
13126
13130
13133
13141
13139
13133
13136
13134
13133
13128
13130
13133
13132
13137
13140
13125
13122
13125
13130
13135
13130
13134
13148
13145
13149
13158
13150
13151
13157
13153
13156
13151
13150
13152
13150
13149
13138
13144
13139
13139
13138
13136
13132
13137
13136
13131
13130
13138
13137
13137
13130
13132
13134
13132
13134
13128
13128
13127
13125
13125
13126
13127
13135
13135
13130
13133
13132
13140
13139
13132
13128
13131
13133
13133
13132
13130
13125
13120
13128
13130
13128
13132
13142
13151
13142
