13122
13125
13128
13127
13124
13125
13123
13129
13118
13120
13128
13123
13124
13129
13128
13132
13138
13136
13139
13133
13132
13138
13141
13140
13137
13135
13137
13140
13146
13140
13144
13143
13148
13144
13133
13133
13132
13140
13137
13138
13125
13132
13136
13137
13135
13135
13123
13126
13126
13121
13124
13118
13121
13121
13127
13125
13129
13131
13132
13127
13130
13129
13134
13131
13132
13139
13131
13132
13135
13130
13128
13135
13134
13135
13134
13138
13137
13138
13138
13149
13141
13139
13144
13135
13140
13140
13141
13147
13142
13140
13146
13136
13134
13140
13132
13144
13135
13139
13143
13130
13129
13131
13130
13134
13125
13121
13123
13124
13134
13132
13130
13130
13130
13135
13130
13126
13126
13122
13127
13128
13124
13130
13129
13131
13142
13138
13136
13143
13136
13131
13135
13137
13131
13141
13134
13143
13145
13147
13144
13134
13137
13132
13135
13136
13140
13138
13143
13151
13154
13141
13136
13145
13149
13149
13141
13143
13139
13139
13129
13129
13123
13119
13124
13128
13134
13132
13134
13141
13147
13147
13148
13134
13140
13137
13136
13138
13141
13132
13137
13137
13133
13137
13137
13138
13132
13139
13145
13143
13146
13142
13143
13148
13140
13141
13134
13135
13134
13137
13135
13136
13135
13137
13140
13141
13148
13130
13134
13138
13134
13128
13132
13133
13134
13141
13136
13135
13136
13130
13134
13135
13134
13137
13135
13134
13135
13136
13134
13129
13138
13128
13125
13135
13139
13140
13146
13146
13147
13139
13145
13145
13138
13140
13138
13127
13133
13131
13125
13131
13134
13133
13074
12956
12891
12849
12821
12813
12810
12814
12826
12834
12836
12789
12770
12771
12781
12790
12810
12820
12841
12850
12864
12879
12890
12903
12922
12937
12950
12957
12968
12984
12987
13001
13011
13017
13026
13036
13034
13044
13036
13042
13052
13052
13060
13073
13079
13081
13087
13087
13081
13092
13093
13090
13089
13099
13106
13107
13103
13105
13107
13106
13101
13108
13117
13119
13120
13122
13129
13122
13120
13120
13114
13122
13126
13126
13125
13127
13126
13127
13118
13116
13124
13134
13137
13142
13134
13137
13127
13138
13135
13132
13134
13133
13125
13132
13125
13123
13117
13119
13123
13119
13133
13127
13124
13127
13126
13125
13129
13128
13122
13133
13129
13138
13144
13138
13006
12918
12863
12838
12814
12802
12817
12821
12836
12844
12855
12872
12892
12908
12924
12938
12958
12961
12967
12981
12989
13000
13006
13008
13027
13029
13034
13042
13052
13060
13066
13069
13069
13068
13072
13069
13065
13069
13069
13073
13085
13099
13096
13106
13104
13107
13112
13110
13111
13115
13111
13115
13118
13116
13117
13117
13115
13114
13120
13123
13132
13124
13131
13129
13126
13123
13122
13129
13125
13129
13132
13129
13135
13128
13130
13128
13126
13138
13145
13138
13136
13133
13138
13139
13137
13136
13136
13132
13127
13141
13135
13131
13125
13120
13128
13122
13123
13126
13115
13115
13118
13121
13125
13119
13136
13135
13137
13137
13134
13135
13140
13135
13138
13132
13126
13131
13137
13138
13138
13131
13140
13142
13144
13143
13135
13130
13131
13134
13137
13135
13130
13134
13135
13136
13139
13136
13136
13133
13133
13054
12367
11409
10707
10278
10072
9974
9978
9996
10074
10131
10245
10358
10501
10627
10781
10910
11049
11165
11301
11406
11525
11622
11721
11805
11900
11976
12053
12119
12178
12239
12295
12353
12409
12449
12494
12530
12576
12607
12643
12674
12704
12732
12753
12770
12802
12812
12832
12852
12870
12889
12903
12915
12933
12943
12953
12971
12977
12993
13002
13006
13018
13030
13036
13044
13052
13047
13059
13068
13070
13071
13066
13070
13071
13066
13074
13083
13085
13085
13086
13093
13095
13101
13095
13093
13101
13095
13095
13105
13100
13100
13105
13109
13109
13108
13106
13116
13108
13115
13113
13120
13120
13127
13124
13130
13126
13124
13131
13132
13125
13124
13124
13123
13116
13115
13111
13114
13126
13126
13135
13140
13132
13136
13131
13133
13136
13131
13130
13135
13132
13130
13128
13130
13132
13137
13132
13134
13121
13129
13132
13129
13139
13134
13139
13141
13134
13130
13140
13131
13129
13136
13140
13140
13139
13137
13133
13131
13130
13124
13126
13133
13128
13133
13130
13127
13133
13134
13123
13131
13124
13126
13127
13132
13135
13135
13132
13140
13132
13134
13133
13132
13132
13131
13133
13136
13139
13130
13133
13123
13125
13123
13124
13125
13124
13133
13133
13130
13130
13127
13133
13137
13135
13138
13137
13140
13148
13148
13145
13140
13143
13144
13141
13139
13135
13138
13135
13137
13133
13134
13130
13134
13139
13137
13142
13147
13149
13151
13158
13158
13155
13152
13144
13147
13145
13147
13149
13137
13130
13125
13123
13130
13123
13128
13128
13122
13129
13131
13127
13134
13132
13135
13133
13131
13138
13129
13135
13137
13129
13127
13129
13124
13126
13133
13127
13131
13124
13123
13134
13132
13130
13141
13141
13143
13140
13138
13134
13136
13141
13137
13134
13139
13136
13136
13142
13131
13134
13127
13132
13137
13132
13132
13131
13137
13134
13138
13139
13140
13137
13139
13131
13133
13129
13135
13134
13139
13131
13138
13143
13142
13139
13143
13142
13147
13150
13152
13151
13151
13152
13148
13140
13141
13135
13129
13129
13132
13138
13132
13129
13132
13133
13133
13137
13135
13140
13138
13136
13138
13129
13135
13132
13130
13133
13137
13138
13145
13138
13140
13142
13138
13140
13139
13132
13129
13126
13129
13136
13132
13133
13123
13121
13122
13128
13124
13126
13123
13136
13131
13135
13132
13139
13143
13141
13145
13147
13132
13137
13137
13140
13139
13137
13132
13139
13136
13135
13135
13129
13136
13138
13130
13126
13120
13119
13116
13121
13129
13127
13127
13127
13126
13131
13134
13131
13136
13136
13138
13144
13138
13138
13135
13137
13135
13134
13130
13128
13136
13134
13137
13132
13134
13139
13136
13135
13131
13134
13140
13133
13139
13141
13136
13140
13139
13137
13145
13146
13139
13137
13136
13146
13147
13149
13149
13143
13134
13138
13132
13127
13122
13119
13122
13119
13123
13118
13115
13116
13114
13114
13119
13122
13131
13132
13124
13135
13134
13135
13145
13144
13143
13142
13139
13142
13147
13141
13145
13157
13155
13153
13144
13141
13139
13141
13138
13134
13133
13139
13135
13142
13143
13144
13139
13134
13133
13129
13131
13135
13136
13138
13139
13132
13138
13135
13128
13130
13129
13129
13132
13131
13130
13134
13128
13131
13134
13139
13134
13139
13137
13133
13135
13137
13137
13128
13125
13126
13123
13120
13129
13131
13133
