13122
13126
13130
13134
13136
13134
13138
13139
13141
13135
13135
13124
13125
13127
13123
13126
13120
13124
13123
13125
13126
13128
13134
13135
13126
13128
13134
13134
13133
13134
13137
13146
13141
13142
13144
13134
13132
13129
13121
13120
13119
13122
13125
13129
13127
13123
13128
13132
13141
13134
13130
13127
13125
13125
13134
13138
13131
13133
13139
13146
13144
13143
13135
13140
13141
13145
13136
13135
13136
13133
13128
13137
13134
13126
13145
13140
13142
13147
13147
13146
13150
13144
13137
13129
13136
13126
13132
13137
13131
13117
13115
13115
13123
13117
13113
13118
13118
13122
13128
13132
13126
13136
13134
13140
13139
13141
13142
13139
13140
13142
13137
13149
13142
13139
13147
13138
13137
13148
13144
13141
13137
13139
13133
13130
13133
13134
13125
13125
13124
13130
13132
13133
13134
13132
13134
13133
13129
13130
13125
13123
13127
13128
13129
13127
13121
13126
13130
13136
13138
13144
13137
13137
13133
13125
13125
13118
13122
13127
13127
13127
13129
13136
13142
13138
13142
13135
13135
13133
13130
13130
13130
13131
13142
13132
13128
13136
13138
13135
13137
13134
13140
13134
13141
13141
13142
13140
13134
13134
13137
13139
13140
13143
13140
13139
13139
13138
13129
13135
13134
13138
13135
13132
13133
13118
13123
13123
13122
13134
13140
13141
13133
13132
13136
13130
13127
13132
13135
13141
13134
13139
13142
13136
13128
13136
13132
13140
13130
13134
13139
13148
13144
13150
13146
13135
13141
13139
13147
13152
13147
13145
13141
13143
13136
13135
13133
13125
13126
13129
13128
13134
13133
13134
13141
13134
13133
13136
13137
13132
13127
13127
13132
13126
13126
13131
13127
13128
13132
13126
13132
13129
13127
13137
13128
13122
13131
13131
13129
13135
13128
13134
13135
13138
13141
13138
13131
13128
13126
13131
13136
13137
13136
13138
13139
13133
13138
13137
13137
13141
13135
13130
13133
13133
13128
13131
13118
13130
13130
13133
13142
13141
13142
13150
13148
13142
13148
13149
13148
13153
13142
13145
13137
13131
13132
13133
13135
13138
13132
13134
13135
13138
13133
13137
13148
13136
13134
13139
13135
13135
13132
13128
13131
13136
13134
13139
13127
13134
13131
13125
13126
13127
13119
13119
13119
13119
13120
13125
13123
13130
13128
13131
13131
13134
13135
13135
13140
13134
13139
13138
13131
13133
13131
13132
13133
13123
13122
13125
13124
13132
13129
13134
13133
13133
13132
13142
13130
13134
13136
13138
13135
13136
13130
13132
13125
13120
13126
13122
13122
13128
13118
13124
13122
13122
13124
13130
13132
13126
13122
13121
13119
13132
13132
13131
13140
13133
13130
13138
13134
13126
13128
13132
13138
13136
13137
13137
13134
13132
13129
13121
13116
13129
13124
13130
13130
13131
13139
13138
13142
13138
13139
13143
13139
13140
13132
13138
13134
13134
13119
13119
13125
13126
13122
13120
13127
13122
13124
13129
13129
13138
13131
13137
13135
13134
13136
13143
13140
13132
13133
13129
13123
13122
13127
13130
13124
13122
13129
13126
13125
13127
13135
13139
13144
13145
13142
13138
13137
13131
13129
13127
13129
13125
13130
13138
13138
13136
13141
13143
13145
13123
12988
12909
12862
12832
12812
12816
12799
12467
11805
11195
10758
10503
10391
10355
10399
10419
10503
10590
10703
10824
10954
11067
11189
11298
11427
11526
11635
11724
11818
11899
11979
12053
12123
12160
12126
12107
12115
12142
12182
12220
12273
12326
12373
12406
12454
12492
12538
12576
12616
12640
12671
12696
12724
12748
12770
12786
12815
12826
12847
12866
12886
12903
12923
12924
12946
12962
12966
12974
12986
12997
13014
13026
13035
13038
13051
13042
13039
13038
13036
13047
13055
13066
13066
13084
13084
13084
13075
13083
13078
13079
13085
13087
13090
13093
13103
13106
13112
13112
13108
13110
13107
13106
13112
13112
13116
13114
13113
13116
13118
13114
13108
13114
13117
13113
13118
13122
13124
13132
13131
13131
13125
13123
13125
13122
13117
13127
13116
13119
13125
13118
13121
13122
13124
13129
13124
13121
13123
13119
13120
13129
13124
13117
13111
13116
13121
13127
13126
13119
13124
13128
13126
13122
13123
13122
13130
13132
13127
13136
13138
13142
13138
13136
13135
13128
13126
13135
13134
13137
13138
13132
13135
13134
13123
13133
13125
13108
12990
12896
12835
12808
12799
12805
12819
12821
12841
12856
12867
12884
12900
12914
12922
12937
12947
12962
12980
12972
12974
12987
12994
13003
13007
13018
13030
13042
13053
13057
13055
13067
13074
13070
13082
13079
13073
13084
13079
13078
13080
13075
13074
13077
13084
13089
13103
13111
13104
13114
13113
13109
13107
13102
13102
13105
13112
13118
13124
13118
13118
13123
13127
13130
13120
13118
13117
13116
13117
13119
13110
13117
13117
13118
13126
13128
13130
13143
13136
13132
13133
13123
13128
13133
13131
13132
13130
13131
13119
13113
13117
13113
13110
13111
13112
13118
13121
13112
13117
13121
13126
13130
13128
13134
13135
13139
13143
13137
13133
13133
13127
13120
13127
13123
13118
13114
13109
13115
13118
13116
13128
13129
13124
13128
13123
13130
13131
13136
13147
13143
13144
13138
13134
13140
13135
13145
13142
13145
13148
13146
13140
13137
13132
13124
13118
13120
13124
13129
13129
13134
13128
13128
13132
13130
13125
13131
13138
13143
13133
13128
13132
13134
13134
13138
13133
13130
13134
13134
13138
13138
13137
13134
13142
13138
13136
13132
13131
13124
13132
13123
13123
13132
13135
13133
13134
13127
13135
13136
13139
13147
13136
13137
13133
13135
13135
13134
13134
13142
13139
13140
13145
13140
13138
13135
13130
13133
13136
13136
13131
13133
13128
13124
13123
13126
13126
13134
13128
13128
13128
13129
13130
13138
13136
13137
13129
13128
13126
13130
13127
13130
13130
13134
13137
13139
13128
13130
13128
13134
13130
13121
13125
13126
13123
13128
13114
13112
13114
13118
13124
13122
13124
13120
13129
13132
13128
13127
13126
13124
13133
13133
13140
13133
13133
13138
13139
13137
13134
13131
13129
13132
13125
13118
13124
13120
13122
13129
13129
13132
13129
13132
13145
13135
13135
13137
13134
13136
13132
13125
13116
13114
13118
13119
13132
13135
13130
13127
13131
13127
13134
13122
13123
13129
13135
13137
13138
13138
13129
13138
13140
13139
13130
13135
13148
13142
13142
13136
13135
13132
13136
13135
13143
13133
13126
13129
13132
13126
13130
13133
13133
13132
13138
13132
13136
13138
13139
13137
13138
13134
13141
13136
13132
13132
13126
13120
13116
13127
13130
13135
13131
13135
13131
13132
13136
13131
13132
13135
