13127
13125
13124
13125
13127
13127
13127
13130
13129
13129
13127
13127
13126
13128
13131
13124
13125
13121
13130
13126
13123
13122
13121
13124
13123
13133
13129
13125
13120
13116
13119
13134
13136
13136
13133
13130
13139
13137
13144
13135
13139
13146
13140
13141
13142
13147
13156
13150
13139
13144
13142
13137
13139
13134
13137
13149
13147
13146
13153
13144
13136
13135
13126
13128
13128
13128
13122
13122
13121
13122
13127
13129
13129
13131
13127
13133
13138
13133
13129
13135
13130
13132
13130
13123
13126
13133
13132
13141
13134
13136
13141
13140
13148
13147
13141
13151
13140
13134
13136
13133
13129
13133
13124
13125
13128
13127
13122
13126
13125
13123
13123
13120
13124
13138
13140
13137
13147
13136
13129
13129
13118
13122
13119
13125
13124
13129
13132
13137
13132
13132
13127
13122
13125
13122
13118
13127
13124
13117
13126
13111
13104
13111
13117
13128
13132
13128
13123
13127
13129
13125
13125
13128
13136
13132
13140
13138
13142
13134
13126
13129
13128
13130
13132
13137
13131
13135
13139
13150
13140
13141
13141
13135
13142
13143
13141
13145
13138
13132
13140
13134
13135
13137
13132
13139
13142
13140
13143
13142
13142
13134
13137
13138
13138
13140
13143
13137
13142
13138
13132
13137
13134
13135
13134
13133
13133
13131
13131
13130
13120
13126
13121
13124
13131
13125
13124
13128
13123
13123
13128
13117
13127
13133
13125
13125
13118
13124
13130
13127
13136
13130
13137
13138
13136
13133
13133
13125
13131
13125
13124
13128
13132
13129
13130
13130
13132
13137
13140
13143
13146
13146
13143
13141
13144
13139
13136
13143
13141
13138
13141
13135
13131
13134
13127
13131
13131
13135
13145
13143
13140
13138
13150
13149
13149
13152
13151
13147
13153
13143
13144
13140
13136
13134
13135
13138
13135
13133
13136
13142
13133
13133
13130
13135
13137
13146
13132
13137
13127
13124
13131
13122
13122
13133
13133
13135
13138
13137
13136
13134
13136
13135
13131
13137
13133
13138
13134
13128
13132
13127
13134
13133
13124
13129
13122
13118
13119
13118
13119
13121
13125
13134
13138
13134
13140
13141
13142
13141
13135
13132
13139
13132
13135
13140
13131
13133
13134
13130
13136
13136
13135
13135
13132
13132
13133
13129
13130
13131
13134
13133
13137
13138
13143
13147
13144
13147
13137
13136
13136
13145
13137
13131
13131
13137
13134
13131
13127
13132
13129
13128
13136
13133
13129
13133
13134
13134
13135
13129
13128
13130
13134
13131
13143
13147
13146
13137
13137
13133
13132
13133
13132
13134
13142
13141
13135
13140
13138
13138
13143
13141
13138
13139
13139
13136
13142
13137
13137
13130
13128
13124
13129
13122
13120
13122
13123
13131
13133
13134
13137
13133
13131
13130
13133
13137
13134
13132
13131
13126
13137
13135
13141
13144
13137
13135
13132
13135
13135
13134
13125
13130
13126
13136
13141
13143
13148
13143
13142
13145
13146
13139
13142
13137
13133
13135
13131
13126
13131
13134
13134
13134
13136
13125
13131
13127
13128
13130
13132
13133
13142
13134
13137
13135
13140
13143
13144
13142
13149
13145
13150
13146
13141
13146
13149
13144
13154
13153
13146
13148
13143
13133
13140
13128
13130
13134
12986
12487
11692
11000
10609
10290
10113
10037
10067
10123
10239
10346
10492
10618
10778
10898
11046
11163
11294
11401
11511
11609
11718
11799
11888
11960
12044
12106
12170
12222
12292
12346
12401
12448
12499
12534
12581
12614
12649
12682
12708
12737
12764
12774
12796
12806
12824
12835
12855
12875
12891
12906
12922
12932
12955
12967
12977
12986
12992
13010
13013
13012
13024
13023
13031
13047
13055
13058
13062
13077
13081
13090
13089
13100
13094
13093
13106
13097
13099
13106
13095
13102
13103
13101
13102
13103
13107
13109
13114
13120
13110
13106
13101
13103
13100
13101
13106
13114
13117
13115
13117
13114
13122
13127
13131
13130
13130
13130
13126
13128
13137
13143
13142
13138
13133
13122
13133
13121
13121
13125
13119
13128
13129
13127
13133
13134
13140
13136
13140
13138
13143
13144
13143
13142
13147
13137
13137
13138
13132
13134
13126
13123
13123
13111
13118
13130
13125
13129
13128
13123
13128
13131
13123
13131
13132
13132
13142
13126
13125
13132
13129
13125
13128
13125
13126
13127
13129
13129
13131
13133
13143
13139
13128
13118
13121
13120
13120
13122
13125
13125
13129
13131
13133
13134
13142
13142
13143
13141
13137
13132
13135
13139
13133
13145
13135
13134
13137
13132
13135
13134
13126
13125
13128
13135
13133
13132
13133
13124
13126
13126
13129
13127
13127
13125
13138
13131
13130
13134
13127
13125
13133
13125
13128
13123
13119
13114
13111
13118
13128
13128
13130
13126
13126
13134
13124
13119
13126
13133
13134
13133
13124
13126
13131
13133
13131
13130
13137
13130
13137
13145
13144
13147
13143
13138
13149
13139
13140
13140
13141
13135
13130
13132
13137
13137
13131
13134
13124
13133
13127
13125
13126
13132
13134
13138
13126
13121
13135
13131
13123
13128
13130
13132
13129
13130
13137
13137
13148
13146
13141
13138
13133
13134
13134
13125
13132
13123
13125
13130
13128
13127
13126
13121
13120
13125
13122
13124
13117
13120
13124
13122
13124
13125
13133
13135
13135
13129
13140
13130
13128
13135
13130
13128
13130
13128
13123
13126
13126
13130
13130
13135
13142
13142
13143
13136
13147
13140
13131
13127
13122
13122
13130
13135
13129
13126
13130
13131
13125
13137
13133
13123
13126
13129
13138
13142
13147
13145
13150
13144
13139
13143
13149
13138
13141
13145
13146
13143
13141
13146
13150
13149
13146
13147
13147
13144
13149
13145
13143
13140
13140
13139
13135
13138
13141
13139
13140
13137
13139
13137
13142
13143
13156
13149
13151
13158
13154
13144
13142
13128
13117
13121
13126
13125
13128
13133
13130
13132
13135
13129
13133
13140
13139
13134
13131
13128
13136
13130
13120
13122
13124
13123
13125
13124
13127
13123
13118
13119
13112
13119
13125
13127
13137
13141
13135
13140
13133
13124
13123
13119
13119
13120
13126
13131
13139
13141
13139
13147
13142
13141
13146
13146
13149
13144
13149
13146
13145
13138
13143
13142
13142
13137
13130
13127
13126
13123
13121
13127
13124
13118
13116
13115
13113
13122
13126
13134
13132
13133
13135
13138
13141
13141
13138
13139
13143
13139
13142
13137
13134
13127
13123
13118
13118
13128
13126
13131
13144
13140
13139
13139
13143
13145
13142
13137
13144
13139
13137
13136
13129
13126
13130
13131
13128
13132
13124
13132
13135
13131
13139
13137
13135
13136
13136
13131
13126
13133
13136
13126
13127
13120
