13137
13138
13130
13132
13133
13132
13141
13146
13144
13132
13128
13123
13132
13133
13132
13125
13124
13122
13118
13120
13124
13128
13130
13132
13124
13125
13132
13122
13129
13130
13138
13148
13150
13147
13154
13142
13151
13148
13144
13137
13141
13139
13137
13136
13142
13140
13143
13143
13140
13132
13134
13132
13143
13138
13145
13141
13138
13138
13142
13138
13151
13147
13149
13146
13136
13134
13136
13132
13133
13129
13129
13138
13132
13122
13128
13121
13124
13135
13125
13133
13126
13127
13125
13130
13135
13130
13133
13138
13141
13139
13137
13138
13145
13142
13140
13140
13130
13137
13135
13137
13135
13135
13140
13136
13136
13135
13140
13138
13142
13139
13135
13142
13138
13131
13131
13130
13127
13132
13129
13136
13134
13135
13136
13140
13141
13139
13141
13143
13141
13143
13142
13143
13156
13149
13143
13148
13142
13135
13135
13137
13138
13138
13141
13148
13137
13142
13148
13147
13150
13147
13139
13146
13137
13133
13136
13131
13124
13126
13123
13130
13135
13129
13131
13122
13120
13120
13120
13118
13125
13128
13129
13131
13134
13133
13132
13135
13135
13139
13137
13137
13135
13140
13138
13139
13140
13142
13137
13133
13140
13138
13135
13138
13134
13122
13119
13117
13111
13118
13113
13112
13120
13117
13120
13123
13121
13128
13142
13147
13143
13137
13136
13131
13149
13140
13134
13133
13132
13136
13135
13135
13130
13130
13137
13135
13131
13130
13135
13132
13137
13143
13142
13138
13138
13146
13153
13148
13147
13147
13139
13137
13147
13144
13141
13146
13147
13148
13148
13145
13147
13142
13138
13138
13141
13134
13131
13130
13130
13135
13141
13138
13133
13132
13140
13141
13140
13141
13136
13140
13143
13141
13132
13137
13134
13133
13136
13130
13126
13133
13131
13140
13130
13126
13128
13137
13134
13132
13136
13143
13141
13142
13141
13138
13136
13137
13136
13137
13135
13131
13130
13127
13130
13137
13128
13136
13122
13130
13128
13127
13133
13135
13134
13141
13138
13147
13147
13148
13145
13144
13135
13141
13135
13137
13134
13134
13131
13133
13130
13134
13140
13138
13141
13138
13140
13130
13131
13130
13126
13134
13139
13136
13142
13132
13134
13141
13137
13147
13146
13145
13145
13142
13138
13148
13138
13133
13144
13136
13131
13133
13134
13132
13131
13129
13132
13129
13136
13125
13121
13125
13136
13139
13133
13138
13136
13125
13124
13124
13120
13125
13122
13123
13119
13123
13126
13123
13112
13126
13137
13136
13132
13132
13133
13141
13146
13142
13153
13150
13142
13147
13144
13144
13141
13145
13139
13139
13138
13132
13129
13132
13130
13129
13131
13128
13124
13120
13120
13124
13125
13128
13136
13135
13144
13138
13134
13134
13133
13138
13144
13143
13146
13145
13141
13141
13139
13139
13150
13141
13144
13149
13148
13138
13127
13125
13126
13121
13125
13116
13123
13132
13144
13143
13144
13143
13151
13143
13141
13134
13128
13122
13121
13128
13130
13130
13128
13137
13127
13127
13133
13132
13131
13137
13132
13134
13133
13130
13128
13124
13123
13129
13121
13129
13136
13137
13133
13133
13138
13133
13136
13141
13142
13144
13142
13147
13143
13138
13139
13139
13142
13142
13137
13132
13133
13137
13138
13144
13060
12805
12521
12340
12238
12187
12171
12174
12202
12224
12271
12306
12349
12396
12446
12485
12537
12571
12607
12645
12682
12711
12740
12765
12789
12814
12829
12846
12864
12877
12891
12908
12911
12914
12931
12955
12967
12982
12996
13009
13014
13018
13028
13038
13041
13052
13059
13063
13066
13069
13074
13078
13079
13085
13095
13095
13096
13101
13097
13101
13110
13101
13100
13100
13102
13098
13100
13100
13108
13104
13112
13119
13116
13123
13131
13135
13135
13132
13130
13126
13121
13122
13117
13115
13121
13089
12959
12885
12829
12803
12803
12796
12805
12820
12829
12841
12868
12882
12901
12909
12924
12935
12948
12964
12975
12981
12991
12998
13012
13014
13025
13035
13035
13036
13042
13045
13056
13058
13065
13073
13071
13080
13076
13079
13074
13080
13086
13087
13089
13092
13105
13107
13101
13099
13099
13105
13104
13106
13105
13114
13126
13132
13129
13126
13129
13135
13134
13122
13126
13114
13113
13113
13107
13107
13105
13108
13111
13112
13107
13109
13101
13114
13112
13117
13118
13119
13127
13133
13130
13133
13140
13134
13130
13133
13123
13129
13131
13136
13135
13134
13137
13133
13136
13134
13134
13138
13142
13136
13142
13137
13135
13132
13125
13129
13126
13125
13133
13134
13134
13142
13141
13138
13140
13139
13140
13137
13138
13139
13127
13123
13129
13132
13133
13140
13130
13126
13123
13132
13126
13128
13134
13135
13140
13143
13143
13146
13145
13145
13148
13144
13142
13138
13140
13134
13131
13135
13134
13127
13125
13127
13128
13126
13129
13123
13128
13135
13134
13129
13129
13129
13136
13125
13127
13115
13119
13124
13124
13128
13127
13128
13132
13129
13129
13129
13128
13131
13130
13132
13139
13134
13144
13147
13145
13146
13145
13143
13142
13144
13140
13143
13132
13141
13134
13123
13132
13135
13134
13140
13126
13130
13137
13132
13139
13148
13138
13138
13133
13135
13126
13126
13127
13134
13127
13135
13133
13135
13122
13119
13121
13121
13121
13129
13124
13132
13132
13132
13140
13125
13130
13138
13132
13133
13139
13141
13142
13141
13144
13145
13145
13135
13149
13142
13143
13146
13146
13144
13142
13133
13125
13119
13121
13119
13128
13130
13130
13131
13139
13131
13140
13140
13137
13141
13137
13139
13139
13139
13136
13136
13134
13135
13125
13125
13123
13123
13123
13124
13131
13128
13136
13132
13138
13130
13126
13137
13143
13143
13142
13145
13146
13138
13136
13138
13133
13138
13137
13139
13145
13141
13142
13138
13135
13137
13142
13140
13146
13147
13149
13146
13145
13140
13136
13141
13137
13138
13137
13130
13124
13124
13125
13119
13121
13115
13114
13115
13116
13120
13122
13127
13134
13139
13146
13138
13142
13144
13146
13142
13135
13130
13135
13129
13129
13135
13131
13133
13136
13137
13137
13142
13141
13151
13146
13149
13148
13148
13151
13144
13146
13147
13148
13143
13143
13139
13135
13142
13142
13135
13134
13136
13134
13139
13132
13132
13132
13138
13142
13140
13143
13142
13145
13140
13142
13139
13139
13139
13134
13141
13141
13140
13135
13135
13128
13133
13136
13136
13132
13138
13138
13142
13137
13132
13136
13130
13133
13139
13132
13130
13123
13127
13125
13128
13129
13124
13120
13125
13122
13125
13121
13117
13126
13126
13126
13129
13132
13134
13134
13137
13142
13141
13142
13142
13129
13132
13126
13117
13118
13120
