13149
13152
13150
13143
13151
13144
13139
13140
13140
13140
13137
13142
13143
13145
13140
13134
13130
13132
13142
13133
13130
13133
13137
13143
13139
13140
13143
13133
13130
13138
13136
13134
13128
13130
13127
13127
13123
13122
13126
13130
13131
13131
13136
13137
13142
13137
13142
13147
13134
13134
13133
13134
13134
13139
13134
13135
13134
13140
13136
13126
13139
13139
13145
13142
13134
13134
13142
13136
13137
13144
13137
13137
13136
13131
13126
13129
13122
13118
13120
13128
13124
13123
13119
13128
13136
13140
13134
13134
13137
13137
13129
13127
13126
13122
13121
13121
13115
13121
13125
13124
13130
13130
13142
13147
13142
13141
13152
13151
13143
13146
13146
13141
13141
13138
13124
13120
13125
13129
13128
13131
13134
13133
13131
13136
13141
13135
13136
13129
13132
13129
13125
13124
13125
13133
13134
13137
13134
13134
13130
13126
13125
13129
13137
13142
13142
13146
13153
13143
13140
13138
13136
13138
13136
13143
13145
13142
13137
13140
13137
13142
13135
13132
13131
13125
13128
13129
13129
13131
13130
13138
13134
13138
13140
13132
13139
13135
13135
13141
13147
13142
13146
13137
13137
13143
13132
13134
13141
13134
13133
13135
13126
13129
13133
13130
13137
13138
13139
13135
13142
13145
13145
13138
13137
13143
13147
13138
13133
13138
13134
13133
13130
13129
13133
13133
13135
13133
13126
13136
13147
13147
13150
13152
13153
13147
13141
13135
13139
13139
13133
13138
13137
13136
13143
13141
13139
13135
13134
13134
13134
13131
13131
13133
13127
13133
13138
13133
13135
13140
13144
13138
13136
13137
13148
13143
13146
13143
13133
13131
13129
13120
13126
13137
13137
13139
13138
13132
13133
13119
13122
13120
13116
13119
13130
13122
13118
13116
13124
13126
13131
13136
13135
13132
13134
13132
13142
13132
13133
13138
13131
13138
13134
13136
13137
13137
13132
13137
13129
13128
13128
13130
13127
13131
13137
13139
13141
13130
13144
13142
13149
13145
13134
13139
13149
13137
13137
13134
13127
13120
13125
13138
13133
13133
13137
13139
13143
13135
13134
13127
13135
13136
13126
13128
13126
13121
13131
13127
13123
13132
13134
13137
13144
13144
13146
13140
13137
13127
13130
13128
13130
13133
13131
13135
13142
13138
13142
13141
13141
13142
13142
13139
13137
13130
13124
13124
13140
13123
13124
13123
13129
13132
13133
13133
13126
13132
13132
13135
13141
13139
13144
13139
13135
13137
13128
13128
13129
13128
13133
13125
13132
13141
13141
13138
13148
13150
13150
13141
13146
13147
13150
13145
13140
13140
13147
13135
13142
13129
13134
13138
13143
13139
13145
13138
13147
13149
13144
13137
13135
13135
13135
13129
13133
13130
13124
13131
13131
13133
13132
13133
13132
13139
13135
13140
13142
13143
13140
13135
13131
13134
13136
13136
13134
13135
13134
13129
13135
13124
13125
13124
13129
13128
13125
13122
13130
13135
13133
13138
13131
13137
13145
13139
13135
13137
13135
13135
13130
13128
13136
13126
13130
13146
13139
13143
13142
13143
13138
13138
13137
13138
13143
13146
13145
13149
13144
13143
13149
13140
13137
13138
13139
13135
13133
13134
13135
13132
13138
13137
13142
13140
13139
13138
13145
13138
13146
13154
13147
13118
12536
11682
11150
10776
10499
10357
10330
10348
10392
10459
10460
10473
10551
10640
10770
10840
10934
11025
11145
11235
11354
11455
11562
11646
11742
11828
11918
11990
12058
12125
12196
12250
12314
12355
12412
12444
12497
12548
12590
12621
12653
12679
12703
12736
12756
12777
12803
12818
12844
12864
12883
12900
12920
12933
12943
12951
12967
12969
12982
12981
12984
12991
12997
13010
13020
13025
13033
13044
13050
13054
13062
13075
13071
13078
13080
13081
13085
13093
13091
13093
13091
13091
13099
13103
13105
13107
13109
13110
13110
13107
13107
13102
13108
13107
13102
13106
13113
13117
13125
13121
13123
13130
13132
13135
13131
13125
13125
13121
13128
13126
13124
13121
13122
13119
13123
13129
13121
13123
13121
13126
13127
13119
13121
13124
13126
13128
13138
13136
13139
13135
13134
13140
13139
13142
13149
13146
13148
13145
13152
13140
13139
13137
13136
13129
13129
13137
13138
13138
13134
13137
13134
13131
13137
13131
13128
13133
13132
13134
13130
13133
13134
13132
13130
13134
13129
13130
13129
13132
13134
13139
13137
13130
13129
13132
13124
13122
13125
13125
13136
13130
13134
13143
13147
13142
13138
13143
13146
13145
13141
13145
13138
13139
13140
13138
13142
13138
13141
13146
13138
13134
13131
13121
13116
13127
13125
13122
13134
13139
13139
13142
13144
13142
13136
13139
13130
13133
13126
13127
13134
13131
13130
13134
13134
13138
13140
13141
13145
13143
13143
13138
13135
13133
13131
13124
13121
13124
13127
13127
13117
13115
13123
13121
13125
13132
13135
13134
13141
13142
13142
13138
13142
13136
13133
13133
13125
13127
13121
13115
13133
13127
13130
13135
13133
13140
13141
13143
13148
13144
13139
13140
13141
13144
13148
13144
13152
13153
13152
13149
13139
13131
13137
13136
13126
13128
13121
13123
13121
13127
13134
13129
13129
13135
13136
13138
13130
13133
13138
13135
13135
13130
13130
13132
13134
13135
13133
13134
13133
13135
13131
13138
13134
13137
13141
13146
13150
13145
13142
13143
13138
13133
13138
13137
13140
13144
13140
13137
13137
13136
13128
13129
13131
13130
13134
13142
13133
13137
13129
13136
13140
13134
13126
13127
13125
13122
13118
13118
13118
13118
13118
13133
13127
13135
13134
13137
13141
13140
13138
13140
13141
13138
13141
13134
13131
13130
13124
13124
13124
13120
13120
13119
13122
13123
13121
13128
13126
13131
13134
13137
13142
13132
13130
13136
13130
13132
13127
13118
13118
13124
13127
13131
13127
13132
13132
13131
13136
13138
13137
13142
13138
13135
13138
13136
13143
13150
13147
13139
13138
13133
13132
13122
13120
13118
13113
13122
13127
13132
13137
13137
13142
13135
13130
13129
13129
13126
13130
13130
13132
13134
13133
13139
13133
13132
13129
13131
13136
13133
13134
13140
13132
13133
13139
13141
13140
13139
13135
13137
13141
13139
13142
13137
13134
13127
13124
13130
13126
13130
13124
13120
13132
13118
13126
13132
13132
13135
13134
13130
13125
13134
13134
13142
13135
13138
13132
13133
13135
13132
13133
13139
13134
13144
13149
13144
13141
13148
13144
13141
13142
13133
13133
13132
13130
13126
13131
13125
13125
13133
13134
13138
13148
13145
13143
13149
13145
13148
13144
13142
13152
13146
13148
13149
13139
13141
13144
13134
13138
13141
13136
13142
13136
13140
13139
13137
13135
13135
