13127
13134
13132
13132
13129
13135
13136
13137
13132
13132
13129
13136
13142
13138
13133
13126
13133
13138
13139
13142
13137
13139
13140
13147
13144
13146
13139
13139
13134
13143
13139
13143
13141
13139
13138
13132
13130
13135
13134
13137
13139
13142
13142
13139
13142
13140
13136
13137
13129
13127
13132
13133
13142
13134
13136
13143
13136
13130
13122
13128
13127
13127
13132
13139
13133
13129
13135
13145
13144
13142
13138
13134
13132
13129
13139
13132
13127
13132
13120
13118
13121
13124
13119
13122
13124
13123
13127
13136
13132
13130
13136
13138
13143
13132
13125
13129
13126
13122
13128
13124
13124
13127
13131
13135
13124
13133
13137
13138
13148
13151
13141
13147
13150
13144
13142
13137
13135
13144
13139
13135
13134
13135
13135
13144
13139
13136
13132
13138
13134
13141
13138
13134
13133
13122
13126
13128
13127
13132
13132
13138
13139
13141
13143
13143
13146
13145
13146
13138
13137
13127
13126
13133
13137
13137
13143
13135
13136
13131
13135
13136
13139
13132
13136
13138
13141
13131
13129
13131
13131
13140
13140
13133
13141
13136
13137
13138
13134
13138
13134
13138
13137
13138
13133
13133
13129
13133
13139
13132
13133
13128
13129
13130
13129
13132
13140
13135
13141
13140
13141
13143
13151
13147
13151
13148
13149
13139
13134
13127
13127
13126
13131
13133
13140
13136
13139
13127
13129
13124
13134
13126
13126
13130
13125
13122
13123
13122
13123
13122
13122
13121
13129
13137
13129
13125
13130
13123
13124
13131
13129
13136
13136
13137
13142
13134
13132
13136
13144
13143
13145
13140
13136
13136
13139
13138
13134
13138
13136
13125
13122
13122
13124
13133
13138
13139
13125
13130
13129
13124
13125
13121
13127
13129
13131
13129
13133
13126
13122
13132
13129
13122
13121
13118
13118
13117
13123
13124
13120
13127
13125
13121
13120
13123
13123
13122
13120
13131
13138
13133
13136
13129
13133
13132
13128
13134
13145
13153
13158
13149
13155
13147
13144
13147
13139
13129
13136
13126
13129
13138
13129
13130
13132
13136
13134
13127
13125
13127
13128
13129
13125
13130
13131
13126
13134
13130
13128
13134
13127
13116
13115
13128
13132
13132
13136
13135
13136
13132
13130
13126
13129
13128
13131
13138
13133
13128
13127
13128
13130
13134
13133
13134
13133
13134
13127
13127
13132
13136
13146
13150
13148
13141
13141
13138
13143
13133
13133
13128
13127
13127
13121
13120
13116
13120
13123
13130
13124
13135
13137
13125
13126
13126
13133
13143
13140
13139
13145
13140
13134
13129
13126
13128
13137
13134
13132
13126
13131
13133
13143
13149
13134
13136
13136
13137
13146
13140
13143
13142
13142
13143
13140
13135
13127
13129
13125
13133
13129
13140
13143
13136
13137
13140
13144
13140
13130
13121
13133
13126
13140
13142
13146
13139
13140
13138
13140
13134
13131
13125
13126
13130
13126
13122
13122
13128
13126
13127
13130
13137
13133
13133
13131
13130
13132
13130
13128
13133
13130
13133
13133
13128
13128
13125
13127
13132
13130
13124
13134
13136
13135
13134
13129
13134
13134
13126
13128
13126
13128
13128
13128
13127
13122
13120
13123
13124
13129
13133
13131
13136
13129
13134
13133
13130
13129
13135
13139
13147
13145
13143
12809
11929
11221
10739
10486
10348
10326
10346
10430
10470
10566
10664
10794
10913
11046
11090
11167
11234
11335
11417
11419
11405
11445
11485
11562
11625
11708
11772
11852
11924
11998
12058
12132
12192
12254
12308
12359
12408
12454
12496
12540
12573
12609
12641
12679
12714
12742
12761
12791
12807
12820
12846
12866
12882
12897
12915
12932
12940
12955
12967
12974
12978
12982
12984
12987
12981
12999
13004
13016
13031
13041
13050
13052
13058
13065
13071
13072
13078
13074
13080
13084
13084
13092
13096
13103
13111
13108
13107
13119
13114
13116
13122
13121
13122
13125
13126
13119
13119
13109
13110
13108
13117
13114
13119
13120
13117
13129
13121
13117
13118
13112
13115
13125
13125
13121
13124
13123
13127
13125
13126
13132
13135
13136
13141
13136
13138
13130
13132
13138
13133
13120
13126
13119
13118
13126
13120
13124
13129
13129
13137
13137
13134
13133
13137
13140
13138
13141
13139
13144
13148
13146
13139
13132
13131
13133
13137
13142
13142
13146
13153
13152
13143
13150
13142
13140
13143
13143
13141
13139
13128
13125
13129
13124
13123
13126
13128
13131
13129
13136
13130
13138
13135
13138
13138
13142
13135
13135
13135
13134
13137
13132
13135
13144
13145
13146
13145
13149
13151
13144
13150
13154
13146
13148
13143
13135
13146
13146
13144
13144
13137
13139
13143
13137
13138
13134
13132
13130
13132
13129
13128
13124
13133
13131
13125
13133
13131
13137
13131
13134
13139
13141
13138
13137
13137
13136
13134
13132
13137
13134
13139
13141
13138
13135
13135
13140
13142
13135
13133
13134
13134
13138
13143
13137
13135
13134
13135
13131
13133
13134
13131
13132
13134
13131
13138
13139
13138
13140
13139
13142
13140
13138
13138
13127
13127
13128
13138
13129
13131
13129
13135
13139
13138
13139
13138
13142
13147
13136
13129
13136
13136
13128
13133
13134
13138
13134
13138
13128
13125
13118
13126
13126
13123
13130
13130
13074
12952
12895
12846
12824
12813
12812
12817
12822
12841
12861
12882
12892
12908
12918
12933
12939
12950
12964
12980
12989
13005
13005
13013
13023
13029
13038
13050
13047
13054
13063
13069
13073
13072
13071
13075
13086
13087
13090
13098
13098
13100
13102
13095
13101
13113
13113
13117
13101
13100
13105
13106
13102
13111
13110
13119
13122
13118
13122
13120
13129
13129
13132
13136
13145
13137
13136
13137
13129
13126
13133
13126
13132
13128
13131
13126
13126
13132
13127
13126
13126
13128
13127
13124
13127
13129
13131
13131
13128
13125
13126
13126
13129
13130
13127
13131
13128
13124
13129
13134
13138
13138
13128
13122
13124
13126
13121
13125
13117
13123
13126
13128
13132
13136
13132
13135
13129
13133
13132
13139
13135
13131
13138
13127
13117
13119
13116
13114
13123
13122
13122
13124
13124
13125
13124
13126
13137
13138
13137
13133
13136
13143
13133
13128
13129
13128
13124
13132
13129
13127
13131
13134
13129
13132
13131
13127
13127
13131
13128
13128
13126
13121
13131
13122
13123
13125
13129
13134
13129
13136
13138
13140
13139
13140
13134
13142
13137
13140
13137
13140
13135
13140
13139
13130
13143
13141
13144
13147
13138
13134
13134
13131
13133
13139
13137
13137
13138
13139
13129
13130
13125
13130
13129
13125
13129
13138
13142
13144
13146
13138
13135
13134
13132
13130
13125
13127
13129
13126
13129
13130
