13133
13134
13140
13137
13138
13142
13141
13146
13142
13139
13134
13139
13133
13134
13128
13136
13128
13133
13130
13132
13139
13130
13126
13123
13122
13133
13135
13139
13141
13142
13139
13140
13137
13139
13130
13130
13132
13138
13138
13142
13139
13138
13146
13137
13140
13135
13132
13129
13132
13123
13123
13122
13128
13126
13134
13138
13142
13140
13137
13131
13139
13132
13136
13137
13136
13136
13130
13133
13132
13135
13135
13133
13126
13132
13133
13123
13132
13134
13127
13131
13131
13133
13147
13137
13135
13138
13140
13138
13139
13133
13126
13124
13128
13127
13131
13137
13132
13124
13126
13122
13124
13130
13132
13138
13134
13139
13145
13144
13143
13146
13140
13138
13135
13135
13134
13137
13130
13131
13131
13137
13134
13132
13141
13133
13134
13138
13131
13140
13142
13138
13138
13138
13139
13138
13145
13138
13134
13135
13132
13125
13138
13130
13131
13137
13132
13130
13131
13132
13134
13134
13137
13136
13132
13137
13135
13135
13135
13135
13139
13135
13131
13123
13127
13120
13125
13129
13117
13123
13125
13125
13137
13136
13144
13142
13135
13135
13131
13135
13133
13131
13139
13129
13129
13134
13135
13132
13132
13132
13128
13130
13133
13134
13129
13133
13140
13138
13135
13135
13137
13134
13126
13131
13140
13130
13128
13132
13125
13130
13129
13131
13132
13136
13137
13135
13134
13136
13129
13125
13126
13124
13123
13117
13116
13123
13125
13131
13129
13128
13131
13123
13126
13130
13133
13134
13143
13134
13138
13130
13127
13132
13122
13127
13137
13135
13146
13147
13151
13156
13158
13151
13140
13138
13133
13133
13132
13134
13127
13132
13124
13134
13147
13138
13142
13143
13144
13138
13134
13136
13137
13140
13140
13139
13136
13136
13134
13130
13135
13131
13134
13141
13140
13134
13139
13131
13129
13131
13134
13134
13134
13134
13140
13136
13144
13137
13142
13141
13139
13138
13138
13138
13142
13138
13132
13136
13136
13138
13146
13141
13142
13144
13150
13144
13132
13138
13149
13146
13143
13136
13129
13131
13125
13116
13121
13119
13116
13129
13128
13128
13130
13126
13121
13120
13124
13130
13135
13134
13134
13141
13147
13147
13149
13143
13136
13132
13130
13127
13124
13121
13120
13121
13123
13128
13121
13132
13140
13133
13137
13135
13138
13146
13150
13152
13160
13147
13147
13147
13135
13140
13140
13133
13133
13133
13135
13130
13132
13137
13136
13133
13136
13129
13133
13127
13131
13140
13141
13141
13141
13140
13141
13134
13129
13122
13125
13128
13120
13117
13123
13122
13129
13131
13130
13129
13135
13140
13139
13138
13142
13145
13143
13141
13149
13144
13140
13136
13134
13136
13135
13137
13141
13137
13141
13135
13128
13128
13130
13133
13127
13125
13132
13128
13136
13145
13142
13151
13144
13141
13139
13147
13142
13137
13129
13131
13142
13134
13135
13142
13139
13140
13148
13145
13143
13145
13150
13143
13138
13137
13129
13122
13126
13125
13127
13119
13115
13116
13113
13114
13118
13118
13122
13124
13119
13125
13118
13121
13132
13129
13141
13137
13137
13139
13129
13122
13125
13121
13120
13127
13125
13125
13124
13128
13131
13129
13131
13136
13131
13137
13134
13138
13135
13132
13142
13137
13132
13124
13119
13125
13120
13084
12846
12526
12187
11876
11703
11613
11585
11580
11621
11668
11734
11802
11870
11931
12007
12059
12133
12201
12256
12230
12232
12242
12276
12310
12353
12378
12422
12463
12499
12533
12572
12609
12652
12668
12699
12727
12754
12781
12810
12832
12846
12874
12878
12901
12912
12926
12940
12951
12963
12977
12990
13008
13022
13016
13030
13031
13037
13047
13040
13046
13048
13058
13060
13068
13069
13070
13075
13075
13074
13090
13086
13092
13104
13103
13103
13111
13111
13109
13115
13110
13111
13115
13119
13119
13122
13129
13131
13125
13119
13118
13116
13118
13119
13118
13129
13131
13135
13136
13120
13123
13119
13132
13134
13123
13127
13124
13127
13127
13123
13127
13128
13129
13143
13135
13136
13132
13135
13135
13142
13133
13128
13137
13142
13145
13142
13144
13143
13135
13136
13142
13135
13136
13132
13123
13131
13128
13132
13133
13134
13137
13141
13138
13141
13135
13134
13130
13135
13136
13134
13129
13133
13139
13149
13142
13142
13143
13143
13145
13139
13140
13140
13139
13145
13144
13143
13144
13146
13141
13142
13135
13134
13132
13126
13121
13129
13126
13130
13133
13134
13136
13139
13137
13137
13133
13137
13139
13132
13130
13130
13138
13134
13131
13135
13132
13122
13123
13126
13128
13128
13124
13132
13134
13145
13141
13131
13130
13125
13124
13132
13137
13135
13143
13144
13139
13144
13129
13121
13130
13129
13125
13130
13135
13130
13134
13134
13138
13138
13139
13138
13138
13142
13141
13143
13141
13149
13151
13150
13149
13139
13137
13145
13147
13149
13149
13146
13146
13150
13149
13152
13145
13153
13154
13151
13150
13155
13145
13142
13146
13145
13135
13128
13130
13136
13131
13133
13124
13124
13129
13131
13131
13130
13133
13136
13130
13134
13137
13138
13136
13139
13134
13133
13134
13135
13140
13133
13134
13136
13135
13134
13135
13131
13136
13132
13126
13132
13130
13126
13132
13126
13120
13131
13135
13140
13134
13132
13133
13134
13144
13142
13136
13137
13137
13144
13132
13134
13134
13131
13127
13117
13117
13121
13129
13126
13131
13122
13120
13124
13123
13124
13121
13131
13145
13149
13143
13156
13145
13142
13144
13148
13142
13148
13146
13140
13145
13147
13140
13143
13145
13146
13145
13142
13134
13137
13127
13135
13142
13146
13148
13141
13142
13141
13137
13140
13146
13142
13142
13146
13137
13139
13131
13128
13135
13132
13131
13134
13122
13132
13133
13127
13130
13144
13146
13139
13143
13139
13137
13142
13145
13144
13133
13132
13133
13134
13132
13128
13135
13134
13141
13145
13143
13142
13141
13139
13138
13135
13136
13139
13130
13130
13127
13128
13135
13131
13132
13142
13135
13130
13135
13132
13132
13133
13126
13133
13136
13147
13136
13140
13143
13135
13139
13139
13135
13139
13130
13131
13134
13125
13122
13127
13135
13131
13128
13130
13134
13126
13125
13133
13128
13125
13122
13121
13132
13134
13128
13132
13122
13126
13138
13131
13132
13132
13135
13134
13138
13140
13138
13141
13143
13142
13142
13140
13133
13133
13138
13136
13141
13136
13137
13130
13130
13121
13121
13122
13132
13123
13136
13143
13137
13141
13136
13135
13141
13137
13121
13129
13122
13126
13131
13130
13129
13137
13136
13141
13136
13145
13135
13138
13137
13137
13134
13136
13133
13138
13140
13144
13144
13137
13138
13138
13145
13138
13137
