13142
13142
13134
13136
13134
13131
13131
13137
13136
13138
13134
13136
13145
13137
13130
13140
13139
13135
13126
13127
13130
13131
13130
13131
13119
13115
13114
13111
13108
13109
13117
13134
13130
13132
13140
13137
13139
13140
13141
13139
13135
13130
13131
13135
13138
13134
13131
13137
13134
13136
13133
13129
13126
13129
13128
13128
13122
13127
13129
13132
13135
13131
13130
13133
13131
13139
13139
13135
13135
13139
13141
13141
13136
13132
13139
13138
13131
13132
13124
13132
13134
13138
13141
13135
13139
13136
13131
13134
13134
13131
13136
13133
13148
13142
13136
13137
13139
13145
13144
13145
13141
13147
13154
13156
13150
13155
13157
13153
13154
13155
13157
13155
13147
13140
13151
13147
13130
13139
13138
13136
13135
13135
13138
13139
13145
13149
13153
13150
13147
13145
13144
13138
13144
13148
13144
13136
13138
13136
13133
13134
13136
13141
13137
13133
13135
13135
13137
13139
13133
13131
13135
13142
13136
13129
13135
13137
13139
13142
13132
13134
13137
13140
13141
13145
13145
13141
13146
13146
13138
13138
13129
13125
13137
13135
13129
13134
13138
13137
13132
13135
13135
13134
13137
13140
13136
13144
13141
13140
13145
13140
13138
13135
13134
13129
13139
13132
13124
13121
13114
13127
13129
13133
13138
13136
13144
13145
13140
13138
13134
13128
13124
13128
13134
13133
13138
13142
13137
13131
13129
13134
13138
13134
13134
13134
13129
13130
13137
13138
13133
13136
13129
13135
13127
13127
13132
13134
13128
13132
13131
13134
13141
13136
13137
13132
13139
13125
13126
13120
13119
13124
13131
13131
13138
13138
13135
13143
13141
13141
13139
13137
13141
13145
13133
13138
13133
13135
13135
13130
13122
13123
13126
13138
13132
13132
13137
13133
13134
13137
13146
13146
13148
13148
13142
13135
13136
13128
13127
13137
13132
13136
13134
13134
13136
13130
13129
13129
13126
13130
13132
13131
13127
13129
13126
13134
13133
13139
13146
13135
13142
13141
13144
13151
13139
13127
13132
13126
13132
13137
13129
13132
13138
13136
13127
13131
13130
13122
13131
13135
13133
13144
13149
13154
13158
13153
13149
13142
13139
13135
13126
13128
13128
13124
13125
13132
13129
13126
13125
13129
13129
13134
13126
13128
13127
13123
13134
13132
13131
13136
13126
13136
13142
13137
13138
13139
13135
13130
13123
13132
13129
13125
13133
13130
13134
13126
13123
13129
13133
13132
13128
13122
13122
13124
13120
13124
13112
13121
13118
13111
13115
13121
13115
13125
13122
13125
13131
13124
13125
13126
13121
13121
13123
13127
13133
13134
13142
13139
13134
13141
13138
13135
13127
13126
13130
13128
13134
13136
13138
13137
13140
13139
13133
13136
13133
13135
13129
13132
13145
13138
13140
13139
13137
13142
13136
13128
13127
13126
13119
13121
13116
13118
13128
13123
13120
13128
13130
13131
13127
13131
13131
13139
13142
13147
13145
13138
13133
13132
13131
13136
13142
13143
13133
13132
13132
13142
13134
13138
13142
13138
13135
13141
13134
13139
13134
13127
13132
13128
13124
13126
13127
13124
13128
13126
13132
13134
13139
13141
13139
13139
13137
13136
13138
13132
13145
13134
13131
13131
13134
13132
13132
13131
13143
13068
12252
11359
10691
10183
9878
9703
9659
9678
9775
9869
9972
10083
10207
10281
10402
10515
10656
10779
10921
11045
11182
11298
11421
11518
11630
11728
11825
11900
11976
12038
12117
12166
12219
12271
12328
12374
12429
12482
12520
12554
12594
12635
12662
12699
12726
12752
12778
12799
12820
12844
12858
12872
12894
12910
12923
12934
12944
12954
12966
12973
12982
12990
12999
13005
13009
13020
13027
13036
13042
13050
13060
13055
13061
13071
13067
13082
13082
13083
13088
13088
13084
13098
13089
13096
13097
13104
13108
13115
13106
13109
13100
13101
13098
13095
13094
13104
13104
13111
13117
13120
13126
13122
13121
13121
13121
13120
13122
13126
13130
13130
13142
13134
13132
13138
13134
13129
13129
13120
13129
13125
13128
13134
13127
13130
13139
13140
13143
13141
13140
13144
13139
13135
13146
13131
13135
13138
13127
13127
13128
13132
13131
13132
13134
13132
13134
13138
13129
13127
13129
13130
13138
13133
13118
13117
13120
13119
13121
13126
13129
13129
13124
13123
13118
13116
13118
13116
13125
13127
13128
13137
13131
13127
13139
13132
13142
13143
13142
13148
13153
13145
13139
13133
13135
13134
13132
13132
13132
13136
13131
13126
13126
13121
13120
13122
13127
13122
13125
13132
13128
13126
13123
13134
13130
13129
13134
13133
13138
13141
13145
13147
13144
13133
13141
13135
13122
13128
13121
13123
13120
13124
13123
13120
13126
13129
13129
13132
13129
13136
13134
13135
13147
13138
13140
13136
13136
13135
13129
13126
13126
13132
13125
13129
13125
13132
13124
13126
13129
13127
13120
13130
13129
13128
13131
13132
13135
13141
13144
13145
13145
13144
13142
13133
13133
13128
13136
13138
13141
13143
13145
13137
13141
13132
13126
13126
13130
13122
13126
13127
13132
13138
13140
13145
13132
13138
13135
13141
13142
13140
13138
13140
13138
13138
13144
13146
13143
13149
13146
13148
13150
13148
13141
13137
13138
13134
13132
13133
13137
13136
13135
13129
13135
13128
13132
13125
13127
13127
13127
13127
13135
13135
13136
13142
13135
13139
13139
13135
13136
13140
13128
13128
13124
13112
13006
12921
12871
12848
12835
12835
12842
12845
12854
12868
12882
12894
12914
12931
12944
12953
12967
12978
13002
13003
13012
13018
13027
13026
13035
13048
13056
13068
13069
13069
13066
13076
13074
13079
13085
13090
13090
13106
13102
13102
13106
13103
13103
13108
13103
13108
13114
13110
13113
13111
13119
13114
13122
13126
13127
13126
13132
13132
13137
13132
13121
13126
13122
13129
13134
13141
13132
13131
13132
13135
13122
13124
13130
13130
13130
13130
13126
13131
13128
13130
13141
13139
13138
13149
13147
13140
13142
13143
13140
13142
13143
13138
13141
13147
13143
13139
13129
13127
13125
13120
13121
13129
13131
13135
13135
13135
13138
13138
13137
13140
13134
13139
13145
13141
13141
13140
13138
13139
13135
13136
13140
13133
13130
13138
13140
13138
13142
13143
13141
13137
13139
13143
13142
13147
13144
13147
13147
13142
13150
13150
13139
13137
13137
13137
13140
13138
13141
13137
13137
13147
13146
13147
13152
13153
13145
13144
13136
13134
13130
13128
13133
13129
13119
13117
13119
13118
13113
13118
13124
13128
13128
13123
13127
13121
13124
13127
13132
13123
13131
13130
13129
13126
13132
13128
13124
13128
13126
13129
13132
13132
13123
13124
13129
13131
13125
13120
