13136
13127
13137
13128
13129
13132
13126
13127
13132
13136
13147
13138
13144
13134
13137
13133
13132
13125
13125
13126
13141
13126
13130
13137
13141
13142
13137
13127
13129
13130
13137
13141
13133
13138
13138
13129
13132
13132
13132
13141
13142
13135
13144
13136
13139
13135
13130
13129
13135
13137
13136
13137
13136
13140
13147
13151
13150
13147
13143
13147
13153
13147
13134
13137
13140
13140
13135
13130
13132
13133
13136
13139
13131
13132
13132
13138
13142
13151
13149
13145
13146
13148
13150
13142
13134
13136
13131
13129
13128
13128
13123
13127
13133
13130
13139
13138
13137
13138
13135
13134
13133
13132
13130
13132
13137
13140
13137
13133
13139
13143
13143
13142
13136
13140
13143
13147
13148
13150
13145
13142
13132
13123
13132
13124
13123
13132
13123
13130
13135
13137
13141
13139
13140
13135
13135
13138
13144
13138
13135
13138
13136
13126
13118
13123
13125
13129
13131
13135
13142
13143
13147
13140
13125
13138
13131
13130
13131
13120
13124
13133
13135
13124
13131
13125
13121
13125
13126
13134
13136
13142
13137
13139
13135
13126
13126
13134
13125
13129
13129
13127
13135
13129
13135
13134
13132
13142
13140
13140
13128
13129
13127
13132
13125
13129
13134
13135
13133
13135
13128
13132
13131
13132
13139
13138
13136
13153
13156
13155
13151
13150
13144
13135
13139
13135
13137
13139
13141
13141
13137
13137
13146
13132
13130
13140
13142
13142
13141
13140
13139
13141
13137
13142
13140
13143
13151
13138
13138
13137
13144
13151
13153
13153
13157
13148
13157
13161
13151
13149
13143
13146
13144
13141
13137
13134
13133
13138
13136
13134
13137
13138
13147
13143
13139
13134
13129
13131
13124
13118
13127
13131
13127
13136
13125
13134
13144
13134
13134
13133
13129
13134
13134
13133
13141
13138
13142
13149
13148
13147
13146
13139
13144
13140
13143
13137
13135
13135
13124
13133
13130
13129
13133
13122
13126
13132
13121
13125
13121
13121
13130
13138
13140
13139
13136
13141
13146
13148
13141
13142
13141
13143
13136
13128
13135
13132
13132
13146
13144
13143
13139
13140
13144
13145
13143
13138
13134
13136
13130
13132
13134
13132
13131
13123
13125
13135
13138
13137
13127
13123
13127
13127
13125
13127
13126
13127
13134
13139
13146
13143
13146
13150
13144
13144
13152
13143
13142
13139
13140
13134
13134
13128
13132
13130
13135
13131
13131
13132
13131
13130
13134
13134
13141
13138
13142
13146
13146
13138
13138
13136
13141
13146
13148
13148
13140
13147
13147
13140
13135
13127
13129
13144
13144
13144
13141
13133
13126
13136
13133
13138
13134
13138
13148
13147
13145
13138
13132
13144
13142
13140
13136
13130
13125
13131
13131
13132
13134
13138
13136
13138
13138
13139
13139
13145
13136
13143
13138
13134
13131
13131
13127
13128
13131
13136
13134
13123
13124
13129
13128
13134
13131
13133
13136
13138
13144
13141
13133
13135
13133
13134
13138
13132
13142
13134
13135
13138
13135
13137
13133
13136
13128
13129
13130
13138
13140
13148
13149
13145
13141
13140
13144
13145
13140
13137
13135
13132
13124
13133
13129
13139
13136
13138
13134
13135
13131
13121
13122
13124
13122
13121
13121
13117
13129
13120
13127
13130
13126
12899
12308
11706
11175
10851
10693
10601
10604
10637
10724
10814
10943
11045
11167
11275
11395
11488
11592
11671
11771
11856
11941
12011
12089
12148
12214
12274
12341
12382
12438
12489
12531
12561
12587
12620
12655
12681
12713
12734
12755
12789
12809
12836
12847
12864
12881
12898
12917
12922
12919
12930
12952
12967
12988
12999
13008
13020
13033
13035
13036
13043
13040
13047
13050
13054
13057
13064
13067
13071
13077
13093
13098
13103
13108
13110
13118
13111
13110
13113
13114
13107
13109
13111
13104
13105
13110
13116
13109
13108
13108
13103
13110
13107
13111
13118
13117
13117
13129
13118
13125
13129
13128
13122
13122
13125
13124
13117
13124
13125
13130
13134
13131
13131
13129
13129
13137
13140
13136
13132
13129
13128
13128
13123
13129
13137
13135
13135
13132
13135
13140
13136
13132
13127
13121
13119
13118
13121
13127
13124
13126
13128
13126
13130
13132
13131
13136
13138
13141
13136
13136
13136
13135
13136
13136
13131
13142
13137
13132
13135
13136
13147
13145
13135
13133
13138
13141
13138
13128
13123
13125
13114
13121
13122
13122
13125
13128
13129
13135
13130
13133
13139
13138
13135
13138
13137
13137
13136
13139
13129
13129
13138
13140
13135
13136
13133
13139
13138
13130
13138
13141
13140
13141
13140
13146
13142
13139
13138
13131
13136
13137
13132
13139
13138
13134
13141
13139
13138
13142
13138
13130
13132
13137
13134
13139
13133
13130
13132
13138
13134
13134
13138
13139
13135
13134
13132
13136
13128
13130
13133
13133
13131
13138
13136
13130
13136
13127
13128
13124
13129
13124
13126
13133
13135
13128
13139
13139
13140
13146
13138
13142
13141
13139
13137
13135
13138
13143
13134
13123
13123
13120
13119
13119
13118
13124
13129
13141
13136
13138
13137
13139
13140
13136
13131
13130
13137
13134
13137
13129
13132
13136
13135
13133
13127
13120
13126
13117
13119
13128
13121
13123
13130
13129
13130
13133
13141
13144
13147
13152
13140
13136
13137
13137
13132
13132
13128
13129
13118
13119
13117
13124
13120
13125
13127
13130
13132
13138
13140
13134
13127
13135
13133
13132
13133
13136
13147
13135
13131
13142
13133
13138
13139
13137
13131
13133
13138
13139
13137
13148
13143
13147
13148
13146
13138
13136
13136
13142
13138
13134
13142
13141
13143
13137
13137
13141
13139
13135
13138
13127
13133
13131
13126
13130
13130
13134
13138
13139
13131
13134
13131
13134
13134
13134
13133
13124
13125
13133
13127
13130
13128
13134
13139
13136
13142
13137
13136
13138
13134
13134
13140
13139
13138
13143
13142
13136
13134
13130
13131
13131
13136
13144
13135
13136
13134
13135
13142
13136
13138
13146
13149
13144
13143
13137
13135
13131
13133
13130
13129
13139
13139
13141
13137
13133
13131
13128
13126
13135
13127
13129
13132
13130
13128
13131
13131
13134
13139
13148
13153
13149
13150
13151
13149
13144
13145
13142
13137
13131
13126
13133
13132
13131
13130
13128
13136
13135
13134
13134
13143
13141
13140
13144
13140
13136
13141
13145
13135
13140
13131
13131
13132
13131
13128
13124
13131
13135
13136
13137
13137
13130
13138
13142
13138
13137
13131
13141
13137
13134
13123
13131
13130
13132
13138
13138
13135
13141
13139
13133
13140
13139
13137
13148
13139
13143
13140
13132
13130
13128
13009
12913
12859
12817
12803
12807
12814
12820
12820
