13147
13143
13142
13133
13123
13130
13135
13138
13130
13128
13131
13132
13133
13136
13135
13137
13131
13132
13141
13140
13137
13134
13133
13128
13130
13125
13128
13123
13125
13132
13137
13140
13139
13139
13138
13136
13139
13125
13127
13132
13133
13131
13133
13136
13130
13133
13129
13125
13123
13128
13126
13130
13133
13127
13135
13136
13135
13129
13131
13130
13126
13125
13123
13122
13131
13129
13134
13136
13135
13139
13136
13138
13138
13140
13146
13142
13140
13139
13147
13141
13141
13132
13130
13128
13130
13127
13123
13122
13126
13134
13135
13135
13133
13140
13144
13140
13134
13138
13149
13137
13138
13131
13128
13131
13132
13137
13144
13146
13143
13133
13132
13130
13127
13129
13128
13132
13138
13132
13133
13129
13132
13127
13128
13129
13133
13129
13120
13127
13127
13127
13136
13133
13136
13141
13139
13143
13141
13138
13143
13132
13129
13135
13132
13132
13133
13132
13130
13132
13140
13136
13141
13137
13135
13132
13124
13118
13123
13121
13126
13134
13133
13137
13134
13036
12933
12868
12829
12810
12806
12809
12821
12827
12844
12861
12876
12897
12906
12915
12939
12941
12946
12959
12968
12981
12993
13006
13016
13024
13030
13032
13048
13055
13061
13059
13061
13070
13082
13085
13086
13093
13096
13101
13103
13105
13096
13103
13103
13109
13105
13112
13125
13119
13113
13116
13113
13115
13117
13115
13123
13122
13119
13127
13125
13125
13120
13116
13113
13115
13117
13119
13126
13125
13121
13121
13123
13122
13129
13116
13111
13121
13119
13120
13118
13122
13123
13131
13134
13136
13134
13134
13139
13135
13136
13140
13144
13142
13134
13130
13135
13126
13126
13126
13124
13124
13132
13137
13134
13138
13135
13134
13136
13135
13130
13133
13130
13129
13129
13126
13128
13127
13134
13130
13134
13136
13140
13140
13141
13142
13135
13140
13148
13145
13145
13137
13134
13128
13128
13125
13133
13125
13126
13126
13126
13130
13133
13135
13141
13145
13142
13140
13130
13131
13122
13124
13119
13120
13122
13115
13120
13118
13120
13118
13121
13124
13132
13134
13132
13139
13133
13141
13146
13141
13142
13133
13132
13134
13121
13118
13126
13118
13117
13120
13116
13117
13124
13125
13137
13137
13146
13132
13128
13130
13132
13130
13124
13122
13131
13128
13132
13134
13138
13138
13141
13139
13142
13138
13138
13136
13130
13134
13132
13126
13129
13133
13133
13133
13130
13130
13150
13139
13132
13133
13131
13129
13133
13125
13132
13132
13134
13133
13139
13137
13139
13134
13126
13123
13132
13125
13120
13130
13122
13117
13115
13122
13127
13130
13125
13127
13125
13131
13139
13128
13126
13125
13124
13129
13123
13122
13128
13126
13129
13126
13133
13132
13136
13137
13133
13133
13133
13135
13139
13148
13145
13142
13149
13148
13149
13140
13137
13130
13132
13128
13119
13115
13116
13120
13110
13111
13107
13121
13118
13119
13126
13125
13128
13137
13132
13121
13124
13116
13122
13126
13121
13120
13122
13134
13136
13137
13131
13132
13130
13129
13124
13121
13126
13120
13128
13122
13130
13130
13136
13140
13141
13137
13131
13137
13136
13136
13127
13124
13129
13137
13142
13144
13145
13138
13132
13133
13137
13126
13121
13124
13084
12572
11576
10791
10346
10086
9999
9964
9911
9914
10005
10069
10096
10149
10262
10370
10518
10620
10753
10863
10993
11103
11236
11347
11461
11554
11662
11753
11849
11922
12010
12068
12140
12195
12254
12300
12359
12396
12451
12494
12530
12563
12613
12650
12680
12710
12734
12752
12780
12800
12817
12830
12853
12876
12901
12909
12918
12928
12938
12952
12961
12965
12891
12799
12751
12723
12713
12716
12735
12742
12756
12767
12786
12810
12821
12835
12857
12872
12890
12911
12922
12936
12946
12953
12967
12977
12990
13000
13007
13019
13021
13023
13029
13032
13050
13047
13053
13059
13064
13072
13069
13066
13071
13074
13084
13090
13081
13092
13095
13092
13092
13090
13087
13100
13099
13091
13099
13098
13106
13114
13115
13116
13126
13129
13135
13128
13134
13123
13126
13134
13124
13122
13118
13116
13112
13111
13117
13119
13124
13119
13124
13129
13129
13122
13119
13122
13113
13121
13126
13127
13122
13125
13125
13127
13123
13122
13129
13122
13123
13126
13121
13119
13127
13125
13125
13129
13131
13126
13133
13140
13137
13143
13144
13144
13148
13137
13127
13125
13125
13131
13131
13130
13132
13133
13133
13135
13132
13131
13126
13124
13124
13126
13128
13132
13126
13112
13121
13115
13119
13122
13123
13122
13132
13135
13132
13132
13132
13122
13126
13128
13134
13131
13130
13124
13134
13123
13125
13119
13128
13135
13134
13138
13144
13139
13145
13144
13140
13139
13144
13142
13143
13146
13145
13154
13146
13144
13149
13142
13140
13147
13136
13142
13139
13142
13147
13141
13134
13130
13133
13147
13142
13137
13133
13124
13126
13113
13116
13123
13126
13129
13131
13133
13136
13138
13142
13146
13148
13141
13142
13146
13148
13145
13138
13147
13137
13140
13150
13142
13140
13137
13140
13138
13139
13143
13145
13140
13142
13138
13133
13137
13137
13136
13133
13138
13152
13143
13141
13137
13130
13137
13129
13127
13133
13133
13135
13139
13133
13135
13131
13135
13126
13135
13139
13146
13141
13138
13141
13127
13125
13127
13128
13128
13125
13123
13119
13118
13120
13114
13123
13122
13133
13126
13122
13121
13131
13120
13126
13121
13119
13121
13122
13119
13124
13124
13126
13129
13131
13127
13127
13131
13140
13135
13133
13135
13129
13135
13135
13130
13125
13122
13119
13130
13133
13126
13135
13139
13134
13128
13131
13134
13138
13141
13140
13130
13136
13128
13126
13131
13133
13140
13139
13140
13138
13141
13147
13148
13145
13145
13144
13143
13150
13148
13134
13139
13127
13131
13137
13126
13125
13133
13130
13131
13136
13130
13129
13123
13122
13122
13119
13126
13129
13136
13137
13139
13136
13132
13132
13133
13123
13120
13122
13118
13122
13121
13118
13122
13114
13125
13129
13130
13141
13138
13138
13143
13140
13137
13134
13133
13131
13134
13125
13121
13123
13126
13125
13127
13127
13116
13124
13131
13133
13137
13131
13133
13142
13137
13134
13132
13134
13136
13136
13134
13124
13125
13129
13126
13120
13119
13117
13116
13126
13138
13136
13141
13132
13134
13143
13139
13141
13141
13141
13139
13139
13132
13131
13129
13129
13128
13130
13133
13138
13135
13137
13141
13143
13135
13140
13137
13137
13135
13134
13135
13133
13134
13131
13137
13133
13137
13134
13138
13132
13131
13126
13137
13136
13138
13148
13143
13138
13138
13142
13139
13135
13133
13122
13124
13128
13130
