13141
13139
13154
13143
13134
13134
13130
13126
13130
13126
13128
13125
13124
13119
13124
13124
13123
13127
13123
13127
13133
13134
13127
13132
13126
13122
13117
13122
13126
13131
13134
13137
13134
13138
13134
13130
13132
13127
13123
13126
13129
13134
13133
13130
13136
13139
13136
13138
13135
13133
13131
13133
13130
13132
13134
13138
13134
13136
13138
13136
13140
13130
13123
13132
13131
13128
13122
13127
13128
13123
13124
13128
13125
13126
13123
13126
13128
13137
13133
13139
13137
13134
13137
13131
13132
13136
13123
13129
13129
13134
13131
13134
13133
13128
13128
13133
13128
13133
13131
13133
13134
13134
13129
13132
13126
13128
13128
13131
13129
13130
13134
13137
13129
13130
13127
13133
13140
13141
13138
13138
13132
13139
13149
13141
13138
13142
13140
13148
13145
13146
13143
13140
13142
13147
13149
13151
13146
13140
13143
13135
13142
13129
13134
13133
13129
13129
13126
13121
13133
13133
13131
13134
13130
13133
13133
13132
13130
13135
13139
13141
13136
13133
13143
13142
13143
13151
13149
13145
13143
13143
13137
13139
13141
13138
13143
13146
13148
13148
13143
13137
13141
13138
13134
13143
13143
13148
13148
13145
13137
13137
13135
13138
13135
13137
13131
13128
13127
13123
13122
13130
13121
13117
13122
13122
13121
13131
13130
13132
13130
13134
13133
13138
13138
13137
13134
13137
13144
13143
13142
13142
13151
13144
13133
13146
13139
13138
13134
13132
13130
13130
13125
13136
13129
13137
13134
13133
13137
13138
13136
13147
13148
13141
13148
13146
13143
13148
13133
13137
13139
13137
13132
13131
13126
13123
13131
13134
13136
13140
13142
13145
13151
13147
13145
13143
13144
13139
13132
13132
13130
13127
13119
13128
13122
13127
13134
13121
13120
13128
13135
13138
13139
13124
13133
13131
13134
13136
13137
13134
13142
13141
13146
13143
13149
13147
13150
13154
13151
13150
13149
13148
13153
13139
13132
13134
13135
13140
13139
13141
13135
13130
13124
13131
13124
13130
13134
13132
13130
13127
13125
13126
13127
13127
13136
13139
13135
13133
13131
13133
13134
13134
13134
13138
13136
13137
13141
13147
13146
13152
13149
13145
13147
13142
13142
13149
13136
13138
13141
13134
13135
13136
13135
13140
13136
13138
13133
13128
13134
13135
13138
13133
13128
13126
13129
13124
13122
13119
13121
13127
13126
13125
13126
13125
13133
13136
13135
13136
13134
13132
13132
13135
13137
13130
13126
13127
13123
13120
13118
13121
13122
13128
13126
13133
13133
13145
13154
13150
13150
13145
13147
13155
13141
13137
13143
13136
13135
13134
13124
13125
13130
13132
13132
13137
13140
13138
13145
13143
13133
13129
13127
13123
13138
13137
13134
13138
13128
13132
13129
13125
13128
13132
13132
13132
13130
13137
13139
13138
13138
13137
13133
13136
13133
13134
13145
13139
13138
13137
13134
13135
13132
13129
13132
13125
13124
13116
13119
13118
13116
13117
13115
13115
13119
13122
13124
13128
13125
13126
13133
13135
13134
13136
13145
13139
13138
13141
13144
13142
13158
13158
13145
13141
13127
13129
13134
13135
13131
13144
13146
13151
13152
13147
13150
13150
13153
13154
13149
13157
13155
13157
13158
13144
13145
13140
13142
13140
13040
12547
11646
10833
10378
10102
10000
9978
10032
10114
10220
10301
10429
10548
10693
10821
10963
11086
11222
11322
11338
11357
11409
11463
11543
11617
11703
11774
11859
11925
12004
12072
12137
12086
12080
12084
12117
12144
12189
12230
12286
12326
12372
12405
12447
12488
12526
12562
12589
12634
12665
12692
12726
12748
12772
12792
12816
12831
12854
12866
12879
12898
12910
12923
12946
12953
12972
12982
12989
12993
13000
13012
13019
13022
13033
13039
13052
13051
13058
13065
13075
13081
13082
13085
13086
13091
13087
13100
13097
13106
13107
13102
13107
13108
13105
13109
13110
13106
13111
13113
13106
13119
13122
13121
13126
13126
13121
13123
13122
13128
13124
13128
13127
13129
13138
13136
13141
13138
13136
13138
13140
13133
13136
13138
13137
13133
13144
13138
13137
13139
13142
13138
13144
13137
13126
13132
13131
13122
13133
13127
13122
13132
13127
13132
13134
13129
13130
13131
13133
13131
13129
13134
13128
13136
13141
13142
13148
13136
13131
13132
13128
13129
13125
13120
13126
13131
13127
13138
13140
13146
13147
13138
13142
13137
13132
13136
13130
13127
13131
13141
13136
13140
13140
13142
13145
13145
13138
13139
13142
13137
13140
13144
13142
13141
13141
13146
13151
13150
13148
13150
13149
13146
13142
13137
13135
13138
13138
13140
13138
13137
13137
13136
13146
13138
13135
13138
13134
13130
13138
13139
13147
13145
13143
13151
13157
13151
13146
13143
13142
13141
13142
13135
13136
13135
13134
13131
13134
13127
13126
13131
13127
13130
13126
13132
13133
13131
13134
13132
13134
13143
13145
13141
13140
13135
13137
13141
13130
13121
13128
13124
13125
13140
13136
13132
13137
13133
13138
13132
13136
13129
13132
13137
13135
13132
13131
13131
13128
13129
13134
13134
13131
13132
13130
13131
13125
13130
13134
13138
13130
13137
13134
13135
13134
13132
13138
13142
13134
13135
13136
13132
13134
13130
13125
13125
13129
13126
13125
13123
13131
13128
13133
13133
13130
13131
13126
13124
13135
13123
13124
13129
13127
13131
13131
13135
13128
13122
13127
13128
13119
13122
13130
13126
13126
13117
13118
13133
13129
13127
13137
13130
13128
13140
13146
13144
13141
13144
13147
13140
13143
13140
13141
13144
13150
13148
13147
13144
13152
13139
13142
13138
13139
13140
13132
13132
13134
13140
13139
13137
13130
13129
13130
13129
13123
13126
13124
13127
13118
13118
13128
13126
13132
13134
13131
13132
13135
13135
13135
13129
13128
13132
13134
13138
13129
13133
13138
13140
13151
13140
13126
13134
13130
13119
13126
13124
13123
13124
13123
13123
13124
13123
13131
13130
13129
13135
13134
13141
13141
13145
13150
13152
13148
13148
13141
13141
13145
13146
13144
13141
13142
13137
13133
13130
13132
13135
13132
13138
13140
13138
13140
13142
13143
13140
13140
13140
13145
13143
13139
13141
13136
13128
13133
13132
13133
13146
13145
13145
13141
13131
13138
13133
13131
13132
13127
13127
13127
13131
13127
13127
13122
13124
13118
13124
13117
13120
13121
13116
13120
13124
13120
13132
13133
13134
13128
13128
13128
13128
13128
13133
13130
13135
13133
13128
13124
13123
13128
13126
13124
13125
13128
13119
13134
13137
13137
13142
13147
13138
13137
13136
13137
13133
13131
13140
13141
13142
13144
13131
13142
13129
13127
13130
13126
13122
13122
13119
13122
13131
