13132
13136
13134
13133
13129
13130
13129
13137
13140
13128
13133
13128
13123
13130
13126
13131
13128
13126
13126
13123
13130
13120
13126
13133
13126
13130
13130
13123
13128
13115
13116
13116
13113
13119
13124
13124
13129
13123
13129
13132
13121
13124
13125
13127
13135
13137
13141
13145
13148
13140
13143
13142
13143
13146
13130
13137
13132
13128
13127
13131
13125
13124
13126
13129
13122
13127
13130
13128
13136
13128
13129
13130
13127
13133
13128
13124
13126
13127
13131
13138
13130
13132
13139
13139
13135
13135
13133
13137
13127
13121
13126
13124
13126
13134
13136
13139
13144
13140
13140
13129
13133
13127
13131
13135
13135
13136
13132
13131
13137
13133
13124
13126
13129
13131
13131
13134
13134
13130
13131
13135
13129
13135
13137
13133
13129
13126
13116
13120
13128
13127
13132
13128
13120
13131
13124
13130
13130
13133
13130
13129
13133
13137
13142
13141
13147
13140
13134
13135
13143
13137
13138
13140
13134
13136
13131
13122
13128
13129
13134
13146
13140
13133
13136
13133
13138
13138
13137
13143
13142
13141
13143
13143
13145
13140
13143
13152
13151
13142
13131
13130
13134
13129
13134
13138
13133
13135
13132
13134
13141
13129
13126
13126
13124
13128
13120
13126
13128
13130
13126
13135
13125
13137
13142
13140
13140
13137
13134
13140
13136
13131
13135
13130
13128
13129
13132
13127
13138
13135
13133
13136
13137
13125
13125
13118
13123
13122
13126
13117
13123
13125
13132
13138
13145
13143
13141
13138
13135
13134
13136
13136
13133
13132
13135
13133
13135
13133
13134
13138
13137
13127
13126
13121
13121
13118
13114
13124
13122
13129
13145
13147
13145
13140
13141
13145
13138
13133
13140
13123
13127
13118
13119
13116
13117
13116
13124
13121
13123
13119
13119
13125
13118
13122
13121
13123
13131
13132
13132
13137
13140
13135
13137
13126
13125
13133
13137
13132
13134
13136
13137
13138
13134
13138
13137
13141
13133
13129
13132
13126
13133
13129
13126
13132
13137
13145
13143
13140
13147
13138
13137
13134
13129
13134
13137
13140
13142
13142
13141
13134
13137
13142
13137
13132
13129
13137
13139
13148
13160
13155
13151
13149
13146
13136
13134
13135
13127
13135
13142
13146
13141
13135
13126
13125
13124
13124
13125
13124
13129
13129
13122
13135
13129
13137
13142
13138
13139
13138
13134
13137
13135
13130
13134
13126
13126
13128
13126
13134
13133
13138
13133
13135
13137
13135
13131
13138
13134
13136
13134
13138
13136
13139
13148
13154
13151
13144
13134
13129
13135
13136
13135
13130
13125
13133
13134
13129
13132
13136
13135
13142
13139
13136
13135
13132
13132
13136
13135
13137
13137
13133
13136
13133
13133
13131
13127
13128
13127
13129
13127
13127
13135
13137
13130
13129
13126
13129
13127
13128
13136
13131
13127
13128
13118
13123
13125
13129
13129
13124
13129
13135
13125
13124
13135
13133
13127
13137
13130
13127
13129
13130
13133
13136
13131
13134
13130
13138
13133
13130
13130
13125
13132
13126
13130
13125
13123
13128
13125
13126
13126
13126
13130
13130
13122
13125
13132
13138
13141
13139
13138
13144
13142
13138
13142
13132
13121
13123
13122
13124
13127
13133
13138
13138
13133
13130
13034
12275
11124
10254
9762
9484
9386
9371
9462
9555
9670
9789
9960
10091
10209
10319
10458
10592
10741
10869
11009
11130
11270
11378
11500
11602
11701
11789
11882
11953
12028
12090
12157
12212
12264
12320
12376
12421
12470
12511
12550
12586
12622
12647
12675
12702
12742
12763
12787
12804
12823
12855
12869
12886
12905
12926
12944
12955
12959
12961
12961
12970
12981
12987
12991
13006
13006
13020
13038
13039
13038
13056
13055
13069
13076
13078
13074
13077
13084
13091
13089
13094
13089
13097
13091
13094
13101
13094
13095
13100
13106
13106
13109
13106
13110
13117
13110
13122
13116
13116
13111
13110
13110
13121
13119
13121
13117
13115
13119
13118
13114
13122
13113
13123
13123
13117
13120
13125
13124
13129
13129
13136
13138
13138
13137
13139
13139
13138
13133
13142
13134
13138
13144
13141
13141
13138
13130
13131
13132
13124
13120
13117
13124
13120
13119
13126
13125
13117
13125
13119
13119
13130
13132
13133
13134
13140
13136
13133
13126
13130
13126
13131
13131
13132
13133
13126
13127
13124
13122
13124
13126
13124
13133
13135
13139
13138
13134
13137
13132
13141
13147
13138
13150
13142
13140
13147
13136
13136
13138
13137
13138
13137
13133
13130
13129
13127
13121
13130
13130
13128
13129
13130
13131
13133
13128
13124
13133
13129
13136
13139
13132
13138
13130
13129
13138
13140
13132
13136
13135
13146
13144
13144
13151
13153
13149
13141
13137
13132
13139
13135
13134
13144
13136
13137
13139
13144
13143
13143
13141
13137
13142
13145
13148
13145
13141
13136
13136
13131
13127
13122
13120
13124
13133
13138
13131
13131
13140
13142
13136
13139
13138
13143
13146
13142
13137
13141
13138
13136
13136
13140
13139
13143
13137
13139
13136
13138
13132
13130
13128
13120
13118
13127
13126
13129
13128
13130
13128
13130
13128
13124
13121
13129
13124
13129
13127
13130
13128
13132
13121
13121
13125
13122
13126
13129
13134
13135
13126
13130
13145
13143
13152
13155
13142
13153
13151
13152
13148
13139
13143
13134
13130
13137
13132
13134
13134
13129
13129
13127
13125
13129
13128
13131
13121
13125
13134
13127
13122
13126
13121
13127
13126
13129
13136
13133
13130
13128
13126
13117
13130
13124
13127
13138
13131
13132
13142
13147
13142
13138
13135
13135
13136
13135
13133
13137
13137
13139
13138
13133
13140
13140
13139
13137
13130
13131
13139
13138
13141
13147
13134
13139
13140
13141
13140
13139
13136
13144
13137
13129
13137
13129
13133
13133
13125
13122
13122
13112
13111
13115
13117
13122
13133
13132
13132
13133
13137
13127
13136
13129
13130
13134
13134
13124
13128
13131
13136
13132
13138
13142
13135
13145
13146
13147
13150
13150
13141
13141
13137
13139
13136
13132
13131
13130
13128
13131
13128
13137
13128
13127
13132
13136
13137
13134
13133
13133
13131
13128
13134
13125
13132
13137
13142
13142
13141
13138
13136
13137
13131
13136
13129
13129
13132
13133
13136
13134
13133
13134
13129
13124
13135
13127
13123
13126
13118
13123
13130
13127
13125
13127
13132
13126
13129
13130
13124
13128
13135
13135
13137
13135
13137
13137
13138
13136
13135
13139
13135
13135
13131
13134
13131
13136
13140
13134
13141
13133
13130
13134
13130
13132
13136
13136
13127
13132
13124
13129
13133
13134
13139
13140
13141
13141
13144
13151
13154
13150
13147
13139
13147
13142
