13132
13128
13134
13135
13137
13140
13135
13138
13139
13146
13145
13145
13145
13141
13142
13137
13132
13124
13123
13104
13113
13110
13113
13116
13120
13118
13120
13121
13130
13127
13133
13137
13133
13137
13140
13133
13135
13137
13144
13148
13143
13137
13146
13151
13143
13147
13136
13138
13134
13134
13134
13129
13136
13125
13121
13130
13132
13140
13138
13132
13142
13136
13132
13137
13136
13136
13134
13130
13125
13127
13127
13131
13127
13136
13141
13133
13134
13137
13128
13140
13131
13122
13129
13127
13128
13127
13127
13126
13133
13132
13125
13132
13134
13131
13138
13136
13137
13140
13143
13139
13145
13139
13130
13134
13138
13137
13128
13127
13131
13129
13126
13130
13130
13134
13139
13134
13143
13141
13137
13140
13131
13126
13131
13133
13130
13140
13130
13130
13128
13124
13132
13121
13122
13119
13122
13126
13133
13131
13128
13129
13135
13126
13130
13130
13128
13124
13126
13127
13127
13131
13136
13137
13129
13137
13142
13140
13140
13135
13133
13134
13137
13135
13147
13136
13136
13128
13123
13129
13128
13132
13133
13133
13129
13134
13138
13139
13137
13136
13134
13132
13133
13128
13128
13128
13128
13123
13131
13135
13140
13136
13131
13133
13129
13138
13137
13137
13133
13131
13130
13137
13131
13136
13149
13145
13148
13153
13153
13148
13144
13140
13141
13140
13141
13140
13149
13151
13149
13149
13150
13151
13151
13139
13136
13139
13138
13137
13134
13136
13142
13141
13141
13137
13126
13132
13128
13132
13133
13131
13133
13140
13136
13137
13140
13135
13132
13149
13139
13139
13139
13137
13139
13143
13147
13142
13138
13143
13144
13138
13133
13133
13136
13135
13131
13135
13140
13144
13140
13140
13134
13130
13130
13130
13125
13136
13133
13126
13129
13130
13126
13130
13123
13122
13130
13119
13124
13135
13135
13143
13142
13143
13147
13146
13151
13145
13142
13142
13137
13139
13137
13134
13137
13138
13135
13137
13131
13133
13129
13132
13131
13131
13128
13125
13120
13129
13129
13130
13126
13136
13135
13132
13135
13125
13137
13131
13129
13133
13126
13127
13135
13139
13141
13139
13136
13131
13142
13139
13137
13134
13131
13126
13135
13129
13128
13127
13126
13121
13123
13121
13127
13131
13136
13140
13131
13137
13139
13134
13130
13127
13135
13137
13127
13122
13127
13128
13121
13128
13124
13133
13138
13128
13130
13129
13136
13133
13135
13139
13139
13139
13138
13135
13138
13130
13132
13130
13137
13137
13138
13134
13138
13139
13134
13133
13123
13125
13128
13124
13126
13125
13124
13128
13129
13132
13135
13131
13129
13133
13128
13129
13130
13126
13126
13135
13128
13127
13135
13135
13142
13138
13146
13146
13152
13144
13142
13138
13134
13133
13129
13131
13128
13124
13132
13126
13128
13134
13139
13138
13137
13140
13133
13136
13132
13129
13142
13136
13141
13142
13135
13141
13143
13141
13142
13136
13134
13126
13129
13135
13121
13121
13124
13130
13128
13128
13126
13126
13124
13132
13131
13138
13138
13135
13141
13144
13145
13141
13142
13143
13146
13141
13145
13140
13127
13117
13124
13118
13113
13116
13115
13112
13118
13123
13130
13126
13129
13125
13128
13128
13122
13134
13134
13136
13140
13135
13144
13145
13146
13162
13155
13142
12796
12272
11850
11392
11120
10975
10932
10930
10993
11058
11155
11251
11357
11442
11540
11629
11721
11813
11903
11974
12061
12130
12196
12254
12308
12354
12400
12436
12486
12524
12565
12586
12625
12648
12683
12716
12751
12777
12795
12819
12838
12861
12880
12897
12915
12926
12937
12950
12965
12976
12987
12995
13000
13007
13024
13031
13034
13040
13041
13042
13047
13051
13049
13058
13062
13062
13068
13071
13073
13083
13084
13087
13091
13083
13086
13098
13107
13107
13111
13115
13114
13119
13122
13125
13119
13117
13122
13122
13128
13128
13120
13132
13132
13128
13143
13138
13131
13135
13125
13131
13134
13132
13132
13133
13132
13129
13132
13134
13123
13132
13133
13137
13131
13126
13121
13126
13127
13132
13123
13130
13131
13130
13128
13133
13125
13133
13137
13137
13142
13142
13137
13145
13137
13133
13138
13128
13003
12924
12867
12830
12819
12811
12818
12832
12844
12850
12863
12877
12895
12909
12926
12932
12948
12950
12970
12982
12994
12999
13010
13017
13022
13026
13029
13039
13043
13041
13053
13062
13070
13073
13076
13089
13089
13089
13093
13086
13096
13108
13110
13114
13116
13114
13113
13109
13109
13115
13112
13113
13110
13106
13112
13108
13105
13109
13109
13118
13116
13122
13122
13116
13117
13124
13135
13139
13132
13133
13134
13136
13128
13128
13118
13121
13117
13126
13124
13123
13134
13144
13133
13133
13130
13128
13128
13129
13120
13122
13121
13129
13126
13120
13121
13116
13118
13114
13117
13122
13125
13133
13129
13130
13131
13130
13133
13135
13131
13140
13141
13141
13149
13148
13136
13142
13141
13137
13149
13143
13135
13137
13140
13138
13139
13143
13143
13136
13127
13133
13128
13134
13129
13132
13130
13130
13146
13143
13139
13138
13133
13140
13132
13128
13124
13122
13121
13121
13111
13117
13120
13126
13133
13129
13129
13133
13134
13136
13153
13141
13139
13142
13134
13124
13130
13132
13135
13140
13139
13138
13141
13143
13133
13137
13133
13136
13134
13128
13124
13123
13118
13127
13123
13129
13130
13137
13140
13139
13142
13141
13144
13148
13143
13138
13135
13138
13087
12962
12895
12852
12830
12819
12818
12827
12847
12854
12867
12881
12891
12907
12912
12920
12931
12941
12953
12959
12973
12975
12984
12996
13008
13025
13028
13037
13044
13052
13054
13057
13050
13059
13066
13074
13078
13085
13087
13090
13086
13078
13082
13076
13084
13100
13100
13104
13105
13106
13112
13118
13116
13114
13107
13117
13116
13118
13113
13115
13121
13112
13111
13115
13114
13117
13121
13121
13116
13123
13122
13132
13133
13134
13141
13138
13146
13137
13135
13138
13132
13122
13131
13131
13131
13138
13128
13130
13127
13126
13126
13132
13126
13123
13131
13129
13135
13126
13124
13120
13131
13125
13127
13137
13145
13141
13143
13135
13135
13135
13139
13140
13136
13133
13134
13129
13126
13122
13121
13121
13118
13110
13115
13109
13115
13123
13123
13123
13133
13134
13135
13132
13125
13124
13121
13135
13136
13134
13137
13138
13142
13129
13120
13118
13121
13130
13129
13126
13125
13130
13123
13122
13118
13125
13128
13127
13130
13133
13133
13137
13128
13123
13128
13128
13139
13134
13131
13135
13134
13134
13133
13134
13127
13133
13137
13138
13135
13134
13136
13136
13139
13126
13125
13132
13126
13128
13122
13112
13117
13123
