13145
13141
13154
13149
13141
13140
13129
13137
13136
13134
13138
13139
13136
13136
13127
13126
13124
13125
13119
13118
13125
13117
13115
13121
13119
13125
13123
13124
13126
13122
13122
13125
13125
13123
13125
13117
13118
13123
13121
13124
13122
13117
13127
13121
13129
13126
13120
13133
13137
13141
13055
12959
12893
12851
12834
12830
12830
12832
12843
12850
12860
12874
12876
12901
12911
12924
12942
12951
12957
12966
12979
12997
12994
13007
13013
13028
13033
13043
13050
13054
13059
13063
13077
13083
13083
13087
13093
13099
13104
13096
13102
13098
13101
13100
13110
13110
13106
13110
13108
13108
13114
13111
13117
13118
13120
13121
13119
13116
13118
13119
13121
13126
13129
13136
13140
13141
13139
13138
13130
13129
13123
13115
13121
13116
13117
13124
13134
13132
13133
13130
13132
13135
13135
13137
13130
13130
13132
13126
13133
13128
13136
13124
13130
13133
13126
13126
13123
13125
13130
13126
13129
13123
13118
13121
13121
13118
13123
13120
13127
13138
13142
13138
13139
13136
13131
13128
13118
13119
13123
13119
13122
13131
13131
13127
13124
13120
13125
13128
13126
13124
13127
13123
13123
13121
13121
13123
13126
13122
13126
13123
13118
13125
13118
13121
13122
13123
13125
13130
13131
13137
13136
13137
13149
13141
13138
13140
13133
13138
13142
13140
13137
13127
13116
13115
13111
13118
13117
13116
13117
13119
13127
13122
13122
13128
13126
13135
13130
13137
13138
13137
13133
13134
13131
13135
13138
13132
13136
13132
13131
13140
13132
13132
13137
13134
13131
13135
13130
13133
13142
13137
13142
13135
13134
13132
13128
13126
13122
13129
13129
13133
13142
13138
13139
13138
13140
13133
13128
13133
13139
13132
13127
13127
13127
13131
13132
13127
13126
13127
13127
13132
13128
13127
13131
13131
13128
13130
13126
13128
13139
13140
13140
13146
13144
13143
13144
13147
13139
13135
13137
13133
13132
13132
13134
13136
13136
13139
13141
13138
13134
13134
13138
13145
13141
13134
13131
13124
13125
13132
13134
13139
13129
13122
13127
13126
13129
13128
13129
13132
13129
13135
13126
13132
13127
13122
13132
13131
13132
13135
13141
13136
13139
13142
13140
13137
13142
13141
13135
13138
13136
13139
13132
13129
13128
13124
13120
13128
13134
13137
13129
13141
13135
13137
13145
13142
13134
13139
13131
13135
13137
13137
13137
13142
13144
13137
13144
13142
13143
13148
13155
13151
13153
13143
13145
13140
13140
13128
13123
13125
13123
13116
13116
13118
13113
13115
13122
13123
13123
13132
13140
13133
13126
13122
13128
13125
13129
13137
13136
13137
13139
13134
13140
13139
13141
13139
13137
13137
13134
13138
13138
13135
13142
13140
13141
13137
13135
13138
13145
13144
13146
13138
13146
13139
13128
13136
13136
13134
13135
13135
13145
13150
13145
13146
13143
13138
13135
13135
13126
13124
13132
13130
13132
13133
13136
13135
13142
13141
13138
13132
13131
13118
13126
13124
13124
13127
13132
13135
13139
13143
13144
13138
13136
13142
13135
13132
13124
13123
13129
13135
13133
13135
13140
13133
13135
13136
13126
13132
13127
13130
13129
13125
13130
13129
13135
13125
13116
13119
13120
13127
13132
13136
13147
13121
12571
11697
11158
10823
10583
10389
10342
10350
10396
10440
10545
10640
10771
10882
11014
11124
11245
11352
11467
11559
11669
11755
11843
11927
12011
12083
12163
12214
12271
12318
12376
12411
12461
12505
12546
12573
12521
12461
12439
12431
12452
12474
12500
12536
12563
12591
12630
12651
12682
12706
12736
12751
12736
12684
12661
12650
12660
12677
12695
12703
12732
12754
12775
12791
12808
12824
12840
12858
12874
12889
12903
12918
12940
12958
12965
12977
12983
12994
13012
13017
13017
13032
13042
13043
13055
13053
13066
13064
13075
13083
13078
13083
13081
13086
13090
13090
13092
13099
13098
13099
13109
13109
13106
13111
13103
13102
13091
13100
13097
13101
13107
13108
13109
13122
13114
13116
13109
13118
13133
13128
13127
13126
13124
13128
13128
13129
13128
13125
13130
13124
13122
13127
13130
13124
13126
13121
13122
13124
13121
13121
13127
13131
13132
13133
13135
13134
13135
13140
13138
13135
13134
13132
13134
13131
13129
13130
13134
13135
13137
13133
13130
13133
13128
13128
13119
13115
13113
13114
13110
13112
13108
13114
13116
13121
13129
13138
13134
13149
13141
13136
13142
13135
13126
13138
13131
13132
13134
13126
13127
13127
13134
13133
13137
13129
13120
13121
13128
13126
13126
13119
13119
13126
13136
13136
13144
13134
13134
13132
13130
13131
13134
13135
13141
13146
13141
13141
13137
13146
13140
13139
13137
13123
13117
13121
13113
13117
13124
13127
13130
13135
13141
13140
13136
13144
13142
13138
13142
13142
13147
13146
13146
13149
13146
13142
13139
13131
13138
13140
13138
13142
13137
13138
13148
13150
13141
13141
13143
13147
13142
13132
13137
13132
13143
13141
13141
13138
13144
13143
13142
13142
13146
13139
13136
13142
13141
13144
13146
13148
13150
13146
13142
13144
13144
13138
13139
13140
13141
13134
13128
13131
13120
13129
13134
13139
13138
13140
13142
13147
13146
13140
13141
13140
13141
13139
13134
13128
13126
13132
13131
13131
13131
13134
13144
13144
13146
13151
13143
13140
13140
13130
13121
13130
13132
13131
13135
13140
13139
13139
13137
13132
13115
13123
13126
13123
13125
13125
13134
13139
13135
13124
13134
13129
13131
13140
13135
13137
13139
13142
13143
13146
13149
13138
13140
13144
13138
13131
13132
13137
13141
13125
13127
13128
13122
13121
13119
13122
13136
13146
13156
13157
13151
13157
13152
13151
13148
13147
13135
13132
13120
13116
13130
13127
13126
13133
13126
13136
13144
13144
13146
13148
13141
13142
13143
13138
13126
13125
13123
13121
13118
13119
13114
13124
13117
13114
13118
13127
13129
13133
13134
13132
13126
13129
13142
13138
13132
13128
13129
13134
13129
13126
13129
13132
13135
13135
13131
13138
13141
13137
13136
13140
13136
13137
13139
13134
13135
13139
13144
13146
13141
13130
13129
13124
13133
13137
13131
13130
13131
13127
13127
13131
13128
13137
13142
13135
13138
13142
13138
13135
13129
13131
13136
13129
13122
13129
13125
13123
13126
13134
13135
13138
13132
13131
13122
13127
13126
13121
13122
13124
13129
13116
13124
13124
13127
13131
13128
13130
13135
13139
13138
13133
13129
13136
13129
13123
13128
13130
13132
13138
13134
13129
13138
13131
13134
13140
13134
13133
13136
13140
13143
13143
13138
13129
13140
13147
13146
13146
13136
13140
13145
13140
13136
13137
13133
13137
13137
13145
13141
13149
