13117
13128
13130
13128
13132
13130
13136
13133
13141
13148
13144
13142
13139
13130
13126
13124
13122
13114
13123
13120
13121
13121
13120
13119
13129
13133
13136
13134
13134
13130
13130
13134
13129
13136
13144
13144
13153
13144
13138
13140
13132
13128
13131
13128
13120
13121
13119
13122
13119
13114
13118
13115
13125
13122
13126
13125
13133
13134
13144
13135
13139
13140
13138
13137
13134
13135
13142
13139
13140
13137
13137
13128
13134
13134
13130
13133
13140
13133
13127
13130
13126
13123
13126
13126
13125
13122
13128
13133
13131
13136
13134
13132
13132
13133
13126
13130
13131
13125
13132
13132
13133
13133
13125
13128
13134
13130
13126
13131
13137
13146
13150
13152
13145
13142
13141
13140
13137
13133
13136
13141
13136
13138
13139
13139
13142
13138
13132
13126
13118
13127
13135
13137
13134
13138
13137
13136
13133
13134
13146
13141
13135
13141
13131
13131
13134
13124
13124
13118
13113
13116
13122
13122
13120
13128
13127
13130
13134
13129
13124
13126
13129
13124
13132
13127
13128
13130
13133
13134
13133
13120
13118
13119
13122
13128
13127
13134
13131
13129
13140
13133
13131
13142
13141
13143
13145
13138
13138
13134
13137
13131
13124
13125
13126
13132
13131
13132
13128
13116
13120
13124
13120
13115
13115
13120
13112
13118
13117
13115
13122
13138
13137
13136
13144
13132
13136
13136
13128
13127
13136
13127
13126
13133
13134
13132
13134
13131
13136
13133
13140
13141
13139
13145
13142
13142
13151
13144
13143
13138
13136
13143
13144
13141
13148
13148
13150
13146
13141
13142
13134
13141
13142
13140
13142
13138
13129
13138
13135
13138
13146
13147
13151
13145
13136
13132
13137
13136
13141
13133
13138
13135
13139
13138
13135
13131
13126
13125
13131
13129
13132
13129
13128
13130
13129
13120
13120
13118
13120
13122
13117
13123
13121
13123
13129
13125
13128
13129
13127
13128
13141
13136
13136
13137
13126
13128
13123
13122
13119
13115
13116
13127
13139
13136
13132
13138
13136
13137
13142
13142
13137
13147
13143
13137
13138
13138
13137
13138
13134
13138
13129
13132
13135
13131
13131
13136
13145
13147
13143
13140
13148
13145
13142
13152
13141
13140
13137
13131
13136
13129
13134
13130
13132
13136
13133
13136
13132
13135
13141
13131
13129
13132
13128
13131
13129
13131
13135
13138
13133
13133
13125
13134
13133
13128
13132
13128
13135
13145
13137
13138
13146
13145
13139
13150
13142
13142
13145
13141
13144
13139
13134
13136
13134
13139
13132
13141
13138
13135
13135
13128
13134
13139
13134
13135
13134
13136
13136
13127
13129
13134
13119
13132
13131
13129
13133
13140
13128
13139
13133
13133
13142
13138
13137
13143
13132
13137
13144
13137
13135
13132
13133
13131
13133
13134
13129
13136
13127
13128
13129
13123
13128
13132
13127
13125
13125
13130
13133
13122
13131
13134
13129
13137
13137
13130
13131
13137
13135
13138
13133
13139
13139
13135
13128
13138
13130
13133
13136
13134
13133
13139
13138
13140
13132
13130
13127
13122
13121
13123
13125
13124
13118
13127
13127
13134
13135
13136
13136
13128
13129
13131
13124
13128
13127
13127
13141
13140
13135
13136
13125
13115
13125
13126
13125
13123
13118
13121
13097
12655
12111
11533
11054
10786
10665
10609
10640
10691
10787
10879
11006
11108
11234
11341
11456
11547
11654
11739
11830
11831
11851
11836
11795
11790
11818
11850
11910
11963
12030
12085
12036
12017
12040
12049
12096
12137
12184
12236
12297
12342
12376
12422
12468
12505
12548
12572
12605
12634
12661
12693
12732
12754
12783
12806
12832
12849
12867
12873
12886
12898
12905
12922
12928
12939
12953
12969
12990
13001
13005
13016
13022
13025
13036
13041
13044
13055
13058
13067
13075
13082
13092
13098
13101
13094
13096
13098
13100
13102
13104
13100
13112
13108
13109
13110
13108
13112
13120
13119
13111
13110
13111
13113
13110
13111
13118
13117
13113
13115
13118
13118
13112
13110
13119
13115
13123
13131
13126
13128
13129
13126
13130
13129
13127
13121
13115
13116
13125
13128
13121
13122
13127
13123
13119
13121
13116
13118
13119
13118
13128
13127
13132
13133
13125
13121
13123
13123
13128
13133
13134
13143
13135
13131
13133
13132
13133
13139
13138
13141
13140
13136
13139
13130
13129
13126
13130
13134
13134
13137
13136
13136
13143
13130
13132
13133
13129
13129
13135
13130
13134
13141
13140
13144
13137
13140
13132
13128
13131
13132
13137
13136
13138
13135
13144
13136
13130
13137
13131
13135
13136
13140
13136
13140
13139
13139
13141
13143
13140
13140
13136
13138
13140
13130
13131
13136
13139
13134
13130
13135
13134
13136
13136
13132
13127
13132
13137
13130
13133
13133
13135
13138
13129
13136
13141
13134
13130
13136
13131
13138
13140
13138
13140
13136
13136
13138
13140
13137
13136
13134
13137
13135
13141
13136
13130
13140
13147
13138
13145
13141
13149
13147
13141
13134
13132
13130
13128
13132
13134
13125
13129
13135
13130
13128
13127
13129
13132
13136
13135
13134
13141
13140
13142
13136
13145
13133
13139
13140
13137
13138
13139
13132
13144
13138
13130
13131
13130
13129
13125
13123
13123
13136
13131
13127
13131
13133
13133
13138
13134
13140
13141
13139
13128
13135
13146
13140
13143
13142
13135
13131
13129
13130
13131
13129
13124
13120
13126
13130
13126
13130
13122
13125
13134
13130
13131
13132
13132
13131
13127
13122
13130
13130
13122
13113
13118
13125
13122
13124
13123
13124
13124
13139
13134
13128
13138
13131
13136
13140
13128
13130
13135
13135
13131
13129
13128
13129
13137
13137
13133
13129
13129
13132
13135
13132
13140
13141
13140
13149
13148
13148
13150
13144
13142
13138
13139
13147
13148
13138
13134
13140
13146
13148
13141
13135
13134
13131
13136
13140
13137
13133
13136
13135
13139
13134
13130
13128
13129
13134
13128
13131
13135
13130
13139
13128
13125
13123
13115
13119
13109
13114
13118
13115
13116
13131
13131
13132
13132
13129
13131
13136
13128
13138
13135
13133
13139
13135
13135
13139
13143
13147
13153
13142
13139
13136
13139
13137
13135
13134
13133
13133
13131
13129
13129
13128
13127
13128
13130
13132
13136
13136
13139
13145
13146
13153
13148
13147
13142
13137
13137
13138
13141
13141
13132
13122
13127
13121
13122
13120
13117
13129
13136
13139
13138
13138
13140
13137
13135
13137
13131
13125
13129
13129
13131
13128
13126
13128
13136
13134
13136
13135
13139
13137
13139
13136
13139
13138
13138
13140
13136
13135
13138
13147
13142
13144
13147
13139
13139
13139
13127
13138
13141
13137
13141
13136
13139
13131
