13141
13138
13135
13142
13139
13140
13135
13137
13128
13136
13135
13138
13135
13135
13135
13134
13138
13137
13137
13134
13132
13136
13134
13134
13134
13139
13133
13138
13136
13136
13140
13144
13141
13139
13139
13136
13140
13129
13123
13138
13135
13132
13130
13129
13129
13135
13134
13138
13135
13138
13140
13140
13136
13130
13135
13136
13136
13136
13141
13135
13129
13132
13134
13136
13131
13127
13134
13140
13128
13127
13127
13132
13126
13133
13136
13134
13135
13121
13122
13128
13120
13122
13119
13129
13128
13127
13131
13137
13135
13136
13139
13138
13130
13130
13129
13131
13125
13126
13134
13133
13134
13138
13134
13132
13136
13143
13144
13142
13141
13137
13134
13136
13133
13130
13125
13124
13132
13131
13130
13138
13145
13141
13142
13139
13138
13136
13136
13141
13131
13131
13130
13132
13131
13130
13131
13140
13137
13138
13145
13138
13133
13136
13128
13127
13134
13137
13136
13132
13134
13137
13137
13138
13146
13154
13149
13149
13150
13143
13141
13140
13134
13129
13132
13135
13136
13149
13155
13159
13150
13150
13159
13141
13147
13145
13148
13154
13144
13149
13158
13148
13141
13153
13141
13142
13146
13150
13149
13143
13144
13135
13130
13131
13130
13131
13129
13142
13151
13145
13151
13152
13147
13154
13144
13146
13136
13141
13140
13137
13131
13133
13135
13136
13135
13134
13136
13138
13137
13135
13141
13134
13133
13143
13132
13136
13137
13136
13133
13129
13127
13129
13125
13128
13125
13121
13118
13122
13134
13119
13124
13128
13123
13126
13129
13131
13133
13135
13143
13145
13136
13136
13140
13135
13131
13131
13126
13133
13131
13130
13139
13134
13130
13140
13147
13144
13141
13147
13146
13143
13138
13132
13131
13136
13133
13138
13134
13141
13148
13135
13129
13123
13122
13113
13125
13127
13124
13126
13126
13131
13132
13129
13132
13128
13131
13127
13126
13134
13123
13130
13133
13131
13131
13139
13134
13132
13136
13138
13134
13141
13140
13138
13137
13140
13139
13133
13138
13140
13139
13127
13125
13133
13135
13133
13130
13126
13135
13143
13143
13144
13137
13140
13139
13143
13137
13132
13132
13147
13138
13131
13135
13132
13135
13133
13129
13131
13132
13129
13133
13135
13129
13130
13127
13132
13128
13130
13129
13135
13143
13134
13134
13136
13141
13145
13145
13140
13141
13147
13145
13148
13133
13135
13126
13132
13130
13130
13131
13137
13131
13137
13148
13147
13141
13144
13136
13136
13133
13134
13140
13137
13137
13137
13141
13147
13142
13134
13136
13136
13141
13138
13125
13126
13127
13133
13127
13132
13125
13132
13134
13141
13133
13137
13135
13135
13137
13136
13129
13137
13128
13127
13136
13132
13130
13133
13134
13131
13134
13132
13127
13129
13132
13132
13130
13125
13128
13130
13135
13136
13136
13126
13119
13124
13120
13124
13125
13120
13117
13126
13123
13126
13120
13129
13122
13123
13124
13129
13132
13135
13128
13124
13134
13128
13129
13137
13130
13130
13126
13133
13137
13131
13134
13132
13127
13127
13125
13123
13117
13117
13124
13120
13118
13126
13129
13138
13139
13137
13128
13127
13126
13129
13125
13130
13135
13132
13138
13132
13125
13130
13131
13129
13131
13126
13123
13133
13133
13138
12946
12102
11402
10981
10745
10628
10617
10635
10715
10798
10912
11018
11142
11245
11361
11469
11575
11662
11759
11836
11931
12006
12088
12142
12208
12263
12324
12370
12422
12466
12506
12549
12582
12614
12658
12678
12711
12745
12767
12790
12811
12832
12846
12865
12878
12889
12901
12912
12925
12938
12950
12963
12976
12978
12992
13004
13012
13022
13031
13035
13040
13053
13050
13055
13058
13068
13072
13078
13083
13094
13101
13109
13093
13098
13102
13106
13105
13106
13106
13108
13107
13111
13112
13107
13108
13114
13110
13118
13120
13111
13118
13116
13123
13119
13119
13132
13133
13145
13151
13147
13154
13153
13149
13148
13133
13134
13137
13130
13132
13130
13129
13133
13135
13130
13143
13138
13135
13143
13144
13140
13142
13134
13132
13140
13141
13142
13138
13140
13133
13135
13133
13134
13144
13135
13134
13138
13137
13138
13134
13135
13142
13139
13139
13144
13140
13141
13139
13135
13135
13132
13130
13134
13134
13128
13136
13132
13139
13146
13134
13133
13131
13130
13134
13135
13146
13147
13151
13149
13149
13149
13152
13140
13148
13138
13136
13140
13137
13141
13136
13137
13135
13140
13141
13137
13141
13138
13143
13138
13139
13137
13145
13141
13134
13134
13136
13129
13127
13125
13128
13127
13134
13138
13137
13138
13146
13140
13147
13148
13140
13143
13140
13140
13147
13137
13137
13138
13142
13143
13141
13141
13138
13137
13140
13141
13134
13135
13140
13136
13137
13138
13141
13140
13135
13133
13138
13138
13142
13142
13139
13138
13134
13129
13121
13121
13122
13125
13121
13127
13126
13128
13132
13134
13141
13141
13146
13144
13141
13137
13134
13132
13128
13124
13127
13136
13129
13129
13127
13130
13134
13139
13143
13147
13135
13135
13137
13127
13125
13128
13125
13126
13129
13127
13133
13136
13140
13139
13137
13139
13138
13138
13133
13135
13136
13138
13140
13138
13140
13136
13141
13133
13133
13135
13131
13135
13128
13126
13130
13130
13130
13137
13134
13136
13127
13123
13137
13128
13128
13133
13131
13131
13134
13143
13145
13138
13133
13138
13136
13137
13139
13132
13130
13125
13134
13133
13131
13137
13139
13133
13131
13131
13138
13136
13137
13138
13130
13138
13134
13133
13132
13128
13128
13134
13135
13137
13149
13147
13142
13146
13137
13132
13135
13137
13135
13144
13151
13145
13141
13146
13145
13148
13146
13141
13150
13148
13145
13145
13143
13145
13150
13139
13141
13141
13148
13153
13138
13137
13137
13133
13140
13136
13134
13138
13133
13135
13142
13139
13129
13138
13134
13136
13142
13140
13143
13137
13137
13128
13124
13126
13138
13135
13129
13131
13135
13139
13138
13142
13134
13141
13134
13133
13134
13136
13126
13124
13120
13129
13128
13133
13132
13136
13142
13145
13139
13137
13139
13133
13124
13124
13118
13127
13134
13144
13151
13150
13141
13138
13135
13137
13131
13139
13138
13136
13146
13139
13133
13137
13135
13129
13133
13137
13134
13129
13131
13134
13129
13136
13137
13138
13138
13139
13142
13135
13130
13131
13137
13131
13133
13139
13134
13136
13139
13134
13129
13129
13129
13128
13129
13133
13135
13138
13137
13145
13147
13137
13133
13138
13123
13127
13126
13128
13131
13134
13137
13140
13129
13127
13127
13120
13120
13125
13122
13121
13121
13123
13135
13131
13128
13134
13131
13147
13142
13138
13145
13143
13148
13143
