13129
13137
13136
13127
13129
13118
13116
13120
13129
13127
13137
13133
13137
13133
13132
13134
13128
13137
13138
13135
13137
13136
13134
13135
13133
13122
13131
13132
13134
13142
13136
13140
13143
13146
13143
13136
13133
13131
13132
13128
13123
13126
13128
13129
13126
13132
13140
13140
13139
13135
13133
13129
13133
13132
13132
13131
13122
13122
13124
13123
13121
13125
13131
13133
13127
13122
13136
13134
13133
13137
13138
13140
13138
13136
13132
13129
13129
13128
13129
13135
13129
13131
13137
13131
13133
13128
13130
13135
13129
13137
13137
13135
13147
13143
13138
13136
13126
13130
13132
13128
13133
13134
13134
13130
13134
13128
13139
13130
13125
13131
13127
13131
13138
13136
13127
13127
13127
13120
13126
13128
13122
13127
13134
13130
13126
13126
13122
13125
13130
13131
13133
13133
13132
13132
13126
13126
13124
13128
13130
13126
13131
13131
13134
13133
13131
13137
13142
13132
13134
13138
13125
13126
13132
13129
13120
13125
13130
13132
13134
13139
13137
13138
13136
13130
13134
13129
13131
13135
13137
13139
13143
13139
13142
13143
13142
13142
13134
13137
13138
13132
13138
13139
13139
13142
13131
13135
13134
13129
13128
13129
13120
13117
13124
13126
13126
13125
13134
13132
13134
13140
13140
13137
13136
13134
13136
13123
13126
13130
13134
13134
13136
13144
13141
13138
13139
13147
13137
13126
13132
13137
13137
13138
13139
13144
13143
13142
13151
13151
13150
13151
13143
13145
13146
13146
13143
13146
13142
13137
13143
13145
13139
13139
13136
13134
13145
13142
13147
13143
13139
13145
13132
13132
13128
13128
13127
13137
13132
13133
13135
13138
13143
13141
13148
13150
13142
13136
13138
13134
13132
13138
13134
13128
13132
13138
13145
13137
13144
13142
13146
13153
13146
13140
13135
13133
13132
13128
13118
13120
13125
13129
13129
13128
13125
13121
13131
13136
13133
13138
13140
13138
13151
13148
13143
13148
13148
13139
13143
13143
13140
13138
13129
13130
13133
13132
13133
13137
13136
13136
13140
13138
13132
13129
13127
13126
13130
13122
13122
13131
13129
13139
13142
13142
13143
13144
13147
13147
13144
13149
13154
13152
13151
13148
13140
13141
13134
13125
13130
13122
13117
13114
13104
13114
13118
13104
13023
12926
12859
12823
12809
12810
12815
12820
12831
12846
12865
12874
12887
12911
12928
12940
12947
12950
12966
12977
12986
12998
13002
13010
13019
13023
13038
13048
13055
13057
13057
13055
13064
13073
13073
13072
13078
13087
13095
13090
13090
13090
13095
13095
13094
13096
13089
13092
13093
13093
13100
13099
13099
13106
13110
13125
13121
13117
13114
13117
13122
13117
13109
13111
13113
13113
13113
13114
13114
13122
13113
13109
13120
13112
13112
13125
13126
13131
13133
13142
13147
13142
13138
13133
13138
13138
13137
13136
13132
13130
13131
13120
13115
13118
13109
13115
13114
13115
13119
13126
13141
13140
13129
13136
13140
13135
13138
13141
13139
13145
13143
13138
13132
13121
13112
13122
13126
13120
13122
13135
13140
13147
13146
13136
13135
13135
13141
13138
13134
13132
13138
13133
13126
13124
13124
13128
13118
13120
13116
13122
13126
13132
13133
13129
13131
13130
13133
13129
13129
13132
13134
13134
13144
13141
12959
12218
11345
10813
10511
10353
10321
10333
10407
10492
10613
10664
10758
10849
10973
11078
11152
11185
11262
11326
11419
11500
11595
11674
11774
11857
11938
12010
12080
12146
12213
12269
12325
12366
12412
12465
12508
12544
12587
12610
12647
12668
12697
12722
12752
12775
12796
12820
12834
12854
12876
12905
12920
12932
12952
12961
12981
12988
12995
13002
12999
13006
13004
13010
13028
13036
13038
13055
13059
13066
13067
13074
13077
13080
13075
13084
13084
13088
13098
13100
13090
13095
13094
13102
13106
13106
13101
13103
13102
13098
13096
13104
13108
13111
13107
13109
13118
13116
13114
13122
13120
13116
13116
13114
13118
13120
13121
13124
13119
13122
13123
13122
13122
13122
13124
13131
13124
13128
13133
13134
13129
13137
13141
13139
13138
13140
13132
13140
13142
13136
13137
13125
13118
13115
13110
13114
13124
13121
13120
13115
13121
13123
13128
13127
13126
13131
13132
13137
13134
13139
13142
13138
13144
13144
13137
13141
13136
13135
13134
13133
13137
13138
13136
13136
13136
13138
13135
13133
13133
13131
13134
13140
13141
13148
13143
13141
13145
13132
13126
13130
13137
13132
13124
13119
13120
13116
13127
13134
13123
13129
13130
13121
13123
13122
13121
13127
13117
13123
13128
13112
13116
13120
13122
13128
13129
13132
13135
13144
13145
13138
13139
13139
13144
13149
13144
13141
13145
13137
13135
13137
13129
13131
13131
13133
13125
13125
13127
13131
13129
13133
13135
13137
13139
13135
13134
13146
13144
13138
13142
13134
13129
13134
13130
13124
13121
13127
13127
13125
13120
13119
13133
13137
13132
13138
13142
13139
13153
13149
13148
13142
13135
13140
13136
13131
13130
13120
13121
13127
13125
13131
13132
13131
13132
13134
13135
13137
13127
13127
13137
13132
13134
13130
13126
13131
13138
13136
13132
13130
13131
13136
13142
13144
13142
13136
13132
13128
13128
13113
13116
13121
13122
13121
13127
13132
13137
13136
13134
13145
13134
13139
13139
13134
13139
13137
13129
13138
13134
13128
13133
13122
13124
13130
13131
13132
13139
13138
13141
13140
13142
13135
13139
13139
13134
13132
13133
13134
13143
13138
13138
13136
13126
13115
13122
13125
13126
13130
13126
13131
13127
13126
13125
13118
13124
13121
13125
13121
13120
13113
13130
13129
13131
13132
13127
13133
13140
13143
13150
13140
13142
13138
13138
13138
13137
13136
13130
13133
13142
13126
13129
13127
13134
13135
13132
13126
13125
13124
13124
13138
13130
13126
13130
13129
13139
13137
13142
13137
13138
13134
13137
13131
13126
13128
13135
13133
13131
13131
13128
13137
13137
13131
13130
13128
13131
13133
13130
13126
13124
13121
13122
13121
13121
13119
13115
13115
13115
13113
13118
13127
13125
13122
13127
13129
13132
13128
13121
13122
13117
13121
13131
13122
13111
13122
13127
13125
13126
13126
13134
13131
13134
13118
13126
13123
13118
13119
13118
13112
13119
13118
13119
13132
13135
13138
13139
13141
13145
13142
13139
13145
13138
13137
13136
13121
13124
13129
13130
13137
13130
13124
13132
13129
13133
13134
13138
13137
13141
13135
13132
13130
13124
13119
13125
13129
13130
13131
13139
13127
13133
13128
13134
13136
13132
13139
13141
13137
13133
13130
13128
13134
13131
13139
13148
13146
13146
13143
13146
13153
13150
13149
13150
13142
13137
13133
