13141
13142
13139
13133
13140
13136
13131
13138
13145
13146
13147
13149
13146
13146
13143
13143
13131
13128
13130
13130
13137
13141
13139
13140
13143
13142
13149
13136
13135
13139
13132
13134
13137
13130
13131
13138
13136
13136
13134
13135
13144
13150
13142
13140
13149
13148
13151
13151
13146
13143
13131
13129
13138
13137
13136
13141
13128
13131
13130
13130
13121
13125
13131
13125
13123
13122
13132
13128
13126
13131
13129
13131
13125
13123
13128
13131
13134
13132
13130
13140
13144
13140
13144
13136
13134
13125
13129
13129
13121
13124
13124
13124
13133
13130
13120
13124
13126
13133
13128
13125
13124
13124
13132
13137
13135
13127
13134
13129
13128
13132
13128
13129
13125
13124
13128
13125
13124
13120
13130
13137
13139
13136
13134
13126
13133
13127
13135
13142
13145
13147
13152
13152
13154
13143
13144
13146
13136
13136
13142
13137
13148
13143
13145
13141
13133
13132
13131
13120
13117
13122
13115
13119
13127
13132
13130
13137
13138
13135
13141
13141
13145
13142
13143
13139
13148
13140
13133
13133
13120
13124
13110
13107
13112
13114
13122
13122
13127
13129
13131
13132
13139
13136
13146
13145
13142
13143
13153
13146
13143
13145
13138
13140
13149
13140
13146
13145
13146
13138
13141
13138
13140
13138
13144
13145
13146
13145
13145
13139
13137
13137
13136
13132
13137
13136
13135
13134
13125
13129
13129
13133
13123
13127
13125
13130
13126
13126
13130
13129
13125
13135
13129
13133
13136
13134
13139
13138
13134
13124
13128
13135
13131
13133
13137
13138
13148
13149
13146
13146
13140
13139
13134
13138
13136
13139
13138
13140
13137
13139
13147
13148
13149
13147
13139
13139
13137
13138
13143
13137
13139
13133
13132
13139
13139
13137
13134
13132
13132
13124
13128
13139
13137
13142
13145
13138
13147
13140
13143
13142
13133
13133
13136
13140
13143
13138
13132
13130
13130
13135
13136
13137
13142
13139
13143
13148
13146
13139
13145
13140
13138
13141
13141
13140
13139
13139
13139
13133
13134
13128
13131
13127
13125
13118
13118
13123
13134
13136
13133
13137
13134
13133
13130
13126
13129
13126
13125
13134
13135
13134
13130
13125
13130
13141
13146
13148
13143
13145
13147
13145
13135
13143
13140
13145
13143
13145
13143
13128
13129
13118
13128
13128
13123
13123
13125
13127
13138
13130
13128
13136
13137
13140
13140
13134
13133
13133
13141
13143
13137
13134
13141
13135
13132
13137
13136
13145
13141
13132
13134
13134
13131
13133
13134
13134
13142
13136
13141
13141
13141
13128
13123
13119
13114
13117
13119
13122
13132
13123
13123
13128
13141
13143
13145
13145
13153
13152
13141
13144
13134
13135
13133
13132
13134
13134
13134
13139
13138
13134
13142
13137
13136
13136
13133
13144
13145
13142
13146
13145
13148
13151
13149
13147
13145
13145
13144
13148
13143
13138
13138
13141
13135
13135
13129
13130
13135
13138
13136
13136
13131
13137
13146
13128
13130
13132
13132
13133
13131
13128
13140
13140
13142
13140
13136
13139
13142
13149
13147
13138
13131
13134
13129
13126
13121
13122
13128
13121
13132
13126
13127
13128
13125
13120
13125
13131
13135
13137
13135
13138
13135
13134
13141
13139
13141
13147
13142
13142
13082
12462
11892
11273
10779
10509
10380
10334
10378
10443
10556
10645
10729
10813
10923
11027
11146
11260
11376
11475
11579
11662
11765
11846
11931
12005
12074
12137
12207
12264
12319
12367
12416
12464
12511
12543
12595
12629
12663
12688
12709
12729
12760
12772
12787
12812
12828
12850
12876
12893
12913
12928
12946
12958
12968
12980
12991
12992
13006
13007
13014
13018
13021
13023
13041
13039
13046
13052
13065
13067
13070
13079
13072
13077
13089
13087
13100
13099
13105
13106
13103
13103
13109
13110
13105
13114
13114
13112
13117
13118
13111
13077
12950
12868
12823
12802
12801
12803
12813
12820
12838
12851
12867
12881
12894
12912
12927
12937
12950
12955
12973
12980
12983
12997
13011
13023
13031
13034
13030
13041
13044
13040
13053
13059
13063
13072
13068
13074
13077
13083
13085
13091
13089
13095
13099
13102
13099
13103
13103
13099
13099
13095
13101
13107
13108
13108
13114
13117
13126
13121
13120
13131
13122
13121
13119
13111
13115
13118
13119
13122
13119
13114
13125
13113
13116
13123
13125
13131
13134
13136
13130
13131
13135
13129
13125
13134
13134
13133
13133
13128
13135
13130
13131
13128
13120
13122
13118
13120
13124
13114
13120
13130
13134
13143
13148
13144
13150
13148
13148
13148
13140
13133
13142
13135
13149
13148
13134
13130
13127
13129
13130
13133
13131
13135
13134
13137
13140
13137
13140
13136
13134
13134
13134
13131
13131
13134
13134
13131
13134
13133
13137
13146
13139
13133
13127
13125
13130
13134
13134
13134
13126
13133
13136
13134
13140
13144
13141
13138
13142
13135
13126
13127
13129
13130
13137
13132
13131
13132
13119
13115
13120
13116
13119
13119
13125
13132
13134
13135
13134
13137
13135
13140
13138
13138
13138
13141
13139
13140
13137
13135
13126
13122
13128
13121
13122
13127
13119
13125
13128
13123
13125
13123
13126
13125
13128
13135
13135
13135
13129
13133
13144
13140
13139
13135
13132
13134
13133
13133
13124
13122
13117
13124
13119
13118
13123
13130
13140
13142
13147
13142
13138
13131
13145
13138
13135
13138
13139
13133
13134
13133
13134
13132
13138
13134
13138
13143
13136
13134
13137
13140
13145
13138
13137
13137
13135
13135
13141
13142
13142
13142
13141
13137
13133
13129
13136
13133
13138
13137
13135
13145
13145
13137
13144
13139
13142
13147
13137
13132
13133
13137
13142
13137
13140
13138
13134
13138
13135
13133
13139
13127
13139
13133
13130
13132
13133
13129
13130
13134
13133
13133
13134
13144
13142
13141
13145
13144
13141
13133
13128
13132
13132
13129
13131
13137
13142
13145
13138
13130
13133
13128
13131
13137
13145
13140
13140
13140
13135
13136
13135
13137
13144
13134
13136
13148
13146
13148
13150
13141
13141
13144
13143
13149
13146
13141
13139
13139
13139
13137
13131
13133
13128
13122
13126
13134
13135
13145
13139
13140
13142
13144
13142
13138
13141
13139
13142
13138
13140
13135
13134
13137
13142
13137
13131
13133
13128
13127
13125
13116
13123
13125
13133
13138
13132
13133
13137
13141
13140
13139
13138
13139
13134
13130
13130
13123
13127
13123
13118
13122
13132
13134
13136
13130
13132
13136
13139
13134
13136
13138
13135
13137
13139
13136
13129
13126
13132
13137
13140
13136
13125
13117
13119
13119
13119
13120
13135
13134
13135
13131
13127
13138
13142
13140
13148
13146
13149
13146
