13125
13130
13131
13126
13126
13132
13133
13141
13138
13146
13146
13145
13139
13137
13139
13146
13141
13140
13143
13142
13138
13140
13136
13137
13138
13145
13140
13143
13145
13144
13143
13145
13142
13142
13140
13133
13139
13137
13126
13135
13133
13125
13127
13123
13127
13130
13125
13124
13125
13126
13131
13138
13142
13134
13134
13137
13135
13129
13120
13121
13130
13135
13137
13145
13137
13138
13134
13132
13134
13134
13133
13136
13131
13132
13127
13128
13128
13134
13133
13145
13137
13135
13135
13133
13126
13134
13132
13132
13135
13134
13137
13137
13134
13131
13133
13139
13140
13132
13134
13128
13126
13122
13120
13115
13118
13127
13128
13130
13135
13138
13130
13136
13131
13133
13135
13135
13130
13131
13133
13136
13134
13130
13134
13134
13129
13133
13129
13134
13137
13138
13142
13133
13136
13130
13134
13135
13129
13135
13134
13133
13139
13135
13132
13133
13141
13147
13144
13138
13142
13141
13140
13137
13127
13131
13131
13136
13139
13135
13134
13143
13143
13143
13145
13134
13129
13135
13128
13130
13137
13137
13142
13138
13142
13134
13134
13137
13141
13138
13133
13140
13146
13138
13133
13137
13139
13138
13132
13137
13144
13140
13147
13148
13142
13138
13140
13140
13137
13138
13136
13144
13142
13138
13146
13139
13140
13142
13132
13137
13136
13131
13130
13125
13127
13127
13128
13125
13123
13123
13125
13123
13128
13124
13125
13127
13127
13132
13131
13132
13134
13132
13138
13142
13130
13135
13138
13136
13141
13139
13138
13143
13143
13142
13144
13138
13141
13153
13149
13149
13152
13149
13141
13139
13138
13132
13130
13133
13129
13128
13132
13129
13135
13130
13128
13129
13128
13125
13124
13126
13129
13132
13134
13137
13131
13129
13139
13127
13132
13135
13147
13158
13154
13142
13149
13138
13138
13138
13139
13142
13139
13140
13148
13146
13144
13132
13145
13150
13153
13144
13145
13136
13138
13131
13130
13137
13128
13125
13126
13128
13128
13127
13126
13133
13133
13134
13133
13136
13137
13141
13134
13139
13143
13142
13153
13146
13145
13147
13141
13136
13141
13138
13134
13137
13140
13140
13143
13144
13134
13129
13126
13126
13125
13124
13119
13124
13124
13129
13130
13137
13136
13138
13137
13135
13126
13119
13116
13122
13126
13132
13135
13133
13131
13130
13139
13140
13137
13143
13144
13141
13139
13137
13139
13141
13144
13136
13136
13134
13134
13129
13126
13124
13134
13128
13126
13128
13124
13130
13129
13131
13129
13127
13129
13137
13136
13136
13135
13127
13134
13132
13135
13146
13144
13138
13144
13137
13132
13140
13132
13133
13130
13136
13147
13140
13138
13132
13127
13128
13125
13119
13122
13119
13130
13124
13129
13128
13122
13126
13128
13125
13128
13126
13126
13131
13129
13133
13136
13134
13131
13125
13126
13123
13117
13123
13126
13126
13129
13130
13131
13138
13137
13138
13140
13137
13135
13130
13127
13130
13133
13132
13133
13136
13149
13141
13146
13151
13144
13138
13129
13125
13133
13124
13125
13127
13127
13132
13131
13132
13135
13141
13135
13138
13135
13131
13139
13140
13128
13131
13126
13125
13121
13118
13112
13116
13111
13109
13112
13116
13123
13126
13126
13123
13132
13132
13123
13129
13115
12496
11348
10312
9646
9264
9116
9071
9148
9250
9427
9574
9765
9930
10125
10291
10473
10620
10794
10926
11065
11193
11323
11435
11554
11651
11754
11837
11935
12003
12075
12138
12203
12252
12304
12352
12412
12451
12497
12544
12580
12620
12646
12676
12707
12727
12746
12773
12793
12816
12841
12854
12866
12895
12903
12919
12927
12935
12955
12960
12962
12979
12991
12999
13006
13004
13014
13027
13039
13046
13056
13055
13057
13064
13057
13066
13077
13073
13080
13093
13094
13090
13088
13091
13094
13084
13087
13101
13093
13097
13096
13097
13098
13104
13110
13122
13125
13125
13121
13116
13117
13126
13118
13119
13129
13130
13122
13121
13117
13021
12918
12860
12827
12806
12802
12804
12814
12818
12833
12852
12864
12887
12902
12919
12932
12948
12960
12972
12976
12990
12997
13012
13022
13030
13030
13045
13052
13059
13076
13071
13071
13069
13070
13077
13084
13090
13085
13092
13092
13091
13090
13100
13094
13103
13106
13113
13121
13114
13116
13119
13116
13118
13114
13119
13115
13118
13124
13121
13114
13115
13115
13117
13118
13112
13116
13122
13117
13122
13130
13126
13126
13123
13120
13123
13117
13114
13117
13117
13120
13118
13126
13133
13130
13133
13127
13135
13134
13132
13130
13138
13129
13135
13131
13130
13134
13132
13135
13140
13134
13138
13143
13140
13147
13146
13139
13139
13135
13127
13131
13133
13134
13138
13126
13134
13133
13134
13133
13137
13143
13132
13137
13138
13130
13134
13137
13138
13140
13131
13129
13141
13136
13135
13134
13134
13133
13130
13129
13129
13125
13128
13135
13126
13124
13127
13134
13142
13150
13142
13162
13151
13150
13142
13132
13128
13121
13117
13126
13124
13126
13119
13120
13122
13128
13123
13128
13122
13121
13125
13125
13132
13127
13132
13131
13138
13138
13143
13138
13137
13133
13137
13131
13132
13130
13130
13123
13122
13128
13122
13133
13129
13133
13137
13131
13133
13142
13138
13138
13143
13145
13147
13145
13145
13145
13149
13152
13147
13145
13145
13141
13147
13144
13142
13139
13143
13141
13142
13139
13133
13126
13138
13139
13133
13132
13132
13131
13130
13128
13125
13136
13127
13129
13131
13126
13137
13140
13139
13147
13142
13140
13131
13136
13131
13126
13131
13125
13124
13126
13127
13128
13131
13128
13130
13131
13137
13140
13131
13133
13135
13128
13122
13118
13118
13122
13119
13124
13127
13123
13120
13134
13128
13130
13134
13137
13132
13134
13130
13134
13134
13132
13133
13133
13132
13133
13133
13129
13125
13126
13136
13134
13140
13144
13142
13143
13148
13150
13142
13144
13141
13136
13137
13133
13134
13136
13139
13134
13140
13139
13130
13132
13132
13134
13138
13127
13125
13126
13124
13120
13119
13118
13119
13124
13124
13126
13132
13135
13132
13142
13133
13142
13138
13139
13136
13132
13132
13137
13131
13128
13130
13129
13135
13137
13127
13126
13122
13123
13127
13122
13115
13130
13132
13130
13133
13125
13129
13137
13137
13134
13128
13134
13131
13132
13133
13134
13135
13129
13128
13137
13125
13130
13128
13120
13124
13126
13119
13120
13118
13118
13125
13130
13138
13144
13140
13141
13141
13141
13144
13142
13141
13149
13141
13145
13147
13139
13138
13142
13147
13140
13130
13134
13126
13129
13126
13126
13127
13124
13126
13132
13133
13130
13128
13125
13129
13129
13138
13144
13140
