13134
13125
13121
13118
13131
13128
13121
13119
13123
13126
13119
13122
13125
13128
13129
13133
13137
13134
13130
13135
13138
13136
13135
13139
13141
13135
13145
13138
13134
13137
13137
13137
13140
13134
13124
13123
13126
13123
13125
13132
13135
13141
13137
13126
13131
13125
13126
13134
13136
13134
13133
13124
13124
13124
13121
13122
13125
13124
13130
13128
13127
13122
13122
13130
13128
13129
13138
13130
13129
13129
13135
13137
13141
13140
13145
13137
13139
13130
13132
13131
13135
13132
13132
13132
13138
13131
13141
13142
13141
13138
13135
13134
13133
13126
13120
13126
13129
13131
13134
13122
13122
13122
13120
13124
13121
13116
13123
13116
13130
13139
13131
13141
13137
13135
13131
13132
13129
13129
13121
13131
13142
13138
13143
13145
13151
13154
13146
13150
13142
13133
13137
13126
13126
13122
13123
13129
13124
13122
13123
13119
13115
13120
13126
13124
13120
13123
13128
13124
13126
13135
13130
13126
13126
13135
13137
13136
13141
13138
13139
13137
13132
13133
13130
13129
13135
13137
13131
13133
13133
13124
13129
13130
13127
13124
13132
13138
13135
13131
13133
13129
13136
13136
13135
13137
13137
13132
13137
13131
13129
13128
13126
13129
13130
13137
13133
13133
13137
13137
13142
13141
13133
13128
13118
13114
13129
13133
13134
13137
13119
13123
13129
13137
13135
13134
13136
13140
13139
13143
13144
13133
13141
13142
13144
13148
13144
13138
13150
13142
13134
13135
13132
13129
13127
13128
13125
13131
13129
13128
13133
13138
13135
13142
13138
13133
13137
13139
13142
13145
13145
13140
13138
13137
13134
13133
13129
13135
13127
13122
13123
13121
13129
13132
13131
13143
13133
13136
13140
13132
13134
13130
13125
13127
13120
13127
13120
13130
13130
13131
13131
13136
13138
13139
13141
13139
13141
13136
13142
13137
13134
13136
13137
13136
13135
13136
13130
13129
13126
13132
13134
13131
13127
13132
13130
13136
13133
13134
13133
13139
13134
13142
13138
13139
13142
13141
13134
13128
13131
13132
13134
13134
13132
13137
13134
13135
13135
13134
13138
13139
13141
13145
13141
13137
13134
13126
13124
13132
13126
13127
13125
13128
13133
13135
13127
13130
13120
13122
13138
13146
13144
13152
13145
13139
13137
13129
13135
13128
13127
13127
13125
13126
13129
13132
13130
13132
13144
13140
13144
13140
13138
13136
13142
13135
13134
13138
13144
13147
13143
13145
13152
13148
13143
13140
13134
13136
13133
13136
13128
13129
13128
13132
13135
13135
13139
13140
13143
13146
13149
13143
13150
13144
13140
13132
13125
13124
13119
13116
13116
13132
13134
13129
13125
13129
13126
13129
13135
13144
13139
13142
13142
13141
13153
13154
13150
13149
13147
13147
13149
13143
13143
13145
13147
13141
13149
13147
13147
13136
13135
13132
13133
13138
13145
13142
13149
13138
13141
13137
13136
13139
13139
13147
13152
13137
13140
13138
13136
13136
13127
13132
13131
13135
13138
13136
13130
13129
13128
13118
13128
13122
13128
13134
13135
13136
13138
13132
13132
13128
13134
13131
13135
13137
13139
13140
13140
13141
13147
13137
13132
13129
13128
13132
13138
13133
13139
13135
13131
13140
13134
13141
13141
13138
13142
13146
13144
13148
13144
13138
13151
13136
13103
12692
12080
11668
11446
11250
11090
11021
11023
11048
11120
11198
11297
11392
11493
11581
11686
11769
11857
11930
12010
12071
12147
12209
12274
12316
12374
12420
12454
12493
12537
12572
12614
12652
12681
12706
12735
12760
12788
12804
12826
12851
12868
12881
12904
12913
12929
12938
12951
12961
12977
12989
12993
12999
13004
13020
13022
13031
13036
13044
13049
13055
13059
13059
13068
13079
13090
13092
13089
13103
13104
13107
13105
13102
13101
13110
13110
13104
13112
13106
13104
13114
13103
13100
13101
13100
13109
13100
13108
13110
13108
13107
13107
13115
13114
13115
13124
13120
13115
13120
13121
13123
13129
13130
13137
13137
13140
13142
13138
13133
13129
13132
13133
13130
13131
13136
13124
13123
13126
13123
13118
13120
13125
13130
13131
13132
13130
13124
13131
13122
13126
13123
13123
13133
13126
13127
13130
13124
13122
13130
13129
13128
13129
13123
13132
13138
13142
13143
13139
13140
13145
13138
13141
13133
13134
13135
13128
13121
13122
13122
13120
13125
13120
13119
13119
13126
13128
13130
13130
13124
13134
13130
13133
13139
13133
13133
13140
13134
13136
13136
13124
13118
13118
13123
13129
13128
13126
13126
13129
13130
13136
13120
13122
13117
13122
13127
13125
13127
13136
13135
13138
13138
13133
13135
13137
13140
13141
13138
13134
13127
13130
13131
13127
13128
13134
13131
13137
13133
13135
13139
13142
13139
13138
13136
13129
13132
13141
13148
13142
13149
13146
13144
13148
13147
13146
13147
13141
13137
13143
13136
13136
13132
13130
13130
13128
13126
13132
13129
13132
13133
13134
13140
13136
13142
13136
13137
13144
13136
13134
13138
13137
13133
13133
13137
13131
13136
13129
13130
13129
13123
13128
13130
13127
13131
13132
13139
13137
13129
13126
13128
13127
13130
13128
13131
13139
13133
13128
13125
13125
13125
13125
13138
13130
13127
13124
13127
13140
13139
13137
13142
13150
13148
13144
13148
13148
13148
13141
13141
13132
13136
13136
13135
13135
13135
13136
13138
13134
13135
13144
13139
13138
13140
13137
13141
13143
13136
13136
13129
13121
13113
13116
13127
13134
13138
13137
13140
13143
13132
13126
13128
13122
13130
13127
13122
13132
13131
13133
13133
13119
13119
13119
13119
13123
13127
13121
13119
13119
13113
13122
13122
13131
13137
13132
13131
13140
13133
13137
13137
13144
13140
13145
13147
13143
13141
13139
13138
13137
13134
13136
13139
13128
13129
13121
13123
13132
13135
13130
13135
13133
13137
13132
13129
13129
13129
13131
13139
13134
13129
13137
13138
13140
13144
13136
13132
13132
13002
12911
12855
12826
12758
12644
12577
12547
12539
12548
12549
12577
12592
12624
12653
12683
12708
12724
12752
12779
12802
12832
12843
12860
12881
12899
12921
12939
12950
12960
12976
12980
12991
13006
13015
13013
13022
13026
13037
13043
13046
13047
13048
13055
13056
13064
13073
13064
13074
13080
13084
13092
13094
13097
13102
13095
13107
13106
13106
13112
13111
13121
13126
13122
13125
13125
13125
13121
13134
13123
13131
13125
13121
13123
13117
13123
13125
13125
13134
13137
13141
13145
13140
13138
13132
13133
13136
13127
13124
13124
13130
13132
13129
13128
13129
13133
13129
13129
13132
13136
13140
13147
13146
13135
13137
13139
13129
13134
13129
13126
13138
13132
13127
13139
13133
13132
13139
