13140
13135
13138
13138
13138
13136
13140
13142
13145
13147
13152
13144
13138
13130
13134
13125
13129
13128
13127
13132
13139
13137
13136
13133
13130
13133
13134
13136
13130
13132
13138
13140
13134
13133
13137
13135
13139
13141
13141
13148
13145
13140
13145
13133
13129
13124
13118
13126
13131
13129
13134
13136
13137
13138
13136
13140
13135
13132
13134
13128
13133
13133
13128
13134
13137
13131
13131
13136
13132
13130
13131
13139
13132
13134
13132
13135
13139
13137
13138
13142
13139
13145
13152
13150
13141
13143
13145
13148
13147
13145
13145
13144
13150
13145
13144
13139
13142
13138
13134
13134
13142
13132
13128
13129
13125
13130
13129
13126
13125
13127
13131
13138
13135
13141
13142
13139
13147
13143
13141
13142
13134
13132
13141
13135
13139
13139
13137
13138
13137
13137
13138
13138
13138
13132
13138
13138
13138
13136
13138
13131
13134
13128
13124
13118
13122
13122
13126
13122
13135
13125
13133
13138
13136
13131
13131
13126
13139
13134
13129
13125
13127
13122
13125
13116
13113
13118
13116
13126
13138
13135
13128
13127
13128
13127
13127
13132
13124
13129
13133
13137
13139
13138
13136
13138
13137
13136
13137
13140
13143
13139
13137
13138
13133
13134
13131
13128
13133
13130
13126
13122
13126
13124
13131
13132
13127
13137
13137
13139
13146
13142
13140
13135
13143
13144
13147
13142
13143
13140
13141
13137
13137
13130
13132
13135
13134
13138
13134
13133
13136
13133
13134
13136
13138
13138
13147
13136
13140
13137
13138
13135
13131
13127
13141
13133
13134
13138
13132
13131
13130
13130
13132
13131
13135
13133
13139
13134
13141
13136
13133
13138
13146
13138
13137
13144
13147
13141
13140
13138
13133
13135
13141
13137
13138
13138
13145
13143
13145
13147
13145
13145
13143
13138
13143
13137
13134
13143
13140
13143
13143
13140
13147
13140
13136
13132
13132
13134
13135
13137
13139
13139
13150
13141
13136
13141
13143
13148
13138
13140
13139
13137
13134
13127
13124
13128
13126
13122
13125
13130
13125
13133
13131
13131
13136
13132
13130
13130
13122
13126
13134
13134
13132
13134
13129
13133
13129
13132
13133
13137
13138
13138
13147
13142
13146
13151
13147
13144
13139
13134
13136
13138
13128
13136
13134
13139
13145
13147
13150
13147
13146
13142
13135
13134
13141
13138
13134
13133
13124
13117
13124
13126
13128
13130
13134
13129
13131
13133
13131
13126
13131
13131
13139
13135
13135
13140
13130
13131
13125
13126
13125
13122
13124
13131
13130
13133
13137
13134
13142
13138
13132
13136
13136
13132
13137
13129
13126
13127
13124
13130
13132
13137
13140
13136
13134
13126
13131
13135
13129
13132
13124
13125
13126
13124
13126
13135
13137
13135
13140
13141
13137
13134
13132
13140
13131
13131
13134
13129
13140
13140
13148
13154
13149
13147
13149
13137
13129
13135
13128
13134
13135
13132
13134
13142
13141
13134
13131
13130
13137
13136
13135
13132
13132
13132
13127
13127
13131
13130
13133
13133
13131
13133
13135
13139
13133
13132
13135
13134
13134
13129
13126
13129
13129
13126
13131
13127
13123
13128
13129
13132
13132
13139
13138
13135
13139
13134
13130
13132
13126
13126
13130
13133
13135
13065
12738
12269
11785
11484
11333
11234
11204
11194
11241
11307
11390
11438
11486
11535
11615
11687
11766
11840
11910
11980
12061
12118
12184
12243
12304
12357
12413
12448
12498
12529
12562
12591
12625
12657
12686
12710
12743
12766
12794
12805
12829
12847
12865
12876
12892
12911
12931
12942
12956
12972
12975
12984
13009
13019
13031
13039
13042
13041
13046
13044
13065
13060
13069
13073
13074
13075
13082
13093
13092
13096
13102
13103
13107
13113
13109
13114
13118
13115
13128
13125
13121
13119
13118
13114
13115
13111
13123
13118
13114
13117
13111
13113
13121
13118
13119
13125
13128
13132
13131
13135
13141
13135
13127
13135
13135
13138
13135
13134
13131
13131
13134
13136
13133
13135
13127
13129
13122
13119
13126
13122
13123
13125
13122
13127
13128
13120
13118
13118
13119
13126
13129
13129
13130
13126
13135
13130
13131
13131
13133
13133
13140
13136
13137
13138
13146
13139
13151
13140
13142
13140
13146
13143
13142
13138
13136
13132
13130
13144
13144
13141
13141
13141
13134
13145
13141
13145
13143
13148
13143
13144
13142
13141
13148
13139
13142
13139
13132
13135
13134
13123
13137
13132
13126
13132
13127
13125
13127
13132
13136
13137
13140
13132
13122
13124
13125
13130
13123
13127
13133
13131
13133
13138
13140
13136
13126
13130
13135
13135
13133
13134
13128
13134
13139
13132
13134
13129
13131
13140
13140
13128
13130
13121
13128
13129
13129
13130
13136
13139
13139
13140
13136
13128
13123
13125
13119
13123
13126
13132
13138
13137
13128
13136
13131
13136
13131
13132
13126
13125
13120
13129
13120
13124
13124
13129
13125
13129
13134
13143
13144
13135
13142
13144
13147
13144
13136
13138
13143
13136
13135
13130
13130
13129
13142
13142
13139
13134
13134
13136
13133
13131
13127
13133
13132
13134
13138
13136
13133
13135
13130
13133
13134
13130
13136
13127
13129
13131
13135
13141
13137
13133
13143
13143
13139
13141
13126
13127
13131
13135
13129
13135
13134
13138
13140
13148
13135
13141
13143
13141
13141
13132
13139
13139
13136
13135
13135
13133
13134
13134
13137
13138
13138
13139
13137
13132
13127
13129
13130
13135
13127
13122
13132
13128
13129
13130
13126
13138
13136
13138
13143
13143
13135
13139
13146
13143
13145
13138
13136
13138
13145
13135
13134
13141
13135
13139
13129
13130
13134
13147
13146
13138
13142
13147
13151
13148
13143
13140
13140
13138
13125
13116
13123
13116
13122
13128
13130
13134
13134
13133
13131
13121
13122
13122
13127
13132
13132
13138
13138
13135
13140
13134
13135
13132
13123
13122
13119
13119
13119
13116
13123
13132
13128
13140
13144
13147
13150
13150
13142
13148
13141
13134
13150
13142
13136
13139
13133
13135
13142
13138
13134
13131
13134
13138
13148
13148
13150
13150
13143
13140
13136
13129
13130
13135
13134
13128
13128
13129
13128
13127
13128
13135
13134
13138
13135
13134
13134
13138
13139
13144
13128
13129
13139
13126
13131
13133
13139
13139
13144
13145
13147
13142
13141
13140
13144
13147
13147
13146
13143
13139
13145
13137
13144
13143
13143
13137
13132
13130
13131
13136
13137
13140
13133
13144
13142
13135
13140
13140
13140
13146
13136
13132
13141
13144
13142
13142
13133
13141
13138
13137
13132
13122
13118
13116
13115
13124
13126
13127
13135
13141
13152
13133
13141
13139
13134
13131
13133
13128
13133
13132
