13034
13046
13051
13057
13062
13061
13066
13068
13073
13080
13083
13091
13096
13102
13098
13111
13099
13102
13104
13102
13105
13110
13114
13124
13118
13115
13112
13104
13108
13111
13104
13109
13109
13114
13108
13108
13112
13113
13112
13127
13125
13130
13125
13122
13129
13122
13124
13128
13122
13127
13121
13124
13128
13132
13125
13126
13121
13130
13119
13119
13122
13129
13130
13134
13135
13133
13136
13140
13128
13134
13139
13139
13146
13150
13150
13154
13149
13144
13143
13139
13139
13129
13128
13130
13134
13125
13126
13132
13121
13127
13127
13124
13128
13130
13119
13122
13124
13123
13126
13129
13133
13130
13129
13129
13127
13122
13127
13126
13124
13119
13118
13124
13126
13129
13122
13131
13130
13118
13127
13129
13126
13134
13138
13135
13145
13139
13139
13148
13139
13137
13139
13139
13143
13141
13139
13146
13141
13142
13150
13146
13142
13139
13130
13136
13131
13131
13132
13136
13134
13145
13145
13149
13154
13155
13150
13148
13151
13145
13143
13148
13147
13139
13135
13137
13144
13134
13137
13141
13138
13144
13149
13143
13140
13138
13130
13132
13134
13138
13145
13137
13137
13137
13138
13147
13142
13136
13136
13134
13132
13138
13132
13137
13139
13142
13140
13134
13129
13129
13129
13130
13128
13132
13132
13133
13141
13139
13130
13141
13136
13143
13138
13140
13142
13141
13143
13143
13132
13146
13147
13145
13147
13144
13140
13138
13128
13127
13131
13126
13130
13140
13137
13137
13141
13134
13137
13131
13132
13129
13125
13126
13127
13125
13120
13120
13122
13117
13121
13124
13127
13129
13128
13130
13123
13128
13131
13134
13136
13136
13141
13140
13144
13141
13142
13147
13139
13136
13147
13135
13131
13133
13129
13137
13130
13129
13131
13128
13126
13124
13125
13134
13133
13132
13128
13133
13136
13132
13130
13133
13141
13139
13139
13138
13137
13133
13137
13144
13134
13135
13129
13126
13133
13133
13130
13141
13135
13137
13139
13137
13141
13142
13151
13143
13141
13138
13132
13140
13134
13134
13138
13137
13136
13128
13129
13133
13136
13128
13128
13136
13129
13125
13121
13126
13133
13134
13135
13134
13129
13131
13136
13133
13133
13133
13133
13137
13130
13130
13130
13132
13136
13138
13133
13135
13137
13135
13134
13132
13128
13122
13123
13127
13122
13122
13119
13123
13128
13122
13118
13128
13126
13121
13117
13124
13120
13129
13129
13135
13133
13142
13138
13136
13135
13126
13129
13140
13139
13138
13145
13137
13132
13136
13127
13129
13134
13134
13140
13130
13126
13124
13124
13132
13129
13136
13135
13137
13138
13125
13119
13129
13134
13138
13137
13141
13143
13149
13145
13148
13136
13132
13122
13122
13120
13118
13117
13129
13132
13135
13149
13142
13138
13138
13138
13136
13135
13142
13145
13138
13146
13145
13139
13146
13145
13141
13131
13133
13136
13128
13113
12993
12910
12860
12826
12806
12779
12754
12753
12756
12767
12788
12800
12816
12834
12854
12868
12889
12908
12913
12941
12956
12970
12975
12982
12993
12998
13004
13007
13010
13015
13031
13042
13050
13046
13061
13069
13068
13083
13081
13080
13089
13094
13097
13097
13096
13101
13105
13108
13122
13121
13120
13110
13114
13116
13109
13106
13105
13110
13106
13017
12241
11135
10258
9759
9476
9336
9294
9370
9469
9635
9781
9969
10132
10317
10478
10656
10801
10957
11082
11225
11337
11468
11569
11671
11762
11856
11926
11999
12067
12128
12194
12253
12300
12354
12399
12386
12327
12309
12300
12326
12342
12377
12415
12450
12486
12525
12557
12596
12624
12668
12686
12721
12746
12773
12796
12824
12834
12867
12877
12886
12898
12909
12909
12927
12939
12953
12969
12977
12995
13007
13015
13018
13028
13027
13032
13041
13043
13048
13052
13071
13059
13068
13083
13076
13084
13087
13089
13087
13091
13093
13095
13094
13099
13094
13107
13105
13105
13121
13114
13118
13124
13121
13117
13117
13119
13124
13125
13121
13123
13113
13117
13122
13116
13121
13121
13121
13131
13125
13124
13128
13130
13134
13145
13135
13137
13137
13136
13133
13136
13138
13140
13145
13147
13147
13139
13137
13129
13143
13135
13129
13128
13124
13134
13132
13133
13145
13139
13143
13141
13133
13137
13137
13125
13130
13133
13129
13137
13131
13116
13130
13119
13118
13123
13120
13122
13124
13124
13132
13132
13140
13136
13140
13151
13153
13152
13145
13142
13147
13139
13137
13138
13141
13146
13135
13132
13131
13138
13139
13136
13136
13137
13134
13138
13142
13137
13134
13135
13138
13137
13143
13141
13142
13148
13135
13132
13137
13136
13138
13130
13131
13122
13121
13128
13125
13129
13123
13116
13121
13118
13110
13110
13119
13122
13121
13125
13126
13123
13132
13141
13139
13139
13130
13140
13139
13144
13142
13138
13134
13132
13131
13126
13129
13136
13127
13130
13131
13132
13132
13135
13134
13128
13126
13136
13135
13129
13124
13127
13134
13127
13128
13131
13132
13129
13129
13132
13125
13126
13126
13132
13127
13136
13143
13138
13144
13141
13131
13145
13139
13129
13138
13127
13131
13138
13135
13136
13125
13130
13126
13136
13132
13122
13126
13124
13124
13128
13125
13133
13140
13134
13135
13137
13128
13138
13128
13130
13132
13132
13128
13132
13131
13146
13148
13140
13138
13135
13140
13143
13135
13126
13135
13123
13133
13129
13116
13117
13114
13121
13127
13128
13135
13132
13142
13145
13149
13146
13143
13144
13144
13134
13134
13138
13133
13140
13140
13140
13142
13148
13139
13137
13126
13131
13126
13126
13131
13137
13128
13132
13129
13127
13139
13139
13133
13129
13124
13123
13118
13123
13126
13131
13141
13140
13143
13145
13148
13138
13132
13133
13139
13133
13128
13130
13133
13136
13135
13132
13130
13126
13132
13136
13132
13130
13125
13126
13135
13135
13132
13138
13140
13138
13149
13139
13138
13141
13132
13129
13130
13133
13131
13130
13130
13120
13117
13119
13121
13121
13124
13126
13142
13134
13129
13135
13139
13128
13131
13123
13123
13120
13125
13127
13117
13119
13126
13125
13128
13125
13129
13128
13123
13123
13128
13117
13117
13119
13124
13131
13138
13132
13137
13135
13140
13138
13142
13140
13147
13137
13140
13138
13146
13143
13141
13139
13139
13134
13133
13125
13131
13136
13144
13150
13137
13137
13129
13128
13138
13132
13129
13132
13133
13133
13137
13132
13139
13144
13144
13137
13134
13132
13132
13126
13127
13132
13134
13130
13129
13132
13137
13137
13146
13130
13132
13133
13133
13137
13135
13132
13140
13136
13135
13138
13133
13136
13134
13132
13130
13133
13128
13136
13136
13135
13140
13128
13135
13135
