13123
13125
13130
13129
13137
13137
13138
13138
13146
13143
13145
13149
13142
13139
13139
13138
13138
13140
13137
13143
13150
13147
13150
13147
13141
13142
13138
13138
13136
13134
13133
13138
13139
13145
13143
13136
13140
13135
13135
13137
13129
13132
13143
13137
13130
13134
13126
13135
13130
13134
13128
13132
13132
13130
13141
13141
13140
13144
13150
13145
13144
13138
13142
13141
13136
13136
13136
13141
13142
13140
13147
13148
13144
13143
13144
13132
13133
13130
13134
13138
13136
13130
13136
13137
13130
13139
13137
13137
13133
13129
13133
13135
13140
13143
13140
13139
13135
13133
13134
13134
13144
13146
13148
13152
13151
13144
13150
13139
13138
13142
13138
13137
13131
13137
13136
13137
13133
13141
13143
13148
13144
13138
13143
13137
13142
13140
13134
13137
13141
13134
13140
13141
13139
13135
13138
13144
13146
13144
13143
13137
13148
13139
13141
13143
13141
13140
13137
13144
13140
13137
13133
13136
13127
13136
13132
13130
13133
13135
13139
13145
13141
13135
13139
13136
13134
13135
13141
13141
13141
13133
13134
13130
13133
13133
13138
13131
13133
13133
13132
13132
13143
13128
13119
13125
13120
13127
13131
13128
13126
13125
13128
13127
13130
13137
13141
13138
13139
13133
13134
13138
13141
13139
13134
13126
13123
13134
13132
13133
13132
13131
13129
13125
13126
13118
13126
13131
13125
13129
13125
13125
13132
13126
13128
13131
13132
13128
13131
13131
13130
13128
13130
13127
13127
13136
13144
13137
13135
13137
13143
13150
13146
13137
13142
13140
13136
13142
13128
13138
13141
13143
13144
13145
13149
13141
13138
13141
13146
13138
13142
13139
13143
13136
13140
13140
13142
13139
13141
13142
13138
13135
13134
13138
13131
13135
13143
13137
13140
13139
13146
13151
13145
13138
13149
13147
13141
13142
13135
13128
13130
13133
13128
13130
13130
13125
13121
13124
13124
13133
13134
13133
13140
13131
13125
13128
13125
13133
13128
13129
13127
13135
13144
13137
13135
13137
13136
13129
13135
13134
13141
13145
13154
13151
13148
13140
13137
13137
13129
13134
13137
13137
13136
13138
13139
13137
13143
13144
13140
13134
13138
13136
13140
13142
13142
13153
13149
13148
13141
13134
13128
13121
13121
13119
13120
13129
13130
13128
13134
13133
13134
13150
13138
13133
13141
13139
13135
13133
13127
13127
13129
13131
13128
13122
13127
13132
13132
13137
13140
13135
13134
13138
13141
13141
13144
13146
13140
13142
13144
13139
13144
13152
13155
13158
13151
13147
13138
13135
13133
13132
13123
13132
13132
13124
13137
13129
13138
13137
13131
13133
13129
13131
13132
13130
13136
13137
13148
13146
13141
13134
13143
13148
13158
13144
13143
13143
13140
13139
13136
13133
13134
13133
13135
13132
13079
12946
12875
12826
12806
12801
12805
12820
12834
12846
12871
12849
12810
12793
12783
12782
12794
12802
12822
12833
12844
12858
12873
12882
12897
12907
12926
12937
12952
12960
12967
12986
12995
13009
13014
13022
13029
13032
13035
13042
13043
13056
13063
13066
13073
13081
13083
13087
13089
13087
13093
13087
13092
13108
13107
13110
13120
13123
13125
13122
13118
13116
13117
13115
13113
13118
13114
13120
13121
13115
13103
12862
12382
11862
11539
11351
11272
11245
11280
11324
11396
11472
11560
11638
11733
11812
11895
11965
12038
12098
12172
12223
12285
12340
12402
12453
12505
12542
12579
12605
12634
12662
12699
12723
12751
12771
12798
12816
12845
12853
12866
12878
12898
12912
12917
12930
12940
12949
12966
12975
12990
13004
13011
13015
13021
13029
13033
13036
13043
13041
13048
13052
13055
13062
13065
13073
13077
13078
13080
13088
13093
13102
13107
13105
13104
13113
13118
13119
13124
13112
13110
13121
13127
13123
13124
13126
13126
13128
13121
13123
13115
13117
13119
13121
13121
13119
13120
13125
13116
13115
13122
13116
13126
13129
13123
13128
13125
13129
13134
13134
13130
13128
13121
13131
13134
13135
13136
13128
13129
13128
13136
13129
13125
13129
13130
13134
13135
13133
13138
13132
13120
13124
13120
13110
13104
13105
13102
13108
13108
13109
13124
13118
13122
13126
13132
13134
13135
13138
13139
13134
13127
13126
13127
13121
13117
13118
13124
13120
13126
13123
13130
13133
13138
13133
13130
13136
13135
13131
13127
13129
13128
13132
13132
13132
13136
13136
13129
13139
13137
13130
13137
13131
13131
13134
13128
13131
13129
13123
13126
13125
13124
13118
13122
13126
13124
13124
13124
13116
13132
13117
13131
13138
13137
13140
13147
13145
13145
13138
13140
13137
13129
13129
13134
13133
13137
13136
13140
13148
13147
13133
13144
13140
13141
13141
13137
13136
13136
13133
13135
13124
13127
13130
13124
13121
13118
13132
13138
13134
13134
13131
13134
13139
13143
13145
13141
13144
13150
13143
13145
13149
13146
13148
13142
13132
13135
13135
13131
13132
13133
13133
13141
13135
13133
13139
13139
13145
13148
13149
13150
13145
13143
13135
13135
13132
13128
13125
13123
13122
13128
13126
13127
13129
13134
13132
13129
13133
13135
13139
13138
13138
13126
13139
13140
13137
13137
13137
13133
13133
13128
13128
13129
13129
13126
13133
13125
13127
13131
13129
13131
13130
13131
13126
13129
13138
13135
13141
13140
13147
13152
13138
13128
13132
13131
13135
13137
13136
13131
13132
13134
13126
13128
13129
13139
13131
13128
13125
13128
13130
13125
13124
13135
13131
13134
13139
13135
13129
13132
13139
13141
13137
13140
13137
13146
13147
13145
13142
13143
13138
13142
13139
13144
13146
13145
13140
13135
13134
13123
13126
13129
13133
13133
13127
13126
13127
13133
13136
13134
13144
13141
13136
13146
13145
13137
13136
13135
13139
13142
13139
13138
13133
13131
13126
13125
13124
13121
13122
13122
13124
13138
13131
13137
13141
13143
13136
13132
13129
13132
13130
13124
13129
13125
13122
13127
13127
13132
13126
13127
13134
13131
13127
13130
13127
13120
13126
13127
13121
13125
13123
13130
13130
13142
13139
13146
13144
13148
13143
13142
13140
13148
13136
13135
13138
13134
13131
13132
13128
13131
13131
13137
13145
13132
13130
13134
13136
13142
13138
13134
13136
13141
13136
13141
13131
13130
13132
13126
13128
13137
13141
13145
13131
13127
13121
13133
13133
13130
13137
13140
13145
13143
13139
13143
13145
13143
13143
13141
13140
13146
13152
13147
13146
13142
13138
13139
13133
13136
13142
13142
13142
13137
13130
13135
13133
13132
13132
13129
13130
13131
13130
13130
13139
13144
13150
13150
13149
13149
13151
13146
13139
13139
13125
13130
13135
13134
13135
13134
13132
13130
13131
