13141
13132
13140
13144
13135
13133
13133
13138
13134
13133
13128
13127
13129
13130
13124
13133
13137
13132
13139
13132
13139
13132
13134
13131
13137
13136
13142
13140
13139
13143
13139
13144
13139
13136
13134
13137
13138
13138
13138
13145
13145
13140
13153
13142
13137
13141
13130
13076
12962
12883
12845
12825
12817
12810
12779
12671
12614
12573
12567
12567
12592
12608
12646
12663
12687
12708
12729
12747
12769
12781
12804
12826
12848
12867
12891
12905
12916
12926
12936
12948
12957
12970
12994
12993
13013
13024
13034
13035
13048
13051
13058
13060
13061
13066
13070
13083
13085
13092
13099
13096
13093
13090
13090
13095
13103
13099
13099
13098
13109
13108
13115
13117
13118
13113
13111
13102
13106
13110
13110
13115
13121
13120
13130
13121
13130
13132
13125
13132
13136
13137
13137
13135
13137
13133
13133
13131
13131
13129
13125
13120
13134
13130
13136
13130
13132
13132
13126
13128
13123
13127
13133
13131
13129
13125
13127
13128
13126
13128
13126
13130
13126
13124
13135
13127
13130
13132
13130
13132
13138
13135
13134
13134
13132
13122
13121
13125
13120
13122
13121
13129
13134
13126
13124
13127
13125
13115
13118
13120
13126
13138
13138
13137
13132
13138
13137
13138
13133
13132
13126
13135
13134
13129
13139
13135
13133
13134
13127
13128
13127
13132
13132
13133
13133
13126
13129
13125
13126
13134
13133
13134
13138
13136
13135
13137
13137
13134
13134
13130
13136
13135
13128
13137
13133
13135
13132
13134
13128
13132
13137
13144
13145
13135
13136
13129
13128
13120
13121
13132
13138
13135
13134
13138
13145
13145
13142
13139
13136
13134
13133
13136
13135
13124
13132
13138
13139
13147
13141
13141
13135
13131
13129
13136
13131
13136
13138
13139
13131
13133
13139
13140
13139
13135
13142
13139
13142
13144
13143
13138
13142
13137
13131
13132
13128
13127
13134
13129
13126
13125
13127
13127
13131
13127
13126
13130
13133
13130
13130
13124
13130
13132
13136
13135
13136
13134
13137
13135
13136
13137
13136
13133
13137
13133
13140
13134
13140
13138
13140
13138
13136
13136
13135
13138
13134
13127
13126
13135
13128
13133
13127
13131
13135
13127
13117
13126
13130
13129
13126
13130
13133
13133
13130
13135
13132
13135
13137
13135
13147
13137
13138
13139
13137
13130
13137
13139
13134
13138
13141
13136
13143
13147
13146
13134
13134
13133
13137
13135
13131
13134
13131
13131
13136
13126
13124
13134
13134
13129
13126
13132
13134
13132
13133
13133
13133
13138
13137
13138
13134
13133
13139
13138
13137
13133
13141
13132
13126
13131
13134
13134
13136
13140
13139
13146
13145
13141
13145
13145
13145
13140
13145
13138
13139
13131
13127
13125
13124
13118
13120
13129
13128
13125
13130
13134
13133
13138
13138
13133
13140
13141
13143
13147
13142
13142
13152
13145
13142
13145
13140
13130
13134
13132
13126
13126
13127
13126
13129
13133
13139
13136
13135
13137
13145
13138
13126
13123
13124
13127
13132
13132
13129
13132
13127
13130
13125
13123
13129
13122
13121
13126
13121
13131
13132
13128
13140
13132
13133
13129
13135
13140
13141
13140
13140
13149
13145
13145
13142
13143
13140
13134
13135
13134
13144
13137
13131
13027
12812
12436
12007
11493
11190
10981
10797
10708
10709
10747
10833
10919
11035
11124
11240
11346
11451
11541
11650
11730
11826
11907
11990
12060
12134
12189
12248
12301
12356
12404
12443
12386
12365
12355
12376
12393
12437
12460
12501
12528
12557
12588
12624
12649
12683
12703
12728
12758
12774
12803
12827
12841
12866
12878
12904
12919
12932
12936
12958
12960
12964
12973
12979
12993
13003
13014
13020
13028
13034
13031
13035
13042
13049
13057
13064
13060
13006
12898
12846
12809
12789
12782
12783
12795
12808
12818
12834
12850
12857
12878
12889
12901
12917
12927
12939
12951
12965
12969
12983
12988
13001
13012
13008
13025
13025
13030
13032
13040
13047
13049
13055
13063
13067
13075
13071
13079
13085
13085
13091
13090
13094
13100
13099
13103
13109
13108
13112
13112
13113
13113
13115
13114
13121
13117
13115
13120
13131
13134
13139
13129
13128
13126
13125
13124
13125
13124
13128
13114
13125
13119
13126
13132
13131
13131
13128
13122
13133
13130
13126
13132
13132
13132
13130
13134
13137
13132
13122
13130
13123
13122
13130
13133
13140
13146
13137
13136
13134
13132
13139
13137
13134
13136
13141
13138
13134
13133
13126
13124
13130
13128
13132
13141
13146
13141
13148
13067
12960
12888
12848
12823
12819
12813
12825
12840
12857
12858
12873
12882
12890
12901
12923
12922
12942
12955
12971
12995
12998
13004
13027
13026
13035
13041
13042
13046
13061
13067
13077
13078
13078
13077
13075
13075
13073
13077
13082
13087
13103
13092
13086
13093
13093
13098
13094
13095
13098
13104
13101
13114
13106
13113
13128
13125
13129
13129
13118
13127
13130
13130
13142
13131
13126
13133
13127
13125
13119
13125
13131
13130
13133
13133
13129
13135
13125
13128
13130
13127
13129
13120
13119
13125
13132
13130
13127
13127
13128
13130
13129
13133
13120
13118
13116
13113
13120
13123
13131
13139
13145
13137
13136
13137
13143
13145
13144
13135
13147
13142
13142
13138
13146
13142
13144
13148
13149
13149
13147
13146
13155
13140
13132
13132
13131
13124
13124
13123
13126
13128
13132
13132
13127
13132
13132
13134
13141
13138
13141
13138
13134
13133
13137
13132
13139
13139
13135
13141
13142
13151
13156
13144
13140
13131
13128
13137
13130
13135
13141
13139
13148
13142
13139
13141
13134
13136
13130
13132
13132
13138
13139
13143
13125
13124
13124
13129
13132
13132
13137
13138
13131
13130
13137
13134
13134
13136
13139
13137
13139
13134
13133
13132
13130
13129
13125
13117
13116
13119
13114
13116
13128
13116
13119
13116
13120
13124
13117
13123
13128
13133
13141
13138
13130
13131
13134
13134
13131
13129
13126
13132
13131
13132
13137
13138
13132
13132
13132
13128
13130
13134
13134
13140
13142
13139
13143
13143
13138
13141
13141
13142
13150
13141
13140
13137
13142
13136
13140
13132
13128
13128
13126
13131
13123
13132
13133
13132
13132
13134
13138
13141
13151
13140
13150
13138
13141
13150
13146
13142
13145
13138
13139
13143
13140
13136
13133
13136
13133
13133
13136
13130
13135
13126
13128
13126
13122
13123
13119
13129
13134
13143
13142
13142
13134
13133
13140
13134
13137
13131
13127
13134
13132
13123
13126
13126
13133
13137
13137
13137
13139
13130
13134
13136
13141
13133
13136
13145
13145
13140
13140
13139
13145
13137
13140
13142
13147
13138
13136
13138
13139
13134
