13135
13138
13137
13138
13150
13147
13143
13149
13141
13138
13145
13144
13145
13148
13146
13147
13143
13148
13145
13135
13139
13137
13132
13138
13130
13133
13128
13134
13128
13134
13132
13136
13133
13137
13132
13130
13128
13132
13140
13140
13130
13130
13124
13128
13132
13132
13135
13143
13138
13138
13153
13142
13143
13147
13146
13145
13145
13141
13139
13138
13145
13140
13141
13137
13128
13133
13141
13145
13139
13133
13135
13138
13143
13141
13149
13149
13149
13146
13142
13149
13141
13147
13147
13141
13142
13138
13139
13140
13140
13140
13145
13137
13134
13135
13132
13140
13139
13137
13133
13137
13130
13129
13123
13127
13128
13136
13134
13126
13128
13124
13120
13122
13119
13121
13116
13120
13128
13134
13133
13134
13128
13137
13144
13143
13139
13140
13142
13149
13149
13140
13148
13134
13139
13145
13138
13132
13132
13128
13134
13133
13131
13133
13135
13143
13140
13139
13133
13135
13136
13131
13127
13125
13125
13119
13122
13124
13127
13125
13119
13117
13119
13119
13124
13121
13119
13126
13121
13126
13124
13126
13135
13135
13132
13127
13123
13124
13134
13127
13123
13130
13135
13137
13135
13133
13140
13136
13130
13134
13135
13140
13135
13141
13142
13147
13150
13156
13154
13150
13148
13148
13141
13144
13146
13145
13139
13130
13125
13125
13123
13123
13132
13127
13130
13134
13130
13139
13141
13137
13139
13140
13148
13146
13141
13137
13137
13134
13134
13134
13133
13131
13136
13139
13135
13131
13130
13135
13138
13128
13128
13132
13136
13138
13145
13145
13145
13139
13136
13133
13127
13129
13131
13125
13125
13137
13140
13139
13135
13140
13142
13136
13136
13137
13134
13138
13137
13135
13147
13144
13151
13140
13138
13136
13139
13136
13137
13134
13135
13130
13136
13139
13135
13133
13142
13148
13143
13143
13135
13132
13131
13120
13128
13122
13123
13133
13133
13127
13123
13121
13122
13127
13129
13128
13126
13132
13134
13133
13125
13127
13130
13127
13135
13127
13124
13118
13118
13118
13122
13124
13123
13126
13122
13132
13129
13130
13131
13130
13130
13131
13128
13126
13123
13128
13133
13133
13129
13136
13135
13140
13141
13143
13145
13140
13139
13139
13145
13148
13149
13143
13142
13139
13137
13145
13142
13139
13147
13145
13145
13140
13142
13142
13141
13149
13151
13147
13144
13141
13137
13146
13138
13132
13137
13137
13142
13143
13144
13145
13152
13151
13146
13144
13142
13135
13134
13130
13131
13126
13129
13129
13132
13123
13120
13125
13116
13122
13124
13123
13131
13130
13128
13132
13129
13134
13129
13125
13129
13130
13126
13136
13133
13139
13148
13141
13134
13138
13142
13138
13142
13143
13140
13146
13137
13129
13129
13126
13124
13124
13126
13128
13134
13126
13128
13134
13127
13134
13132
13130
13135
13135
13136
13141
13135
13138
13136
13137
13143
13137
13137
13141
13141
13132
13133
13136
13129
13132
13130
13129
13133
13136
13137
13130
13137
13129
13130
13136
13127
13131
13131
13124
13131
13124
13126
13127
13128
13138
13141
13138
13131
13129
13132
13139
13136
13138
13136
13135
13135
13134
13135
13143
13142
13139
13142
13138
13133
13138
13130
13138
13143
13151
13155
13153
13154
13142
13147
13150
13146
13099
12406
11579
11052
10619
10381
10245
10227
10259
10349
10452
10581
10694
10840
10972
11102
11160
11225
11296
11389
11478
11573
11660
11750
11825
11915
11984
12062
12145
12198
12254
12316
12359
12406
12447
12489
12524
12574
12608
12652
12682
12708
12736
12756
12767
12783
12801
12827
12850
12862
12880
12897
12922
12942
12955
12961
12975
12982
12990
13002
13006
13012
13022
13021
13027
13040
13039
13045
13051
13061
13074
13084
13084
13085
13090
13098
13096
13100
13108
13108
13114
13107
13108
13109
13102
13102
13100
13107
13115
13113
13110
13114
13120
13127
13135
13131
13139
13143
13140
13146
13141
13135
13138
13137
13133
13130
13129
13127
13138
13125
13123
13122
13128
13126
13128
13118
13120
13127
13137
13133
13136
13134
13140
13145
13137
13140
13139
13132
13131
13122
13126
13128
13126
13131
13137
13135
13137
13135
13140
13140
13143
13146
13149
13145
13142
13149
13149
13145
13145
13140
13139
13131
13128
13125
13124
13131
13136
13135
13136
13133
13133
13137
13137
13141
13134
13126
13127
13122
13128
13127
13124
13131
13123
13131
13140
13132
13132
13135
13139
13135
13140
13134
13140
13137
13132
13134
13131
13124
13131
13126
13123
13132
13130
13130
13128
13133
13123
13126
13132
13131
13128
13135
13132
13138
13132
13137
13143
13142
13134
13126
13127
13132
13135
13133
13133
13131
13131
13135
13131
13126
13128
13131
13138
13136
13137
13146
13142
13139
13142
13133
13139
13135
13137
13141
13142
13144
13141
13140
13139
13140
13136
13130
13135
13136
13133
13137
13138
13142
13141
13133
13122
13131
13133
13127
13130
13127
13128
13134
13134
13133
13127
13127
13137
13130
13134
13145
13143
13150
13151
13152
13140
13135
13138
13140
13140
13134
13136
13133
13138
13137
13135
13143
13136
13137
13130
13130
13141
13135
13128
13125
13127
13131
13134
13129
13122
13113
13114
13116
13107
13111
13116
13108
13117
13118
13123
13133
13134
13133
13135
13144
13144
13146
13147
13152
13146
13145
13142
13135
13129
13131
13130
13132
13136
13144
13141
13147
13147
13150
13159
13157
13156
13148
13143
13144
13143
13138
13141
13142
13132
13130
13130
13132
13137
13129
13126
13134
13131
13133
13143
13141
13135
13140
13139
13146
13146
13139
13135
13137
13137
13130
13129
13124
13127
13126
13115
13113
13116
13123
13120
13119
13121
13121
13125
13130
13133
13129
13138
13146
13142
13141
13138
13135
13141
13142
13136
13139
13132
13136
13138
13138
13135
13139
13134
13133
13135
13128
13125
13119
13119
13116
13116
13122
13123
13132
13132
13124
13126
13129
13129
13122
13125
13134
13137
13142
13144
13140
13140
13136
13132
13135
13130
13131
13138
13137
13128
13135
13128
13128
13133
13130
13136
13134
13136
13126
13134
13134
13127
13134
13136
13135
13134
13132
13137
13137
13133
13140
13141
13145
13147
13149
13154
13144
13145
13139
13140
13131
13132
13142
13151
13150
13147
13153
13152
13146
13140
13142
13136
13135
13136
13137
13135
13139
13141
13146
13147
13148
13138
13134
13129
13126
13123
13125
13123
13130
13131
13136
13134
13134
13131
13135
13141
13136
13135
13134
13136
13136
13138
13140
13134
13138
13133
13131
13132
13134
13130
13142
13136
13133
13134
13135
13133
13131
13131
13136
13141
13146
13136
13138
13134
13134
13131
13135
13131
13139
13135
