13136
13140
13141
13129
13129
13129
13125
13121
13118
13115
13128
13129
13131
13141
13139
13137
13132
13131
13135
13135
13140
13138
13136
13135
13137
13129
13129
13120
13133
13135
13134
13138
13128
13127
13137
13129
13119
13122
13123
13126
13117
13116
13125
13127
13131
13132
13132
13144
13125
13123
13128
13123
13112
13126
13126
13127
13135
13131
13129
13124
13125
13121
13118
13125
13123
13121
13126
13123
13136
13131
13129
13127
13127
13132
13132
13134
13140
13139
13138
13138
13133
13138
13137
13129
13129
13127
13130
13134
13128
13129
13139
13025
12927
12867
12830
12807
12803
12802
12806
12814
12825
12843
12871
12887
12901
12914
12924
12940
12954
12958
12963
12981
12990
12997
13008
13018
13028
13039
13039
13058
13058
13071
13071
13078
13076
13076
13077
13084
13080
13085
13100
13098
13094
13099
13096
13106
13106
13110
13114
13123
13124
13124
13120
13130
13130
13128
13119
13121
13122
13127
13121
13120
13125
13130
13135
13137
13138
13138
13134
13134
13139
13140
13143
13140
13146
13142
13136
13141
13126
13121
13129
13129
13128
13131
13126
13127
13127
13125
13128
13127
13134
13132
13141
13143
13154
13152
13154
13155
13162
13147
13140
13139
13140
13140
13135
13136
13134
13134
13130
13133
13128
13133
13136
13132
13127
13129
13133
13141
13137
13139
13150
13147
13146
13146
13143
13136
13137
13129
13133
13124
13131
13123
13135
13139
13146
13147
13150
13144
13144
13138
13133
13127
13125
13129
13131
13131
13133
13134
13129
13137
13135
13140
13138
13141
13141
13138
13134
13136
13125
13125
13135
13137
13135
13141
13137
13139
13137
13132
13133
13132
13135
13131
13126
13118
13116
13118
13122
13132
13139
13130
13131
13133
13129
13135
13132
13127
13127
13130
13134
13139
13141
13138
13141
13141
13146
13141
13135
13142
13139
13139
13142
13132
13132
13132
13134
13137
13139
13139
13137
13138
13139
13138
13135
13137
13132
13137
13135
13131
13134
13121
13129
13130
13135
13132
13026
12927
12880
12841
12821
12819
12815
12827
12842
12851
12870
12884
12897
12914
12918
12936
12952
12960
12970
12989
12999
13002
13009
13012
13023
13026
13035
13047
13051
13062
13064
13070
13069
13071
13077
13078
12993
12892
12836
12801
12786
12779
12788
12801
12808
12825
12828
12849
12867
12886
12901
12914
12925
12938
12950
12960
12980
12985
12994
13008
13012
13021
13033
13041
13045
13049
13058
13062
13065
13072
13074
13082
13076
13078
13086
13082
13087
13090
13087
13097
13098
13096
13096
13100
13103
13109
13109
13113
13117
13120
13122
13119
13113
13122
13117
13109
13117
13107
13106
13108
13107
13111
13112
13114
13113
13119
13122
13121
13131
13133
13135
13130
13130
13123
13126
13123
13126
13133
13129
13136
13138
13135
13138
13146
13142
13148
13141
13146
13146
13142
13144
13155
13151
13154
13144
13138
13139
13133
13130
13130
13119
13123
13123
13126
13128
13126
13124
13128
13134
13132
13135
13132
13131
13125
13134
13128
13128
13132
13124
13121
13124
13121
13115
13113
13123
13133
13128
13137
13141
13135
13138
13141
13147
13152
13147
13138
13139
13128
13129
13128
13125
13132
13130
13129
13135
13131
13125
12946
12507
12194
12014
11914
11873
11859
11887
11918
11969
12021
12080
12104
12096
12105
12141
12179
12229
12271
12318
12367
12414
12450
12501
12533
12575
12618
12649
12676
12704
12614
12565
12538
12532
12538
12563
12581
12616
12649
12684
12709
12735
12750
12781
12794
12819
12831
12862
12868
12887
12901
12911
12923
12935
12950
12970
12973
12983
12992
13000
13011
13017
13015
13019
13028
13035
13053
13046
13054
13070
13068
13077
13083
13078
13082
13084
13088
13093
13094
13092
13089
13093
13095
13094
13091
13091
13084
13099
13099
13100
13102
13109
13107
13110
13111
13117
13112
13115
13122
13115
13126
13121
13126
13129
13125
13115
13121
13110
13113
13118
13115
13119
13131
13132
13125
13117
13120
13125
13124
13128
13119
13121
13127
13126
13134
13131
13138
13143
13139
13145
13144
13141
13140
13137
13134
13133
13130
13133
13134
13126
13135
13129
13126
13128
13123
13124
13126
13119
13115
13131
13125
13126
13134
13134
13136
13135
13134
13129
13122
13117
13114
13114
13111
13118
13122
13125
13125
13129
13128
13126
13135
13137
13133
13132
13129
13121
13128
13123
13130
13133
13133
13129
13136
13143
13139
13138
13138
13131
13136
13142
13135
13129
13142
13137
13129
13133
13126
13132
13128
13126
13123
13119
13118
13116
13125
13119
13131
13137
13136
13135
13132
13127
13132
13123
13127
13128
13132
13124
13132
13132
13138
13134
13127
13126
13134
13140
13144
13140
13137
13145
13145
13143
13137
13140
13137
13136
13136
13134
13135
13140
13140
13145
13150
13140
13136
13133
13129
13137
13133
13132
13138
13130
13138
13137
13125
13126
13128
13131
13128
13125
13137
13139
13138
13134
13139
13141
13152
13147
13137
13149
13139
13139
13143
13134
13132
13142
13137
13136
13136
13127
13129
13131
13134
13134
13134
13136
13133
13137
13129
13128
13125
13128
13133
13126
13131
13130
13126
13124
13133
13123
13128
13134
13128
13130
13129
13134
13135
13133
13133
13148
13142
13138
13141
13143
13144
13142
13142
13147
13150
13150
13152
13150
13146
13146
13141
13143
13134
13138
13133
13135
13135
13127
13128
13130
13137
13145
13137
13136
13133
13126
13134
13127
13128
13127
13131
13135
13138
13137
13141
13153
13146
13141
13140
13135
13141
13147
13152
13150
13148
13149
13139
13142
13140
13136
13138
13136
13135
13142
13128
13120
13130
13130
13131
13135
13136
13133
13133
13126
13132
13128
13128
13126
13130
13133
13130
13124
13134
13129
13129
13135
13130
13122
13130
13123
13133
13132
13126
13130
13132
13140
13134
13137
13138
13132
13137
13134
13135
13142
13137
13145
13147
13149
13141
13141
13142
13140
13144
13143
13145
13142
13146
13142
13134
13138
13138
13140
13146
13147
13147
13151
13146
13145
13135
13129
13123
13122
13131
13127
13127
13120
13119
13121
13122
13117
13127
13129
13130
13137
13128
13130
13137
13133
13132
13125
13131
13125
13132
13129
13138
13126
13133
13136
13132
13129
13136
13140
13145
13141
13138
13141
13136
13134
13143
13134
13141
13142
13141
13142
13139
13141
13135
13137
13131
13127
13126
13129
13122
13135
13126
13126
13134
13134
13129
13132
13130
13126
13134
13137
13136
13131
13132
13137
13130
13132
13132
13127
13132
13131
13116
13126
13114
13109
13113
13116
13121
13126
13126
13127
13131
13136
13136
13134
13137
13140
13138
13140
13137
13147
13138
