13132
13136
13131
13126
13132
13130
13133
13139
13142
13136
13139
13141
13134
13138
13141
13145
13137
13134
13128
13137
13134
13138
13140
13147
13141
13141
13144
13136
13134
13138
13131
13140
13137
13138
13135
13135
13134
13128
13131
13138
13137
13137
13139
13142
13144
13132
13129
13130
13129
13127
13121
13120
13119
13121
13125
13137
13130
13134
13142
13142
13145
13141
13142
13141
13141
13138
13146
13138
13138
13143
13140
13140
13137
13134
13137
13132
13127
13128
13121
13129
13123
13127
13121
13120
13132
13125
13129
13137
13134
13136
13135
13143
13149
13144
13146
13143
13132
13135
13137
13137
13141
13131
13133
13134
13129
13129
13138
13137
13134
13138
13131
13130
13128
13128
13131
13135
13134
13130
13132
13138
13137
13139
13136
13135
13140
13136
13133
13138
13132
13133
13127
13127
13129
13133
13135
13136
13131
13136
13143
13143
13140
13146
13143
13147
13141
13134
13134
13130
13130
13132
13124
13132
13135
13135
13141
13139
13138
13136
13128
13127
13128
13136
13134
13133
13135
13124
13124
13130
13127
13124
13125
13127
13133
13134
13134
13127
13135
13146
13151
13143
13139
13138
13136
13133
13131
13126
13134
13127
13129
13138
13138
13134
13136
13143
13142
13138
13142
13140
13142
13146
13147
13143
13143
13142
13139
13129
13132
13131
13134
13132
13134
13136
13134
13126
13128
13130
13130
13134
13137
13140
13146
13144
13140
13142
13137
13132
13132
13138
13141
13148
13149
13153
13156
13142
13140
13132
13134
13135
13137
13137
13133
13128
13126
13124
13134
13134
13130
13131
13130
13128
13125
13128
13127
13132
13126
13128
13120
13124
13126
13130
13122
13132
13130
13135
13128
13130
13147
13138
13135
13141
13134
13140
13135
13133
13130
13120
13135
13121
13133
13140
13140
13138
13141
13136
13138
13133
13134
13138
13137
13131
13131
13138
13135
13133
13133
13130
13128
13127
13130
13134
13140
13138
13140
13144
13140
13131
13140
13135
13137
13143
13128
13132
13132
13121
13122
13133
13135
13134
13134
13134
13137
13133
13127
13129
13134
13132
13130
13135
13132
13129
13139
13134
13143
13150
13153
13150
13147
13144
13146
13134
13132
13126
13133
13139
13129
13128
13124
13128
13125
13127
13126
13132
13136
13135
13134
13136
13143
13136
13138
13143
13139
13140
13136
13141
13150
13147
13144
13149
13149
13147
13138
13141
13146
13145
13143
13144
13140
13147
13143
13131
13135
13140
13135
13137
13130
13131
13143
13143
13147
13143
13136
13138
13143
13147
13143
13144
13144
13142
13151
13154
13155
13154
13158
13148
13153
13143
13132
13129
13120
13116
13122
13120
13121
13117
13116
13123
13124
13125
13127
13133
13132
13129
13132
13137
13129
13133
13132
13126
13120
13123
13125
13128
13138
13136
13141
13138
13143
13138
13145
13147
13147
13145
13144
13140
13147
13136
13133
13137
13134
13138
13135
13140
13138
13143
13141
13142
13139
13142
13143
13140
13135
13133
13136
13139
13137
13136
13137
13136
13141
13151
13142
13147
13147
13143
13144
13138
13136
13130
13126
13130
13135
13137
13136
13129
13139
13136
13139
13145
13143
13134
13131
13138
13133
13127
13125
13132
13135
13128
13124
13124
13127
13130
13125
13139
13137
13112
12840
12278
11671
11271
11046
10936
10914
10929
10988
11064
11162
11249
11359
11450
11556
11651
11751
11839
11931
11998
12071
12140
12205
12264
12316
12366
12417
12460
12499
12537
12577
12605
12644
12670
12701
12729
12751
12785
12808
12833
12855
12869
12886
12903
12914
12923
12937
12941
12956
12960
12973
12980
12993
13001
13017
13026
13030
13036
13046
13046
13042
13053
13062
13066
13065
13068
13069
13074
13072
13081
13074
13084
13088
13088
13097
13100
13107
13110
13107
13104
13110
13105
13098
13116
13114
13119
13121
13119
13126
13130
13133
13131
13133
13135
13134
13137
13134
13134
13137
13134
13129
13132
13124
13128
13127
13128
13126
13121
13130
13128
13126
13130
13126
13121
13122
13130
13126
13130
13126
13124
13137
13123
13127
13133
13130
13128
13132
13130
13137
13138
13139
13137
13133
13131
13125
13129
13127
13128
13133
13126
13124
13128
13137
13139
13133
13133
13136
13140
13140
13137
13133
13133
13138
13133
13132
13131
13130
13135
13125
13121
13125
13128
13132
13132
13126
13132
13130
13133
13135
13135
13134
13130
13128
13130
13127
13124
13125
13125
13136
13131
13127
13127
13139
13146
13138
13138
13132
13138
13136
13137
13138
13140
13136
13135
13137
13137
13135
13129
13125
13121
13130
13129
13134
13138
13136
13135
13134
13135
13133
13127
13126
13123
13124
13121
13125
13131
13127
13127
13124
13122
13117
13120
13120
13118
13119
13119
13120
13125
13132
13132
13123
13127
13124
13123
13117
13117
13124
13131
13133
13133
13145
13139
13139
13140
13133
13132
13136
13130
13132
13130
13135
13132
13126
13123
13123
13121
13119
13123
13139
13133
13141
13143
13140
13139
13139
13139
13139
13142
13142
13140
13138
13147
13143
13140
13135
13137
13141
13144
13132
13130
13139
13140
13138
13138
13130
13136
13136
13132
13138
13132
13128
13133
13134
13136
13133
13125
13133
13127
13129
13129
13122
13121
13121
13122
13116
13122
13127
13127
13130
13132
13136
13141
13139
13133
13136
13138
13138
13146
13134
13131
13133
13126
13125
13128
13125
13137
13137
13139
13140
13141
13143
13142
13145
13147
13151
13152
13144
13147
13158
13150
13149
13148
13142
13139
13138
13132
13129
13124
13124
13134
13131
13136
13138
13146
13140
13145
13146
13147
13143
13136
13142
13139
13140
13140
13131
13130
13136
13137
13135
13142
13142
13141
13147
13147
13141
13146
13143
13136
13134
13132
13123
13129
13128
13135
13131
13135
13135
13138
13139
13141
13133
13135
13134
13138
13133
13127
13123
13130
13130
13132
13139
13137
13135
13138
13140
13143
13145
13139
13137
13134
13138
13138
13135
13137
13128
13123
13119
13124
13130
13126
13130
13133
13135
13135
13138
13142
13142
13145
13140
13141
13131
13137
13133
13137
13142
13148
13145
13152
13149
13148
13153
13146
13143
13145
13133
13134
13129
13129
13129
13132
13135
13136
13132
13140
13134
13139
13145
13146
13144
13140
13136
13133
13131
13136
13129
13131
13136
13134
13130
13133
13134
13138
13140
13135
13129
13130
13126
13130
13123
13121
13128
13122
13129
13130
13130
13127
13134
13132
13131
13124
13133
13131
13134
13137
13138
13136
13134
13135
13136
13131
13125
13135
13139
13141
13144
13146
13146
13138
13142
13152
13138
13144
13143
13141
13143
13142
13148
13150
13150
13139
13147
13135
13131
13132
