13129
13134
13131
13130
13135
13126
13128
13127
13126
13131
13132
13137
13137
13140
13143
13147
13145
13143
13137
13132
13126
13123
13124
13130
13128
13125
13134
13133
13139
13144
13134
13137
13133
13137
13133
13135
13136
13138
13143
13144
13144
13137
13126
13118
13128
13126
13129
13125
13125
13132
13125
13124
13123
13124
13124
13127
13123
13131
13128
13119
13126
13121
13115
13125
13123
13128
13136
13139
13135
13132
13135
13135
13144
13138
13140
13135
13146
13137
13133
13137
13133
13137
13134
13131
13137
13131
13134
13132
13128
13133
13129
13130
13124
13122
13126
13132
13126
13130
13128
13120
13128
13125
13119
13126
13127
13121
13127
13123
13122
13127
13127
13132
13134
13140
13140
13141
13140
13142
13142
13140
13143
13136
13134
13135
13134
13133
13130
13136
13138
13142
13142
13136
13141
13144
13144
13138
13130
13133
13132
13130
13136
13130
13134
13132
13125
13123
13140
13134
13146
13150
13146
13148
13140
13141
13138
13138
13135
13136
13131
13136
13132
13137
13135
13134
13133
13121
13115
13116
13116
13122
13126
13125
13134
13126
13124
13125
13127
13138
13140
13133
13138
13135
13140
13144
13145
13139
13154
13140
13141
13137
13126
13117
13119
13109
13117
13118
13119
13120
13121
13132
13129
13136
13142
13138
13137
13132
13126
13132
13131
13135
13136
13132
13133
13138
13137
13145
13141
13138
13135
13128
13129
13130
13129
13134
13136
13130
13143
13134
13134
13138
13136
13142
13141
13145
13143
13145
13150
13140
13143
13148
13145
13149
13145
13145
13149
13138
13137
13138
13130
13134
13131
13124
13128
13127
13128
13129
13129
13133
13132
13128
13129
13128
13130
13133
13124
13121
13132
13124
13129
13139
13137
13139
13143
13148
13141
13135
13129
13133
13137
13139
13136
13136
13136
13132
13134
13129
13128
13136
13136
13139
13135
13135
13137
13134
13132
13136
13127
13125
13126
13130
13120
13123
13116
13126
13124
13118
13128
13128
13128
13134
13135
13138
13135
13137
13133
13130
13131
13124
13125
13127
13126
13130
13126
13126
13126
13120
13123
13132
13128
13139
13134
13136
13135
13134
13129
13134
13129
13129
13132
13132
13133
13132
13123
13127
13127
13128
13130
13122
13122
13133
13133
13130
13134
13130
13130
13138
13150
13144
13141
13141
13143
13137
13132
13134
13134
13131
13129
13125
13124
13125
13127
13127
13135
13138
13136
13140
13132
13140
13142
13139
13135
13136
13135
13146
13142
13139
13152
13142
13138
13142
13141
13136
13133
13141
13143
13136
13134
13133
13140
13146
13148
13144
13146
13138
13142
13139
13139
13138
13137
13138
13142
13144
13138
13144
13142
13150
13138
13143
13142
13141
13147
13146
13138
13145
13138
13137
13141
13138
13140
13144
13136
13139
13137
13132
13128
13135
13128
13127
13126
13130
13128
13128
13133
13131
13138
13130
13131
13135
13127
13135
13132
13135
13129
13125
13126
13129
13131
13137
13135
13135
13133
13134
13125
13136
13126
13128
13127
13122
13126
13125
13124
13127
13131
13137
13138
13148
13148
13144
13150
13150
13156
13139
13135
13133
13133
13128
13131
13130
13134
13137
13132
13134
13137
13139
13134
13146
13150
13149
13149
13143
13133
13130
13126
13136
13102
12579
11596
10937
10463
10157
10033
9994
10048
10120
10250
10368
10520
10651
10814
10945
11077
11190
11318
11428
11545
11634
11727
11814
11902
11985
12070
12135
12207
12261
12313
12377
12419
12463
12513
12544
12582
12618
12650
12683
12708
12731
12767
12783
12807
12824
12843
12862
12875
12899
12906
12920
12935
12942
12963
12982
12988
12998
13001
13012
13022
13025
13027
13030
13039
13047
13053
13056
13065
13067
13074
13081
13085
13083
13086
13085
13090
13088
13092
13097
13089
13083
13093
13088
13092
13103
13099
13105
13104
13102
13107
13115
13110
13107
13115
13120
13122
13130
13131
13134
13137
13131
13123
13130
13124
13131
13134
13142
13137
13138
13146
13145
13136
13132
13134
13132
13142
13138
13133
13141
13133
13133
13135
13127
13131
13134
13134
13133
13136
13140
13142
13138
13133
13132
13127
13128
13132
13134
13128
13118
13119
13116
13110
13109
13111
13127
13125
13129
13129
13123
13126
13129
13127
13127
13128
13127
13123
13122
13120
13138
13137
13129
13138
13131
13134
13140
13139
13142
13139
13141
13139
13137
13133
13136
13133
13142
13146
13145
13142
13136
13142
13132
13128
13123
13121
13131
13128
13120
13118
13113
13109
13126
13131
13134
13133
13138
13139
13142
13131
13132
13126
13126
13135
13136
13140
13143
13140
13142
13141
13140
13140
13130
13131
13128
13129
13129
13124
13127
13126
13125
13133
13132
13130
13136
13136
13133
13130
13129
13078
12954
12882
12844
12814
12803
12809
12812
12822
12833
12844
12861
12878
12891
12915
12920
12933
12949
12959
12972
12987
12994
13004
13019
13026
13029
13034
13045
13047
13053
13055
13064
13073
13083
13090
13092
13100
13101
13094
13099
13101
13101
13105
13106
13103
13100
13105
13104
13116
13114
13118
13128
13120
13116
13124
13116
13120
13119
13122
13120
13121
13128
13122
13124
13129
13123
13126
13135
13128
13124
13121
13124
13125
13126
13135
13135
13140
13144
13139
13141
13136
13137
13131
13138
13133
13136
13138
13140
13137
13131
13126
13133
13125
13126
13136
13130
13125
13129
13126
13129
13129
13124
13118
13122
13126
13128
13126
13128
13123
13121
13123
13124
13126
13124
13125
13133
13132
13134
13131
13128
13132
13129
13134
13135
13131
13137
13145
13138
13141
13138
13140
13145
13134
13128
13130
13124
13120
13123
13118
13116
13113
13118
13119
13118
13120
13118
13125
13128
13128
13127
13119
13125
13125
13125
13123
13132
13127
13138
13131
13139
13141
13137
13139
13143
13138
13138
13137
13131
13126
13131
13126
13132
13131
13128
13135
13133
13131
13137
13133
13131
13131
13129
13127
13133
13132
13133
13130
13132
13131
13132
13138
13137
13147
13140
13137
13143
13140
13153
13152
13140
13146
13142
13142
13140
13136
13130
13127
13127
13120
13126
13129
13141
13139
13136
13141
13134
13134
13139
13130
13130
13130
13124
13130
13129
13138
13130
13130
13128
13127
13129
13135
13135
13142
13145
13142
13145
13147
13142
13139
13144
13141
13137
13138
13135
13131
13130
13130
13129
13132
13130
13126
13129
13117
13115
13114
13110
13108
13120
13116
13125
13122
13122
13131
13135
13136
13136
13144
13148
13153
13148
13138
13139
13144
13140
13137
13140
13142
13135
13131
13132
13129
13131
13128
13132
13129
13131
13130
13127
13133
13135
13138
13147
13142
13137
13146
13056
12955
12898
