13130
13134
13131
13131
13132
13129
13130
13138
13135
13140
13135
13136
13147
13138
13141
13139
13148
13147
13142
13139
13132
13136
13135
13136
13135
13144
13140
13139
13139
13138
13141
13147
13139
13135
13132
13122
13124
13133
13125
13129
13132
13133
13130
13132
13134
13131
13130
13137
13135
13138
13140
13144
13148
13136
13133
13129
13133
13129
13128
13135
13134
13137
13135
13141
13135
13145
13146
13139
13146
13145
13148
13150
13143
13138
13141
13138
13130
13132
13134
13130
13134
13131
13131
13128
13121
13118
13120
13125
13120
13115
13119
13118
13123
13119
13119
13132
13128
13130
13129
13127
13128
13129
13134
13131
13134
13135
13130
13130
13126
13129
13134
13142
13143
13136
13139
13139
13143
13141
13133
13132
13133
13131
13132
13123
13128
13119
13125
13134
13129
13131
13132
13134
13148
13143
13134
13140
13142
13144
13138
13131
13136
13142
13141
13142
13139
13135
13143
13137
13145
13141
13133
13140
13134
13132
13134
13129
13135
13142
13146
13143
13138
13136
13136
13134
13136
13140
13138
13140
13142
13141
13134
13132
13135
13132
13130
13133
13133
13132
13134
13138
13126
13129
13131
13132
13128
13135
13139
13138
13133
13132
13137
13140
13137
13135
13146
13147
13148
13147
13142
13139
13138
13144
13135
13133
13142
13137
13139
13141
13140
13141
13144
13147
13152
13147
13139
13140
13140
13139
13140
13130
13135
13134
13136
13135
13130
13132
13137
13130
13137
13132
13131
13143
13134
13136
13141
13138
13132
13136
13132
13124
13136
13129
13125
13119
13124
13125
13131
13135
13131
13137
13133
13135
13140
13135
13141
13138
13144
13140
13133
13127
13125
13135
13136
13139
13147
13144
13145
13147
13149
13144
13142
13138
13146
13141
13146
13134
13126
13134
13134
13133
13135
13139
13143
13146
13142
13139
13146
13140
13138
13141
13154
13145
13158
13153
13143
13143
13139
13139
13132
13136
13137
13141
13142
13137
13127
13124
13128
13135
13133
13128
13123
13119
13113
13114
13126
13128
13131
13138
13136
13138
13137
13136
13142
13139
13138
13130
13135
13128
13127
13122
13125
13132
13139
13141
13142
13149
13147
13144
13153
13148
13144
13143
13134
13138
13133
13142
13138
13139
13138
13132
13133
13133
13135
13133
13143
13135
13133
13136
13131
13136
13134
13132
13133
13136
13137
13138
13139
13139
13132
13137
13126
13131
13140
13132
13128
13132
13134
13131
13129
13129
13132
13140
13142
13150
13144
13154
13150
13146
13146
13137
13137
13142
13140
13135
13141
13132
13130
13136
13136
13133
13134
13131
13130
13125
13131
13126
13124
13128
13119
13116
13121
13124
13129
13133
13137
13143
13145
13149
13154
13148
13152
13146
13145
13142
13138
13137
13147
13139
13137
13142
13144
13150
13134
13130
13138
13132
13122
13125
13122
13131
13133
13134
13135
13138
13142
13131
13133
13137
13141
13139
13136
13135
13140
13129
13126
13128
13129
13126
13126
13138
13135
13140
13145
13151
13142
13143
13146
13145
13143
13145
13140
13147
13136
13137
13139
13130
13121
13127
13121
13122
13125
13126
13125
13126
13126
13125
13127
13123
13124
13131
13140
13137
13137
13135
13126
13128
13135
13130
13126
13130
13129
13136
13136
13137
13126
13119
12533
11662
11034
10616
10408
10285
10259
10269
10312
10362
10474
10581
10733
10856
11000
11112
11245
11353
11476
11564
11671
11754
11852
11929
12011
12083
12158
12215
12273
12320
12374
12422
12468
12508
12548
12584
12612
12647
12678
12709
12741
12763
12792
12806
12825
12847
12857
12866
12884
12893
12907
12927
12942
12956
12970
12978
12983
12990
13005
13007
13018
13028
13037
13043
13045
13053
13059
13064
13068
13075
13082
13092
13093
13097
13093
13094
13097
13097
13093
13099
13096
13091
13097
13097
13097
13069
12951
12878
12845
12812
12798
12798
12807
12820
12838
12856
12877
12890
12903
12910
12923
12938
12955
12960
12972
12981
12994
12998
12999
13012
13020
13029
13040
13050
13046
13052
13062
13070
13071
13079
13080
13083
13088
13096
13093
13101
13098
13102
13106
13103
13099
13109
13103
13108
13104
13103
13107
13108
13112
13114
13116
13122
13117
13126
13123
13122
13127
13123
13117
13131
13124
13128
13124
13132
13130
13137
13134
13135
13119
13122
13122
13124
13120
13123
13122
13131
13122
13122
13133
13131
13129
13132
13128
13130
13128
13123
13127
13125
13124
13117
13127
13123
13122
13122
13126
13123
13136
13131
13128
13127
13134
13138
13140
13141
13141
13135
13133
13134
13124
13133
13134
13129
13133
13132
13130
13133
13128
13130
13131
13134
13133
13134
13125
13128
13129
13131
13132
13135
13128
13132
13131
13129
13131
13129
13130
13134
13141
13137
13134
13138
13134
13141
13136
13136
13129
13135
13131
13133
13122
13121
13120
13113
13112
13116
13110
13120
13117
13115
13115
13116
13119
13133
13131
13138
13143
13141
13136
13137
13140
13135
13138
13138
13133
13131
13124
13131
13132
13131
13128
13137
13136
13134
13126
13132
13127
13133
13126
13128
13123
13132
13134
13135
13141
13139
13138
13142
13136
13137
13137
13128
13128
13131
13130
13136
13098
12978
12902
12857
12829
12825
12824
12839
12843
12856
12861
12879
12909
12915
12933
12947
12953
12959
12968
12979
12984
12993
12994
13003
13006
13016
13034
13035
13038
13055
13059
13068
13064
13068
13074
13073
13085
13093
13087
13085
13084
13087
13091
13091
13095
13102
13105
13107
13105
13105
13098
13106
13118
13105
13102
13118
13114
13122
13117
13116
13117
13124
13130
13126
13119
13122
13126
13124
13131
13127
13127
13133
13123
13116
13120
13121
13115
13117
13118
13121
13126
13136
13135
13130
13133
13132
13126
13123
13126
13131
13131
13135
13144
13139
13140
13136
13132
13135
13138
13136
13141
13136
13134
13136
13135
13140
13139
13143
13149
13148
13142
13141
13133
13124
13131
13123
13124
13133
13135
13139
13146
13145
13144
13143
13137
13134
13138
13136
13136
13139
13138
13142
13146
13138
13142
13143
13144
13140
13141
13140
13140
13136
13131
13134
13127
13128
13129
13128
13133
13132
13137
13137
13136
13132
13143
13132
13131
13131
13122
13124
13125
13130
13133
13137
13135
13136
13135
13132
13131
13131
13133
13135
13140
13128
13133
13133
13137
13138
13135
13132
13130
13136
13138
13135
13131
13136
13143
13138
13141
13139
13142
13141
13142
13133
13142
13138
13135
13137
13124
13126
13128
13127
13130
13131
13134
13136
13132
13136
13132
13137
13132
13129
13137
13125
13124
13127
13130
13133
13134
13140
13140
13138
13131
13134
13138
13136
13140
13132
13126
13132
