13136
13134
13142
13141
13135
13137
13133
13135
13129
13138
13135
13135
13135
13131
13133
13136
13141
13138
13137
13141
13147
13142
13142
13144
13139
13140
13134
13137
13137
13133
13135
13140
13139
13139
13139
13129
13130
13138
13139
13140
13134
13136
13144
13140
13133
13132
13130
13130
13132
13135
13134
13135
13133
13129
13123
13118
13120
13121
13117
13121
13128
13121
13130
13134
13138
13147
13145
13142
13150
13146
13143
13149
13141
13139
13140
13138
13137
13135
13127
13132
13126
13124
13138
13132
13132
13137
13139
13146
13148
13144
13140
13133
13127
13127
13120
13122
13124
13127
13128
13125
13130
13129
13127
13130
13131
13126
13126
13128
13129
13136
13141
13141
13133
13137
13137
13140
13142
13139
13134
13132
13120
13118
13125
13121
13124
13122
13121
13115
13126
13127
13125
13122
13129
13122
13134
13133
13138
13135
13129
13122
13126
13125
13119
13128
13129
13126
13121
13119
13123
13124
13119
13127
13128
13130
13136
13136
13140
13145
13144
13149
13137
13135
13146
13138
13141
13143
13145
13154
13144
13147
13151
13145
13148
13147
13147
13145
13138
13138
13131
13132
13142
13135
13138
13136
13140
13140
13141
13138
13139
13137
13134
13139
13140
13146
13146
13139
13142
13140
13141
13144
13142
13135
13141
13132
13123
13127
13132
13135
13138
13134
13134
13132
13137
13134
13133
13131
13128
13128
13136
13137
13142
13143
13141
13145
13145
13132
13125
13124
13121
13125
13129
13129
13120
13132
13126
13124
13133
13137
13133
13141
13134
13129
13133
13131
13132
13139
13133
13131
13138
13137
13136
13137
13136
13126
13138
13139
13141
13137
13141
13138
13144
13140
13137
13142
13146
13142
13137
13139
13130
13128
13123
13130
13125
13132
13130
13124
13126
13133
13128
13132
13124
13126
13139
13134
13136
13134
13136
13133
13136
13137
13129
13125
13127
13131
13132
13132
13130
13140
13141
13147
13149
13150
13150
13147
13137
13137
13130
13127
13131
13129
13128
13131
13126
13127
13126
13121
13126
13124
13117
13123
13126
13125
13133
13129
13126
13131
13132
13136
13129
13124
13130
13132
13143
13141
13138
13139
13140
13143
13142
13142
13139
13137
13130
13138
13132
13122
13120
13127
13130
13122
13120
13128
13122
13132
13134
13136
13131
13134
13129
13135
13129
13126
13129
13137
13133
13143
13133
13132
13131
13131
13132
13134
13130
13127
13125
13138
13141
13140
13141
13139
13150
13138
13132
13135
13137
13138
13140
13141
13143
13145
13148
13150
13140
13143
13139
13141
13134
13140
13131
13135
13130
13127
13134
13132
13127
13138
13135
13138
13138
13146
13138
13136
13138
13132
13126
13133
13132
13132
13127
13122
13129
13131
13133
13137
13137
13136
13134
13139
13136
13139
13151
13153
13150
13153
13149
13140
13147
13144
13142
13148
13135
13134
13140
13134
13126
13125
13122
13121
13115
13119
13116
13121
13125
13128
13129
13139
13133
13132
13134
13135
13134
13125
13121
13125
13124
13132
13132
13134
13129
13132
13139
13142
13133
13140
13141
13138
13131
13133
13134
13126
13125
13120
13125
13122
13122
13125
13124
13125
13131
13132
13135
13133
13136
13125
13128
13127
13134
13128
13127
13127
13126
13124
13121
13131
13127
13127
13129
13103
12652
12018
11490
11177
11009
10928
10940
10966
11043
11118
11223
11323
11427
11513
11614
11694
11788
11870
11957
12025
12102
12159
12230
12290
12351
12396
12450
12493
12535
12573
12610
12637
12670
12696
12729
12757
12777
12797
12818
12837
12851
12859
12869
12890
12906
12921
12932
12915
12815
12752
12720
12687
12669
12670
12688
12698
12710
12729
12749
12765
12784
12795
12822
12839
12859
12868
12893
12908
12926
12943
12958
12960
12975
12983
12995
13000
13008
13014
13022
13028
13033
13040
13051
13062
13066
13076
13072
13071
13078
13078
13077
13077
13084
13082
13092
13091
13099
13106
13102
13106
13113
13117
13115
13118
13125
13122
13124
13136
13130
13131
13125
13128
13126
13121
13124
13117
13116
13119
13120
13123
13131
13134
13132
13137
13129
13138
13132
13127
13120
13117
13116
13119
13117
13113
13113
13122
13117
13123
13116
13122
13126
13123
13131
13133
13131
13130
13129
13133
13129
13128
13127
13130
13145
13136
13141
13148
13151
13152
13148
13146
13142
13142
13146
13147
13134
13136
13133
13135
13134
13138
13133
13134
13126
13125
13133
13128
13135
13143
13140
13133
13143
13141
13142
13142
13143
13142
13143
13146
13141
13138
13141
13140
13148
13146
13141
13144
13141
13139
13136
13139
13126
13129
13127
13124
13123
13123
13134
13135
13137
13139
13138
13141
13138
13137
13141
13130
13123
13133
13124
13129
13136
13136
13133
13133
13129
13134
13135
13143
13149
13142
13142
13135
13138
13132
13125
13118
13127
13126
13128
13126
13136
13133
13131
13135
13130
13126
13130
13130
13137
13138
13138
13148
13138
13131
13137
13126
13130
13127
13124
13122
13127
13127
13127
13127
13123
13121
13119
13121
13116
13116
13113
13123
13128
13128
13127
13137
13137
13142
13139
13133
13128
13127
13125
13127
13123
13129
13128
13133
13136
13138
13144
13146
13148
13138
13149
13140
13134
13141
13140
13139
13136
13135
13143
13145
13148
13140
13144
13148
13150
13138
13145
13138
13151
13138
13135
13144
13137
13140
13133
13132
13142
13141
13137
13143
13130
13134
13135
13134
13126
13123
13128
13130
13127
13123
13133
13130
13131
13136
13135
13135
13140
13139
13142
13138
13135
13127
13134
13140
13137
13136
13132
13132
13132
13130
13132
13128
13128
13131
13121
13126
13129
13127
13126
13132
13126
13135
13143
13137
13143
13149
13144
13144
13133
13127
13129
13126
13120
13127
13119
13126
13127
13124
13127
13127
13125
13125
13132
13138
13139
13138
13129
13131
13136
13134
13133
13136
13137
13138
13138
13135
13134
13137
13127
13136
13132
13136
13135
13140
13139
13137
13134
13139
13145
13146
13153
13145
13148
13144
13142
13136
13134
13138
13141
13141
13143
13140
13137
13144
13149
13146
13147
13140
13150
13142
13140
13139
13130
13135
13125
13124
13122
13122
13121
13127
13121
13124
13124
13123
13122
13128
13125
13122
13124
13115
13133
13135
13142
13152
13147
13150
13151
13141
13142
13137
13136
13130
13129
13132
13126
13127
13129
13123
13141
13135
13136
13146
13144
13146
13146
13139
13145
13145
13145
13144
13136
13132
13134
13129
13130
13131
13128
13140
13131
13128
13133
13129
13133
13133
13129
13127
13137
13133
13132
13139
13139
13133
13135
13141
13144
13139
13140
13132
13138
13130
13128
13137
13134
13138
13135
13131
13131
13132
