13148
13145
13138
13132
13131
13132
13134
13131
13126
13135
13140
13143
13149
13146
13142
13142
13137
13136
13141
13134
13133
13138
13136
13143
13147
13150
13148
13144
13142
13138
13135
13141
13142
13144
13143
13138
13146
13143
13137
13142
13148
13153
13148
13145
13145
13141
13140
13134
13123
13125
13127
13135
13138
13136
13137
13146
13145
13146
13146
13140
13139
13144
13140
13142
13130
13128
13125
13132
13133
13131
13133
13139
13136
13141
13137
13138
13144
13141
13142
13142
13146
13148
13146
13145
13159
13152
13150
13152
13145
13143
13142
13138
13140
13135
13133
13134
13130
13123
13133
13132
13131
13135
13127
13132
13132
13136
13139
13139
13142
13142
13145
13144
13139
13140
13136
13134
13139
13135
13140
13143
13140
13135
13128
13128
13132
13131
13128
13130
13120
13129
13133
13131
13138
13139
13140
13142
13131
13129
13128
13130
13129
13135
13131
13137
13142
13140
13134
13137
13135
13135
13137
13137
13134
13130
13127
13124
13132
13127
13126
13128
13131
13125
13122
13119
13118
13121
13122
13132
13131
13138
13138
13140
13139
13139
13140
13141
13140
13138
13141
13130
13125
13124
13128
13132
13130
13136
13147
13147
13141
13138
13135
13139
13129
13131
13131
13132
13137
13126
13118
13115
13116
13120
13126
13133
13136
13133
13128
13131
13118
13123
13122
13124
13127
13135
13131
13141
13130
13131
13135
13139
13144
13140
13135
13139
13137
13137
13135
13136
13142
13138
13140
13139
13141
13141
13142
13143
13138
13132
13131
13126
13126
13123
13124
13127
13124
13126
13134
13141
13133
13129
13127
13127
13130
13133
13126
13138
13136
13128
13138
13135
13134
13139
13130
13132
13134
13138
13149
13142
13145
13141
13141
13137
13141
13138
13140
13132
13136
13136
13135
13138
13134
13134
13130
13128
13131
13134
13137
13138
13130
13138
13141
13136
13133
13136
13134
13140
13132
13129
13137
13136
13138
13140
13137
13138
13139
13136
13137
13132
13132
13125
13125
13132
13134
13135
13139
13128
13142
13138
13141
13139
13142
13153
13147
13151
13146
13146
13143
13148
13140
13140
13136
13136
13129
13133
13134
13137
13126
13128
13128
13130
13129
13138
13135
13135
13139
13139
13141
13136
13137
13138
13140
13144
13139
13141
13140
13142
13143
13133
13131
13139
13133
13138
13131
13131
13136
13132
13133
13139
13135
13140
13146
13141
13146
13142
13134
13138
13138
13133
13135
13128
13131
13136
13137
13134
13138
13138
13140
13136
13138
13140
13134
13138
13133
13126
13122
13123
13130
13127
13126
13132
13131
13131
13128
13132
13134
13134
13134
13133
13134
13135
13135
13134
13137
13137
13135
13138
13129
13129
13138
13136
13135
13139
13128
13132
13138
13135
13125
13125
13123
13120
13126
13136
13135
13132
13129
13134
13138
13131
13132
13142
13143
13135
13133
13135
13135
13137
13136
13134
13135
13138
13142
13135
13139
13136
13134
13139
13134
13139
13149
13141
13145
13150
13149
13154
13147
13139
13138
13142
13139
13135
13133
13142
13132
13132
13122
13126
13125
13127
13125
13132
13140
13144
13143
13139
13134
13124
13128
13137
13129
13131
13136
13133
13130
13133
13128
13136
13132
13130
13134
13131
13129
13134
13133
13128
13130
12906
11944
11242
10737
10440
10310
10271
10296
10311
10403
10495
10628
10738
10858
10897
10994
11090
11197
11292
11403
11496
11604
11694
11785
11856
11949
12018
12096
12154
12220
12273
12332
12377
12433
12472
12518
12555
12593
12626
12658
12687
12714
12742
12773
12792
12812
12832
12852
12864
12883
12895
12918
12928
12942
12958
12979
12982
12994
12999
13009
13015
13026
13027
13028
13033
13041
13034
13041
13052
13055
13069
13072
13080
13089
13088
13087
13091
13091
13092
13090
13091
13092
13096
13101
13100
13105
13104
13102
13102
13102
13108
13114
13107
13112
13119
13119
13119
13110
13116
13116
13116
13119
13125
13115
13123
13120
13120
13126
13123
13121
13135
13135
13133
13136
13133
13128
13137
13127
13133
13131
13129
13131
13134
13142
13137
13139
13137
13131
13127
13134
13120
13128
13115
13112
13115
13116
13117
13111
13115
13124
13122
13120
13116
13108
13112
13118
13119
13123
13127
13127
13137
13148
13139
13147
13139
13141
13145
13135
13139
13135
13139
13139
13143
13139
13129
13133
13141
13137
13137
13131
13125
13138
13135
13142
13146
13150
13145
13142
13140
13142
13141
13135
13136
13128
13125
13123
13127
13125
13127
13131
13132
13128
13119
13125
13120
13125
13133
13133
13139
13148
13142
13145
13147
13152
13142
13141
13139
13127
13123
13115
13122
13129
13119
13124
13124
13128
13138
13139
13137
13137
13132
13128
13128
13124
13124
13128
13129
13137
13141
13131
13131
13123
13118
13126
13115
13118
13127
13128
13126
13132
13131
13133
13129
13126
13121
13126
13129
13127
13124
13128
13122
13131
13127
13125
13122
13122
13124
13123
13130
13132
13131
13142
13141
13135
13127
13133
13130
13128
13129
13129
13138
13135
13131
13126
13124
13128
13131
13126
13123
13126
13127
13136
13141
13148
13135
13131
13127
13127
13128
13126
13129
13135
13124
13127
13132
13129
13129
13133
13137
13139
13132
13130
13138
13140
13137
13139
13137
13140
13137
13139
13143
13129
13125
13133
13126
13121
13125
13122
13117
13128
13129
13134
13127
13125
13128
13130
13129
13131
13128
13130
13130
13141
13137
13137
13133
13131
13138
13140
13138
13138
13141
13141
13147
13140
13134
13133
13122
13126
13123
13123
13126
13124
13129
13136
13133
13129
13139
13136
13137
13130
13129
13127
13124
13120
13110
13119
13122
13124
13125
13118
13122
13130
13129
13129
13133
13134
13142
13146
13141
13147
13141
13142
13143
13133
13131
13131
13128
13126
13123
13119
13122
13131
13127
13133
13132
13136
13137
13126
13128
13135
13125
13128
13133
13127
13126
13127
13132
13136
13128
13125
13125
13128
13131
13138
13138
13142
13143
13151
13149
13149
13143
13138
13138
13137
13137
13144
13137
13143
13143
13136
13139
13129
13122
13127
13124
13116
13121
13114
13114
13116
13116
13111
13116
13124
13124
13123
13137
13136
13134
13136
13130
13138
13132
13122
13117
13122
13120
13125
13119
13126
13124
13130
13137
13131
13129
13137
13130
13140
13137
13144
13148
13141
13135
13143
13131
13128
13132
13134
13130
13135
13139
13131
13128
13124
13126
13129
13132
13130
13130
13135
13135
13146
13134
13131
13138
13137
13139
13143
13137
13132
13136
13134
13138
13135
13133
13130
13134
13141
13140
13145
13145
13146
13147
13152
13141
13136
13135
13132
13131
13138
13131
13126
13133
13132
13133
