13137
13135
13128
13130
13132
13133
13134
13136
13131
13136
13147
13142
13149
13146
13143
13149
13142
13139
13148
13138
13140
13147
13147
13139
13145
13141
13137
13135
13131
13136
13137
13138
13137
13133
13129
13130
13139
13134
13146
13138
13136
13134
13137
13138
13141
13137
13128
13135
13115
12990
12909
12862
12839
12831
12826
12833
12832
12832
12854
12869
12883
12899
12907
12924
12935
12946
12960
12965
12982
12996
13011
13019
13031
13047
13044
13051
13060
13062
13065
13073
13079
13083
13092
13094
13091
13098
13089
13097
13098
13092
13096
13093
13101
13105
13108
13112
13106
13106
13111
13110
13105
13113
13112
13126
13123
13132
13125
13116
13114
13118
13118
13120
13123
13124
13128
13125
13137
13127
13132
13124
13125
13125
13127
13125
13126
13128
13125
13131
13122
13117
13124
13132
13146
13148
13135
13141
13137
13138
13147
13141
13135
13138
13136
13138
13149
13151
13153
13150
13147
13145
13140
13132
13132
13138
13138
13138
13146
13137
13135
13142
13140
13138
13137
13136
13142
13138
13136
13139
13133
13135
13134
13131
13133
13134
13126
13129
13126
13123
13132
13128
13117
13124
13123
13129
13130
13133
13136
13140
13141
13137
13136
13142
13133
13137
13142
13142
13142
13132
13139
13141
13142
13137
13131
13131
13128
13130
13125
13134
13129
13130
13128
13132
13136
13132
13126
13137
13134
13129
13139
13132
13129
13137
13144
13153
13151
13144
13141
13132
13139
13139
13136
13135
13132
13139
13136
13135
13137
13134
13139
13144
13142
13142
13141
13144
13142
13142
13140
13138
13130
13129
13125
13124
13122
13127
13123
13126
13130
13122
13135
13133
13136
13145
13146
13150
13145
13146
13142
13147
13147
13141
13143
13154
13153
13148
13148
13138
13143
13138
13146
13147
13146
13141
13137
13142
13140
13134
13123
13120
13120
13127
13133
13132
13131
13136
13136
13144
13137
13137
13141
13139
13134
13135
13133
13130
13136
13138
13132
13136
13137
13137
13144
13145
13151
13145
13153
13140
13144
13140
13136
13136
13140
13143
13141
13138
13135
13132
13127
13130
13125
13124
13140
13139
13148
13142
13143
13145
13146
13146
13143
13137
13126
13128
13133
13132
13132
13135
13136
13133
13135
13128
13129
13137
13139
13140
13145
13140
13143
13141
13143
13147
13145
13140
13145
13144
13147
13150
13139
13145
13134
13138
13138
13131
13131
13128
13124
13133
13126
13121
13132
13129
13132
13133
13137
13133
13134
13126
13132
13133
13136
13138
13136
13138
13131
13128
13125
13124
13130
13125
13121
13131
13132
13138
13140
13138
13143
13141
13137
13142
13132
13137
13133
13134
13135
13131
13129
13132
13130
13131
13137
13140
13137
13139
13133
13139
13136
13140
13139
13136
13140
13140
13139
13137
13135
13136
13135
13137
13139
13127
13127
13119
13122
13127
13136
13136
13131
13130
13128
13125
13121
13131
13138
13138
13140
13142
13140
13138
13136
13133
13138
13134
13127
13132
13139
13139
13138
13143
13142
13139
13141
13130
13131
13137
13140
13141
13142
13140
13150
13143
13142
13150
13159
13153
13156
13146
13145
13149
13143
13140
13135
13134
13138
13135
13138
13135
13133
13133
13125
13122
13124
13113
13115
13121
13122
13125
13130
13069
12775
11948
10981
10157
9704
9451
9350
9328
9411
9508
9671
9815
9990
10146
10307
10397
10531
10648
10790
10904
11044
11159
11284
11394
11519
11614
11717
11799
11883
11962
12042
12104
12186
12233
12296
12353
12400
12446
12502
12547
12588
12620
12647
12670
12701
12718
12743
12763
12794
12813
12842
12856
12874
12895
12920
12923
12939
12946
12960
12965
12967
12968
12968
12987
12998
13004
13011
13020
13026
13036
13046
13050
13066
13074
13079
13088
13085
13090
13098
13099
13101
13106
13113
13109
13102
13109
13103
13107
13102
13103
13114
13108
13106
13107
13106
13106
13101
13107
13120
13119
13126
13130
13127
13131
13129
13129
13128
13126
13124
13129
13122
13115
13122
13117
13111
13115
13116
13107
13113
13110
13116
13116
13120
13124
13128
13137
13136
13141
13138
13132
13144
13141
13146
13147
13135
13132
13136
13129
13123
13125
13128
13140
13131
13133
13129
13120
13132
13129
13118
13127
13122
13119
13131
13126
13129
13133
13134
13132
13126
13131
13134
13132
13134
13127
13121
13132
13135
13131
13131
13134
13136
13127
13125
13124
13119
13125
13125
13132
13135
13134
13137
13148
13142
13148
13148
13145
13149
13146
13140
13144
13142
13140
13140
13140
13146
13148
13146
13147
13149
13154
13149
13146
13140
13132
13135
13134
13124
13125
13126
13124
13133
13129
13132
13138
13140
13139
13137
13135
13142
13137
13137
13133
13134
13137
13139
13137
13142
13148
13146
13149
13149
13146
13150
13145
13141
13141
13145
13144
13143
13143
13139
13132
13138
13136
13135
13132
13129
13124
13123
13121
13124
13117
13118
13120
13120
13121
13121
13127
13126
13125
13135
13130
13126
13131
13134
13137
13141
13139
13141
13144
13139
13139
13140
13135
13140
13140
13137
13138
13145
13140
13142
13138
13143
13150
13144
13140
13138
13139
13142
13139
13150
13142
13140
13135
13126
13132
13128
13128
13133
13129
13126
13131
13133
13134
13134
13136
13138
13140
13138
13143
13131
13128
13136
13134
13136
13137
13134
13134
13135
13133
13135
13135
13138
13134
13139
13141
13138
13138
13140
13142
13141
13127
13126
13133
13134
13136
13134
13136
13137
13136
13136
13133
13131
13140
13139
13138
13138
13137
13137
13138
13137
13131
13140
13134
13138
13141
13133
13137
13141
13149
13149
13146
13144
13136
13142
13144
13141
13138
13142
13129
13141
13136
13126
13122
13122
13129
13124
13125
13121
13118
13120
13127
13125
13127
13134
13130
13131
13143
13143
13142
13142
13131
13139
13135
13128
13134
13127
13133
13137
13132
13124
13122
13116
13122
13126
13132
13126
13133
13133
13140
13145
13139
13132
13135
13141
13150
13149
13145
13145
13134
13141
13145
13142
13142
13141
13138
13146
13147
13132
13139
13137
13131
13138
13139
13141
13140
13139
13132
13133
13137
13129
13126
13131
13134
13130
13134
13134
13133
13132
13136
13133
13128
13134
13134
13133
13137
13136
13137
13137
13141
13138
13144
13137
13133
13138
13135
13135
13128
13123
13129
13131
13134
13139
13134
13140
13140
13148
13143
13139
13143
13144
13145
13147
13143
13142
13141
13150
13140
13143
13147
13161
13144
13145
13142
13141
13132
13128
13131
13125
13115
13115
13123
13117
13125
13125
13131
13127
13127
13128
13131
13136
13133
13141
13127
13135
13135
13127
13132
13133
13137
13140
13135
13141
13138
