13138
13141
13135
13137
13133
13135
13137
13136
13139
13136
13131
13131
13136
13127
13126
13127
13131
13131
13128
13131
13134
13135
13138
13139
13136
13142
13144
13142
13141
13139
13139
13142
13138
13131
13139
13130
13132
13132
13126
13130
13129
13121
13129
13137
13138
13142
13148
13149
13147
13146
13149
13145
13154
13146
13144
13148
13141
13138
13134
13131
13132
13138
13136
13138
13143
13142
13151
13142
13142
13140
13137
13140
13138
13135
13143
13137
13133
13137
13133
13127
13125
13125
13133
13132
13128
13133
13138
13140
13135
13137
13125
13130
13145
13133
13132
13135
13136
13135
13136
13134
13128
13131
13130
13133
13133
13139
13140
13142
13144
13145
13153
13155
13153
13139
13144
13133
13131
13132
13126
13125
13126
13129
13125
13127
13125
13125
13128
13139
13146
13148
13142
13139
13149
13143
13134
13136
13138
13138
13143
13135
13138
13139
13138
13145
13140
13135
13136
13138
13138
13133
13127
13123
13119
13114
13121
13122
13128
13132
13131
13134
13135
13138
13136
13136
13129
13132
13132
13134
13133
13134
13134
13137
13137
13140
13138
13137
13136
13134
13139
13139
13137
13138
13141
13146
13142
13145
13148
13141
13148
13154
13150
13149
13139
13134
13139
13134
13138
13138
13134
13133
13140
13145
13134
13136
13137
13132
13141
13142
13142
13138
13139
13137
13138
13129
13121
13125
13129
13135
13137
13136
13136
13142
13147
13153
13146
13137
13138
13135
13135
13133
13128
13125
13120
13121
13128
13124
13124
13122
13117
13128
13134
13138
13146
13144
13142
13146
13137
13130
13135
13138
13137
13141
13141
13125
13126
13127
13126
13132
13129
13131
13132
13128
13126
13129
13122
13125
13129
13134
13131
13138
13134
13141
13140
13139
13141
13138
13134
13140
13140
13140
13145
13144
13145
13135
13131
13126
13116
13122
13122
13132
13127
13130
13134
13135
13139
13142
13138
13142
13149
13146
13150
13150
13147
13152
13142
13136
13130
13129
13133
13124
13125
13138
13124
13125
13137
13138
13139
13141
13136
13132
13142
13140
13136
13147
13138
13140
13143
13136
13130
13135
13126
13131
13131
13124
13124
13139
13145
13145
13135
13133
13142
13138
13144
13143
13134
13137
13138
13136
13137
13137
13136
13134
13135
13137
13136
13135
13137
13146
13141
13146
13148
13140
13140
13148
13149
13147
13144
13139
13140
13150
13150
13146
13149
13145
13142
13136
13135
13136
13135
13135
13134
13138
13136
13140
13133
13135
13136
13137
13139
13136
13132
13143
13133
13128
13135
13136
13135
13137
13143
13142
13139
13133
13132
13133
13134
13130
13132
13123
13127
13136
13130
13134
13143
13141
13139
13137
13133
13135
13143
13149
13152
13153
13147
13141
13134
13135
13131
13126
13127
13137
13129
13139
13138
13139
13144
13144
13142
13144
13137
13136
13140
13132
13126
13131
13129
13122
13128
13127
13135
13136
13138
13138
13141
13142
13144
13140
13137
13140
13142
13141
13138
13147
13145
13138
13132
13134
13135
13127
13127
13125
13122
13122
13118
13124
13126
13117
13116
13127
13131
13130
13129
13133
13133
13136
13130
13132
13143
13142
13138
13140
13137
13139
13143
13148
13142
13146
13146
13145
13147
13142
13140
13144
13141
13117
12529
11586
10796
10198
9870
9702
9679
9704
9813
9925
10085
10217
10386
10525
10680
10779
10807
10860
10955
11047
11162
11255
11375
11477
11578
11653
11749
11822
11917
11992
12064
12128
12195
12250
12313
12362
12427
12463
12508
12545
12571
12612
12650
12673
12703
12726
12753
12780
12801
12813
12835
12854
12869
12890
12901
12913
12926
12940
12953
12959
12972
12983
12986
13002
13009
13016
13013
13021
13038
13038
13039
13048
13053
13062
13067
13074
13076
13088
13092
13099
13092
13097
13096
13094
13095
13096
13099
13108
13103
13107
13113
13110
13113
13118
13107
13108
13114
13116
13119
13121
13121
13117
13118
13117
13117
13118
13117
13120
13132
13127
13129
13128
13129
13125
13120
13117
13120
13127
13129
13134
13132
13132
13130
13126
13126
13129
13123
13134
13121
13123
13129
13122
13124
13132
13135
13125
13124
13126
13125
13133
13135
13132
13128
13135
13134
13132
13130
13127
13132
13128
13120
13128
13132
13135
13133
13136
13129
13129
13132
13134
13131
13135
13138
13142
13149
13146
13140
13144
13136
13138
13141
13138
13140
13141
13132
13138
13134
13132
13140
13143
13144
13148
13151
13145
13146
13142
13149
13146
13155
13154
13150
13149
13147
13141
13138
13133
13136
13134
13131
13141
13145
13150
13151
13147
13149
13144
13142
13143
13151
13142
13149
13143
13134
13137
13130
13126
13132
13125
13126
13127
13132
13134
13141
13147
13146
13152
13151
13145
13151
13147
13146
13150
13142
13138
13129
13126
13127
13130
13135
13129
13126
13127
13128
13134
13141
13132
13126
13128
13125
13123
13130
13128
13130
13138
13140
13142
13139
13135
13132
13141
13136
13129
13139
13134
13132
13137
13134
13132
13142
13137
13140
13143
13144
13146
13146
13138
13136
13133
13129
13130
13132
13132
13133
13131
13132
13137
13135
13137
13127
13127
13134
13130
13136
13136
13135
13139
13145
13145
13148
13153
13149
13143
13139
13138
13134
13140
13139
13146
13158
13155
13145
13143
13140
13142
13145
13137
13135
13138
13137
13139
13133
13132
13131
13130
13129
13135
13128
13134
13129
13138
13146
13137
13140
13147
13151
13148
13148
13149
13148
13147
13151
13149
13155
13153
13148
13144
13147
13138
13142
13133
13135
13135
13142
13135
13137
13137
13137
13138
13134
13137
13134
13138
13141
13133
13127
13132
13141
13139
13134
13124
13132
13132
13132
13135
13132
13136
13140
13140
13143
13145
13146
13143
13150
13145
13142
13143
13144
13140
13144
13133
13132
13131
13128
13128
13127
13128
13132
13132
13126
13130
13124
13126
13134
13132
13136
13140
13142
13149
13138
13135
13141
13127
13137
13141
13139
13139
13143
13143
13150
13144
13147
13141
13141
13135
13136
13135
13127
13129
13133
13128
13128
13134
13126
13121
13127
13130
13132
13134
13133
13138
13136
13135
13135
13130
13137
13137
13130
13133
13131
13127
13132
13130
13130
13140
13135
13138
13137
13136
13137
13139
13142
13137
13144
13140
13138
13139
13129
13137
13141
13138
13142
13139
13145
13146
13142
13140
13141
13125
13119
13125
13121
13122
13123
13123
13125
13127
13127
13127
13126
13128
13128
13119
13129
13132
13129
13129
13133
13131
13134
13132
13133
13129
13132
13134
13131
13125
13123
13132
13130
13124
13122
13132
13134
13134
13135
13138
13135
13134
13135
13135
13127
13133
13139
13139
13147
13149
