13140
13144
13147
13145
13141
13140
13139
13141
13137
13139
13141
13141
13146
13141
13138
13138
13135
13133
13131
13134
13129
13128
13130
13131
13123
13128
13135
13135
13130
13137
13127
13132
13129
13128
13132
13132
13136
13137
13135
13136
13142
13145
13151
13158
13157
13148
13157
13165
13165
13159
13158
13156
13161
13154
13142
13143
13139
13143
13141
13138
13144
13149
13145
13153
13144
13149
13148
13139
13141
13133
13133
13138
13140
13138
13150
13136
13133
13139
13139
13138
13139
13139
13138
13133
13137
13138
13137
13138
13137
13132
13130
13136
13139
13135
13133
13140
13136
13142
13142
13141
13141
13135
13131
13134
13126
13131
13137
13137
13138
13134
13125
13129
13126
13128
13129
13123
13120
13128
13121
13126
13123
13122
13128
13128
13133
13134
13137
13141
13141
13133
13141
13139
13138
13127
13125
13130
13134
13135
13123
13122
13126
13125
13130
13138
13132
13141
13140
13137
13135
13127
13132
13137
13129
13126
13138
13127
13131
13134
13133
13134
13129
13129
13129
13127
13125
13036
12933
12882
12845
12831
12833
12840
12853
12849
12866
12888
12898
12910
12921
12933
12952
12961
12977
12987
12993
13000
13002
13017
13027
13032
13044
13059
13060
13065
13074
13073
13069
13075
13072
13073
13076
13079
13079
13097
13110
13111
13118
13116
13117
13120
13118
13121
13122
13113
13110
13112
13110
13113
13120
13121
13124
13131
13129
13122
13121
13122
13128
13116
13122
13125
13126
13128
13126
13127
13128
13125
13127
13130
13128
13128
13128
13133
13133
13125
13120
13122
13133
13131
13131
13126
13128
13128
13137
13129
13132
13144
13146
13148
13140
13132
13138
13133
13132
13138
13129
13127
13125
13126
13125
13127
13126
13133
13134
13126
13135
13122
13125
13129
13131
13128
13131
13126
13126
13127
13119
13118
13121
13133
13126
13130
13128
13137
13149
13147
13145
13145
13145
13138
13133
13133
13133
13123
13119
13123
13123
13137
13138
13133
13144
13140
13141
13140
13133
13126
13129
13130
13135
13135
13128
13133
13132
13127
13125
13124
13121
13124
13124
13122
13116
13117
13117
13117
13127
13117
13119
13124
13131
13136
13133
13130
13134
13137
13144
13148
13137
13140
13146
13139
13145
13144
13139
13145
13137
13129
13136
13129
13132
13132
13124
13122
13122
13121
13123
13123
13129
13130
13139
13142
13137
13138
13134
13135
13134
13130
13128
13133
13125
13129
13126
13130
13141
13140
13140
13144
13140
13149
13150
13147
13145
13137
13139
13143
13143
13142
13149
13137
13135
13143
13140
13141
13145
13142
13144
13143
13138
13129
13132
13130
13128
13134
13133
13135
13140
13126
13126
13126
13117
13124
13127
13130
13127
13131
13135
13138
13133
13129
13128
13124
13124
13124
13124
13125
13126
13121
13130
13132
13132
13135
13127
13128
13132
13130
13129
13133
13138
13138
13137
13134
13129
13131
13133
13132
13146
13133
13134
13138
13136
13138
13139
13138
13140
13129
13130
13139
13142
13143
13136
13134
13140
13144
13135
13142
13131
13123
13136
13135
13132
13133
13124
13118
13122
13123
13118
13131
13134
13125
13123
13122
13124
13126
13132
13140
13149
13148
13143
13150
13146
13144
13128
13000
12924
12865
12830
12822
12816
12817
12680
12212
11826
11476
11227
11095
11056
11053
11114
11176
11266
11355
11457
11539
11645
11718
11813
11893
11987
12054
12128
12173
12112
12076
12085
12095
12137
12168
12219
12261
12321
12370
12417
12458
12502
12537
12579
12611
12638
12665
12698
12716
12742
12766
12789
12813
12828
12849
12872
12882
12903
12918
12934
12951
12968
12972
12982
12985
12996
12992
13003
13012
13018
13020
13037
13039
13051
13056
13060
13070
13073
13083
13083
13081
13086
13090
13090
13100
13094
13095
13095
13098
13100
13107
13113
13118
13116
13119
13117
13106
13107
13115
13114
13115
13114
13119
13111
13115
13121
13120
13122
13124
13126
13123
13130
13127
13123
13126
13127
13121
13119
13121
13123
13121
13120
13120
13130
13138
13133
13135
13143
13139
13140
13136
13138
13135
13135
13135
13136
13126
13113
13125
13130
13127
13131
13134
13127
13132
13130
13123
13121
13117
13124
13119
13113
13120
13126
13123
13131
13123
13124
13120
13127
13122
13125
13124
13127
13126
13127
13133
13133
13126
13126
13123
13123
13128
13134
13130
13137
13129
13128
13130
13120
13122
13129
13135
13134
13133
13134
13135
13129
13131
13134
13135
13126
13129
13130
13132
13133
13141
13134
13136
13130
13124
13124
13122
13130
13131
13126
13129
13124
13128
13134
13134
13131
13136
13135
13139
13151
13146
13140
13136
13138
13139
13142
13146
13141
13140
13134
13138
13129
13130
13137
13141
13141
13136
13137
13131
13136
13127
13133
13133
13128
13128
13134
13142
13146
13141
13136
13139
13132
13136
13138
13134
13131
13137
13129
13122
13131
13129
13129
13141
13142
13143
13135
13132
13129
13123
13125
13118
13120
13118
13119
13121
13124
13124
13134
13132
13138
13138
13138
13132
13125
13127
13130
13131
13136
13137
13131
13136
13134
13131
13129
13128
13124
13131
13130
13128
13135
13126
13130
13138
13139
13138
13134
13130
13131
13137
13133
13133
13140
13146
13151
13142
13139
13136
13139
13138
13134
13137
13135
13133
13128
13137
13141
13135
13126
13130
13125
13133
13132
13128
13132
13140
13145
13154
13156
13143
13150
13145
13140
13146
13136
13139
13146
13139
13139
13136
13136
13138
13140
13139
13135
13142
13138
13137
13138
13128
13132
13133
13135
13132
13133
13138
13141
13142
13149
13152
13143
13141
13148
13146
13147
13147
13151
13148
13141
13132
13130
13120
13118
13132
13130
13127
13129
13131
13143
13139
13136
13122
13133
13137
13138
13135
13139
13131
13132
13129
13131
13124
13128
13123
13130
13130
13134
13129
13133
13142
13130
13129
13128
13118
13123
13126
13127
13132
13132
13136
13142
13146
13139
13140
13137
13129
13129
13127
13127
13129
13138
13138
13137
13143
13149
13145
13139
13138
13144
13125
13123
13129
13124
13123
13130
13130
13137
13140
13143
13144
13144
13140
13140
13133
13138
13137
13131
13129
13134
13127
13126
13119
13119
13128
13129
13137
13131
13132
13130
13131
13134
13134
13139
13138
13141
13138
13144
13137
13141
13146
13138
13137
13141
13137
13143
13145
13144
13142
13139
13130
13126
13130
13135
13132
13131
13132
13130
13134
13126
13124
13133
13128
13125
13134
13131
13131
13132
13126
13129
13127
13121
13122
13126
13128
13135
13136
13145
13137
13152
13143
13149
13146
13147
13154
13150
13142
13147
13146
13135
13133
13129
13127
13125
13118
13127
13128
