13148
13140
13140
13142
13141
13143
13143
13140
13141
13142
13142
13146
13143
13146
13140
13150
13144
13144
13139
13139
13146
13133
13134
13136
13140
13141
13139
13138
13136
13145
13147
13150
13145
13139
13147
13140
13142
13137
13134
13138
13129
13122
13128
13128
13125
13128
13124
13130
13131
13129
13129
13132
13137
13134
13135
13135
13141
13145
13133
13134
13134
13131
13122
13129
13135
13131
13132
13131
13131
13131
13133
13134
13129
13131
13132
13133
13133
13136
13140
13149
13153
13144
13147
13145
13139
13139
13136
13138
13140
13142
13149
13148
13154
13143
13137
13133
13131
13129
13129
13126
13136
13134
13133
13132
13133
13134
13134
13132
13130
13137
13137
13133
13143
13135
13139
13139
13142
13137
13137
13139
13136
13136
13150
13144
13137
13140
13133
13128
13131
13127
13132
13138
13137
13143
13145
13142
13143
13150
13141
13141
13146
13135
13126
13128
13129
13124
13126
13135
13136
13134
13128
13132
13134
13137
13138
13139
13136
13143
13141
13144
13139
13138
13145
13134
13130
13135
13133
13133
13128
13124
13124
13126
13127
13132
13132
13131
13132
13135
13132
13129
13134
13123
13121
13118
13122
13126
13123
13127
13134
13135
13135
13138
13138
13136
13123
13120
13119
13122
13118
13125
13124
13120
13129
13134
13130
13128
13131
13135
13134
13137
13140
13136
13137
13136
13135
13139
13134
13136
13134
13133
13147
13139
13134
13141
13135
13135
13144
13135
13139
13143
13142
13137
13137
13139
13140
13136
13133
13130
13134
13133
13131
13132
13137
13135
13134
13140
13136
13137
13135
13130
13129
13129
13131
13129
13134
13133
13134
13138
13139
13142
13144
13138
13144
13149
13148
13145
13137
13136
13131
13131
13129
13133
13129
13138
13137
13133
13131
13122
13118
13127
13125
13121
13125
13129
13134
13136
13124
13129
13130
13133
13134
13132
13132
13123
13126
13128
13128
13136
13132
13138
13133
13129
13127
13130
13123
13121
13119
13126
13113
13123
13126
13124
13120
13122
13126
13124
13133
13134
13127
13133
13129
13128
13132
13135
13137
13140
13132
13137
13135
13132
13137
13130
13127
13124
13120
13123
13119
13119
13119
13126
13135
13132
13138
13142
13141
13139
13131
13130
13129
13135
13130
13129
13125
13130
13129
13132
13139
13137
13143
13141
13146
13135
13138
13131
13131
13134
13131
13133
13129
13134
13145
13140
13136
13134
13128
13136
13129
13130
13128
13124
13131
13130
13124
13131
13133
13134
13136
13133
13133
13136
13137
13143
13134
13137
13140
13132
13135
13130
13134
13142
13135
13125
13135
13128
13128
13136
13129
13135
13141
13144
13147
13143
13146
13147
13145
13146
13143
13138
13140
13133
13140
13130
13133
13138
13128
13120
13120
13122
13123
13127
13134
13137
13134
13132
13130
13130
13131
13125
13132
13133
13131
13132
13134
13129
13135
13139
13137
13134
13138
13138
13138
13139
13140
13138
13143
13146
13150
13149
13143
13142
13152
13140
13138
13141
13141
13144
13145
13140
13140
13140
13146
13141
13134
13138
13136
13135
13135
13141
13139
13145
13141
13137
13142
13140
13144
13141
13127
13126
13121
13128
13127
13135
13127
13125
13132
13139
13139
13131
13131
13132
13131
13126
13119
13126
13122
13132
13139
13138
12914
12309
11549
11063
10790
10648
10613
10618
10694
10770
10820
10900
11000
11095
11215
11313
11419
11515
11610
11697
11790
11873
11968
12035
12113
12174
12232
12289
12343
12396
12439
12476
12533
12555
12594
12633
12670
12697
12725
12754
12779
12799
12815
12832
12846
12864
12885
12905
12923
12938
12956
12968
12980
12985
13004
13011
13012
13024
13027
13029
13033
13042
13043
13047
13051
13053
13058
13068
13075
13084
13092
13099
13101
13095
13092
13101
13100
13109
13106
13112
13097
13103
13101
13103
13103
13104
13102
13101
13102
13110
13115
13118
13118
13115
13127
13123
13117
13120
13120
13117
13121
13122
13128
13123
13126
13130
13126
13135
13126
13124
13121
13121
13120
13110
13113
13119
13116
13119
13120
13124
13120
13122
13120
13132
13127
13132
13140
13136
13136
13136
13132
13138
13134
13132
13135
13128
13131
13133
13131
13124
13128
13128
13131
13134
13133
13136
13139
13145
13136
13145
13144
13147
13153
13145
13139
13143
13145
13140
13141
13133
13129
13126
13121
13126
13121
13122
13125
13121
13124
13120
13122
13123
13120
13133
13136
13131
13127
13134
13131
13134
13139
13138
13140
13136
13135
13125
13131
13135
13132
13134
13136
13146
13150
13141
13139
13139
13134
13138
13137
13136
13126
13127
13127
13135
13134
13138
13144
13137
13135
13133
13129
13129
13118
13122
13133
13129
13129
13131
13133
13137
13142
13136
13144
13142
13144
13145
13142
13142
13134
13136
13129
13126
13134
13131
13134
13141
13146
13140
13138
13140
13132
13140
13134
13136
13130
13134
13134
13140
13138
13142
13140
13143
13138
13131
13140
13134
13136
13140
13138
13135
13123
13122
13118
13125
13128
13131
13128
13136
13134
13131
13128
13129
13134
13136
13131
13145
13142
13147
13146
13144
13149
13151
13152
13152
13150
13148
13145
13140
13142
13139
13132
13131
13124
13125
13131
13130
13126
13130
13127
13127
13126
13122
13123
13130
13131
13128
13127
13133
13127
13139
13139
13131
13141
13139
13134
13142
13143
13138
13134
13133
13134
13139
13145
13147
13145
13148
13144
13137
13133
13137
13138
13144
13136
13136
13140
13134
13127
13128
13132
13139
13136
13132
13129
13134
13132
13134
13135
13138
13138
13142
13142
13139
13146
13132
13130
13136
13136
13134
13140
13136
13140
13138
13138
13142
13130
13133
13131
13131
13132
13132
13128
13135
13123
13119
13122
13120
13112
13127
13127
13125
13130
13127
13129
13133
13140
13137
13144
13146
13135
13138
13135
13133
13132
13125
13121
13124
13118
13122
13117
13120
13120
13126
13127
13128
13128
13128
13128
13122
13129
13132
13126
13130
13127
13125
13133
13126
13122
13134
13141
13146
13138
13138
13143
13149
13149
13147
13145
13151
13147
13145
13143
13144
13143
13134
13130
13138
13134
13140
13137
13135
13138
13139
13132
13137
13126
13137
13139
13145
13146
13155
13145
13141
13143
13137
13141
13139
13125
13136
13129
13130
13126
13127
13131
13134
13139
13129
13131
13128
13125
13131
13130
13133
13140
13132
13136
13134
13139
13136
13134
13134
13136
13138
13138
13137
13133
13139
13149
13143
13150
13149
13149
13154
13151
13146
13144
13141
13139
13134
13132
13135
13139
13135
13148
13144
13146
13140
13136
13143
13132
13132
13129
13129
13132
13130
13134
13145
13142
13151
13140
13134
13139
13145
