13139
13133
13128
13128
13134
13131
13131
13131
13128
13131
13136
13129
13130
13135
13136
13140
13135
13136
13146
13145
13148
13148
13151
13151
13148
13138
13147
13142
13141
13139
13131
13019
12928
12873
12837
12823
12826
12822
12826
12846
12859
12872
12882
12893
12911
12930
12945
12963
12971
12978
12986
12994
13005
13000
13001
13012
13018
13031
13043
13050
13051
13062
13069
13075
13086
13090
13092
13088
13083
13087
13084
13090
13086
13094
13101
13105
13110
13102
13108
13111
13118
13115
13114
13114
13115
13122
13123
13129
13122
13130
13132
13133
13123
13118
13118
13121
13112
13112
13119
13122
13119
13130
13122
13117
13127
13125
13136
13133
13136
13137
13139
13143
13147
13141
13145
13138
13142
13135
13134
13140
13135
13130
13132
13128
13124
13132
13125
13136
13128
13132
13140
13133
13135
13132
13135
13135
13131
13122
13129
13128
13129
13126
13133
13136
13043
12948
12891
12856
12842
12837
12839
12854
12862
12874
12897
12904
12923
12928
12945
12956
12968
12969
12965
12846
12780
12749
12724
12720
12722
12738
12757
12766
12780
12794
12810
12823
12844
12866
12893
12900
12915
12934
12942
12946
12955
12960
12973
12987
13005
13000
13009
13021
13026
13034
13037
13048
13057
13054
13055
13069
13063
13070
13074
13080
13087
13094
13097
13107
13099
13104
13105
13108
13112
13115
13114
13119
13112
13107
13110
13103
13113
13116
13117
13119
13124
13122
13119
13119
13118
13119
13120
13124
13126
13137
13132
13136
13137
13138
13136
13133
13131
13132
13128
13130
13129
13128
13124
13129
13126
13130
13137
13125
13124
13128
13137
13138
13137
13137
13136
13132
13126
13132
13123
13120
13132
13137
13137
13139
13132
13129
13121
13130
13121
13127
13133
13125
13133
13132
13127
13131
13130
13129
13130
13137
13144
13145
13138
13139
13138
13142
13139
13138
13145
13142
13147
13150
13148
13139
13142
13143
13140
13137
13128
13132
13133
13133
13145
13143
13148
13147
13150
13153
13156
13159
13157
13149
13147
13141
13132
13135
13139
13149
13142
13138
13143
13135
13137
13140
13136
13134
13135
13133
13143
13138
13134
13140
13136
13137
13142
13137
13135
13142
13137
13137
13138
13140
13141
13147
13157
13147
13145
13150
13149
13151
13147
13139
13141
13135
13136
13133
13134
13137
13137
13136
13131
13127
13131
13134
13135
13137
13133
13135
13134
13133
13139
13140
13135
13130
13131
13133
13138
13137
13129
13130
13125
13121
13127
13122
13123
13122
13134
13141
13137
13142
13138
13135
13139
13138
13142
13143
13143
13143
13145
13144
13142
13138
13139
13138
13131
13136
13133
13130
13137
13144
13144
13143
13136
13134
13137
13134
13134
13134
13129
13126
13125
13130
13127
13132
13125
13126
13134
13140
13137
13139
13128
13131
13137
13132
13119
13123
13124
13131
13133
13134
13133
13136
13143
13151
13150
13146
13142
13148
13147
13146
13142
13136
13133
13128
13138
13129
13111
13129
13124
13129
13131
13133
13131
13134
13132
13133
13133
13135
13126
13125
13120
13118
13133
13127
13131
13129
13129
13122
13123
13121
13126
13127
13130
13132
13127
13126
13130
13130
13127
13125
13126
13124
13123
13129
13136
13132
13130
13141
13141
13144
13141
13141
13143
13136
12923
12310
11368
10670
10290
10077
10016
10015
10098
10188
10326
10448
10608
10734
10889
11010
11078
11144
11231
11316
11410
11502
11607
11696
11789
11868
11947
12013
12083
12149
12214
12258
12323
12370
12425
12463
12518
12552
12591
12620
12652
12675
12708
12732
12753
12773
12792
12808
12838
12850
12875
12904
12917
12937
12949
12955
12967
12971
12987
12989
12992
12999
13008
13008
13015
13022
13024
13038
13042
13049
13060
13063
13070
13079
13077
13084
13087
13094
13098
13100
13102
13100
13097
13101
13101
13109
13109
13100
13103
13111
13107
13113
13107
13115
13115
13115
13122
13128
13130
13137
13133
13137
13134
13125
13126
13129
13124
13127
13126
13120
13120
13113
13118
13117
13109
13119
13124
13126
13132
13138
13143
13133
13132
13138
13130
13129
13134
13129
13130
13121
13122
13125
13123
13125
13130
13126
13119
13123
13130
13132
13128
13132
13127
13132
13138
13134
13133
13133
13130
13137
13148
13137
13137
13140
13135
13141
13149
13143
13144
13102
12907
12731
12623
12557
12523
12512
12509
12521
12558
12574
12606
12641
12673
12701
12723
12750
12772
12796
12811
12834
12846
12870
12882
12898
12908
12924
12936
12961
12975
12984
12998
12999
13000
13010
13022
13028
13031
13038
13043
13045
13053
13054
13061
13074
13071
13080
13088
13085
13093
13093
13090
13090
13088
13096
13092
13091
13096
13098
13102
13102
13103
13115
13119
13118
13121
13118
13117
13125
13134
13137
13138
13137
13129
13137
13129
13137
13137
13138
13131
13129
13122
13127
13128
13127
13129
13133
13127
13124
13131
13124
13123
13131
13136
13141
13139
13139
13135
13133
13127
13134
13130
13138
13137
13129
13130
13130
13123
13132
13128
13127
13139
13138
13134
13132
13128
13125
13127
13123
13127
13130
13134
13132
13139
13141
13141
13145
13142
13136
13145
13135
13130
13135
13128
13133
13136
13137
13145
13147
13155
13152
13148
13147
13146
13138
13135
13127
13128
13134
13122
13123
13129
13125
13123
13130
13117
13110
13112
13121
13122
13126
13129
13126
13126
13134
13124
13131
13125
13129
13137
13135
13138
13142
13138
13133
13137
13137
13133
13128
13126
13123
13122
13119
13119
13120
13121
13131
13131
13131
13130
13134
13139
13135
13129
13141
13143
13146
13145
13143
13147
13141
13136
13132
13133
13132
13123
13130
13125
13130
13131
13127
13122
13131
13134
13132
13138
13147
13142
13148
13145
13151
13149
13144
13148
13140
13148
13140
13137
13140
13129
13130
13131
13130
13133
13138
13142
13139
13137
13138
13137
13136
13139
13133
13129
13126
13125
13122
13120
13122
13128
13133
13129
13130
13129
13131
13126
13126
13123
13121
13118
13124
13115
13121
13118
13120
13126
13127
13126
13129
13125
13125
13126
13122
13119
13120
13126
13128
13130
13129
13126
13131
13136
13129
13126
13132
13125
13131
13135
13126
13133
13130
13134
13137
13135
13137
13136
13139
13142
13141
13135
13138
13135
13138
13139
13141
13138
13138
13140
13144
13146
13140
13150
13145
13144
13143
13138
13145
13138
13140
13141
13138
13134
13129
13128
13136
13140
13137
13131
13128
13133
13127
13134
13135
13127
13131
13138
13140
13144
13141
13140
13142
13134
13130
13135
13133
13133
13138
13138
13138
13131
13125
13131
13124
13123
13129
13122
13126
13134
13136
13135
13145
13148
13150
