13127
13132
13122
13124
13126
13130
13131
13135
13134
13140
13145
13147
13156
13146
13135
13138
13130
13136
13135
13126
13145
13137
13137
13138
13136
13136
13148
13133
13129
13138
13132
13137
13134
13135
13133
13124
13122
13118
13115
13121
13117
13117
13119
13126
13132
13133
13127
13129
13131
13125
13124
13132
13130
13130
13125
13128
13125
13124
13128
13127
13139
13131
13129
13140
13135
13137
13135
13136
13135
13139
13134
13136
13133
13133
13132
13134
13135
13131
13127
13127
13130
13128
13127
13126
13133
13132
13128
13125
13125
13131
13128
13136
13138
13136
13139
13144
13143
13141
13139
13140
13141
13145
13143
13142
13134
13133
13131
13127
13121
13120
13122
13129
13137
13142
13146
13149
13142
13143
13142
13145
13141
13147
13142
13142
13145
13142
13137
13141
13136
13139
13134
13129
13125
13128
13127
13129
13131
13136
13142
13140
13151
13146
13140
13145
13130
13126
13130
13129
13117
13124
13121
13122
13123
13125
13122
13124
13131
13136
13139
13142
13141
13139
13139
13131
13137
13124
13118
13126
13130
13125
13133
13133
13134
13138
13142
13145
13140
13141
13140
13140
13142
13136
13132
13138
13131
13134
13142
13132
13136
13144
13141
13138
13144
13143
13142
13141
13143
13131
13130
13135
13135
13142
13139
13133
13145
13137
13136
13142
13137
13144
13140
13144
13142
13138
13135
13142
13133
13138
13141
13140
13141
13146
13145
13144
13133
13132
13136
13133
13127
13126
13124
13133
13137
13133
13138
13142
13142
13129
13138
13143
13142
13146
13142
13143
13148
13145
13147
13147
13143
13140
13142
13133
13132
13131
13129
13130
13120
13123
13122
13122
13130
13128
13124
13122
13119
13120
13130
13122
13118
13127
13128
13132
13128
13131
13129
13132
13130
13134
13134
13138
13135
13139
13139
13136
13147
13149
13141
13138
13135
13138
13134
13136
13132
13128
13123
13132
13123
13121
13127
13127
13129
13133
13136
13140
13136
13133
13144
13135
13130
13130
13121
13126
13128
13123
13125
13122
13130
13128
13137
13145
13148
13146
13145
13138
13145
13136
13133
13138
13134
13138
13129
13135
13138
13136
13137
13140
13129
13138
13136
13136
13134
13145
13140
13134
13138
13134
13140
13139
13135
13136
13139
13131
13128
13129
13133
13135
13136
13130
13134
13134
13135
13138
13136
13127
13137
13137
13141
13135
13129
13126
13120
13118
13125
13122
13113
13124
13119
13137
13140
13140
13142
13141
13140
13149
13142
13137
13135
13136
13125
13134
13132
13132
13129
13135
13134
13129
13131
13125
13128
13136
13136
13127
13119
13116
13129
13135
13133
13133
13130
13139
13145
13133
13018
12922
12865
12834
12819
12817
12817
12822
12838
12850
12858
12878
12885
12895
12917
12926
12936
12957
12967
12975
12981
12998
13005
13007
13015
13019
13025
13035
13039
13054
13062
13057
13065
13063
13063
13070
13077
13079
13079
13075
13079
13085
13084
13090
13081
13093
13096
13101
13103
13105
13107
13120
13122
13115
13130
13132
13134
13134
13126
13135
13136
13135
13134
13132
13122
13113
13116
13117
13119
13117
13114
13118
13129
13122
13121
13123
13124
13127
13130
13132
13130
13129
13126
13134
13132
13136
13133
13133
13129
13132
12746
11928
11297
10919
10727
10525
10427
10399
10444
10516
10629
10732
10872
10979
11113
11226
11358
11456
11563
11652
11753
11839
11929
11994
12074
12142
12211
12267
12321
12371
12422
12461
12508
12547
12575
12607
12645
12673
12710
12731
12758
12781
12806
12814
12846
12863
12876
12892
12900
12917
12934
12938
12950
12967
12986
12992
12999
12999
13011
13016
13023
13025
13034
13039
13042
13057
13064
13066
13071
13076
13090
13093
13087
13089
13083
13088
13092
13093
13094
13098
13095
13106
13097
13097
13102
13107
13102
13108
13108
13117
13104
13116
13118
13121
13125
13131
13129
13137
13137
13140
13146
13147
13150
13147
13135
13135
13125
13122
13118
13120
13125
13123
13116
13125
13121
13128
13132
13124
13134
13138
13147
13149
13139
13128
13141
13141
13139
13145
13140
13134
13133
13138
13133
13136
13136
13140
13141
13142
13138
13136
13124
13127
13131
13131
13130
13132
13128
13133
13131
13129
13122
13117
13118
13132
13130
13136
13139
13141
13137
13139
13135
13139
13135
13136
13144
13136
13141
13146
13139
13138
13140
13135
13129
13130
13131
13129
13129
13137
13136
13131
13129
13134
13136
13134
13134
13133
13132
13134
13122
13117
13108
13115
13113
13123
13115
13124
13125
13129
13137
13138
13143
13147
13144
13143
13151
13139
13135
13132
13129
13134
13142
13132
13138
13143
13148
13149
13146
13149
13137
13134
13130
13121
13128
13123
13123
13130
13126
13127
13126
13130
13130
13132
13131
13134
13129
13133
13128
13127
13133
13131
13129
13140
13139
13126
13136
13133
13131
13133
13138
13140
13142
13141
13135
13137
13141
13137
13135
13142
13148
13151
13147
13149
13150
13141
13133
13129
13126
13132
13126
13133
13137
13136
13135
13138
13130
13127
13134
13138
13134
13133
13129
13137
13136
13126
13131
13131
13132
13137
13133
13137
13137
13133
13134
13138
13141
13146
13147
13153
13140
13136
13134
13133
13139
13136
13136
13149
13146
13151
13151
13148
13142
13141
13135
13140
13132
13136
13140
13142
13143
13149
13143
13150
13146
13141
13147
13142
13143
13137
13129
13131
13131
13070
12952
12888
12849
12818
12811
12814
12816
12835
12843
12855
12876
12888
12905
12924
12938
12950
12966
12982
12994
13009
13013
13017
13021
13036
13042
13041
13045
13053
13060
13065
13066
13071
13084
13085
13087
13096
13087
13090
13095
13102
13098
13096
13098
13096
13097
13101
13103
13103
13110
13114
13119
13121
13125
13126
13128
13121
13119
13123
13128
13121
13125
13132
13129
13131
13134
13128
13125
13124
13123
13124
13126
13111
13123
13118
13113
13122
13116
13122
13114
13118
13118
13119
13121
13125
13121
13125
13123
13122
13121
13124
13131
13128
13125
13139
13133
13136
13133
13130
13130
13135
13138
13144
13133
13136
13139
13135
13139
13152
13142
13145
13146
13138
13149
13136
13135
13140
13135
13124
13124
13122
13129
13133
13132
13138
13135
13128
13123
13130
13129
13120
13123
13120
13116
13120
13125
13133
13136
13146
13142
13138
13133
13140
13134
13141
13137
13133
13127
13135
13137
13143
13139
13131
13145
13138
13134
13139
13132
13128
13128
13127
13136
13133
13133
13135
13136
13138
13138
13128
13127
13124
13131
13127
13130
13135
13130
13131
13126
13126
13129
13134
13137
13140
13133
13138
13143
13140
13136
13130
13133
13139
13131
13127
13126
13118
13114
13118
