13140
13142
13137
13140
13143
13144
13148
13144
13143
13145
13146
13145
13141
13140
13141
13138
13133
13135
13135
13134
13131
13137
13137
13140
13142
13132
13146
13137
13144
13149
13141
13137
13141
13139
13133
13131
13133
13129
13128
13135
13136
13134
13137
13128
13131
13122
13120
13129
13123
13127
13122
13126
13126
13124
13119
13123
13116
13121
13137
13135
13139
13134
13137
13147
13142
13139
13149
13151
13146
13151
13144
13139
13143
13141
13140
13143
13136
13136
13140
13144
13144
13143
13142
13129
13138
13124
13122
13130
13131
13126
13137
13126
13131
13130
13126
13132
13127
13122
13131
13123
13129
13124
13120
13119
13127
13122
13135
13128
13136
13133
13133
13128
13129
13134
13131
13134
13139
13140
13141
13139
13134
13128
13130
13129
13140
13130
13141
13139
13144
13138
13138
13139
13136
13128
13131
13135
13129
13129
13124
13118
13126
13130
13127
13125
13125
13123
13138
13108
12976
12898
12846
12828
12824
12807
12809
12811
12828
12839
12856
12864
12883
12905
12925
12944
12959
12964
12974
12992
13003
13014
13023
13037
13041
13047
13042
13056
13055
13069
13072
13069
13073
13075
13081
13092
13089
13086
13098
13093
13093
13093
13089
13091
13097
13098
13101
13103
13102
13103
13110
13110
13109
13124
13115
13110
13119
13111
13110
13111
13115
13106
13106
13106
13114
13111
13120
13130
13126
13128
13135
13126
13133
13134
13137
13138
13132
13127
13134
13129
13121
13130
13132
13128
13132
13138
13140
13134
13130
13129
13129
13126
13130
13132
13132
13130
13144
13136
13145
13145
13145
13150
13151
13146
13148
13144
13144
13140
13130
13127
13133
13135
13132
13134
13134
13138
13138
13137
13144
13140
13139
13142
13137
13133
13142
13138
13138
13144
13142
13138
13135
13139
13133
13127
13129
13130
13137
13135
13133
13131
13135
13134
13134
13132
13139
13139
13130
13134
13126
13123
13138
13136
13131
13134
13131
13138
13132
13124
13131
13134
13135
13136
13129
13127
13132
13128
13136
13133
13136
13136
13136
13139
13141
13138
13139
13143
13148
13139
13132
13133
13129
13134
13130
13134
13133
13142
13127
13133
13129
13136
13138
13131
13132
13137
13136
13145
13139
13142
13149
13140
13145
13139
13135
13127
13125
13124
13129
13133
13133
13133
13140
13140
13140
13137
13142
13138
13139
13132
13130
13132
13133
13132
13136
13140
13145
13147
13143
13152
13142
13146
13139
13133
13130
13135
13137
13148
13143
13138
13142
13133
13132
13132
13137
13141
13145
13149
13151
13145
13148
13142
13145
13136
13136
13140
13142
13140
13140
13130
13125
13131
13135
13139
13138
13139
13143
13137
13132
13129
13120
13128
13131
13129
13128
13128
13124
13134
13130
13122
13126
13131
13132
13138
13138
13143
13147
13149
13148
13148
13149
13137
13144
13143
13132
13137
13138
13132
13143
13137
13137
13138
13142
13145
13144
13136
13144
13152
13149
13146
13139
13138
13134
13131
13136
13138
13134
13141
13136
13132
13139
13136
13141
13138
13132
13141
13138
13151
13149
13155
13152
13143
13142
13141
13138
13133
13128
13126
13135
13134
13128
13126
13124
13133
13130
13138
13141
13139
13142
13141
13141
13147
13136
13140
13136
13136
13135
13141
13141
13124
12842
12145
11317
10427
9861
9547
9428
9272
9265
9303
9428
9555
9739
9898
10082
10243
10434
10592
10764
10898
11042
11160
11296
11371
11401
11438
11514
11577
11659
11736
11820
11889
11972
12030
12102
12154
12227
12277
12335
12383
12434
12472
12516
12553
12520
12451
12428
12420
12431
12445
12487
12511
12553
12576
12606
12633
12669
12696
12725
12741
12765
12783
12812
12831
12854
12865
12883
12901
12914
12932
12944
12955
12966
12973
12991
12995
13010
13020
13027
13033
13044
13047
13055
13064
13057
13059
13068
13059
13059
13065
13073
13075
13082
13097
13095
13095
13094
13097
13108
13104
13105
13113
13110
13118
13109
13112
13112
13118
13115
13116
13118
13123
13121
13122
13125
13117
13117
13122
13121
13118
13126
13124
13120
13126
13121
13123
13132
13131
13130
13133
13134
13137
13139
13134
13131
13128
13128
13125
13129
13116
13121
13124
13120
13126
13127
13126
13130
13127
13128
13129
13133
13132
13133
13131
13134
13133
13127
13139
13142
13135
13144
13135
13134
13144
13134
13134
13127
13128
13133
13129
13127
13124
13132
13135
13133
13136
13132
13131
13134
13125
13125
13132
13134
13140
13137
13129
13132
13132
13128
13137
13129
13132
13131
13124
13127
13126
13125
13129
13127
13128
13143
13145
13145
13144
13134
13140
13146
13143
13141
13139
13145
13141
13141
13143
13141
13138
13130
13131
13137
13132
13126
13133
13133
13137
13128
13124
13129
13132
13137
13139
13130
13132
13133
13122
13126
13124
13115
13123
13126
13128
13135
13125
13131
13136
13127
13133
13139
13137
13137
13135
13137
13129
13133
13130
13128
13127
13129
13126
13132
13125
13130
13131
13135
13137
13137
13132
13131
13127
13132
13137
13128
13140
13145
13147
13149
13144
13137
13149
13144
13139
13134
13124
13123
13126
13128
13133
13126
13130
13139
13140
13143
13145
13139
13143
13143
13139
13128
13127
13136
13122
13121
13125
13124
13127
13130
13127
13127
13124
13132
13135
13134
13135
13136
13134
13129
13128
13126
13133
13133
13132
13138
13127
13126
13138
13141
13142
13143
13138
13144
13139
13140
13136
13142
13141
13141
13137
13134
13132
13139
13138
13139
13135
13141
13142
13140
13140
13139
13137
13135
13139
13134
13133
13130
13131
13134
13126
13128
13141
13137
13131
13135
13131
13131
13136
13128
13128
13125
13126
13128
13136
13133
13133
13136
13148
13148
13147
13140
13134
13127
13125
13125
13130
13127
13128
13131
13138
13138
13134
13133
13137
13135
13130
13128
13128
13126
13122
13121
13131
13133
13130
13136
13131
13129
13133
13131
13131
13125
13133
13133
13138
13144
13136
13138
13143
13148
13147
13150
13144
13155
13154
13148
13140
13138
13141
13140
13136
13132
13126
13126
13129
13124
13125
13132
13133
13134
13137
13141
13146
13144
13136
13134
13125
13123
13124
13124
13122
13124
13127
13126
13133
13128
13127
13130
13135
13145
13146
13143
13144
13151
13144
13138
13143
13136
13142
13144
13145
13137
13140
13136
13139
13128
13132
13134
13134
13137
13132
13129
13130
13132
13131
13141
13134
13131
13134
13135
13132
13135
13130
13140
13134
13133
13136
13140
13143
13145
13142
13148
13140
13148
13141
13136
13137
13137
13137
13134
13130
13131
13131
13134
13146
13139
13150
13146
13145
13151
13141
13138
13147
13138
13134
13141
13130
13128
13133
