13140
13139
13140
13136
13135
13138
13137
13134
13134
13138
13134
13135
13132
13129
13130
13138
13137
13134
13136
13138
13136
13136
13132
13133
13133
13141
13147
13142
13140
13143
13138
13132
13121
13130
13126
13118
13133
13123
13121
13126
13129
13135
13127
13130
13125
13127
13134
13135
13137
13134
13135
13134
13137
13140
13134
13142
13135
13137
13137
13135
13134
13144
13143
13144
13151
13149
13146
13145
13143
13141
13136
13142
13131
13137
13131
13124
13134
13131
13126
13135
13135
13142
13137
13136
13127
13133
13129
13140
13128
13133
13132
13137
13137
13143
13145
13148
13146
13143
13147
13138
13131
13132
13123
13122
13124
13128
13130
13131
13133
13142
13136
13138
13140
13133
13140
13143
13146
13141
13140
13144
13140
13147
13142
13143
13141
13143
13139
13142
13133
13139
13138
13135
13136
13131
13132
13136
13129
13128
13130
13122
13133
13137
13141
13144
13151
13147
13138
13139
13136
13133
13135
13138
13139
13137
13131
13134
13134
13132
13128
13131
13127
13134
13133
13138
13144
13145
13141
13141
13127
13133
13133
13128
13132
13131
13131
13137
13129
13123
13130
13123
13125
13131
13129
13136
13138
13138
13137
13138
13135
13130
13130
13138
13135
13136
13135
13137
13151
13141
13139
13133
13131
13124
13122
13128
13123
13128
13125
13127
13127
13132
13138
13138
13140
13146
13143
13147
13139
13132
13134
13121
13118
13127
13125
13122
13132
13137
13141
13137
13136
13138
13133
13131
13126
13132
13132
13139
13152
13146
13147
13147
13147
13148
13146
13138
13135
13140
13136
13140
13124
13128
13136
13127
13127
13125
13129
13133
13120
13117
13120
13113
13110
13113
13117
13112
13117
13113
13121
13118
13128
13127
13123
13130
13129
13127
13129
13135
13146
13135
13134
13136
13130
13132
13134
13132
13125
13129
13125
13136
13128
13132
13132
13129
13132
13131
13139
13146
13145
13142
13150
13140
13142
13141
13133
13134
13134
13136
13134
13135
13137
13129
13127
13131
13133
13132
13129
13133
13134
13136
13139
13135
13130
13137
13140
13143
13137
13136
13137
13128
13122
13129
13136
13134
13137
13138
13137
13141
13134
13137
13141
13136
13136
13138
13134
13130
13123
13125
13117
13122
13125
13126
13134
13143
13135
13137
13134
13139
13148
13140
13137
13139
13139
13138
13133
13133
13133
13139
13139
13138
13128
13131
13135
13138
13143
13141
13137
13141
13136
13134
13142
13133
13128
13135
13135
13141
13141
13138
13147
13143
13145
13136
13136
13128
13126
13121
13119
13124
13131
13132
13126
13137
13135
13134
13130
13131
13129
13128
13133
13140
13140
13134
13134
13133
13139
13141
13136
13138
13142
13141
13153
13148
13143
13148
13150
13142
13145
13138
13141
13139
13136
13136
13134
13144
13132
13128
13129
13129
13133
13134
13128
13126
13128
13133
13134
13133
13132
13130
13125
13126
13123
13125
13130
13135
13136
13144
13145
13150
13139
13138
13147
13137
13132
13141
13144
13145
13144
13136
13133
13129
13126
13124
13118
13125
13132
13133
13141
13139
13149
13139
13136
13140
13141
13140
13139
13139
13141
13143
13139
13136
13129
13129
13127
13126
13134
13131
13130
13132
13130
13127
13128
13119
13120
13038
12664
12176
11708
11185
10869
10692
10638
10638
10701
10775
10887
10987
11113
11205
11336
11437
11551
11646
11744
11825
11906
11972
11956
11922
11950
11980
12014
12059
12112
12163
12224
12272
12318
12363
12406
12446
12491
12523
12563
12614
12654
12683
12707
12727
12760
12775
12798
12826
12848
12869
12887
12904
12915
12933
12952
12954
12962
12976
12980
12972
12977
12992
13000
13011
13028
13041
13040
13052
13059
13060
13060
13064
13064
13070
13065
13071
13072
13080
13073
13081
13081
13079
13089
13087
13093
13096
13093
13092
13093
13109
13100
13106
13117
13120
13123
13120
13120
13118
13123
13133
13134
13140
13141
13135
13125
13132
13129
13131
13136
13138
13136
13130
13134
13133
13127
13132
13130
13124
13122
13130
13126
13124
13132
13137
13138
13137
13145
13143
13149
13143
13129
13133
13135
13130
13135
13127
13132
13130
13123
13118
13123
13122
13122
13116
13129
13130
13128
13130
13133
13137
13138
13138
13132
13137
13134
13124
13137
13127
13122
13130
13128
13127
13130
13134
13145
13146
13148
13144
13140
13138
13134
13125
13130
13134
13133
13133
13126
13130
13139
13143
13142
13143
13146
13141
13145
13148
13150
13151
13147
13141
13146
13140
13135
13136
13129
13128
13131
13129
13130
13125
13119
13119
13123
13123
13123
13125
13130
13132
13141
13145
13144
13137
13141
13136
13145
13139
13137
13132
13136
13132
13135
13137
13135
13138
13133
13130
13123
13131
13135
13130
13129
13137
13135
13142
13139
13136
13141
13140
13136
13137
13132
13132
13131
13134
13129
13126
13128
13122
13124
13132
13131
13135
13129
13130
13141
13131
13133
13135
13134
13135
13129
13137
13141
13145
13138
13138
13135
13139
13130
13122
13122
13126
13128
13131
13130
13119
13127
13132
13139
13143
13142
13145
13157
13159
13166
13162
13162
13158
13161
13165
13162
13158
13154
13154
13158
13145
13140
13141
13138
13133
13130
13134
13121
13120
13123
13128
13128
13130
13128
13131
13132
13138
13135
13134
13128
13119
13126
13125
13127
13131
13130
13138
13147
13142
13141
13138
13136
13143
13147
13143
13140
13143
13143
13149
13151
13142
13142
13145
13140
13145
13143
13147
13154
13144
13137
13137
13118
13124
13121
13123
13128
13132
13136
13138
13130
13130
13138
13136
13138
13147
13142
13147
13148
13146
13141
13143
13141
13137
13133
13134
13126
13131
13132
13130
13134
13132
13128
13131
13132
13130
13126
13129
13129
13131
13131
13141
13130
13140
13134
13136
13129
13132
13127
13123
13123
13124
13135
13129
13130
13139
13137
13139
13140
13137
13138
13139
13134
13127
13132
13142
13144
13148
13151
13145
13154
13152
13143
13145
13145
13141
13141
13140
13139
13138
13134
13139
13127
13135
13122
13132
13125
13130
13133
13133
13129
13132
13138
13132
13122
13125
13126
13132
13129
13128
13127
13137
13137
13136
13133
13136
13133
13136
13140
13130
13133
13131
13139
13141
13142
13141
13135
13134
13122
13120
13124
13122
13121
13134
13142
13142
13145
13139
13141
13139
13142
13140
13151
13148
13149
13145
13138
13141
13135
13128
13133
13136
13130
13130
13122
13128
13133
13132
13134
13127
13137
13133
13137
13139
13135
13136
13136
13141
13144
13144
13142
13141
13133
13141
13139
13136
13139
13137
13138
13142
13142
13138
13143
13139
13140
13147
13147
13148
13140
13138
13137
13152
13153
13150
