13133
13135
13129
13127
13129
13124
13127
13134
13128
13131
13129
13103
12980
12904
12850
12835
12825
12818
12826
12827
12819
12787
12768
12766
12771
12784
12792
12811
12829
12849
12868
12892
12896
12907
12922
12923
12943
12953
12962
12969
12984
12997
13011
13020
13029
13037
13044
13052
13047
13049
13053
13061
13071
13078
13078
13081
13082
13092
13084
13086
13091
13097
13104
13107
13101
13103
13106
13106
13110
13109
13108
13118
13109
13106
13119
13115
13120
13120
13118
13124
13128
13134
13128
13122
13127
13122
13128
13133
13132
13131
13126
13123
13121
13128
13115
13115
13113
13115
13113
13122
13126
13131
13128
13128
13129
13137
13141
13133
13133
13130
13132
13129
13114
13118
13124
13120
13123
13130
13133
13135
13141
13146
13145
13148
13142
13139
13139
13142
13138
13140
13141
13136
13140
13138
13138
13143
13138
13139
13137
13138
13137
13137
13127
13128
13122
13123
13131
13129
13132
13138
13139
13140
13144
13138
13142
13143
13148
13152
13147
13139
13142
13138
13142
13138
13138
13136
13138
13138
13130
13131
13131
13131
13142
13132
13128
13134
13137
13150
13153
13155
13151
13149
13146
13151
13146
13143
13144
13142
13139
13143
13142
13139
13135
13132
13140
13131
13133
13138
13134
13136
13141
13138
13131
13134
13133
13134
13137
13132
13124
13122
13125
13120
13129
13125
13133
13127
13119
13124
13123
13133
13130
13131
13125
13124
13128
13130
13136
13126
13134
13131
13134
13140
13135
13127
13131
13137
13140
13145
13140
13145
13146
13148
13138
13133
13130
13122
13126
13127
13125
13125
13119
13124
13132
13135
13131
13130
13129
13133
13137
13136
13132
13130
13125
13129
13130
13140
13146
13135
13138
13136
13134
13139
13134
13124
13129
13133
13136
13138
13129
13132
13134
13132
13127
13121
13121
13116
13117
13120
13120
13127
13126
13124
13131
13119
13116
13126
13124
13134
13134
13125
13132
13138
13135
13141
13139
13138
13135
13135
13135
13133
13129
13132
13122
13118
13126
13121
13120
13134
13130
13141
13137
13134
13126
13126
13128
13133
13134
13138
13141
13139
13134
13136
13139
13135
13138
13136
13129
13127
13132
13136
13136
13138
13141
13148
13139
13142
13142
13139
13141
13137
13137
13143
13128
13124
13130
13131
13126
13130
13126
13129
13127
13129
13126
13126
13127
13130
13132
13132
13134
13132
13128
13127
13137
13131
13129
13131
13126
13131
13134
13138
13148
13149
13148
13152
13147
13142
13140
13135
13136
13136
13128
13122
13116
13116
13121
13114
13116
13121
13120
13122
13130
13126
13129
13133
13138
13135
13141
13134
13129
13126
13129
13126
13135
13133
13131
13137
13136
13129
13128
13131
13124
13122
13124
13127
13125
13127
13132
13127
13130
13132
13122
13132
13125
13136
13132
13127
13119
13124
13123
13123
13125
13129
13124
13128
13120
13126
13128
13126
13126
13131
13131
13127
13133
13122
13118
13124
13128
13132
13131
13124
13118
13128
13132
13134
13131
13138
13140
13147
13149
13145
13141
13139
13133
13130
13135
13130
13130
13133
13136
13132
13125
13123
13123
13112
13118
13116
13125
13132
13125
13133
13134
13137
13144
13126
13133
13134
13131
13129
13132
13137
13133
13059
12812
12422
11903
11564
11382
11276
11260
11273
11329
11392
11470
11552
11648
11721
11812
11893
11974
12039
12114
12172
12241
12287
12343
12392
12437
12486
12529
12572
12602
12632
12659
12684
12715
12740
12763
12790
12809
12835
12855
12874
12891
12901
12913
12932
12952
12956
12969
12980
12990
13002
13012
13021
13035
13037
13050
13069
13060
13066
13071
13064
13064
13062
13068
13068
13076
13084
13094
13103
13106
13113
13120
13117
13113
13113
13105
13112
13110
13111
13113
13119
13114
13118
13108
13102
13105
13100
13104
13110
13107
13112
13106
13107
13117
13111
13116
13117
13122
13115
13113
13119
13126
13125
13126
13126
13124
13126
13125
13125
13135
13139
13135
13126
13127
13127
13130
13132
13131
13132
13131
13135
13129
13130
13125
13127
13133
13131
13132
13130
13134
13140
13127
13127
13134
13124
13119
13119
13122
13123
13126
13136
13138
13134
13128
13132
13136
13142
13132
13133
13132
13134
13134
13133
13131
13135
13134
13142
13138
13136
13128
13136
13136
13136
13134
13139
13139
13140
13140
13136
13131
13130
13134
13137
13141
13137
13126
13133
13135
13138
13131
13134
13126
13126
13125
13136
13134
13133
13125
13134
13136
13138
13142
13145
13147
13152
13145
13143
13131
13129
13130
13129
13130
13131
13121
13128
13138
13129
13125
13124
13123
13138
13133
13125
13118
13126
13125
13128
13121
13131
13134
13132
13133
13131
13127
13130
13132
13137
13131
13129
13127
13133
13141
13142
13140
13142
13135
13140
13140
13135
13136
13138
13137
13134
13134
13133
13128
13129
13139
13140
13146
13154
13139
13140
13137
13133
13129
13138
13135
13127
13128
13125
13131
13134
13136
13138
13141
13144
13136
13136
13135
13136
13150
13144
13142
13148
13153
13152
13149
13144
13136
13136
13136
13142
13140
13140
13136
13134
13139
13135
13127
13133
13125
13125
13128
13122
13125
13137
13133
13138
13139
13135
13133
13138
13139
13140
13145
13147
13150
13143
13139
13141
13143
13137
13140
13137
13133
13136
13131
13126
13125
13128
13129
13135
13133
13138
13136
13139
13142
13143
13139
13139
13134
13134
13139
13139
13136
13150
13143
13144
13141
13142
13137
13137
13137
13135
13134
13132
13129
13125
13134
13135
13132
13128
13127
13134
13141
13146
13139
13133
13135
13132
13134
13131
13124
13123
13129
13125
13124
13131
13136
13135
13131
13132
13136
13137
13134
13133
13130
13133
13138
13133
13139
13139
13151
13150
13143
13139
13134
13081
12961
12892
12853
12822
12816
12817
12821
12830
12846
12859
12871
12884
12895
12803
12720
12670
12650
12640
12650
12658
12675
12697
12719
12738
12775
12788
12809
12833
12854
12868
12885
12886
12898
12921
12935
12942
12955
12969
12984
12995
13001
13005
13017
13023
13029
13038
13035
13045
13053
13065
13072
13066
13065
13074
13074
13090
13091
13085
13084
13083
13090
13099
13094
13097
13105
13103
13106
13116
13110
13119
13119
13120
13127
13136
13136
13132
13137
13137
13137
13134
13129
13134
13135
13133
13127
13125
13123
13127
13123
13131
13132
13125
13125
13130
13122
13123
13124
13124
13127
13134
13131
13138
13139
13136
13147
13143
13133
13137
13126
13127
13130
13126
13130
13127
13128
13126
13123
13126
13128
13127
13126
13128
13127
13128
13127
13137
13129
13134
13134
13131
13131
13130
13133
13133
13133
13139
13142
13134
13136
13134
