13137
13131
13127
13124
13121
13122
13121
13127
13126
13132
13123
12997
12918
12862
12835
12818
12822
12830
12844
12856
12864
12877
12887
12898
12911
12923
12947
12955
12965
12974
12981
12994
13002
13016
13022
13026
13034
13042
13047
13051
13054
13065
13074
13078
13096
13090
13087
13092
13101
13100
13100
13100
13105
13099
13093
13098
13089
13100
13099
13104
13114
13114
13119
13122
13117
13120
13131
13127
13126
13124
13123
13125
13125
13129
13120
13116
13120
13121
13119
13126
13123
13130
13136
13131
13131
13132
13133
13139
13141
13139
13133
13130
13127
13126
13125
13121
13124
13127
13130
13125
13126
13125
13130
13138
13132
13126
13133
13127
13124
13127
13127
13122
13126
13126
13134
13132
13135
13135
13140
13145
13138
13138
13139
13139
13142
13144
13136
13141
13142
13142
13140
13136
13139
13142
13148
13149
13131
13135
13139
13138
13140
13141
13132
13139
13137
13137
13143
13137
13134
13134
13129
13133
13134
13137
13138
13139
13141
13142
13140
13139
13139
13138
13140
13137
13136
13130
13131
13136
13133
13132
13124
13133
13137
13139
13146
13140
13133
13139
13138
13134
13136
13124
13127
13132
13135
13128
13138
13135
13129
13138
13130
13129
13134
13121
13127
13118
13116
13116
13122
13127
13124
13128
13134
13137
13136
13123
13128
13133
13126
13135
13134
13139
13137
13138
13133
13134
13123
13122
13129
13132
13129
13127
13130
13134
13135
13133
13135
13136
13136
13140
13143
13139
13142
13139
13134
13130
13129
13128
13134
13148
13156
13154
13154
13143
13146
13137
13139
13143
13139
13141
13140
13138
13141
13137
13134
13136
13130
13138
13138
13132
13140
13141
13138
13146
13148
13136
13136
13130
13131
13132
13128
13130
13124
13129
13135
13130
13137
13141
13141
13144
13149
13146
13144
13145
13146
13137
13136
13145
13132
13129
13129
13127
13129
13133
13127
13131
13131
13138
13139
13135
13135
13134
13129
13135
13134
13128
13142
13134
13140
13135
13127
13129
13136
13132
13133
13141
13142
13134
13130
13135
13141
13139
13137
13138
13143
13131
13130
13136
13136
13136
13134
13139
13132
13134
13133
13132
13128
13138
13140
13133
13138
13133
13130
13138
13139
13131
13135
13120
13132
13135
13135
13137
13138
13142
13142
13141
13142
13136
13130
13139
13139
13139
13143
13132
13144
13139
13137
13138
13135
13134
13134
13140
13142
13134
13139
13143
13137
13141
13136
13129
13126
13126
13124
13137
13128
13132
13138
13138
13136
13139
13139
13139
13138
13136
13134
13133
13129
13125
13133
13138
13142
13132
13126
13133
13140
13136
13136
13136
13140
13146
13141
13136
13134
13124
13132
13137
13121
13121
13122
13121
13121
13119
13124
13127
13126
13128
13135
13130
13130
13132
13129
13132
13134
13134
13131
13130
13129
13134
13135
13138
13135
13131
13126
13128
13136
13132
13135
13140
13134
13137
13130
13133
13133
13134
13134
13137
13135
13138
13135
13126
13132
13126
13126
13130
13119
13117
13121
13120
13129
13139
13138
13141
13139
13139
13143
13137
13138
13129
13139
13144
13147
13137
13133
13138
13133
13130
13125
13124
13117
13119
13117
13125
13124
13123
13123
13134
13120
13121
13121
13121
13116
13120
13121
13123
13120
13102
12830
12276
11658
11271
11058
10946
10934
10951
11010
11081
11185
11272
11378
11480
11572
11664
11764
11845
11931
11997
12075
12141
12206
12262
12329
12371
12426
12472
12506
12438
12394
12392
12397
12411
12437
12469
12502
12534
12565
12600
12643
12657
12685
12722
12742
12768
12795
12803
12818
12841
12856
12878
12897
12916
12928
12943
12951
12948
12965
12979
12988
13003
13008
13020
13021
13020
13023
13033
13035
13045
13045
12975
12881
12817
12786
12767
12766
12773
12791
12797
12811
12819
12830
12846
12867
12882
12901
12917
12938
12952
12955
12966
12981
12980
12990
13005
13007
13009
13031
13032
13038
13053
13055
13061
13067
13068
13075
13078
13079
13084
13081
13089
13084
13083
13089
13098
13103
13110
13109
13114
13120
13114
13113
13119
13122
13118
13114
13115
13116
13116
13118
13119
13120
13121
13121
13128
13126
13118
13124
13116
13120
13122
13125
13123
13125
13129
13131
13126
13123
13130
13129
13132
13135
13128
13133
13140
13137
13131
13134
13130
13131
13125
13127
13129
13137
13136
13136
13136
13139
13138
13134
13139
13142
13145
13140
13137
13134
13133
13136
13129
13119
13122
13124
13130
13126
13132
13120
13122
13117
13128
13122
13124
13127
13132
13138
13134
13128
13129
13125
13120
13127
13129
13127
13129
13129
13135
13141
13138
13138
13142
13136
13133
13135
13137
13131
13137
13126
13123
13134
13133
13131
13129
13136
13135
13133
13130
13132
13133
13129
13135
13130
13137
13139
13131
13134
13132
13132
13138
13134
13131
13138
13135
13138
13141
13136
13138
13133
13132
13132
13125
13125
13130
13137
13139
13145
13146
13148
13142
13149
13137
13138
13138
13134
13138
13139
13138
13143
13147
13146
13153
13142
13143
13139
13128
13134
13132
13124
13136
13135
13135
13140
13142
13139
13141
13137
13132
13131
13125
13132
13130
13135
13136
13140
13145
13145
13148
13152
13138
13153
13141
13139
13147
13144
13144
13140
13135
13130
13136
13134
13145
13139
13142
13143
13149
13148
13144
13143
13139
13144
13142
13146
13139
13139
13156
13147
13150
13143
13136
13134
13131
13131
13124
13126
13126
13130
13137
13135
13135
13142
13140
13140
13145
13140
13142
13139
13138
13130
13136
13131
13136
13138
13138
13135
13134
13127
13134
13134
13137
13136
13132
13133
13128
13135
13136
13128
13129
13131
13128
13129
13129
13123
13119
13120
13132
13131
13131
13126
13122
13133
13124
13125
13127
13123
13132
13132
13134
13134
13138
13136
13145
13137
13132
13132
13134
13135
13138
13134
13143
13139
13143
13150
13138
13135
13134
13125
13127
13130
13130
13133
13123
13129
13129
13134
13135
13139
13144
13142
13138
13148
13139
13142
13137
13139
13141
13142
13143
13141
13148
13153
13154
13142
13149
13141
13139
13140
13138
13135
13137
13133
13128
13136
13128
13125
13124
13129
13126
13122
13132
13130
13132
13132
13118
13126
13130
13137
13140
13140
13143
13155
13144
13143
13144
13146
13137
13135
13137
13138
13138
13136
13138
13137
13129
13135
13130
13130
13129
13127
13122
13126
13127
13131
13124
13121
13127
13125
13127
13131
13131
13136
13130
13126
13124
13118
13123
13128
13126
13127
13129
13138
13143
13142
13142
13142
13139
13134
13138
13140
13137
13138
13144
13140
13137
13134
13139
13140
13138
13138
13140
13140
13144
13141
13128
13133
13141
