13138
13135
13150
13145
13139
13147
13138
13135
13132
13128
13123
13122
13123
13119
13123
13125
13118
13127
13130
13125
13132
13125
13131
13139
13131
13126
13125
13122
13122
13125
13132
13138
13133
13141
13148
13148
13141
13134
13135
13138
13138
13138
13138
13131
13138
13146
13143
13138
13148
13139
13139
13134
13138
13139
13138
13141
13139
13135
13138
13132
13131
13134
13135
13138
13130
13130
13124
13131
13129
13125
13125
13129
13126
13136
13138
13132
13129
13127
13123
13132
13121
13125
13140
13142
13150
13143
13137
13146
13139
13140
13141
13135
13132
13137
13134
13130
13133
13125
13130
13132
13137
13132
13132
13131
13121
13128
13133
13131
13130
13136
13128
13137
13126
13137
13140
13141
13142
13139
13136
13143
13137
13130
13139
13137
13137
13141
13143
13150
13141
13141
13135
13136
13135
13137
13132
13135
13132
13136
13133
13122
13128
13117
13119
13128
13124
13135
13126
13132
13133
13132
13133
13142
13139
13140
13142
13146
13148
13145
13140
13145
13138
13137
13141
13138
13134
13140
13138
13138
13135
13141
13138
13132
13140
13135
13137
13140
13134
13138
13141
13138
13146
13138
13133
13130
13120
13130
13125
13128
13133
13135
13128
13130
13125
13131
13139
13138
13144
13146
13136
13140
13132
13131
13137
13136
13136
13140
13138
13142
13141
13142
13136
13137
13132
13128
13130
13137
13136
13132
13127
13130
13135
13126
13129
13123
13115
13124
13126
13127
13131
13127
13125
13135
13126
13132
13132
13127
13134
13135
13137
13141
13137
13134
13140
13145
13151
13148
13146
13143
13140
13132
13127
13128
13129
13126
13126
13126
13129
13129
13126
13130
13130
13125
13129
13141
13148
13147
13145
13140
13136
13138
13136
13135
13126
13122
13122
13125
13129
13134
13129
13135
13136
13130
13139
13134
13132
13130
13124
13124
13122
13125
13127
13127
13134
13123
13129
13130
13134
13133
13133
13132
13138
13138
13141
13137
13134
13136
13134
13136
13142
13138
13127
13131
13120
13120
13119
13118
13118
13131
13127
13130
13125
13122
13131
13125
13125
13132
13128
13128
13127
13119
13119
13129
13131
13132
13125
13137
13128
13131
13134
13135
13133
13128
13129
13136
13131
13132
13133
13131
13134
13139
13127
13133
13127
13132
13133
13130
13126
13126
13121
13128
13125
13116
13126
13123
13112
13118
13111
13115
13115
13115
13114
13120
13126
13126
13133
13138
13138
13133
13126
13122
13128
13120
13119
13122
13125
13132
13132
13133
13138
13141
13139
13146
13139
13148
13141
13142
13139
13138
13132
13138
13129
13132
13128
13122
13125
13122
13125
13131
13134
13137
13133
13133
13134
13138
13141
13139
13134
13132
13132
13139
13139
13137
13138
13145
13144
13151
13151
13145
13142
13133
13132
13135
13126
13136
13139
13141
13145
13140
13136
13148
13142
13138
13136
13125
13132
13140
13133
13135
13133
13130
13132
13133
13131
13132
13142
13152
13153
13150
13143
13140
13155
13147
13146
13144
13144
13142
13135
13142
13142
13137
13133
13136
13125
13135
13133
13135
13139
13138
13147
13146
13138
13137
13139
13137
13134
13142
13136
13140
13145
13145
13140
13147
13145
13143
13142
13145
13138
13142
13139
13142
13148
13141
12997
12417
11765
11248
10894
10654
10474
10391
10399
10435
10534
10635
10768
10887
11022
11138
11270
11388
11497
11585
11680
11761
11852
11939
12021
12098
12118
12060
12051
12058
12086
12115
12171
12215
12263
12307
12360
12406
12461
12492
12534
12574
12610
12644
12673
12700
12727
12749
12771
12791
12812
12845
12862
12873
12893
12915
12926
12947
12955
12961
12970
12976
12988
13000
13001
13011
13023
13040
13047
13052
13052
13056
13055
13072
13080
13077
13079
13086
13089
13089
13090
13094
13084
13103
13103
13109
13112
13112
13107
13113
13104
13115
13112
13116
13116
13120
13121
13128
13119
13114
13123
13121
13117
13118
13109
13112
13120
13124
13117
13117
13120
13121
13113
13121
13115
12990
12917
12866
12837
12814
12807
12828
12831
12842
12822
12792
12790
12780
12792
12798
12800
12819
12835
12857
12875
12893
12908
12929
12932
12934
12945
12958
12965
12980
12980
12986
12991
12996
13004
13022
13027
13030
13043
13062
13066
13073
13078
13089
13100
13096
13100
13112
13114
13121
13119
13117
13111
13108
13106
13010
12908
12862
12830
12805
12800
12809
12823
12848
12865
12875
12889
12904
12913
12930
12938
12948
12960
12974
12986
12997
13006
13012
13022
13031
13031
13041
13046
13052
13061
13063
13067
13072
13075
13086
13083
13087
13098
13099
13095
13100
13091
13102
13104
13105
13114
13109
13108
13111
13104
13108
13117
13117
13123
13119
13114
13123
13124
13131
13124
13120
13116
13122
13124
13126
13120
13124
13123
13128
13128
13127
13123
13126
13117
13121
13115
13113
13115
13112
13111
13117
13114
13124
13126
13128
13135
13126
13119
13128
13126
13131
13140
13142
13148
13156
13157
13146
13141
13139
13129
13128
13133
13132
13132
13132
13132
13138
13135
13137
13144
13139
13134
13140
13134
13133
13131
13131
13127
13132
13134
13134
13121
13132
13134
13138
13143
13146
13140
13139
13136
13135
13137
13136
13132
13136
13135
13135
13142
13146
13143
13145
13142
13137
13137
13132
13127
13131
13124
13127
13132
13124
13134
13138
13137
13146
13137
13132
13136
13132
13128
13134
13136
13138
13148
13143
13146
13151
13145
13149
13144
13142
13145
13142
13134
13137
13125
13130
13131
13128
13129
13132
13131
13137
13139
13138
13130
13124
13118
13122
13125
13122
13128
13131
13142
13144
13138
13140
13135
13137
13142
13148
13150
13150
13147
13142
13140
13141
13138
13143
13141
13132
13132
13124
13128
13134
13124
13130
13133
13138
13140
13137
13138
13132
13126
13134
13133
13128
13129
13127
13142
13134
13128
13132
13128
13133
13125
13126
13126
13126
13128
13129
13118
13124
13124
13122
13127
13124
13122
13126
13131
13125
13130
13124
13129
13138
13137
13135
13138
13140
13150
13148
13147
13140
13141
13143
13139
13141
13136
13138
13146
13135
13134
13133
13123
13128
13123
13134
13139
13141
13134
13136
13134
13142
13139
13132
13137
13138
13142
13142
13137
13135
13141
13137
13134
13137
13130
13129
13133
13133
13137
13140
13149
13140
13150
13154
13157
13150
13147
13140
13145
13147
13144
13144
13134
13132
13125
13123
13119
13119
13127
13132
13130
13134
13138
13137
13145
13142
13140
13149
13151
13147
13143
13131
13132
13132
13136
13138
13136
13134
13131
13131
13132
13125
13122
13122
13117
13123
13120
13119
13127
13120
13124
13131
13134
13133
13130
13131
13126
13136
