13131
13132
13132
13136
13134
13141
13134
13138
13124
13132
13128
13132
13121
13128
13135
13138
13141
13134
13142
13137
13138
13142
13136
13134
13140
13147
13140
13140
13137
13138
13133
13138
13132
13133
13128
13125
13134
13130
13127
13134
13137
13137
13138
13135
13132
13130
13129
13139
13142
13140
13140
13138
13136
13133
13133
13133
13124
13122
13129
13128
13127
13134
13131
13133
13135
13134
13129
13133
13137
13135
13137
13144
13145
13146
13142
13135
13137
13128
13129
13126
13122
13125
13116
13123
13119
13124
13126
13129
13121
13123
13125
13123
13129
13131
13127
13127
13122
13123
13133
13124
13121
13134
13127
13134
13135
13137
13137
13135
13134
13135
13126
13131
13128
13125
13123
13124
13133
13142
13142
13145
13139
13140
13139
13139
13142
13142
13135
13134
13134
13141
13140
13140
13137
13138
13135
13135
13134
13131
13133
13126
13132
13140
13135
13140
13148
13144
13141
13137
13131
13134
13134
13138
13140
13137
13133
13130
13128
13129
13129
13122
13126
13129
13129
13135
13142
13142
13137
13142
13133
13139
13138
13138
13138
13138
13134
13131
13129
13135
13139
13140
13142
13148
13147
13141
13143
13147
13144
13142
13131
13132
13126
13131
13134
13142
13140
13142
13147
13147
13150
13153
13156
13156
13158
13154
13156
13149
13135
13134
13123
13124
13130
13127
13133
13136
13131
13140
13130
13133
13138
13137
13138
13140
13136
13134
13139
13138
13140
13139
13136
13138
13139
13142
13143
13137
13139
13139
13143
13133
13124
13129
13123
13122
13126
13130
13128
13127
13123
13131
13123
13122
13128
13123
13129
13130
13132
13134
13134
13134
13136
13135
13128
13126
13126
13126
13130
13132
13138
13141
13146
13142
13146
13148
13143
13136
13134
13128
13136
13126
13125
13129
13125
13133
13126
13124
13126
13128
13124
13123
13118
13125
13125
13130
13134
13136
13136
13140
13134
13135
13140
13138
13142
13142
13137
13140
13149
13143
13147
13142
13143
13138
13141
13138
13137
13132
13131
13130
13136
13137
13137
13142
13137
13138
13132
13130
13122
13126
13126
13124
13119
13120
13125
13125
13124
13123
13124
13125
13126
13126
13141
13138
13133
13139
13132
13128
13131
13127
13132
13132
13133
13134
13136
13146
13141
13144
13139
13140
13151
13141
13135
13136
13128
13130
13126
13123
13118
13121
13115
13117
13117
13130
13134
13130
13131
13129
13133
13133
13127
13127
13129
13129
13126
13133
13131
13131
13133
13124
13124
13125
13120
13119
13121
13130
13127
13138
13132
13135
13143
13129
13129
13133
13135
13135
13133
13135
13139
13138
13139
13145
13142
13142
13134
13137
13130
13136
13142
13148
13141
13142
13145
13142
13132
13128
13126
13130
13126
13122
13116
13113
13117
13117
13112
13121
13124
13122
13127
13127
13133
13133
13136
13141
13137
13138
13134
13132
13137
13141
13142
13145
13144
13149
13148
13140
13145
13142
13142
13141
13142
13138
13152
13141
13140
13141
13140
13145
13147
13138
13136
13142
13138
13139
13141
13146
13142
13137
13136
13129
13131
13124
13128
13131
13130
13128
13130
13134
13133
13136
13137
13138
13135
13132
13131
13128
13125
13124
13126
13129
13126
13125
13137
13133
13130
12826
11961
11067
10424
9980
9775
9677
9703
9735
9824
9930
10026
10045
10065
10125
10238
10353
10497
10630
10775
10907
11054
11170
11289
11397
11516
11619
11717
11802
11885
11957
12033
12099
12166
12130
12083
12079
12107
12133
12170
12213
12260
12311
12367
12404
12453
12484
12534
12563
12601
12631
12660
12690
12722
12744
12782
12795
12820
12846
12863
12877
12886
12901
12917
12927
12946
12958
12957
12980
12997
13002
13013
13024
13024
13040
13039
13040
13048
13050
13048
13062
13067
13073
13074
13080
13086
13085
13084
13084
13082
13090
13100
13104
13098
13101
13103
13100
13102
13108
13106
13114
13114
13121
13118
13118
13121
13123
13117
13126
13127
13126
13124
13121
13122
13119
13116
13119
13126
13124
13126
13127
13128
13138
13136
13136
13129
13135
13135
13136
13130
13134
13137
13136
13145
13146
13152
13148
13149
13147
13138
13139
13135
13139
13134
13135
13133
13131
13132
13135
13137
13131
13135
13141
13146
13152
13142
13147
13151
13147
13143
13145
13132
13129
13129
13129
13122
13125
13128
13122
13120
13126
13128
13123
13126
13124
13129
13122
13126
13129
13126
13119
13123
13122
13128
13135
13129
13137
13134
13141
13139
13137
13142
13135
13146
13143
13142
13142
13152
13144
13143
13145
13148
13144
13144
13150
13151
13151
13147
13134
13120
13119
13123
13131
13132
13136
13140
13137
13134
13136
13125
13127
13125
13129
13127
13134
13129
13137
13132
13136
13143
13132
13133
13130
13124
13130
13128
13125
13136
13134
13129
13137
13133
13133
13132
13135
13129
13129
13128
13126
13125
13130
13130
13127
13126
13131
13131
13122
13122
13127
13112
12987
12901
12856
12830
12815
12811
12821
12823
12836
12851
12860
12873
12890
12906
12927
12938
12946
12969
12970
12984
13001
13001
13003
13013
13022
13036
13041
13040
13046
13052
13064
13060
13070
13066
13069
13084
13087
13081
13084
13093
13101
13100
13096
13089
13092
13098
13104
13101
13112
13113
13117
13117
13118
13117
13119
13119
13123
13124
13122
13125
13125
13126
13124
13121
13115
13119
13122
13129
13131
13137
13135
13134
13138
13134
13134
13139
13137
13136
13139
13135
13142
13132
13136
13131
13132
13129
13130
13119
13130
13134
13139
13143
13147
13146
13149
13141
13138
13139
13133
13134
13139
13131
13134
13137
13135
13131
13134
13130
13131
13123
13131
13132
13137
13136
13137
13143
13139
13138
13142
13139
13143
13148
13147
13139
13138
13132
13135
13127
13131
13142
13140
13148
13147
13137
13138
13127
13119
13126
13117
13119
13122
13112
13115
13119
13121
13121
13122
13121
13129
13129
13128
13132
13130
13130
13136
13142
13132
13130
13136
13133
13132
13126
13131
13130
13131
13132
13142
13137
13138
13139
13140
13147
13149
13148
13154
13144
13137
13138
13137
13129
13127
13124
13129
13134
13137
13132
13143
13145
13141
13144
13155
13146
13147
13147
13149
13154
13147
13142
13148
13150
13144
13142
13138
13140
13140
13136
13142
13137
13143
13142
13142
13145
13139
13138
13144
13147
13142
13140
13134
13134
13138
13135
13135
13129
13133
13132
13134
13136
13135
13132
13138
13133
13136
13131
13135
13146
13139
13141
13142
13129
13127
13125
13127
13121
13127
13132
13129
13126
13134
13139
13131
13132
13136
13127
13134
13131
13133
13141
13137
13127
13138
13139
13133
13140
13133
13134
13142
13144
13137
