13136
13129
13126
13131
13149
13155
13155
13153
13148
13145
13141
13140
13138
13142
13141
13144
13138
13131
13134
13134
13144
13146
13141
13138
13133
13128
13128
13122
13134
13123
13124
13129
13127
13127
13125
13125
13132
13130
13131
13134
13132
13138
13132
13134
13133
13136
13142
13147
13141
13149
13148
13141
13138
13136
13134
13142
13129
13125
13130
13127
13131
13135
13132
13133
13128
13130
13131
13130
13138
13133
13142
13142
13135
13136
13139
13136
13142
13138
13137
13143
13145
13154
13153
13145
13152
13149
13149
13150
13146
13140
13141
13134
13138
13127
13126
13136
13133
13137
13140
13137
13136
13142
13135
13136
13133
13135
13134
13131
13132
13130
13125
13124
13129
13142
13143
13148
13161
13157
13151
13153
13145
13147
13142
13138
13143
13142
13137
13140
13136
13135
13138
13139
13141
13133
13130
13134
13136
13129
13140
13137
13142
13138
13134
13138
13148
13145
13142
13139
13133
13132
13140
13134
13131
13137
13126
13126
13133
13137
13129
13128
13130
13133
13135
13135
13138
13138
13142
13142
13141
13144
13145
13144
13140
13138
13137
13143
13147
13137
13146
13129
13132
13137
13136
13142
13145
13143
13145
13138
13135
13132
13132
13136
13134
13127
13129
13129
13138
13130
13122
13130
13129
13131
13136
13130
13139
13142
13141
13139
13136
13136
13131
13126
13125
13133
13132
13137
13140
13141
13144
13144
13143
13147
13143
13142
13141
13137
13138
13137
13141
13138
13134
13137
13131
13130
13134
13129
13126
13128
13131
13137
13141
13144
13137
13141
13144
13146
13142
13143
13139
13137
13135
13128
13128
13133
13138
13143
13135
13130
13133
13126
13134
13134
13128
13125
13132
13131
13128
13133
13128
13132
13134
13146
13146
13143
13139
13146
13153
13138
13133
13135
13137
13139
13141
13135
13141
13143
13145
13138
13135
13135
13140
13134
13137
13139
13135
13132
13133
13133
13142
13134
13130
13129
13118
13124
13124
13132
13135
13137
13136
13135
13142
13141
13140
13135
13136
13134
13138
13132
13124
13127
13122
13121
13122
13123
13131
13137
13140
13142
13132
13138
13137
13143
13144
13139
13141
13139
13137
13136
13135
13132
13127
13133
13131
13133
13133
13137
13130
13127
13130
13125
13128
13129
13131
13132
13130
13127
13136
13132
13133
13141
13139
13135
13137
13130
13133
13131
13132
13132
13129
13133
13139
13136
13132
13138
13141
13137
13128
13127
13139
13132
13128
13132
13126
13133
13133
13133
13127
13128
13138
13133
13138
13142
13142
13140
13145
13139
13144
13137
13143
13143
13142
13143
13138
13134
13129
13133
13134
13129
13127
13127
13128
13126
13117
13118
13122
13127
13125
13117
13125
13123
13126
13132
13135
13137
13137
13135
13140
13144
13147
13137
13143
13142
13141
13138
13137
13133
13140
13134
13134
13131
13124
13135
13142
13144
13141
13139
13137
13141
13134
13124
13129
13120
13123
13128
13129
13130
13135
13137
13146
13140
13137
13134
13136
13136
13138
13139
13142
13144
13147
13139
13133
13138
13135
13139
13137
13135
13146
13136
13136
13139
13133
13130
13132
13133
13131
13129
13127
13127
13123
13128
13121
13116
13119
13126
13130
13137
13134
13140
13150
13141
13140
13146
13143
12967
12706
12416
12154
12005
11927
11886
11900
11923
11970
12015
12065
12121
12185
12234
12290
12344
12395
12441
12488
12524
12558
12601
12638
12670
12697
12723
12751
12763
12788
12811
12830
12851
12869
12881
12896
12909
12920
12946
12964
12972
12984
12988
12998
13004
13017
13017
13020
13025
13035
13038
13052
13060
13075
13076
13074
13081
13076
13078
13085
13084
13083
13087
13091
13094
13092
13092
13097
13104
13102
13104
13103
13109
13100
13094
13104
13107
13108
13121
13112
13116
13118
13119
13123
13128
13116
13115
13118
13119
13116
13122
13127
13129
13138
13138
13141
13144
13146
13141
13147
13137
13133
13130
13124
13135
13126
13131
13134
13135
13142
13141
13145
13146
13144
13139
13144
13142
13133
13138
13141
13136
13140
13137
13136
13138
13140
13135
13140
13143
13136
13140
13141
13140
13149
13140
13138
13138
13128
13134
13131
13132
13126
13116
13116
13121
13125
13122
13126
13123
13125
13128
13129
13127
13121
13125
13123
13127
13122
13123
13125
13128
13130
13136
13137
13147
13142
13147
13143
13149
13141
13132
13124
13132
13136
13125
13117
13131
13127
13132
13128
13128
13129
13128
13128
13131
13126
13121
13121
13121
13128
13131
13125
13136
13130
13133
13131
13124
13123
13128
13125
13125
13128
13127
13126
13129
13136
13138
13139
13139
13143
13141
13135
13134
13141
13136
13137
13137
13139
13135
13134
13132
13132
13128
13129
13127
13130
13132
13133
13131
13135
13134
13133
13138
13134
13132
13135
13127
13123
13130
13129
13125
13125
13132
13133
13130
13138
13136
13135
13133
13127
13130
13128
13127
13141
13138
13136
13142
13137
13133
13127
13131
13132
13121
13130
13133
13130
13138
13140
13138
13146
13142
13133
13137
13132
13135
13136
13136
13131
13135
13137
13129
13132
13134
13135
13133
13142
13138
13143
13142
13137
13138
13143
13139
13150
13138
13137
13147
13143
13142
13141
13140
13140
13139
13134
13139
13133
13132
13145
13142
13151
13156
13145
13151
13141
13140
13143
13140
13138
13140
13130
13135
13135
13127
13122
13125
13126
13124
13126
13129
13130
13131
13136
13132
13145
13141
13145
13149
13144
13140
13139
13147
13150
13148
13142
13147
13139
13138
13138
13137
13143
13143
13138
13152
13144
13141
13151
13142
13137
13141
13130
13133
13135
13132
13129
13131
13130
13131
13130
13130
13133
13130
13132
13137
13139
13134
13132
13135
13131
13134
13126
13130
13126
13132
13138
13137
13125
13122
13126
13118
13121
13129
13133
13136
13133
13124
13138
13134
13136
13137
13131
13139
13140
13144
13142
13144
13149
13141
13145
13134
13140
13132
13129
13128
13138
13124
13122
13127
13128
13137
13132
13133
13135
13136
13145
13144
13140
13137
13136
13137
13136
13138
13137
13149
13140
13131
13139
13137
13134
13133
13131
13136
13134
13136
13134
13134
13137
13137
13138
13132
13133
13128
13130
13128
13139
13132
13138
13154
13144
13145
13141
13136
13137
13135
13130
13133
13122
13131
13125
13135
13136
13140
13136
13138
13135
13137
13138
13140
13135
13143
13139
13140
13142
13139
13136
13134
13138
13135
13135
13141
13137
13132
13126
13127
13130
13117
13118
13121
13123
13124
13120
13122
13128
13133
13133
13134
13126
13134
13139
13138
13146
13148
13141
13146
13135
13135
13137
13132
13130
13133
13131
13131
13136
13137
13139
13135
13127
13132
