13149
13148
13143
13143
13150
13148
13147
13151
13150
13154
13144
13133
13131
13134
13130
13132
13134
13138
13153
13150
13141
13140
13139
13140
13140
13140
13139
13142
13142
13140
13141
13134
13135
13136
13132
13132
13142
13136
13138
13135
13130
13130
13124
13125
13125
13124
13118
13128
13129
13138
13139
13138
13143
13145
13143
13151
13142
13139
13141
13128
13120
13124
13122
13123
13127
13129
13128
13134
13144
13140
13139
13135
13134
13138
13140
13137
13135
13134
13135
13146
13145
13141
13142
13136
13142
13138
13138
13139
13132
13136
13131
13140
13143
13141
13137
13148
13149
13151
13150
13141
13147
13152
13150
13149
13149
13150
13155
13150
13141
13136
13125
13132
13130
13134
13132
13132
13134
13135
13139
13145
13139
13139
13134
13138
13139
13135
13127
13131
13126
13126
13123
13120
13129
13130
13134
13139
13123
13126
13124
13120
13118
13123
13115
13124
13132
13137
13138
13130
13126
13122
13117
13121
13125
13133
13132
13127
13129
13124
13125
13129
13132
13127
13129
13135
13134
13135
13130
13136
13125
13125
13128
13120
13118
13124
13130
13135
13133
13132
13133
13132
13128
13132
13130
13121
13128
13122
13120
13124
13126
13125
13129
13131
13126
13128
13125
13128
13132
13129
13129
13129
13128
13137
13138
13142
13137
13134
13124
13130
13127
13129
13128
13128
13139
13142
13136
13136
13127
13122
13132
13128
13125
13134
13126
13129
13131
13133
13136
13145
13147
13134
13133
13137
13134
13136
13134
13136
13135
13129
13131
13137
13136
13133
13129
13135
13136
13134
13143
13146
13137
13143
13144
13143
13147
13144
13148
13142
13137
13121
13124
13127
13130
13129
13127
13130
13142
13138
13130
13131
13129
13126
13131
13138
13133
13137
13130
13125
13130
13125
13130
13137
13148
13137
13126
13126
13121
13125
13116
13118
13114
13123
13127
13124
13125
13128
13132
13137
13133
13130
13131
13138
13130
13137
13140
13138
13139
13139
13136
13138
13141
13139
13138
13140
13135
13132
13131
13139
13135
13130
13129
13133
13132
13138
13134
13140
13138
13139
13143
13132
13126
13125
13125
13131
13134
13136
13135
13139
13132
13129
13134
13130
13125
13133
13129
13126
13134
13130
13133
13132
13132
13131
13134
13135
13133
13139
13144
13137
13150
13142
13143
13151
13150
13149
13147
13149
13154
13148
13140
13147
13135
13135
13137
13127
13128
13136
13137
13139
13135
13135
13145
13137
13134
13138
13138
13142
13140
13140
13139
13139
13147
13145
13144
13138
13139
13135
13135
13133
13140
13140
13143
13147
13142
13138
13134
13136
13127
13130
13125
13132
13129
13124
13127
13130
13133
13137
13133
13138
13132
13136
13141
13143
13143
13132
13135
13136
13138
13134
13132
13127
13130
13126
13130
13136
13140
13138
13141
13138
13142
13138
13137
13135
13130
13129
13132
13127
13128
13132
13134
13137
13131
13138
13139
13131
13135
13134
13130
13123
13119
13120
13127
13125
13121
13123
13119
13132
13129
13129
13133
13137
13134
13119
13126
13130
13136
13133
13135
13142
13134
13134
13136
13137
13141
13143
13144
13147
13152
13145
13140
13147
13143
13140
13134
13138
13142
13145
13145
13148
13141
13129
13137
13127
13120
13132
13132
13131
13072
12844
12476
12002
11551
11213
11056
10978
10974
11002
11075
11148
11257
11342
11453
11544
11638
11723
11810
11885
11966
12034
12114
12175
12236
12289
12348
12386
12445
12484
12522
12559
12592
12618
12660
12685
12714
12745
12765
12788
12813
12834
12849
12862
12887
12896
12909
12919
12934
12943
12961
12972
12990
12992
13009
13024
13030
13036
13044
13039
13042
13046
13053
13053
13059
13069
13069
13078
13083
13085
13081
13083
13082
13084
13098
13096
13102
13100
13097
13103
13105
13113
13117
13121
13122
13120
13114
13115
13117
13114
13110
13110
13111
13112
13113
13125
13133
13134
13131
13136
13140
13132
13133
13136
13132
13133
13130
13132
13131
13132
13132
13137
13125
13115
13126
13119
13122
13134
13126
13135
13126
13131
13123
13130
13134
13133
13141
13136
13141
13143
13142
13137
13141
13129
13122
13130
13126
13129
13129
13123
13126
13129
13133
13132
13131
13131
13137
13138
13140
13138
13126
13129
13120
13126
13128
13123
13121
13127
13130
13134
13143
13143
13141
13136
13137
13138
13137
13139
13134
13128
13133
13132
13140
13130
13134
13137
13138
13138
13140
13142
13147
13143
13142
13148
13143
13140
13139
13133
13127
13132
13133
13141
13142
13142
13143
13134
13129
13132
13129
13131
13126
13130
13126
13131
13133
13132
13135
13135
13127
13136
13130
13125
13130
13128
13129
13126
13123
13132
13123
13127
13126
13124
13135
13132
13125
13134
13131
13133
13134
13133
13133
13139
13134
13131
13141
13135
13127
13133
13127
13127
13128
13128
13120
13118
13120
13117
13122
13134
13121
13124
13124
13127
13128
13127
13131
13136
13137
13132
13131
13134
13131
13134
13126
13133
13130
13136
13133
13130
13136
13131
13128
13134
13137
13136
13136
13128
13126
13128
13123
13121
13114
13113
13120
13122
13123
13122
13124
13138
13132
13129
13133
13131
13133
13133
13137
13143
13138
13134
13132
13138
13138
13136
13141
13138
13134
13138
13137
13139
13140
13141
13130
13143
13134
13129
13138
13142
13137
13143
13143
13141
13142
13141
13132
13132
13132
13139
13142
13135
13127
13129
13123
13121
13131
13122
13125
13131
13142
13139
13137
13138
13140
13135
13134
13137
13127
13134
13143
13136
13139
13139
13134
13140
13133
13125
13126
13126
13124
13136
13135
13138
13141
13136
13133
13133
13128
13121
13130
13129
13125
13125
13126
13136
13143
13131
13128
13132
13135
13134
13141
13140
13142
13142
13142
13144
13132
13136
13130
13127
13124
13124
13128
13136
13136
13126
13134
13125
13130
13138
13134
13133
13138
13137
13141
13138
13136
13135
13142
13140
13140
13139
13132
13126
13133
13129
13130
13132
13129
13133
13132
13132
13131
13137
13140
13147
13137
13145
13142
13145
13140
13140
13139
13138
13142
13129
13136
13128
13121
13123
13118
13130
13132
13132
13130
13137
13138
13134
13138
13137
13130
13128
13125
13131
13137
13124
13126
13135
13137
13136
13133
13139
13134
13130
13128
13131
13129
13137
13142
13138
13139
13134
13131
13138
13134
13126
13130
13125
13124
13129
13124
13124
13129
13130
13133
13134
13133
13128
13125
13138
13127
13122
13122
13124
13132
13131
13132
13137
13135
13139
13145
13149
13154
13144
13141
13139
13130
13133
13131
13127
13129
13132
13131
13142
13129
13126
13131
13125
13128
13129
13126
13128
13135
13138
13134
13133
13132
13132
