13119
13115
13120
13123
13133
13129
13128
13133
13135
13132
13131
13127
13132
13128
13128
13130
13133
13130
13133
13133
13137
13142
13139
13133
13126
13127
13125
13135
13134
13140
13139
13139
13134
13128
13131
13124
13130
13129
13132
13131
13134
13131
13135
13136
13133
13133
13136
13139
13141
13141
13144
13137
13150
13143
13139
13134
13130
13137
13130
13129
13129
13129
13128
13139
13135
13132
13131
13125
13124
13125
13127
13141
13145
13137
13142
13148
13150
13146
13137
13136
13140
13139
13146
13146
13134
13129
13139
13139
13143
13147
13150
13149
13158
13146
13146
13149
13147
13152
13149
13150
13153
13150
13149
13148
13141
13135
13134
13136
13141
13138
13134
13137
13130
13132
13133
13131
13137
13149
13153
13145
13149
13143
13143
13139
13138
13136
13139
13144
13147
13140
13139
13139
13153
13137
13138
13142
13143
13140
13140
13132
13128
13131
13132
13141
13126
13133
13121
13116
13124
13133
13129
13137
13134
13140
13147
13145
13139
13142
13134
13135
13140
13131
13133
13136
13138
13140
13136
13142
13143
13142
13138
13138
13137
13133
13133
13138
13138
13140
13143
13139
13134
13139
13136
13136
13128
13131
13129
13125
13127
13132
13134
13135
13121
13125
13132
13122
13120
13121
13123
13128
13124
13130
13133
13136
13132
13129
13130
13132
13140
13147
13150
13143
13149
13137
13133
13130
13126
13129
13123
13124
13131
13131
13133
13128
13122
13121
13122
13126
13134
13130
13130
13129
13124
13126
13127
13122
13124
13130
13130
13129
13142
13139
13142
13147
13147
13141
13136
13137
13142
13142
13138
13136
13137
13131
13126
13138
13139
13136
13133
13133
13135
13134
13133
13138
13138
13134
13131
13126
13127
13132
13130
13132
13130
13123
13130
13124
13127
13129
13127
13127
13126
13124
13122
13124
13127
13122
13130
13135
13140
13146
13142
13136
13137
13130
13126
13137
13141
13145
13150
13149
13142
13141
13142
13141
13142
13140
13139
13137
13139
13136
13130
13128
13126
13123
13141
13136
13137
13146
13148
13142
13141
13143
13143
13140
13138
13133
13132
13131
13126
13127
13128
13133
13140
13132
13128
13131
13132
13128
13131
13129
13126
13130
13130
13133
13131
13134
13131
13126
13124
13129
13132
13131
13126
13127
13150
13143
13141
13142
13132
13133
13137
13134
13134
13133
13137
13127
13134
13135
13131
13132
13134
13132
13142
13133
13128
13127
13118
13119
13116
13113
13116
13121
13120
13121
13121
13120
13125
13127
13134
13132
13128
13142
13137
13132
13141
13135
13131
13143
13138
13138
13135
13138
13138
13142
13142
13146
13143
13146
13142
13144
13138
13126
13129
13122
13129
13137
13133
13135
13133
13137
13138
13139
13133
13132
13126
13128
13130
13125
13127
13124
13130
13131
13123
13117
13123
13120
13116
13118
13116
13120
13122
13127
13135
13137
13135
13135
13133
13137
13133
13139
13144
13137
13142
13133
13126
13132
13132
13134
13135
13142
13140
13141
13148
13140
13145
13148
13146
13143
13147
13141
13140
13143
13137
13139
13140
13132
13131
13137
13133
13138
13137
13130
13139
13140
13147
13143
13145
13138
13139
13135
13132
13127
13129
13124
13124
13128
13127
13131
13134
13137
13142
13138
13131
12793
12444
12174
11935
11736
11650
11605
11617
11647
11689
11742
11818
11876
11953
12021
12089
12152
12219
12278
12333
12380
12430
12477
12517
12561
12601
12634
12668
12694
12730
12751
12779
12793
12812
12828
12852
12869
12885
12905
12923
12939
12944
12959
12973
12971
12981
12988
12997
13009
13013
13025
13042
13049
13053
13059
13059
13060
13065
13074
13070
13065
13065
13066
13074
13079
13078
13078
13081
13082
13086
13091
13091
13094
13104
13108
13110
13110
13109
13118
13126
13133
13134
13138
13137
13136
13140
13134
13136
13132
13124
13129
13133
13131
13135
13149
13133
13137
13136
13129
13133
13123
13123
13121
13132
13130
13133
13134
13138
13134
13143
13134
13131
13139
13137
13131
13128
13121
13125
13116
13117
13114
13114
13123
13105
12977
12894
12850
12822
12813
12804
12812
12823
12829
12844
12856
12874
12890
12908
12917
12942
12956
12975
12987
12998
13002
13011
13016
13021
13024
13039
13043
13047
13058
13060
13066
13070
13078
13084
13078
13082
13084
13080
13083
13086
13095
13093
13101
13100
13105
13110
13110
13114
13120
13119
13129
13129
13129
13130
13125
13123
13116
13119
13116
13123
13129
13131
13139
13142
13140
13151
13140
13136
13143
13140
13142
13130
13125
13136
13138
13142
13145
13137
13138
13136
13132
13128
13133
13137
13147
13145
13145
13148
13135
13133
13140
13136
13133
13133
13132
13130
13129
13136
13129
13131
13132
13134
13130
13131
13129
13138
13127
13120
13130
13133
13127
13128
13132
13139
13135
13139
13133
13128
13131
13133
13124
13137
13131
13134
13133
13133
13130
13138
13135
13133
13139
13132
13137
13133
13136
13133
13138
13136
13133
13129
13138
13136
13141
13142
13133
13131
13122
13121
13125
13122
13130
13126
13128
13124
13133
13133
13137
13139
13143
13147
13143
13140
13138
13144
13146
13143
13138
13140
13139
13135
13140
13135
13135
13139
13139
13141
13139
13142
13143
13136
13141
13136
13139
13137
13132
13137
13128
13128
13133
13132
13126
13126
13123
13123
13127
13124
13126
13121
13129
13133
13129
13134
13137
13144
13150
13148
13146
13149
13145
13142
13140
13133
13132
13135
13141
13141
13141
13145
13145
13149
13147
13145
13147
13139
13132
13134
13123
13125
13130
13126
13133
13136
13138
13138
13138
13135
13141
13131
13140
13143
13141
13138
13137
13144
13149
13147
13143
13151
13141
13137
13137
13134
13140
13139
13145
13143
13143
13149
13147
13148
13148
13148
13143
13140
13133
13138
13129
13133
13128
13127
13126
13132
13135
13129
13129
13128
13133
13134
13144
13141
13134
13136
13148
13139
13145
13143
13134
13143
13138
13133
13140
13131
13135
13138
13141
13144
13132
13132
13138
13134
13133
13134
13139
13129
13133
13140
13129
13133
13143
13138
13142
13139
13141
13140
13144
13143
13146
13143
13145
13146
13146
13141
13137
13133
13144
13130
13128
13133
13132
13134
13136
13129
13130
13129
13134
13139
13129
13131
13129
13130
13138
13140
13134
13135
13136
13137
13132
13134
13135
13129
13130
13124
13123
13129
13129
13124
13128
13125
13124
13126
13132
13136
13128
13132
13137
13138
13136
13142
13138
13134
13137
13131
13136
13136
13136
13137
13134
13140
13132
13131
13133
13133
13136
13134
13129
13132
13131
13135
13137
13138
13139
13139
13130
13137
13137
13137
13142
13146
13145
13143
13137
13138
13136
