13129
13123
13122
13129
13137
13129
13132
13130
13124
13131
13126
13129
13132
13132
13135
13136
13133
13132
13128
13133
13131
13133
13133
13138
13145
13158
13151
13138
13140
13143
13138
13135
13132
13126
13122
13122
13118
13119
13122
13122
13119
13123
13116
13120
13124
13128
13126
13127
13129
13135
13130
13129
13138
13133
13131
13134
13125
13127
13124
13121
13125
13128
13123
13124
13124
13126
13126
13130
13135
13137
13130
13132
13122
13114
13122
13124
13125
13132
13132
13134
13129
13127
13128
13127
13124
13118
13126
13137
13139
13142
13139
13139
13135
13126
13125
13120
13118
13127
13132
13136
13139
13144
13146
13147
13138
13144
13143
13137
13139
13131
13133
13137
13134
13129
13134
13123
13129
13133
13138
13138
13138
13140
13137
13137
13138
13136
13130
13130
13135
13132
13139
13133
13140
13136
13139
13140
13138
13147
13139
13145
13145
13146
13133
13131
13125
13132
13128
13121
13120
13129
13130
13135
13126
13128
13144
13136
13141
13143
13143
13144
13140
13137
13136
13131
13136
13134
13135
13138
13132
13138
13131
13138
13136
13133
13128
13138
13138
13136
13130
13133
13138
13138
13133
13132
13126
13132
13136
13137
13129
13130
13125
13131
13128
13128
13137
13127
13131
13132
13136
13137
13142
13137
13135
13135
13138
13135
13136
13135
13133
13131
13127
13129
13128
13129
13133
13137
13143
13143
13136
13138
13134
13133
13129
13135
13122
13126
13123
13122
13120
13119
13116
13129
13124
13121
13125
13129
13128
13133
13130
13134
13125
13132
13134
13128
13124
13128
13131
13131
13131
13131
13128
13129
13138
13132
13131
13132
13123
13131
13124
13124
13127
13137
13133
13137
13133
13140
13138
13133
13136
13133
13120
13132
13125
13117
13123
13119
13120
13130
13133
13135
13135
13128
13127
13130
13127
13132
13127
13133
13129
13130
13126
13117
13124
13126
13127
13125
13120
13125
13129
13132
13125
13127
13114
13116
13109
13125
13126
13129
13139
13145
13141
13138
13135
13132
13140
13133
13134
13138
13138
13135
13139
13139
13145
13141
13140
13132
13138
13137
13128
13134
13126
13122
13136
13132
13124
13126
13126
13132
13132
13126
13127
13129
13128
13130
13126
13130
13132
13132
13137
13136
13135
13138
13139
13135
13141
13135
13132
13138
13134
13136
13138
13138
13132
13133
13135
13136
13140
13145
13138
13138
13133
13134
13131
13127
13127
13137
13132
13132
13126
13125
13131
13135
13133
13129
13127
13126
13134
13128
13132
13140
13139
13149
13142
13137
13139
13128
13124
13130
13130
13129
13131
13125
13115
13123
13122
13128
13123
13128
13130
13131
13126
13128
13133
13133
13131
13138
13134
13137
13130
13132
13135
13135
13137
13135
13136
13136
13140
13135
13138
13137
13142
13144
13144
13139
13142
13145
13139
13140
13136
13137
13135
13136
13143
13138
13134
13132
13133
13137
13136
13139
13140
13137
13144
13142
13144
13138
13136
13136
13138
13136
13130
13133
13134
13140
13132
13141
13136
13134
13132
13136
13136
13139
13137
13131
13136
13129
13123
13127
13123
13132
13138
13142
13139
13141
13145
13146
13147
13144
13145
13140
13141
13138
13141
13143
13140
13141
13138
13138
13137
13135
13142
13139
13130
13138
13138
13143
13134
12668
11900
11260
10892
10686
10599
10575
10633
10696
10808
10903
11022
11124
11248
11353
11468
11559
11626
11629
11684
11730
11791
11851
11927
11991
12073
12129
12194
12248
12306
12355
12405
12451
12498
12535
12576
12609
12648
12686
12716
12738
12762
12779
12806
12830
12843
12857
12878
12892
12907
12917
12925
12943
12961
12966
12981
12988
12997
13008
13005
13022
13025
13026
13037
13039
13051
13050
13059
13069
13072
13082
13088
13093
13093
13093
13100
13103
13102
13105
13113
13111
13110
13108
13112
13120
13123
13114
13109
13103
13107
13117
13115
13114
13123
13129
13132
13127
13129
13129
13131
13131
13121
13121
13122
13121
13124
13124
13122
13126
13123
13120
13119
13116
13121
13122
13126
13131
13123
13132
13139
13137
13138
13139
13129
13141
13133
13128
13137
13138
13141
13138
13134
13127
13133
13134
13132
13133
13131
13131
13139
13139
13134
13139
13140
13137
13140
13133
13136
13135
13135
13133
13135
13138
13142
13140
13142
13138
13141
13141
13137
13132
13136
13129
13136
13146
13144
13140
13139
13130
13131
13131
13129
13128
13138
13138
13136
13134
13136
13133
13137
13137
13132
13135
13131
13136
13143
13130
13136
13139
13138
13143
13138
13138
13145
13140
13144
13148
13133
13135
13135
13122
13121
13121
13111
13125
13126
13130
13132
13131
13133
13137
13130
13131
13133
13136
13135
13129
13127
13121
13110
13002
12906
12858
12827
12813
12813
12808
12821
12836
12842
12861
12872
12885
12902
12914
12926
12944
12946
12958
12975
12987
12991
13004
13020
13030
13037
13045
13056
13058
13056
13063
13060
13066
13071
13076
13078
13083
13081
13081
13092
13098
13097
13106
13108
13107
13114
13111
13115
13118
13118
13114
13103
13106
13110
13118
13117
13124
13118
13122
13121
13124
13124
13121
13110
13114
13107
13109
13121
13116
13120
13130
13137
13133
13137
13138
13134
13130
13128
13123
13129
13138
13136
13142
13142
13142
13145
13144
13142
13141
13138
13143
13140
13138
13141
13141
13136
13145
13137
13132
13140
13131
13136
13136
13134
13133
13131
13131
13132
13131
13131
13134
13126
13133
13129
13129
13132
13129
13127
13124
13124
13127
13123
13130
13126
13129
13132
13127
13130
13136
13133
13136
13130
13137
13134
13131
13134
13141
13134
13135
13142
13141
13146
13140
13133
13137
13140
13132
13132
13122
13122
13126
13124
13123
13121
13118
13122
13130
13134
13131
13140
13146
13138
13136
13134
13131
13137
13133
13130
13134
13139
13143
13144
13140
13144
13144
13141
13142
13133
13139
13146
13148
13141
13130
13135
13145
13132
13134
13130
13128
13133
13136
13131
13128
13132
13133
13135
13133
13133
13126
13129
13136
13132
13135
13138
13137
13140
13139
13127
13131
13130
13134
13130
13129
13131
13125
13133
13134
13125
13123
13125
13132
13132
13132
13130
13138
13138
13133
13135
13139
13134
13137
13130
13132
13132
13124
13129
13124
13127
13130
13131
13135
13138
13136
13139
13137
13139
13128
13118
13123
13126
13130
13127
13130
13127
13134
13144
13143
13133
13138
13136
13143
13142
13147
13135
13139
13139
13130
13140
13134
13127
13132
13126
13126
13132
13130
13127
13124
13129
13132
13136
13140
13144
13147
13149
13148
13155
13150
13150
13154
13149
13147
13144
13140
13150
13149
13147
13144
13136
13146
13143
13147
13144
13141
