13137
13129
13133
13134
13135
13137
13136
13134
13138
13142
13133
13133
13132
13125
13128
13132
13133
13134
13136
13137
13140
13133
13129
13132
13130
13135
13128
13122
13131
13138
13133
13135
13129
13131
13137
13142
13140
13135
13125
13134
13128
13134
13143
13136
13141
13140
13139
13135
13136
13133
13133
13133
13133
13136
13134
13137
13138
13142
13149
13146
13152
13147
13151
13147
13148
13143
13131
13138
13134
13138
13135
13142
13133
13139
13137
13134
13126
13127
13125
13130
13131
13129
13136
13137
13137
13141
13137
13137
13146
13140
13137
13130
13119
13124
13115
13122
13116
13113
13110
13117
13122
13125
13124
13126
13129
13134
13132
13133
13136
13130
13128
13135
13129
13137
13140
13140
13134
13127
13130
13137
13131
13124
13138
13136
13137
13140
13136
13132
13140
13145
13145
13141
13146
13138
13142
13148
13138
13138
13135
13134
13139
13134
13135
13134
13136
13134
13139
13138
13145
13140
13137
13131
13120
13126
13125
13123
13130
13131
13132
13146
13142
13130
13136
13133
13127
13129
13121
13120
13125
13129
13126
13123
13123
13123
13126
13131
13136
13131
13135
13136
13141
13132
13131
13130
13126
13132
13139
13145
13145
13146
13138
13138
13135
13140
13139
13139
13142
13143
13141
13142
13138
13140
13141
13136
13135
13139
13134
13133
13134
13132
13131
13128
13128
13131
13125
13127
13132
13130
13127
13133
13142
13135
13132
13139
13138
13141
13135
13129
13130
13128
13129
13129
13126
13129
13132
13133
13125
13129
13133
13145
13140
13142
13143
13139
13138
13145
13145
13135
13143
13141
13137
13139
13137
13138
13141
13140
13130
13135
13134
13134
13142
13137
13136
13137
13134
13135
13134
13124
13121
13118
13118
13122
13127
13132
13130
13128
13135
13126
13123
13127
13129
13117
13126
13121
13130
13129
13128
13132
13133
13132
13131
13129
13131
13138
13133
13140
13139
13137
13132
13132
13143
13139
13143
13136
13135
13127
13129
13125
13126
13128
13126
13128
13132
13137
13140
13136
13134
13132
13130
13137
13128
13131
13139
13135
13133
13144
13134
13129
13126
13127
13125
13122
13124
13124
13129
13133
13129
13129
13126
13130
13142
13139
13140
13143
13143
13135
13140
13136
13132
13131
13132
13141
13137
13134
13130
13131
13133
13141
13133
13140
13126
13122
13127
13119
13123
13122
13122
13118
13123
13122
13119
13125
13128
13136
13142
13143
13144
13147
13144
13147
13155
13139
13136
13138
13140
13143
13138
13140
13138
13144
13143
13145
13137
13136
13133
13126
13131
13122
13125
13121
13117
13111
13121
13120
13123
13123
13124
13130
13134
13137
13135
13136
13138
13137
13137
13140
13137
13134
13142
13145
13151
13134
13123
13132
13125
13122
13121
13126
13126
13127
13125
13135
13128
13131
13139
13143
13140
13142
13133
13136
13133
13137
13150
13146
13140
13139
13138
13146
13145
13144
13143
13140
13142
13146
13144
13138
13132
13138
13138
13136
13143
13140
13144
13143
13138
13136
13128
13128
13132
13128
13130
13132
13135
13137
13131
13129
13133
13134
13136
13138
13138
13138
13142
13134
13131
13133
13129
13133
13137
13144
13144
13145
13139
13135
13142
13140
13134
13137
13139
13136
13137
13130
13134
13112
12675
12034
11343
10715
10315
10089
10015
10005
10074
10164
10303
10432
10585
10713
10855
10990
11132
11250
11377
11473
11596
11690
11790
11871
11959
12026
12103
12165
12229
12276
12335
12391
12430
12476
12519
12562
12615
12641
12675
12705
12731
12748
12771
12793
12817
12836
12851
12866
12877
12900
12912
12921
12940
12946
12952
12971
12976
12989
12999
12994
13007
13019
13023
13031
13044
13057
13055
13063
13078
13076
13088
13094
13098
13096
13095
13089
13098
13096
13098
13110
13102
13106
13105
13112
13109
13102
13104
13107
13110
13114
13119
13123
13124
13126
13133
13130
13128
13127
13132
13127
13127
13134
13127
13120
13123
13123
13126
13126
13126
13121
13119
13126
13128
13122
13128
13132
13139
13134
13132
13132
13132
13139
13141
13141
13138
13142
13141
13140
13130
13136
13136
13131
13135
13131
13134
13146
13146
13139
13142
13133
13135
13135
13134
13125
13128
13131
13136
13138
13139
13134
13140
13139
13143
13140
13142
13141
13144
13140
13131
13132
13126
13126
13127
13126
13131
13130
13133
13136
13125
13132
13143
13141
13144
13132
13129
13139
13139
13132
13135
13140
13140
13142
13145
13145
13149
13143
13146
13143
13142
13138
13147
13143
13135
13131
13125
13120
13134
13128
13125
13126
13126
13135
13134
13137
13137
13138
13132
13140
13139
13141
13143
13140
13142
13138
13131
13140
13141
13130
13139
13135
13137
13136
13139
13138
13137
13133
13129
13127
13125
13123
13126
13131
13133
13138
13138
13135
13138
13132
13125
13126
13121
13122
13117
13125
13125
13128
13120
13131
13126
13130
13127
13122
13128
13130
13140
13144
13144
13146
13146
13138
13142
13147
13138
13140
13143
13144
13144
13146
13151
13139
13135
13141
13136
13139
13132
13135
13140
13131
13139
13141
13136
13138
13130
13132
13132
13131
13134
13138
13128
13135
13134
13125
13130
13137
13137
13142
13142
13140
13146
13140
13142
13147
13138
13135
13138
13135
13125
13122
13114
13115
13118
13128
13132
13128
13134
13134
13133
13130
13129
13130
13125
13129
13130
13136
13138
13134
13139
13138
13125
13137
13135
13134
13133
13127
13131
13144
13137
13135
13142
13140
13139
13143
13141
13143
13141
13140
13134
13141
13136
13130
13130
13131
13129
13128
13128
13137
13145
13142
13136
13134
13128
13133
13126
13129
13131
13135
13135
13150
13143
13140
13138
13126
13128
13138
13130
13136
13134
13132
13134
13133
13131
13140
13140
13139
13134
13132
13136
13137
13142
13133
13133
13134
13133
13138
13132
13137
13135
13125
13116
13117
13122
13131
13131
13136
13130
13135
13139
13139
13135
13138
13140
13140
13140
13142
13143
13147
13140
13144
13146
13141
13139
13139
13138
13135
13138
13133
13132
13133
13130
13130
13132
13141
13142
13142
13140
13139
13143
13145
13147
13151
13154
13147
13146
13142
13146
13148
13143
13139
13141
13138
13144
13137
13142
13143
13141
13148
13145
13134
13139
13130
13125
13130
13126
13131
13136
13139
13142
13139
13138
13140
13140
13142
13136
13134
13133
13138
13150
13141
13142
13142
13140
13139
13135
13135
13132
13129
13130
13134
13131
13130
13132
13132
13134
13133
13138
13138
13139
13140
13142
13126
13125
13128
13122
13125
13125
13126
13127
13131
13139
13134
13137
13141
13141
13145
13141
13134
13131
13122
13124
13126
13131
13131
13130
13131
13129
13127
