13131
13129
13132
13138
13150
13149
13152
13156
13156
13160
13149
13143
13133
13135
13139
13140
13142
13137
13128
13129
13125
13132
13132
13137
13134
13133
13140
13136
13130
13122
13129
13122
13127
13126
13124
13121
13135
13129
13132
13142
13141
13146
13141
13140
13142
13139
13136
13139
13138
13139
13136
13133
13133
13135
13129
13133
13133
13140
13134
13127
13128
13122
13117
13114
13108
13108
13122
13116
13118
13129
13124
13124
13129
13132
13135
13135
13134
13131
13134
13140
13141
13135
13132
13133
13142
13134
13125
13130
13124
13129
13131
13131
13131
13135
13136
13143
13143
13147
13142
13132
13129
13130
13131
13134
13134
13136
13139
13138
13135
13133
13131
13136
13135
13138
13137
13128
13129
13131
13141
13137
13130
13136
13136
13139
13143
13140
13138
13143
13139
13141
13135
13139
13143
13142
13146
13150
13138
13136
13137
13140
13148
13141
13142
13145
13146
13145
13152
13146
13141
13141
13133
13137
13137
13128
13132
13134
13133
13134
13133
13132
13135
13133
13131
13132
13139
13136
13140
13149
13150
13149
13147
13146
13150
13140
13137
13147
13137
13141
13142
13141
13142
13139
13137
13140
13137
13138
13137
13134
13126
13128
13125
13123
13126
13129
13133
13132
13141
13136
13139
13138
13137
13140
13143
13142
13152
13141
13147
13154
13144
13135
13125
13123
13129
13131
13134
13135
13132
13135
13141
13140
13142
13142
13146
13142
13126
13119
13122
13117
13128
13137
13132
13142
13144
13140
13139
13131
13136
13129
13137
13140
13144
13145
13144
13141
13142
13127
13126
13131
13133
13139
13135
13136
13135
13134
13130
13124
13127
13125
13130
13136
13144
13138
13139
13145
13142
13138
13132
13132
13129
13132
13129
13133
13131
13126
13135
13135
13134
13130
13128
13137
13132
13131
13129
13131
13133
13135
13132
13134
13138
13143
13143
13139
13136
13139
13134
13143
13139
13143
13139
13138
13132
13138
13143
13147
13141
13131
13137
13137
13140
13147
13138
13139
13137
13142
13140
13140
13135
13137
13133
13139
13141
13141
13139
13141
13142
13138
13147
13151
13151
13147
13139
13138
13134
13137
13134
13129
13128
13130
13133
13133
13145
13140
13143
13139
13128
13136
13143
13134
13133
13131
13126
13130
13142
13139
13144
13148
13153
13147
13150
13151
13145
13149
13146
13144
13148
13132
13131
13129
13126
13128
13133
13134
13135
13134
13141
13136
13130
13134
13134
13126
13128
13127
13129
13129
13130
13129
13130
13133
13135
13136
13132
13139
13148
13143
13147
13147
13138
13133
13126
13131
13130
13130
13133
13138
13148
13137
13137
13138
13140
13140
13139
13139
13142
13146
13141
13140
13136
13133
13138
13129
13131
13135
13137
13140
13137
13136
13140
13137
13138
13136
13136
13133
13132
13130
13123
13120
13123
13128
13126
13139
13149
13154
13148
13149
13148
13149
13156
13156
13160
13150
13147
13153
13149
13145
13144
13136
13134
13141
13143
13138
13137
13136
13145
13150
13141
13135
13138
13134
13132
13132
13129
13127
13128
13131
13136
13133
13128
13125
13129
13140
13144
13138
13137
13136
13136
13135
13131
13134
13129
13129
13129
13131
13122
13128
13129
13133
13138
13141
13141
13137
13097
12832
12465
12092
11714
11344
11131
11010
10990
10998
11062
11133
11224
11318
11423
11518
11626
11708
11800
11881
11963
12030
12100
12162
12232
12280
12343
12395
12454
12492
12534
12563
12606
12633
12665
12691
12711
12735
12764
12784
12807
12835
12859
12876
12891
12900
12918
12926
12937
12957
12963
12983
12997
13005
13012
13017
13025
13026
13038
13050
13041
13049
13047
13052
13058
13061
13062
13080
13083
13084
13080
13088
13087
13091
13094
13104
13100
13100
13097
13096
13101
13101
13103
13107
13101
13097
13111
13110
13114
13115
13110
13106
13110
13112
13117
13115
13114
13112
13120
13126
13125
13123
13126
13135
13141
13131
13128
13134
13139
13138
13137
13130
13135
13131
13130
13134
13123
13126
13126
13126
13137
13134
13140
13144
13136
13134
13144
13142
13136
13148
13139
13137
13134
13132
13122
13128
13134
13135
13134
13135
13132
13132
13131
13125
13137
13135
13133
13138
13130
13129
13135
13137
13134
13129
13122
13127
13118
13127
13128
13129
13142
13137
13136
13145
13140
13138
13142
13137
13133
13137
13133
13136
13133
13132
13134
13137
13144
13140
13140
13142
13142
13138
13136
13138
13143
13138
13134
13140
13141
13146
13138
13137
13131
13133
13133
13133
13134
13132
13141
13137
13133
13133
13127
13134
13127
13124
13126
13118
13123
13130
13125
13128
13130
13126
13126
13125
13126
13118
13124
13130
13131
13133
13140
13141
13149
13145
13137
13140
13139
13136
13131
13138
13141
13142
13143
13146
13130
13135
13139
13138
13141
13140
13136
13139
13142
13142
13147
13138
13138
13137
13133
13132
13138
13134
13134
13138
13134
13133
13134
13139
13136
13137
13134
13138
13145
13138
13134
13136
13135
13140
13134
13131
13131
13134
13135
13139
13133
13136
13142
13141
13146
13144
13135
13140
13128
13122
13128
13121
13122
13134
13136
13142
13134
13138
13139
13147
13135
13131
13130
13128
13123
13129
13126
13120
13127
13130
13127
13124
13119
13123
13123
13120
13118
13126
13121
13123
13118
13113
13116
13115
13113
13116
13113
13121
13122
13124
13128
13136
13134
13138
13134
13138
13140
13142
13148
13147
13143
13140
13143
13148
13135
13141
13134
13138
13144
13137
13135
13137
13131
13132
13134
13133
13133
13141
13143
13141
13135
13140
13139
13136
13142
13135
13134
13143
13141
13138
13132
13131
13132
13142
13142
13141
13145
13143
13148
13144
13143
13136
13144
13140
13137
13135
13137
13136
13145
13137
13130
13143
13144
13145
13146
13141
13137
13141
13139
13134
13118
13122
13129
13127
13137
13144
13136
13143
13137
13128
13131
13116
13111
13121
13121
13115
13114
13111
13113
13118
13124
13119
13119
13119
13130
13122
13133
13128
13135
13130
13130
13129
13127
13124
13127
13132
13134
13130
13121
13123
13113
13117
13117
13112
13116
13124
13119
13139
13134
13133
13141
13136
13134
13144
13135
13137
13133
13129
13141
13136
13134
13128
13125
13126
13126
13128
13133
13135
13139
13137
13135
13135
13134
13129
13124
13131
13125
13131
13134
13136
13133
13135
13130
13132
13133
13137
13123
13128
13128
13127
13132
13133
13122
13133
13126
13133
13139
13136
13137
13136
13137
13135
13140
13139
13142
13139
13143
13143
13153
13141
13142
13138
13133
13134
13135
13131
13136
13134
13134
13141
13129
13131
13137
13133
13135
13136
13134
13139
13137
13140
13141
13137
13129
13136
