13056
13060
13068
13081
13082
13076
13077
13091
13094
13096
13095
13102
13110
13106
13104
13104
13102
13107
13109
13110
13109
13111
13113
13114
13111
13119
13113
13118
13124
13123
13121
13129
13131
13131
13135
13126
13124
13122
13123
13124
13122
13122
13124
13129
13137
13127
13125
13134
13135
13138
13137
13135
13143
13133
13137
13134
13133
13133
13136
13137
13138
13137
13135
13132
13133
13136
13141
13140
13140
13147
13140
13139
13138
13138
13141
13138
13138
13140
13139
13146
13148
13143
13143
13141
13144
13135
13146
13148
13147
13145
13140
13140
13140
13136
13133
13135
13132
13134
13129
13134
13144
13137
13130
13130
13126
13134
13136
13132
13136
13133
13131
13137
13126
13122
13128
13131
13130
13140
13132
13133
13132
13133
13131
13128
13138
13133
13131
13132
13126
13128
13131
13128
13139
13143
13140
13143
13146
13144
13145
13139
13140
13141
13138
13143
13133
13137
13134
13132
13139
13137
13143
13142
13135
13131
13137
13137
13133
13136
13133
13135
13137
13138
13134
13137
13141
13131
13134
13138
13137
13139
13134
13133
13133
13136
13127
13131
13135
13139
13135
13134
13137
13140
13141
13148
13143
13140
13140
13137
13134
13133
13125
13133
13124
13123
13131
13131
13126
13131
13126
13131
13136
13139
13136
13133
13134
13133
13136
13138
13136
13138
13129
13133
13138
13130
13125
13123
13125
13128
13125
13131
13131
13139
13136
13146
13138
13138
13139
13140
13138
13143
13143
13145
13137
13137
13138
13137
13136
13142
13139
13142
13140
13137
13137
13129
13120
13121
13125
13132
13133
13142
13144
13142
13147
13145
13145
13150
13147
13148
13142
13134
13135
13138
13142
13142
13130
13128
13135
13125
13130
13132
13135
13142
13134
13129
13149
13142
13140
13146
13142
13135
13135
13135
13133
13132
13130
13124
13125
13129
13135
13134
13136
13132
13143
13140
13145
13143
13142
13146
13149
13140
13141
13143
13142
13144
13140
13142
13142
13136
13134
13144
13137
13140
13130
13138
13142
13138
13136
13140
13131
13137
13137
13136
13136
13131
13134
13127
13126
13130
13129
13126
13128
13129
13136
13134
13132
13140
13132
13142
13141
13138
13138
13130
13126
13138
13133
13132
13133
13130
13125
13127
13128
13129
13126
13121
13134
13126
13131
13129
13124
13120
13124
13128
13135
13136
13137
13134
13131
13143
13148
13149
13151
13145
13151
13144
13131
13129
13131
13136
13135
13139
13141
13144
13146
13144
13137
13138
13147
13140
13139
13139
13143
13145
13132
13127
13134
13132
13133
13133
13136
13132
13137
13125
13126
13127
13136
13127
13136
13140
13135
13135
13127
13128
13128
13119
13126
13130
13129
13127
13131
13127
13131
13134
13141
13141
13143
13141
13145
13139
13138
13137
13135
13131
13124
13122
13136
13132
13130
13122
13129
13135
13137
13133
13135
13133
13139
13136
13135
13132
13137
13147
13137
13135
13136
13126
13121
13126
13132
13125
13124
13125
13127
13134
13136
13132
13128
13131
13132
13129
13138
13138
13136
13135
13131
13131
13137
13131
13127
13126
13127
13130
13134
13135
13139
13148
13148
13141
13139
13134
13137
13139
13131
13133
13134
13124
13131
13136
13134
13135
13138
13142
13147
13139
13136
13139
13129
12676
11407
10170
9120
8471
8168
8033
8079
8171
8367
8549
8793
9009
9261
9472
9664
9786
9961
10106
10286
10437
10609
10760
10913
11042
11182
11294
11423
11522
11625
11709
11803
11881
11974
12045
12114
12164
12238
12293
12353
12395
12442
12486
12531
12564
12599
12625
12657
12680
12716
12732
12756
12785
12811
12833
12856
12876
12898
12911
12920
12929
12944
12958
12954
12965
12971
12983
13001
13008
13015
13027
13033
13041
13043
13045
13049
13056
13057
13064
13069
13076
13076
13081
13087
13086
13093
13095
13093
13094
13105
13104
13102
13104
13100
13102
13103
13109
13110
13111
13119
13112
13122
13132
13128
13130
13122
13116
13123
13118
13121
13126
13123
13125
13121
13124
13122
13119
13121
13121
13120
13126
13128
13136
13135
13139
13135
13135
13138
13134
13135
13131
13126
13133
13138
13135
13135
13135
13137
13139
13134
13127
13133
13140
13140
13137
13135
13133
13146
13141
13144
13143
13146
13143
13142
13139
13139
13134
13131
13124
13113
13121
13120
13122
13131
13133
13137
13139
13143
13139
13146
13136
13128
13134
13135
13132
13133
13129
13120
13130
13127
13124
13127
13138
13133
13134
13124
13122
13120
13116
13117
13123
13128
13132
13132
13133
13141
13140
13139
13139
13143
13142
13146
13140
13141
13140
13132
13141
13136
13138
13139
13138
13133
13133
13134
13139
13139
13140
13146
13144
13148
13142
13134
13143
13140
13138
13132
13129
13138
13131
13133
13131
13127
13125
13126
13122
13117
13121
13121
13133
13127
13133
13138
13133
13136
13142
13146
13149
13149
13147
13149
13142
13148
13146
13150
13143
13143
13142
13145
13140
13141
13142
13139
13144
13145
13138
13137
13136
13144
13136
13136
13132
13126
13126
13126
13127
13129
13128
13126
13132
13129
13125
13122
13126
13124
13131
13135
13139
13137
13134
13146
13138
13135
13132
13122
13123
13128
13123
13119
13120
13120
13129
13134
13132
13125
13130
13132
13131
13132
13129
13126
13127
13125
13121
13118
13115
13113
13111
13118
13122
13123
13126
13128
13120
13122
13120
13130
13124
13127
13129
13146
13140
13138
13142
13140
13136
13142
13148
13137
13128
13132
13134
13139
13141
13140
13140
13145
13140
13146
13138
13139
13146
13149
13144
13139
13134
13137
13130
13133
13131
13127
13138
13135
13135
13142
13144
13137
13142
13136
13131
13137
13135
13124
13134
13135
13130
13132
13124
13118
13122
13127
13130
13129
13147
13142
13141
13139
13129
13135
13134
13131
13132
13128
13131
13129
13129
13124
13121
13118
13130
13126
13128
13130
13131
13128
13122
13126
13133
13133
13130
13145
13139
13134
13148
13151
13150
13145
13134
13134
13138
13143
13137
13142
13138
13132
13132
13128
13131
13127
13121
13126
13134
13134
13140
13133
13135
13134
13134
13136
13141
13139
13144
13147
13137
13134
13135
13122
13127
13123
13122
13129
13126
13126
13131
13129
13123
13125
13128
13127
13128
13127
13127
13128
13124
13126
13133
13127
13125
13131
13131
13134
13140
13147
13138
13134
13141
13146
13151
13146
13147
13144
13142
13140
13135
13131
13131
13129
13129
13122
13117
13121
13123
13122
13130
13133
13130
13131
13133
13126
13131
13136
13127
13131
13134
13128
13129
13132
13128
13137
13126
13124
13133
13125
13137
13134
13132
13136
13133
13142
13139
13131
13137
13135
13136
13140
13144
