13130
13130
13128
13133
13135
13126
13120
13122
13121
13125
13119
13125
13126
13120
13117
13124
13118
13133
13132
13131
13135
13131
13133
13138
13134
13124
13138
13137
13133
13138
13134
13132
13124
13133
13136
13136
13134
13139
13140
13145
13134
13131
13130
13131
13135
13129
13131
13136
13140
13139
13136
13138
13134
13132
13129
13134
13134
13135
13133
13135
13131
13129
13125
13134
13126
13126
13132
13137
13139
13141
13133
13142
13140
13139
13138
13131
13135
13136
13139
13150
13147
13146
13145
13144
13143
13132
13131
13129
13129
13125
13123
13126
13125
13127
13131
13130
13126
13136
13140
13138
13138
13137
13137
13142
13138
13134
13141
13134
13134
13138
13134
13137
13136
13132
13139
13127
13139
13128
13132
13132
13129
13131
13129
13131
13138
13136
13132
13136
13139
13144
13154
13146
13142
13141
13142
13146
13132
13132
13137
13138
13136
13140
13135
13138
13129
13132
13134
13131
13128
13136
13129
13131
13126
13134
13139
13139
13139
13139
13133
13132
13125
13127
13126
13127
13138
13131
13129
13141
13141
13140
13138
13136
13133
13139
13134
13138
13134
13139
13134
13133
13128
13131
13129
13142
13139
13134
13139
13137
13127
13133
13132
13139
13140
13135
13137
13144
13138
13139
13145
13140
13140
13139
13134
13135
13138
13136
13142
13143
13146
13147
13146
13142
13145
13135
13135
13135
13135
13137
13134
13128
13133
13129
13137
13140
13138
13144
13148
13146
13145
13143
13150
13153
13154
13144
13144
13143
13145
13139
13143
13139
13133
13134
13136
13137
13146
13140
13137
13137
13128
13133
13128
13132
13130
13131
13135
13139
13126
13125
13135
13133
13137
13132
13135
13142
13141
13139
13156
13151
13149
13151
13143
13144
13150
13143
13146
13147
13147
13147
13145
13149
13150
13145
13143
13138
13143
13142
13134
13137
13143
13143
13137
13128
13130
13121
13119
13119
13115
13113
13121
13129
13129
13129
13128
13137
13139
13133
13144
13142
13137
13136
13136
13138
13133
13142
13142
13138
13139
13136
13133
13136
13135
13145
13144
13137
13143
13133
13133
13127
13126
13129
13132
13135
13130
13132
13131
13130
13123
13123
13120
13129
13135
13131
13126
13129
13132
13129
13140
13134
13134
13134
13139
13138
13143
13140
13129
13126
13131
13134
13135
13141
13138
13142
13141
13140
13146
13132
13129
13132
13121
13124
13114
13120
13119
13134
13131
13129
13126
13136
13141
13139
13145
13144
13147
13150
13151
13145
13142
13138
13133
13138
13131
13131
13133
13133
13141
13150
13145
13146
13141
13139
13147
13140
13140
13130
13137
13125
13126
13137
13135
13131
13127
13130
13126
13131
13130
13131
13129
13128
13130
13125
13129
13134
13131
13138
13106
12975
12904
12865
12837
12824
12818
12825
12843
12857
12870
12885
12893
12904
12920
12939
12950
12959
12967
12980
12994
12999
13014
13020
13027
13038
13041
13048
13057
13066
13068
13075
13070
13077
13085
13089
13090
13089
13084
13094
13089
13090
13098
13095
13104
13108
13104
13110
13105
13106
13107
13110
13107
13111
13119
13123
13125
13120
13124
13130
13134
13132
13137
13135
13129
13130
13126
13121
13123
13124
13115
13119
13114
13118
13126
13131
13134
12887
12297
11841
11265
10692
10316
10093
10006
9990
10054
10137
10273
10396
10559
10691
10839
10969
11107
11227
11349
11448
11556
11649
11758
11846
11936
12014
12083
12144
12203
12260
12317
12358
12414
12462
12501
12545
12582
12610
12655
12688
12719
12743
12764
12778
12803
12817
12833
12852
12872
12881
12897
12920
12933
12946
12959
12972
12990
12998
13009
13023
13023
13028
13041
13040
13048
13054
13051
13060
13070
13073
13076
13078
13082
13090
13079
13090
13102
13105
13106
13116
13115
13116
13106
13100
13101
13105
13107
13116
13120
13118
13116
13115
13110
13110
13113
13115
13116
13117
13118
13119
13124
13132
13130
13123
13118
13125
13121
13124
13126
13125
13125
13127
13135
13132
13126
13129
13119
13118
13121
13122
13116
13130
13125
13116
13122
13118
13119
13115
13115
13117
13120
13124
13132
13128
13124
13128
13123
13127
13124
13128
13130
13124
13137
13133
13129
13133
13134
13129
13132
13128
13138
13135
13127
13130
13127
13134
13134
13139
13135
13133
13140
13140
13128
13124
13132
13131
13134
13141
13140
13136
13138
13145
13143
13145
13151
13151
13150
13149
13152
13138
13140
13135
13141
13135
13132
13141
13141
13147
13144
13140
13137
13144
13142
13151
13149
13143
13141
13138
13139
13133
13134
13136
13130
13132
13145
13141
13140
13145
13145
13134
13138
13135
13129
13126
13129
13130
13135
13137
13142
13137
13138
13138
13141
13134
13125
13137
13134
13146
13139
13139
13138
13132
13134
13145
13140
13145
13148
13142
13148
13144
13145
13149
13142
13147
13141
13131
13126
13129
13123
13124
13127
13131
13132
13133
13131
13135
13134
13131
13128
13123
13128
13126
13133
13130
13129
13129
13130
13134
13131
13133
13131
13137
13138
13140
13128
13131
13127
13130
13127
13127
13125
13136
13132
13139
13150
13147
13144
13155
13151
13142
13140
13133
13129
13135
13126
13122
13119
13123
13116
13123
13124
13126
13138
13132
13134
13144
13142
13145
13142
13140
13137
13139
13138
13139
13132
13130
13124
13123
13125
13128
13122
13126
13120
13123
13123
13125
13119
13130
13122
13125
13126
13134
13142
13143
13142
13141
13139
13142
13138
13142
13136
13136
13145
13146
13146
13140
13142
13138
13134
13127
13133
13140
13143
13141
13132
13138
13141
13135
13140
13141
13137
13152
13152
13145
13154
13149
13144
13147
13143
13131
13135
13136
13133
13141
13138
13135
13129
13138
13140
13135
13133
13133
13147
13147
13148
13150
13152
13139
13134
13137
13136
13138
13135
13134
13130
13133
13135
13136
13134
13131
13125
13130
13131
13122
13131
13125
13123
13138
13141
13138
13140
13138
13134
13134
13130
13126
13121
13128
13122
13119
13121
13127
13130
13130
13131
13137
13141
13138
13140
13135
13133
13128
13125
13130
13128
13128
13122
13123
13132
13130
13135
13136
13128
13128
13135
13127
13120
13123
13123
13121
13122
13130
13126
13128
13129
13125
13129
13137
13134
13136
13141
13138
13144
13133
13140
13141
13134
13133
13135
13135
13134
13133
13130
13135
13133
13134
13144
13140
13142
13140
13137
13141
13144
13144
13151
13147
13142
13140
13133
13130
13125
13121
13124
13123
13124
13124
13132
13138
13133
13131
13129
13128
13134
13131
13129
13136
13131
13126
13129
13129
13131
13132
13136
13139
13139
13144
13136
13134
13130
13131
13128
13129
13132
13128
13134
13129
13128
13130
