13141
13140
13142
13145
13145
13145
13144
13141
13136
13139
13145
13139
13141
13134
13134
13140
13136
13131
13133
13122
13127
13126
13122
13123
13126
13126
13137
13137
13130
13133
13128
13127
13128
13127
13128
13128
13134
13136
13139
13144
13137
13141
13136
13142
13143
13138
13136
13140
13133
13131
13132
13142
13141
13140
13139
13138
13136
13137
13139
13136
13141
13139
13137
13141
13131
13124
13134
13126
13123
13122
13130
13130
13136
13131
13134
13127
13135
13131
13136
13139
13142
13140
13135
13133
13144
13133
13131
13142
13137
13134
13132
13129
13126
13131
13127
13125
13122
13122
13121
13116
13119
13122
13128
13136
13130
13124
13133
13133
13138
13140
13139
13133
13135
13132
13136
13134
13133
13126
13126
13129
13128
13121
13127
13121
13135
13138
13140
13140
13143
13139
13142
13139
13135
13130
13126
13128
13126
13127
13128
13125
13116
13118
13122
13123
13126
13121
13137
13144
13140
13141
13139
13152
13157
13153
13140
13135
13130
13137
13141
13141
13148
13151
13150
13147
13147
13137
13131
13130
13131
13131
13129
13126
13133
13138
13139
13141
13128
13130
13126
13127
13137
13137
13130
13135
13133
13134
13137
13131
13134
13129
13131
13132
13130
13120
13125
13124
13131
13131
13132
13132
13135
13136
13140
13144
13151
13138
13134
13139
13138
13137
13129
13131
13128
13127
13128
13128
13126
13135
13134
13129
13133
13136
13142
13145
13138
13131
13134
13130
13129
13136
13140
13141
13147
13146
13149
13146
13142
13151
13145
13139
13141
13137
13135
13134
13140
13146
13139
13138
13131
13134
13125
13124
13126
13133
13139
13143
13132
13135
13144
13137
13136
13137
13137
13133
13128
13128
13130
13130
13136
13132
13131
13128
13130
13132
13132
13129
13133
13131
13130
13132
13131
13125
13132
13131
13134
13132
13130
13134
13139
13137
13138
13137
13137
13134
13135
13138
13136
13138
13142
13138
13138
13136
13140
13139
13132
13127
13137
13129
13134
13136
13133
13132
13129
13130
13124
13126
13134
13134
13134
13135
13143
13146
13147
13142
13147
13142
13137
13142
13134
13135
13124
13129
13129
13123
13129
13126
13121
13117
13126
13129
13127
13125
13127
13136
13136
13132
13140
13138
13131
13134
13126
13126
13132
13131
13141
13140
13140
13137
13132
13132
13136
13135
13131
13131
13134
13131
13132
13138
13141
13140
13138
13141
13140
13136
13138
13139
13138
13136
13149
13141
13146
13143
13145
13142
13142
13138
13144
13134
13135
13138
13131
13136
13134
13132
13132
13129
13127
13125
13128
13132
13127
13129
13130
13135
13139
13134
13126
13138
13142
13144
13132
13138
13144
13142
13146
13143
13131
13132
13130
13125
13123
13127
13128
13133
13124
13129
13136
13130
13131
13131
13131
13137
13132
13131
13131
13132
13137
13132
13133
13134
13137
13137
13140
13138
13134
13130
13132
13137
13133
13135
13126
13128
13132
13130
13121
13120
13114
13114
13117
13125
13133
13134
13137
13147
13148
13138
13143
13138
13135
13138
13144
13138
13136
13131
13140
13141
13138
13137
13136
13139
13133
13144
13140
13139
13138
13133
13131
13134
13133
13132
13127
13132
13135
13136
13141
13132
13129
13132
13133
13130
13137
13134
13137
13020
12587
12001
11624
11394
11286
11243
11262
11296
11341
11363
11426
11491
11578
11649
11738
11814
11902
11971
12048
12102
12178
12234
12292
12347
12402
12443
12488
12524
12557
12588
12622
12658
12689
12724
12756
12774
12802
12825
12839
12861
12876
12888
12907
12910
12928
12938
12947
12963
12981
12993
13005
13010
13023
13021
13034
13033
13040
13040
13041
13043
13050
13052
13056
13074
13083
13088
13091
13089
13090
13098
13094
13098
13102
13095
13102
13103
13109
13110
13110
13111
13110
13115
13115
13110
13109
13110
13115
13121
13124
13124
13124
13117
13114
13114
13115
13118
13123
13125
13123
13124
13130
13126
13131
13130
13130
13132
13131
13124
13129
13124
13123
13124
13123
13126
13132
13129
13133
13131
13136
13135
13128
13136
13142
13138
13142
13142
13136
13136
13134
13136
13140
13133
13132
13121
13118
13117
13123
13122
13127
13121
13123
13122
13122
13127
13130
13136
13129
13137
13138
13136
13131
13132
13127
13134
13131
13131
13132
13130
13133
13135
13130
13132
13136
13132
13135
13138
13133
13139
13134
13130
13133
13139
13146
13139
13142
13144
13140
13138
13139
13142
13148
13127
13002
12914
12863
12833
12814
12813
12813
12826
12840
12852
12867
12879
12897
12912
12919
12927
12942
12959
12965
12968
12990
12992
13010
13025
13030
13037
13045
13046
13050
13051
13051
13046
13052
13069
13071
13074
13071
13080
13092
13098
13097
13101
13094
13101
13093
13102
13101
13101
13105
13108
13103
13117
13117
13119
13120
13127
13127
13133
13123
13127
13131
13123
13126
13122
13124
13128
13135
13132
13132
13131
13134
13133
13135
13139
13136
13129
13126
13126
13137
13129
13129
13131
13129
13127
13125
13120
13118
13122
13124
13127
13126
13137
13140
13129
13140
13135
13141
13144
13136
13127
13134
13132
13130
13133
13129
13134
13138
13141
13141
13135
13141
13145
13136
13136
13139
13137
13142
13132
13137
13132
13129
13131
13128
13132
13130
13129
13131
13128
13123
13132
13127
13132
13144
13138
13139
13138
13142
13144
13150
13144
13146
13142
13145
13141
13130
13129
13130
13126
13131
13127
13130
13129
13122
13130
13122
13122
13123
13126
13137
13130
13122
13126
13126
13134
13135
13127
13136
13133
13135
13139
13135
13137
13138
13137
13131
13135
13136
13138
13130
13125
13123
13120
13120
13126
13132
13136
13151
13150
13150
13146
13148
13144
13145
13143
13140
13138
13137
13138
13143
13139
13132
13140
13145
13146
13139
13130
13133
13129
13128
13127
13118
13115
13118
13122
13126
13133
13133
13136
13136
13137
13142
13136
13129
13136
13125
13131
13134
13129
13134
13138
13137
13139
13135
13134
13132
13124
13127
13135
13145
13135
13137
13138
13137
13132
13129
13132
13135
13134
13140
13141
13134
13137
13142
13131
13128
13130
13130
13136
13134
13134
13127
13125
13116
13126
13123
13124
13129
13134
13132
13124
13133
13127
13125
13133
13134
13142
13138
13147
13144
13136
13142
13140
13142
13135
13137
13141
13142
13139
13147
13141
13134
13138
13139
13129
13126
13122
13125
13132
13131
13126
13133
13119
13118
13125
13124
13123
13122
13115
13120
13119
13121
13124
13128
13132
13123
13118
13116
13119
13128
13128
13122
13127
13127
13132
13138
13136
13134
13143
13141
13146
13147
13139
13145
13144
13148
13154
13145
13143
13147
13139
13145
13136
13137
13137
