13140
13141
13140
13140
13139
13134
13132
13134
13128
13128
13130
13127
13128
13132
13130
13133
13128
13128
13137
13134
13134
13137
13136
13132
13137
13132
13133
13122
13124
13119
13127
13129
13132
13132
13128
13134
13135
13129
13131
13134
13130
13132
13132
13135
13139
13142
13132
13133
13134
13129
13129
13123
13123
13129
13136
13145
13143
13139
13152
13145
13149
13151
13145
13148
13152
13143
13147
13144
13139
13135
13137
13133
13132
13129
13131
13133
13141
13133
13133
13133
13127
13131
13132
13130
13136
13138
13142
13140
13141
13145
13142
13138
13142
13146
13141
13142
13140
13139
13145
13139
13140
13141
13131
13132
13140
13136
13134
13138
13145
13135
13136
13135
13130
13126
13130
13127
13134
13130
13137
13141
13135
13136
13135
13136
13133
13137
13138
13140
13134
13138
13136
13126
13128
13127
13124
13132
13128
13121
13131
13133
13137
13138
13134
13132
13136
13136
13138
13139
13138
13134
13136
13142
13138
13134
13145
13140
13141
13135
13142
13142
13150
13143
13143
13135
13131
13131
13128
13134
13122
13132
13128
13129
13132
13133
13136
13142
13135
13134
13136
13133
13138
13137
13133
13134
13134
13131
13131
13131
13134
13131
13133
13137
13131
13130
13134
13129
13133
13124
13118
13122
13126
13126
13133
13122
13122
13121
13119
13122
13111
13118
13130
13130
13134
13135
13136
13134
13126
13123
13129
13122
13120
13126
13126
13137
13140
13138
13139
13140
13133
13134
13134
13140
13137
13135
13135
13134
13139
13135
13132
13132
13130
13131
13126
13129
13131
13126
13120
13123
13123
13126
13127
13132
13139
13138
13144
13151
13142
13135
13134
13131
13128
13134
13130
13131
13134
13138
13138
13136
13145
13142
13135
13131
13130
13123
13124
13128
13140
13135
13132
13138
13140
13131
13132
13137
13137
13136
13136
13138
13138
13142
13144
13139
13138
13140
13135
13138
13138
13133
13145
13139
13134
13140
13134
13128
13132
13134
13137
13138
13138
13133
13131
13140
13134
13132
13127
13127
13128
13130
13136
13144
13145
13144
13149
13142
13136
13137
13133
13134
13130
13140
13143
13133
13134
13139
13133
13133
13132
13135
13147
13149
13150
13158
13156
13148
13152
13151
13153
13154
13153
13145
13143
13142
13143
13138
13129
13133
13139
13142
13143
13145
13147
13145
13154
13156
13158
13154
13149
13145
13134
13135
13133
13127
13123
13140
13138
13139
13134
13132
13131
13129
13129
13136
13136
13136
13135
13142
13149
13150
13148
13151
13153
13150
13153
13151
13151
13143
13141
13126
13120
13114
13119
13124
13120
13125
13130
13134
13133
13132
13131
13133
13130
13126
13128
13136
13136
13139
13139
13138
13141
13143
13139
13147
13147
13149
13151
13148
13147
13150
13141
13140
13147
13147
13138
13140
13142
13137
13133
13128
13117
13123
13128
13135
13131
13133
13128
13131
13129
13137
13131
13133
13131
13133
13137
13137
13140
13146
13138
13140
13144
13138
13140
13138
13132
13135
13132
13140
13141
13136
13134
13132
13126
13129
13136
13130
13129
13127
13136
13139
13133
13141
13142
13142
13140
13135
13128
13132
13135
13139
13132
13135
13134
13133
13138
13143
13148
13135
13125
13119
13123
13127
13129
13130
13126
13025
12665
12335
12115
11973
11918
11894
11910
11936
11984
12027
12087
12136
12206
12252
12308
12356
12406
12450
12493
12537
12576
12615
12649
12679
12703
12729
12754
12773
12796
12817
12842
12861
12875
12892
12918
12924
12945
12969
12976
12984
12985
12983
12995
13001
13010
13009
13027
13035
13039
13052
13057
13065
13080
13076
13077
13079
13084
13083
13085
13089
13088
13096
13098
13105
13096
13100
13094
13089
13096
13102
13109
13110
13105
13102
13112
13109
13103
13111
13113
13115
13124
13121
13122
13122
13117
13125
13129
13129
13128
13124
13126
13134
13136
13134
13128
13132
13133
13135
13134
13138
13130
13137
13143
13138
13132
13131
13133
13130
13130
13134
13130
13135
13130
13122
13129
13124
13125
13130
13133
13135
13138
13131
13135
13132
13131
13134
13137
13140
13141
13142
13149
13151
13155
13148
13151
13146
13138
13130
13126
13125
13130
13125
13121
13124
13114
13123
13127
13119
13122
13126
13125
13128
13118
13121
13131
13120
13129
13141
13129
13135
13135
13140
13139
13133
13129
13123
13126
13139
13135
13140
13142
13144
13156
13150
13150
13148
13149
13149
13146
13140
13134
13137
13143
13144
13146
13142
13138
13140
13146
13142
13135
13139
13140
13143
13143
13139
13132
13145
13144
13151
13154
13157
13157
13146
13144
13141
13136
13142
13145
13144
13140
13134
13139
13134
13123
13128
13131
13119
13119
13125
13124
13127
13129
13138
13144
13141
13139
13135
13131
13131
13126
13131
13125
13117
13128
13127
13124
13125
13126
13124
13130
13131
13132
13129
13131
13131
13136
13137
13136
13135
13134
13136
13133
13128
13130
13128
13126
13129
13126
13127
13128
13128
13118
13124
13122
13128
13130
13127
13137
13138
13144
13146
13134
13131
13143
13139
13141
13149
13141
13148
13142
13139
13138
13133
13135
13126
13126
13125
13120
13123
13123
13127
13132
13125
13125
13124
13127
13133
13128
13128
13133
13136
13137
13133
13126
13130
13134
13131
13136
13131
13133
13131
13132
13124
13137
13129
13125
13137
13128
13133
13137
13138
13141
13139
13137
13132
13131
13130
13128
13131
13130
13126
13129
13130
13137
13138
13140
13140
13129
13129
13130
13127
13123
13116
13113
13117
13120
13123
13122
13128
13135
13148
13143
13145
13146
13141
13138
13140
13134
13134
13136
13136
13142
13137
13148
13141
13139
13140
13145
13139
13137
13137
13150
13147
13140
13140
13139
13133
13126
13126
13123
13130
13127
13135
13128
13132
13131
13128
13132
13130
13137
13137
13135
13131
13140
13132
13144
13146
13135
13138
13145
13148
13153
13144
13143
13145
13152
13152
13156
13140
13140
13142
13145
13143
13140
13143
13142
13146
13142
13136
13135
13138
13138
13145
13135
13145
13149
13140
13136
13138
13136
13138
13132
13127
13129
13128
13122
13132
13130
13135
13129
13137
13140
13141
13132
13132
13133
13142
13139
13137
13133
13132
13134
13129
13128
13136
13135
13137
13138
13140
13132
13130
13133
13129
13128
13140
13136
13141
13151
13147
13140
13143
13144
13135
13142
13131
13127
13140
13130
13138
13145
13142
13137
13133
13133
13136
13136
13137
13133
13138
13132
13129
13129
13122
13122
13125
13113
13120
13117
13119
13119
13117
13120
13125
13122
13124
13128
13134
13136
13138
13122
12996
12906
12857
12832
12818
12817
12825
12825
12840
12858
12876
12896
12911
12930
12934
