13139
13139
13137
13140
13145
13134
13132
13130
13142
13141
13140
13141
13143
13137
13135
13137
13132
13133
13138
13144
13151
13150
13150
13152
13148
13142
13148
13138
13128
13143
13144
13143
13149
13152
13148
13146
13154
13152
13153
13145
13147
13143
13147
13141
13140
13133
13131
13133
13137
13131
13130
13126
13130
13124
13132
13128
13121
13128
13137
13130
13139
13133
13133
13127
13122
13123
13132
13128
13128
13128
13126
13128
13131
13138
13143
13150
13149
13141
13141
13140
13141
13146
13146
13146
13142
13137
13137
13140
13139
13134
13129
13132
13134
13135
13135
13141
13140
13141
13134
13136
13133
13130
13136
13139
13132
13126
13128
13126
13134
13138
13132
13130
13133
13131
13132
13134
13133
13118
13118
13122
13118
13124
13126
13125
13137
13126
13137
13135
13129
13129
13125
13127
13126
13135
13133
13139
13131
13134
13141
13138
13141
13141
13142
13146
13146
13139
13137
13139
13141
13140
13143
13136
13136
13137
13137
13138
13138
13137
13141
13135
13131
13136
13136
13137
13143
13136
13140
13138
13139
13137
13143
13130
13131
13135
13132
13133
13125
13126
13130
13126
13127
13131
13130
13132
13129
13127
13137
13130
13138
13132
13128
13127
13133
13131
13130
13129
13131
13125
13123
13122
13125
13128
13130
13132
13138
13132
13126
13128
13136
13136
13141
13133
13134
13133
13135
13136
13132
13132
13131
13130
13135
13132
13135
13138
13129
13127
13145
13139
13137
13136
13133
13132
13131
13135
13131
13131
13140
13136
13151
13151
13154
13152
13146
13145
13139
13132
13135
13137
13134
13138
13137
13135
13141
13137
13144
13139
13138
13134
13132
13134
13135
13135
13129
13129
13132
13129
13134
13126
13119
13126
13125
13122
13129
13131
13123
13131
13126
13126
13130
13129
13131
13139
13144
13141
13145
13138
13136
13134
13136
13136
13134
13132
13137
13141
13127
13128
13119
13124
13127
13124
13132
13138
13137
13149
13142
13137
13141
13136
13134
13134
13129
13126
13130
13127
13129
13127
13132
13124
13125
13130
13133
13126
13132
13136
13142
13137
13142
13145
13147
13143
13145
13145
13146
13140
13136
13136
13129
13133
13132
13127
13127
13128
13127
13133
13128
13126
13133
13132
13139
13137
13130
13132
13132
13139
13135
13137
13142
13135
13141
13138
13133
13139
13133
13131
13133
13126
13123
13130
13134
13136
13134
13134
13141
13133
13131
13132
13136
13140
13149
13134
13133
13132
13132
13139
13138
13133
13142
13135
13135
13139
13134
13140
13137
13140
13139
13141
13143
13140
13142
13138
13142
13140
13145
13138
13145
13139
13139
13137
13135
13133
13130
13130
13128
13133
13120
13126
13120
13129
13138
13128
13129
13124
13124
13127
13117
13114
13124
13122
13130
13132
13134
13141
13148
13144
13140
13133
13129
13129
13136
13142
13133
13131
13133
13133
13138
13123
13120
13121
13121
13125
13125
13120
13130
13132
13135
13139
13139
13137
13143
13136
13134
13127
13127
13133
13129
13126
13132
13124
13123
13126
13128
13134
13135
13128
13122
13121
13119
13118
13119
13123
13117
13113
13115
13116
13124
13122
13120
13130
13126
13125
13124
13118
13125
13124
13131
13128
13125
13130
13132
13130
13132
13129
13123
13136
13126
13126
13138
13129
13133
12909
12453
12109
11822
11660
11566
11507
11514
11532
11598
11655
11737
11804
11885
11949
12028
12094
12159
12217
12273
12323
12385
12433
12478
12513
12544
12584
12624
12650
12686
12705
12734
12761
12792
12820
12837
12850
12867
12875
12894
12911
12921
12932
12939
12955
12961
12964
12986
12987
13001
13008
13014
13035
13046
13058
13062
13055
13052
13059
13060
13066
13067
13072
13083
13083
13094
13096
13089
13094
13089
13086
13094
13102
13103
13109
13110
13115
13123
13122
13122
13127
13128
13131
13129
13126
13122
13116
13121
13114
13115
13115
13116
13111
13117
13112
13128
13123
13127
13128
13135
13135
13137
13134
13133
13127
13124
13126
13123
13125
13125
13124
13132
13132
13133
13137
13133
13122
13129
13122
13125
13133
13132
13138
13137
13133
13138
13131
13132
13126
13130
13135
13134
13128
13129
13129
13130
13122
13130
13134
13138
13136
13126
13124
13127
13127
13131
13136
13124
13131
13133
13128
13130
13130
13126
13129
13130
13126
13136
13127
13121
13129
13121
13127
13132
13133
13142
13147
13137
13132
13136
13132
13131
13127
13131
13133
13135
13132
13127
13132
13132
13131
13135
13134
13138
13138
13143
13140
13131
13044
12933
12867
12838
12816
12806
12806
12819
12827
12841
12853
12868
12889
12902
12915
12935
12950
12962
12971
12982
12985
12990
12996
13005
13010
13015
13018
13028
13035
13036
13046
13052
13058
13068
13074
13082
13084
13083
13088
13084
13091
13096
13092
13095
13098
13103
13108
13105
13110
13110
13111
13111
13114
13110
13112
13113
13115
13120
13122
13125
13119
13125
13126
13131
13130
13127
13128
13136
13129
13131
13127
13120
13123
13118
13117
13125
13131
13118
13128
13121
13132
13127
13125
13124
13124
13127
13135
13132
13128
13128
13125
13126
13132
13129
13126
13132
13133
13132
13128
13133
13127
13130
13129
13125
13118
13119
13120
13129
13123
13122
13124
13129
13132
13129
13133
13133
13137
13133
13140
13144
13156
13148
13140
13142
13140
13136
13136
13129
13122
13122
13121
13123
13122
13114
13114
13119
13118
13125
13122
13121
13123
13127
13138
13129
13129
13129
13128
13131
13121
13125
13127
13140
13140
13141
13140
13142
13145
13147
13154
13136
13135
13139
13140
13141
13133
13133
13135
13135
13130
13136
13136
13136
13136
13127
13128
13124
13130
13126
13130
13069
12960
12894
12858
12840
12834
12824
12824
12837
12844
12856
12874
12884
12907
12914
12926
12941
12952
12969
12984
12988
13000
13005
13009
13017
13022
13034
13046
13047
13052
13058
13063
13060
13073
13077
13090
13089
13096
13099
13103
13102
13105
13106
13106
13110
13115
13112
13110
13108
13114
13119
13121
13117
13116
13115
13112
13115
13122
13123
13129
13125
13131
13132
13132
13129
13124
13125
13135
13126
13122
13131
13136
13134
13138
13131
13125
13131
13134
13135
13127
13131
13131
13136
13140
13131
13133
13127
13125
13130
13123
13121
13117
13119
13124
13124
13123
13118
13120
13127
13121
13125
13137
13141
13138
13140
13134
13131
13134
13128
13114
13121
13122
13118
13127
13125
13131
13124
13120
13118
13120
13125
13120
13129
13133
13132
13132
13125
13119
13134
13137
13138
13128
13130
13138
13132
13130
13137
13135
13135
13142
13143
13144
13151
13139
13149
13139
13136
13140
13131
13126
13136
13131
13145
13153
