13127
13125
13123
13122
13127
13133
13131
13132
13126
13125
13125
13121
13120
13121
13118
13124
13123
13119
13126
13125
13126
13130
13134
13135
13142
13147
13140
13142
13134
13126
13124
13126
13122
13119
13124
13126
13128
13124
13119
13119
13126
13129
13131
13130
13127
13132
13130
13124
13119
13123
13124
13119
13124
13130
13129
13137
13135
13134
13139
13142
13137
13138
13146
13144
13151
13151
13151
13145
13147
13148
13146
13143
13141
13138
13139
13140
13138
13128
13121
13125
13119
13123
13118
13117
13117
13111
13108
13108
13110
13118
13128
13127
13133
13135
13129
13135
13136
13131
13134
13135
13136
13141
13141
13144
13135
13147
13147
13138
13136
13131
13135
13133
13127
13124
13128
13123
13131
13127
13126
13131
13130
13138
13126
13129
13133
13124
13130
13132
13126
13126
13133
13132
13133
13132
13133
13138
13133
13140
13144
13135
13132
13132
13140
13146
13148
13137
13134
13137
13133
13126
13126
13123
13126
13126
13129
13124
13132
13131
13129
13137
13135
13133
13131
13126
13127
13126
13125
13127
13126
13137
13139
13137
13138
13142
13141
13145
13139
13138
13139
13135
13125
13131
13130
13130
13133
13133
13139
13133
13136
13133
13133
13134
13134
13136
13132
13132
13139
13135
13136
13136
13141
13139
13142
13140
13133
13135
13136
13133
13133
13134
13135
13136
13142
13141
13146
13152
13156
13153
13153
13144
13145
13143
13143
13145
13142
13134
13137
13137
13133
13131
13130
13136
13132
13134
13136
13135
13142
13138
13137
13138
13134
13135
13133
13138
13141
13142
13140
13136
13125
13125
13130
13129
13132
13133
13137
13144
13139
13137
13145
13147
13147
13147
13138
13140
13141
13137
13137
13144
13141
13138
13142
13140
13134
13131
13133
13124
13132
13131
13132
13136
13133
13138
13142
13138
13132
13140
13140
13142
13134
13135
13131
13133
13128
13131
13132
13135
13127
13131
13129
13126
13128
13135
13131
13132
13131
13138
13134
13132
13126
13128
13125
13129
13128
13132
13126
13126
13126
13119
13117
13126
13132
13134
13130
13132
13134
13137
13146
13145
13139
13133
13131
13123
13132
13135
13133
13136
13131
13120
13121
13124
13127
13127
13125
13126
13135
13137
13136
13128
13135
13135
13134
13141
13147
13141
13142
13133
13135
13132
13138
13136
13140
13146
13141
13138
13138
13135
13136
13136
13131
13141
13142
13140
13143
13140
13136
13140
13135
13129
13140
13137
13138
13142
13142
13145
13144
13138
13138
13132
13136
13132
13133
13132
13121
13120
13123
13120
13126
13121
13119
13123
13124
13118
13124
13120
13119
13121
13117
13118
13122
13133
13133
13133
13136
13139
13143
13145
13137
13137
13149
13148
13149
13150
13147
13144
13140
13135
13132
13129
13132
13132
13125
13127
13137
13140
13141
13140
13153
13138
13140
13136
13135
13131
13132
13134
13133
13127
13121
13132
13126
13132
13130
13128
13137
13136
13136
13143
13137
13129
13140
13129
13130
13133
13132
13132
13135
13137
13144
13138
13141
13134
13134
13133
13138
13129
13131
13123
13127
13123
13126
13127
13130
13134
13133
13140
13138
13142
13141
13141
13141
13137
13141
13142
13141
13136
13131
13135
13133
13127
13130
13131
13134
13137
13133
13134
13134
13056
12442
11543
10793
10328
10094
9975
9983
10032
10145
10252
10412
10532
10664
10728
10838
10939
11056
11156
11284
11383
11500
11588
11690
11777
11876
11952
12042
12096
12172
12228
12283
12328
12392
12429
12476
12518
12550
12588
12624
12647
12678
12709
12734
12754
12782
12801
12820
12837
12857
12879
12899
12905
12923
12940
12951
12966
12969
12981
12993
13003
13016
13018
13017
13022
13031
13040
13041
13047
13052
13068
13075
13073
13081
13081
13086
13089
13096
13092
13095
13102
13105
13107
13109
13102
13097
13112
13107
13099
13101
13110
13119
13116
13118
13125
13127
13130
13132
13130
13134
13136
13133
13135
13131
13124
13129
13123
13124
13115
13119
13122
13124
13125
13134
13125
13126
13127
13122
13131
13132
13132
13137
13138
13134
13135
13137
13133
13135
13136
13134
13130
13141
13137
13137
13135
13134
13133
13126
13121
13124
13126
13125
13134
13133
13131
13144
13141
13145
13145
13144
13141
13141
13134
13139
13126
13127
13125
13123
13122
13132
13135
13137
13135
13129
13132
13134
13140
13140
13138
13131
13129
13126
13123
13124
13132
13124
13124
13125
13133
13138
13138
13141
13142
13140
13151
13155
13150
13156
13150
13144
13147
13143
13140
13143
13135
13134
13134
13129
13137
13144
13150
13148
13146
13145
13142
13141
13139
13137
13138
13139
13135
13145
13135
13134
13140
13136
13138
13128
13132
13136
13137
13149
13148
13140
13140
13141
13138
13139
13137
13132
13136
13132
13130
13129
13121
13118
13120
13126
13129
13125
13127
13132
13131
13131
13132
13132
13137
13136
13130
13126
13135
13135
13144
13139
13137
13137
13136
13135
13133
13135
13133
13133
13138
13132
13134
13137
13138
13148
13148
13144
13145
13137
13134
13134
13119
13115
13115
13117
13118
13121
13119
13125
13127
13130
13130
13134
13137
13140
13143
13149
13152
13156
13148
13148
13150
13152
13150
13147
13152
13144
13135
13140
13138
13132
13136
13136
13130
13126
13130
13127
13133
13128
13124
13137
13133
13133
13133
13130
13136
13141
13138
13132
13136
13143
13137
13144
13143
13140
13140
13138
13140
13145
13143
13137
13141
13139
13142
13139
13146
13135
13138
13135
13133
13132
13136
13141
13143
13142
13138
13141
13147
13142
13131
13135
13131
13130
13131
13126
13126
13130
13135
13132
13135
13142
13138
13141
13151
13150
13140
13143
13143
13145
13135
13138
13138
13134
13136
13136
13138
13137
13143
13141
13140
13140
13147
13146
13140
13137
13133
13138
13145
13136
13132
13143
13135
13135
13139
13144
13146
13157
13151
13149
13142
13139
13135
13138
13135
13134
13134
13133
13139
13146
13137
13138
13140
13135
13138
13138
13137
13139
13146
13143
13147
13148
13144
13139
13136
13134
13135
13133
13135
13136
13134
13137
13135
13136
13133
13130
13133
13132
13130
13131
13132
13131
13132
13139
13137
13134
13133
13129
13134
13139
13136
13124
13131
13128
13123
13128
13128
13133
13134
13135
13140
13138
13136
13143
13141
13142
13141
13138
13141
13143
13138
13140
13136
13134
13131
13129
13130
13137
13136
13138
13138
13141
13139
13140
13139
13138
13136
13127
13126
13137
13132
13133
13135
13136
13139
13136
13138
13138
13137
13136
13140
13141
13142
13135
13139
13144
13142
13133
13131
13125
13117
13117
13119
13115
13126
13128
13130
13135
13136
13140
13148
13154
13148
