13142
13143
13149
13142
13144
13139
13142
13143
13139
13136
13138
13131
13135
13137
13137
13136
13134
13126
13137
13130
13138
13137
13132
13133
13131
13132
13134
13135
13138
13126
13130
13130
13136
13135
13137
13128
13125
13119
13123
13128
13120
13127
13129
13131
13135
13132
13139
13134
13134
13137
13133
13121
13129
13143
13140
13146
13143
13142
13154
13145
13138
13140
13137
13139
13143
13144
13149
13146
13138
13136
13136
13130
13127
13130
13126
13130
13135
13133
13139
13143
13146
13147
13139
13141
13141
13143
13141
13141
13140
13152
13151
13149
13145
13139
13141
13146
13135
13132
13134
13132
13135
13134
13126
13127
13132
13130
13126
13124
13121
13125
13127
13123
13121
13129
13127
13119
13130
13123
13126
13129
13125
13133
13130
13126
13126
13122
13118
13122
13118
13122
13125
13129
13133
13138
13131
13137
13138
13132
13142
13137
13136
13134
13136
13137
13136
13131
13130
13129
13131
13126
13122
13127
13124
13123
13119
13115
13119
13122
13121
13128
13131
13131
13125
13119
13129
13134
13136
13143
13135
13135
13138
13139
13137
13139
13135
13139
13135
13132
13141
13139
13138
13139
13136
13138
13134
13138
13140
13143
13142
13135
13131
13131
13127
13123
13127
13124
13133
13126
13126
13122
13128
13126
13123
13123
13121
13126
13133
13139
13134
13139
13144
13143
13141
13141
13135
13138
13132
13136
13142
13138
13128
13136
13132
13132
13134
13136
13135
13137
13140
13142
13142
13145
13140
13143
13144
13139
13138
13140
13144
13138
13141
13139
13139
13142
13147
13143
13140
13139
13127
13133
13137
13132
13130
13132
13135
13136
13132
13125
13136
13128
13129
13129
13127
13134
13133
13136
13131
13133
13141
13135
13135
13137
13133
13138
13141
13146
13149
13141
13138
13147
13151
13147
13142
13142
13140
13138
13146
13138
13130
13136
13136
13133
13132
13125
13119
13123
13125
13119
13131
13125
13123
13124
13123
13125
13128
13129
13129
13128
13121
13129
13131
13135
13133
13128
13133
13127
13135
13122
13127
13126
13133
13134
13136
13138
13134
13135
13132
13142
13135
13138
13142
13135
13138
13138
13133
13141
13139
13135
13139
13130
13127
13133
13127
13125
13120
13123
13121
13121
13120
13113
13115
13110
13110
13111
13112
13115
13123
13126
13124
13130
13130
13137
13135
13128
13137
13133
13133
13138
13134
13130
13137
13136
13145
13147
13154
13148
13149
13141
13143
13138
13131
13132
13130
13133
13132
13129
13136
13133
13133
13132
13127
13135
13139
13136
13134
13136
13136
13134
13127
13126
13125
13128
13131
13132
13134
13136
13134
13139
13127
13134
13138
13136
13132
13132
13128
13128
13128
13122
13128
13119
13117
13122
13115
13123
13117
13125
13136
13145
13141
13148
13148
13149
13151
13150
13151
13146
13152
13143
13135
13138
13129
13137
13137
13139
13140
13142
13143
13141
13136
13138
13136
13125
13132
13130
13132
13140
13140
13133
13132
13130
13127
13129
13125
13132
13129
13137
13129
13132
13134
13131
13137
13138
13134
13130
13125
13126
13131
13126
13128
13129
13129
13139
13129
13121
13119
13122
13130
13132
13134
13138
13144
13141
13143
13145
13145
13141
13139
13135
13136
13137
13138
13139
13018
12443
11760
11162
10712
10455
10355
10321
10369
10436
10559
10672
10809
10927
11060
11162
11292
11401
11515
11601
11633
11657
11718
11773
11845
11912
11979
12037
12102
12162
12223
12272
12327
12386
12434
12475
12521
12552
12595
12635
12667
12687
12712
12737
12762
12782
12811
12824
12850
12870
12890
12909
12908
12918
12933
12949
12948
12964
12972
12983
12988
13003
13005
13015
13020
13033
13032
13046
13055
13054
13058
13066
13073
13084
13086
13086
13092
13094
13097
13100
13093
13096
13103
13107
13110
13110
13108
13111
13110
13115
13118
13115
13109
13116
13126
13119
13125
13121
13125
13128
13123
13117
13123
13124
13122
13126
13127
13127
13131
13128
13126
13134
13127
13134
13126
13132
13129
13126
13130
13134
13130
13131
13133
13136
13140
13139
13137
13135
13133
13138
13134
13141
13139
13134
13142
13132
13138
13138
13132
13138
13137
13137
13143
13136
13140
13137
13135
13141
13146
13140
13138
13141
13136
13140
13138
13140
13142
13136
13133
13138
13141
13141
13145
13157
13153
13145
13142
13134
13129
13128
13127
13133
13125
13125
13132
13134
13131
13139
13139
13143
13145
13147
13137
13137
13139
13138
13141
13146
13143
13147
13144
13142
13136
13131
13129
13128
13141
13135
13134
13146
13142
13144
13145
13139
13141
13130
13125
13123
13129
13132
13130
13136
13133
13138
13136
13130
13126
13130
13127
13135
13134
13131
13130
13129
13129
13139
13129
13123
13130
13124
13129
13133
13126
13122
13121
13120
13121
13117
13119
13122
13126
13124
13127
13129
13128
13137
13138
13138
13135
13149
13152
13154
13153
13140
13144
13135
13133
13129
13127
13130
13133
13131
13140
13142
13146
13150
13145
13148
13151
13144
13147
13140
13136
13138
13135
13124
13137
13131
13134
13139
13132
13133
13141
13146
13154
13147
13147
13130
13130
13124
13126
13127
13126
13130
13135
13134
13132
13129
13127
13134
13132
13135
13132
13128
13125
13129
13126
13126
13132
13131
13129
13130
13129
13136
13123
13118
13130
13131
13124
13132
13133
13132
13135
13139
13135
13135
13133
13125
13126
13125
13121
13120
13119
13122
13138
13137
13136
13137
13131
13139
13137
13136
13139
13134
13131
13137
13129
13135
13129
13129
13134
13132
13132
13134
13129
13128
13134
13134
13129
13127
13121
13124
13130
13136
13131
13136
13133
13139
13144
13147
13143
13139
13146
13149
13148
13145
13137
13132
13134
13134
13127
13125
13130
13129
13139
13147
13150
13145
13152
13151
13160
13157
13154
13144
13144
13145
13156
13146
13138
13139
13135
13138
13142
13141
13136
13134
13137
13126
13129
13127
13126
13132
13126
13124
13129
13114
13115
13125
13122
13125
13122
13122
13128
13132
13133
13144
13137
13139
13142
13145
13136
13137
13134
13135
13130
13133
13141
13132
13131
13131
13124
13123
13127
13124
13128
13129
13131
13132
13128
13135
13132
13127
13122
13128
13130
13124
13129
13127
13131
13138
13137
13135
13135
13132
13135
13136
13129
13131
13126
13136
13138
13141
13141
13136
13136
13137
13141
13132
13127
13137
13133
13129
13128
13122
13130
13136
13134
13134
13137
13138
13132
13131
13129
13124
13130
13135
13130
13135
13137
13138
13132
13129
13136
13132
13130
13132
13127
13125
13125
13134
13139
13142
13141
13142
13138
13137
13138
13131
13130
13137
13132
13134
13135
13136
13141
13135
13126
13126
