13143
13137
13140
13135
13130
13138
13126
13132
13128
13138
13136
13139
13142
13140
13141
13142
13138
13141
13136
13136
13129
13119
13119
13120
13119
13126
13129
13123
13128
13128
13129
13134
13129
13134
13142
13138
13139
13139
13137
13145
13136
13132
13135
13131
13135
13136
13135
13138
13136
13132
13131
13136
13140
13135
13134
13138
13134
13139
13140
13137
13141
13131
13129
13134
13136
13134
13133
13129
13133
13128
13127
13129
13130
13131
13132
13128
13132
13138
13142
13148
13136
13124
13124
13123
13116
13133
13133
13139
13137
13144
13146
13137
13133
13130
13130
13133
13133
13129
13131
13134
13138
13134
13131
13133
13132
13129
13126
13133
13142
13143
13141
13143
13134
13135
13137
13129
13132
13130
13137
13141
13131
13135
13138
13139
13134
13136
13132
13138
13140
13138
13138
13133
13133
13136
13140
13138
13145
13146
13149
13140
13148
13140
13135
13131
13130
13132
13130
13137
13131
13137
13140
13134
13134
13135
13140
13137
13133
13133
13131
13130
13125
13126
13139
13134
13129
13140
13136
13137
13138
13135
13131
13134
13131
13130
13131
13137
13130
13127
13127
13131
13140
13135
13133
13136
13132
13138
13134
13138
13137
13139
13137
13140
13134
13135
13132
13138
13145
13151
13152
13152
13148
13149
13153
13149
13142
13136
13134
13135
13143
13143
13146
13143
13145
13141
13138
13140
13131
13138
13142
13144
13150
13142
13134
13127
13130
13129
13133
13137
13126
13130
13133
13140
13134
13143
13134
13135
13138
13145
13137
13139
13140
13130
13132
13124
13136
13146
13150
13149
13142
13138
13136
13137
13137
13131
13139
13138
13131
13131
13128
13123
13131
13127
13126
13123
13129
13130
13131
13128
13130
13134
13139
13140
13130
13134
13129
13137
13138
13146
13142
13144
13142
13133
13128
13129
13129
13131
13130
13128
13132
13132
13141
13141
13141
13137
13137
13138
13140
13134
13135
13135
13135
13125
13127
13131
13125
13127
13134
13137
13137
13133
13137
13137
13134
13138
13134
13129
13140
13138
13131
13137
13129
13132
13135
13133
13135
13132
13132
13146
13145
13140
13134
13132
13140
13137
13133
13135
13129
13136
13133
13133
13136
13131
13127
13135
13134
13140
13133
13132
13138
13139
13144
13145
13140
13138
13148
13142
13145
13143
13139
13143
13135
13134
13134
13129
13133
13138
13141
13141
13141
13139
13137
13144
13147
13143
13139
13138
13128
13126
13126
13135
13146
13142
13145
13148
13144
13145
13145
13141
13136
13137
13136
13140
13136
13147
13153
13140
13147
13138
13134
13138
13129
13130
13137
13132
13132
13134
13133
13138
13139
13138
13137
13134
13141
13140
13145
13148
13140
13140
13144
13145
13155
13147
13142
13142
13136
13139
13141
13137
13134
13137
13135
13137
13130
13132
13131
13133
13135
13133
13128
13132
13127
13128
13133
13133
13131
13131
13126
13130
13132
13126
13129
13123
13131
13133
13134
13139
13134
13137
13135
13130
13137
13132
13145
13153
13145
13145
13142
13141
13141
13141
13143
13142
13135
13137
13139
13131
13132
13126
13122
13125
13108
13106
13116
13115
13122
13131
13127
13132
13135
13136
13143
13142
13136
13134
13126
13130
13126
13121
13117
13114
13124
13116
13116
13124
13125
13006
12183
11266
10618
10210
9897
9721
9703
9737
9845
9955
10078
10194
10344
10478
10636
10757
10835
10907
11012
11121
11226
11330
11451
11547
11656
11742
11838
11912
11991
12056
12124
12178
12242
12288
12342
12379
12428
12464
12513
12556
12600
12635
12667
12691
12717
12744
12769
12792
12815
12829
12852
12870
12889
12907
12918
12925
12936
12948
12961
12978
12986
12986
13005
13009
13018
13032
13035
13042
13047
13061
13064
13073
13072
13076
13085
13076
13078
13086
13087
13086
13090
13100
13104
13112
13117
13112
13108
13115
13115
13116
13118
13116
13116
13125
13126
13119
13126
13122
13117
13115
13113
13114
13118
13117
13119
13116
13120
13118
13128
13130
13119
13113
13116
13115
13124
13119
13120
13133
13137
13138
13139
13139
13135
13133
13135
13138
13138
13136
13141
13132
13134
13127
13127
13130
13130
13128
13133
13122
13121
13130
13124
13129
13131
13126
13137
13136
13138
13140
13139
13149
13144
13152
13147
13144
13148
13138
13134
13138
13134
13139
13142
13136
13135
13136
13137
13135
13131
13137
13143
13096
12979
12906
12861
12834
12821
12817
12832
12831
12844
12850
12860
12881
12898
12911
12929
12941
12961
12972
12981
12991
12992
12994
13008
13016
13033
13041
13040
13049
13053
13051
13052
13056
13051
13063
13064
13080
13074
13093
13098
13100
13106
13109
13114
13122
13124
13120
13124
13118
13115
13128
13114
13121
13124
13121
13120
13124
13126
13127
13126
13126
13128
13132
13134
13134
13137
13128
13125
13129
13125
13126
13120
13118
13120
13127
13131
13134
13137
13143
13136
13133
13134
13143
13141
13146
13143
13131
13138
13134
13133
13135
13129
13132
13126
13129
13130
13132
13136
13138
13136
13143
13141
13138
13141
13138
13147
13137
13130
13133
13134
13132
13137
13133
13133
13134
13134
13142
13133
13134
13132
13132
13136
13140
13136
13136
13135
13135
13146
13141
13136
13131
13132
13137
13146
13145
13145
13150
13145
13142
13145
13146
13143
13140
13145
13147
13153
13153
13149
13154
13148
13140
13132
13139
13134
13136
13139
13134
13139
13142
13144
13144
13146
13142
13145
13137
13128
13136
13143
13137
13129
13133
13131
13135
13145
13141
13150
13141
13143
13140
13141
13136
13132
13130
13125
13122
13125
13120
13126
13132
13133
13127
13131
13128
13130
13128
13131
13132
13134
13132
13129
13126
13126
13125
13125
13131
13125
13121
13132
13129
13137
13139
13130
13128
13124
13125
13126
13124
13118
13112
13118
13127
13128
13131
13137
13138
13147
13145
13146
13146
13141
13142
13136
13133
13134
13130
13137
13143
13138
13137
13132
13133
13136
13138
13132
13136
13134
13137
13144
13136
13133
13140
13134
13138
13140
13140
13134
13132
13129
13123
13124
13132
13127
13125
13129
13123
13132
13123
13126
13131
13136
13140
13130
13135
13133
13130
13125
13135
13129
13135
13139
13129
13126
13130
13140
13138
13137
13133
13132
13124
13118
13120
13118
13129
13133
13138
13134
13135
13130
13136
13145
13145
13139
13140
13130
13136
13140
13136
13130
13136
13133
13137
13137
13140
13138
13139
13136
13137
13135
13141
13141
13138
13139
13140
13136
13141
13142
13138
13146
13139
13132
13139
13135
13138
13142
13142
13138
13136
13132
13133
13133
13141
13140
13140
13136
13139
13145
13139
13137
13136
13136
13132
13126
13128
13129
13129
