13129
13130
13130
13132
13134
13137
13144
13144
13142
13138
13133
13141
13141
13135
13127
13128
13125
13130
13134
13128
13125
13126
13137
13140
13135
13128
13137
13129
13125
13134
13132
13133
13138
13146
13140
13136
13138
13136
13129
13129
13123
13126
13128
13126
13129
13125
13127
13128
13118
13122
13119
13122
13129
13132
13129
13139
13136
13142
13132
13127
13127
13133
13132
13139
13131
13132
13142
13142
13139
13136
13135
13133
13131
13130
13130
13138
13136
13129
13134
13138
13136
13137
13134
13138
13137
13140
13139
13137
13134
13135
13141
13142
13137
13134
13142
13143
13138
13144
13135
13136
13138
13145
13146
13141
13138
13126
13140
13128
13124
13136
13138
13142
13150
13145
13138
13138
13132
13127
13129
13130
13125
13122
13123
13121
13127
13122
13125
13133
13131
13135
13137
13144
13141
13137
13141
13138
13131
13138
13137
13135
13134
13138
13135
13139
13145
13148
13155
13151
13150
13157
13151
13147
13142
13138
13133
13135
13136
13135
13135
13140
13140
13139
13135
13132
13138
13136
13133
13136
13141
13127
13132
13126
13128
13121
13121
13125
13110
13118
13127
13130
13133
13128
13137
13142
13133
13131
13129
13126
13130
13125
13120
13118
13119
13129
13130
13129
13119
13114
13114
13113
13107
13117
13131
13129
13139
13132
13129
13134
13136
13133
13133
13133
13132
13125
13120
13124
13116
13122
13130
13135
13137
13133
13123
13129
13123
13122
13133
13124
13129
13137
13127
13141
13144
13142
13141
13144
13144
13146
13141
13140
13142
13138
13133
13134
13140
13137
13138
13144
13148
13140
13132
13135
13136
13138
13130
13131
13133
13137
13137
13140
13144
13141
13139
13147
13140
13141
13148
13140
13143
13140
13134
13134
13130
13131
13125
13134
13134
13135
13138
13138
13140
13136
13144
13142
13148
13143
13137
13141
13144
13138
13131
13138
13137
13140
13148
13154
13148
13151
13153
13146
13137
13136
13134
13135
13129
13128
13140
13138
13137
13141
13134
13130
13136
13142
13131
13138
13135
13132
13137
13135
13132
13124
13126
13127
13134
13124
13130
13134
13139
13140
13137
13132
13133
13129
13130
13134
13120
13128
13126
13118
13124
13136
13134
13144
13139
13138
13141
13139
13136
13144
13140
13139
13134
13136
13129
13132
13126
13123
13124
13129
13133
13133
13133
13133
13141
13132
13139
13140
13136
13135
13125
13119
13122
13121
13122
13126
13118
13136
13143
13137
13138
13136
13146
13146
13140
13130
13136
13130
13134
13135
13133
13134
13135
13138
13141
13137
13143
13140
13144
13148
13151
13148
13144
13139
13142
13138
13136
13136
13138
13133
13126
13125
13130
13138
13143
13149
13151
13160
13162
13154
13143
13133
13130
13128
13127
13126
13128
13123
13128
13130
13127
13129
13133
13131
13129
13130
13133
13122
13126
13134
13129
13136
13137
13141
13137
13134
13137
13136
13142
13142
13135
13136
13131
13133
13136
13138
13130
13138
13139
13133
13125
13128
13127
13134
13131
13132
13132
13120
13124
13123
13115
13125
13131
13127
13127
13125
13120
13120
13125
13133
13129
13131
13129
13138
13137
13133
13134
13138
13136
13142
13141
13136
13138
13135
13126
13136
13126
13131
13126
13122
13120
13122
13121
13128
13113
12597
11302
10016
9042
8448
8178
8070
8123
8226
8423
8611
8862
9067
9322
9524
9757
9949
10159
10334
10525
10676
10836
10964
11011
11073
11168
11253
11351
11440
11538
11623
11719
11801
11887
11953
12028
12091
12165
12222
12285
12335
12395
12440
12497
12541
12574
12606
12646
12669
12698
12725
12751
12773
12794
12816
12839
12853
12870
12885
12907
12922
12938
12948
12962
12974
12974
12982
12994
13006
13012
13025
13029
13033
13040
13038
13049
13051
13063
13063
13062
13073
13071
13073
13078
13084
13086
13095
13098
13101
13097
13102
13104
13112
13118
13125
13123
13130
13122
13129
13131
13122
13118
13123
13133
13136
13136
13135
13131
13132
13128
13129
13122
13130
13130
13134
13137
13129
13126
13126
13125
13120
13129
13130
13134
13132
13128
13133
13134
13132
13126
13130
13138
13131
13133
13138
13139
13133
13134
13124
13122
13126
13129
13130
13134
13142
13138
13142
13143
13138
13134
13137
13127
13129
13124
13121
13125
13132
13124
13131
13136
13125
13132
13128
13124
13131
13129
13132
13142
13139
13143
13138
13136
13137
13113
12981
12906
12860
12828
12815
12814
12815
12815
12828
12841
12858
12865
12883
12898
12915
12931
12946
12958
12968
12978
12991
13006
13015
13015
13020
13023
13027
13040
13048
13055
13073
13068
13073
13070
13077
13079
13082
13085
13089
13091
13096
13091
13088
13092
13100
13109
13106
13109
13109
13114
13119
13113
13120
13121
13118
13124
13127
13126
13126
13126
13121
13119
13115
13118
13126
13124
13127
13132
13127
13119
13122
13128
13130
13138
13135
13129
13133
13129
13132
13125
13132
13128
13125
13128
13132
13138
13135
13140
13136
13136
13134
13136
13137
13137
13140
13134
13142
13141
13139
13143
13135
13135
13137
13129
13136
13128
13128
13133
13131
13136
13137
13132
13138
13134
13138
13141
13135
13136
13138
13135
13137
13136
13131
13123
13129
13141
13130
13121
13124
13124
13124
13119
13123
13119
13130
13131
13136
13129
13133
13132
13136
13138
13135
13128
13130
13129
13127
13137
13132
13138
13141
13146
13139
13143
13143
13135
13139
13143
13138
13140
13140
13135
13134
13134
13136
13140
13135
13123
13137
13139
13140
13133
13133
13131
13135
13139
13135
13131
13135
13136
13129
13129
13136
13132
13134
13117
13112
13108
13115
13117
13120
13124
13117
13121
13135
13138
13137
13144
13133
13137
13139
13138
13129
13130
13128
13136
13125
13125
13131
13125
13129
13126
13128
13127
13126
13123
13130
13126
13131
13138
13134
13135
13139
13136
13138
13131
13136
13139
13140
13133
13139
13135
13137
13129
13138
13133
13132
13136
13135
13148
13155
13152
13146
13141
13139
13139
13134
13129
13144
13145
13150
13144
13144
13149
13146
13146
13146
13147
13154
13147
13153
13149
13151
13147
13144
13135
13128
13134
13121
13117
13118
13124
13128
13132
13138
13135
13139
13139
13136
13133
13129
13123
13124
13121
13126
13131
13126
13128
13132
13122
13125
13121
13124
13125
13130
13125
13130
13116
13112
13118
13120
13124
13128
13127
13133
13134
13135
13133
13135
13121
13126
13125
13127
13127
13131
13138
13138
13133
13135
13131
13135
13125
13129
13128
13127
13126
13125
13131
13139
13139
13139
13136
13139
13138
13140
13140
13140
13137
13139
13143
13129
13132
13129
13125
13128
13130
13128
13134
13127
13134
13138
