13127
13132
13127
13129
13135
13135
13136
13138
13136
13130
13139
13136
13126
13137
13138
13143
13154
13149
13147
13141
13142
13139
13139
13141
13131
13129
13134
13132
13133
13131
13136
13126
13117
13112
13112
13119
13119
13124
13118
13124
13126
13127
13123
13118
13117
13122
13123
13129
13128
13126
13135
13120
13126
13135
13126
13126
13131
13122
13124
13124
13121
13122
13127
13130
13133
13139
13129
13132
13146
13139
13138
13135
13121
13127
13132
13136
13132
13131
13129
13136
13131
13132
13129
13125
13127
13129
13130
13134
13133
13134
13139
13133
13129
13134
13126
13136
13134
13139
13134
13136
13134
13138
13136
13149
13144
13138
13135
13130
13133
13130
13128
13135
13134
13140
13137
13137
13131
13128
13131
13132
13131
13138
13135
13135
13139
13138
13130
13142
13134
13135
13138
13130
13133
13137
13140
13145
13144
13145
13136
13139
13137
13139
13139
13143
13137
13139
13140
13134
13145
13132
13134
13139
13140
13138
13136
13132
13136
13135
13137
13131
13125
13134
13139
13143
13148
13150
13153
13159
13154
13152
13158
13147
13156
13147
13133
13133
13125
13123
13123
13127
13128
13129
13135
13139
13138
13138
13133
13129
13140
13128
13137
13136
13138
13138
13135
13128
13132
13134
13127
13124
13119
13122
13126
13129
13135
13136
13127
13134
13143
13139
13149
13137
13134
13137
13132
13127
13127
13124
13119
13122
13131
13128
13133
13133
13146
13151
13143
13138
13138
13135
13128
13138
13135
13131
13131
13138
13132
13134
13134
13123
13125
13131
13142
13132
13126
13132
13130
13137
13134
13136
13142
13133
13127
13139
13132
13132
13137
13142
13142
13143
13147
13148
13145
13149
13142
13137
13138
13132
13141
13136
13135
13137
13138
13136
13138
13135
13127
13126
13114
13114
13107
13114
13116
13119
13116
13125
13127
13133
13127
13126
13135
13130
13120
13124
13122
13124
13130
13137
13136
13133
13136
13130
13132
13138
13132
13137
13132
13136
13137
13137
13135
13140
13141
13138
13132
13129
13125
13126
13127
13136
13130
13134
13132
13133
13130
13130
13126
13133
13121
13113
13117
13116
13113
13115
13115
13121
13115
13118
13122
13124
13122
13122
13124
13124
13130
13133
13133
13134
13137
13139
13141
13144
13146
13144
13139
13144
13140
13129
13128
13125
13128
13134
13139
13140
13141
13145
13144
13145
13136
13130
13131
13125
13124
13125
13119
13126
13126
13127
13126
13122
13121
13126
13130
13135
13131
13136
13139
13134
13139
13136
13134
13134
13134
13135
13133
13134
13136
13124
13127
13129
13124
13129
13136
13137
13138
13141
13136
13137
13132
13130
13131
13118
13121
13125
13127
13132
13130
13134
13141
13137
13145
13140
13142
13141
13137
13136
13134
13132
13133
13129
13126
13126
13128
13127
13118
13125
13121
13117
13116
13122
13123
13129
13133
13126
13125
13127
13126
13131
13125
13131
13139
13133
13137
13138
13135
13140
13140
13146
13138
13141
13134
13138
13136
13142
13142
13143
13142
13139
13150
13144
13142
13138
13139
13138
13144
13140
13135
13132
13132
13128
13125
13130
13128
13134
13130
13137
13135
13136
13134
13129
13137
13137
13132
13139
13135
13140
13140
13135
13138
13132
13130
13131
13134
13128
13120
13124
13115
12824
12180
11554
11061
10772
10644
10588
10610
10665
10765
10863
10986
11091
11211
11322
11442
11536
11635
11723
11815
11900
11975
12044
12119
12182
12249
12303
12354
12406
12461
12501
12542
12577
12611
12636
12660
12686
12719
12741
12771
12787
12814
12829
12843
12857
12879
12896
12913
12928
12944
12955
12968
12987
12998
13012
13016
13017
13027
13033
13034
13053
13051
13053
13058
13062
13070
13076
13072
12979
12893
12847
12814
12796
12791
12791
12800
12814
12824
12836
12863
12880
12898
12905
12916
12933
12946
12955
12963
12974
12987
13002
13008
13020
13017
13017
13033
13041
13046
13051
13059
13070
13073
13078
13096
13091
13088
13098
13091
13097
13101
13091
13088
13086
13084
13092
13098
13102
13097
13098
13096
13101
13106
13108
13109
13116
13116
13121
13113
13120
13119
13123
13115
13123
13115
13112
13118
13107
13103
13109
13108
13116
13117
13119
13136
13128
13128
13131
13120
13121
13122
13117
13124
13117
13118
13124
13125
13128
13122
13126
13122
13117
13126
13122
13114
13116
13107
13114
13116
13118
13123
13121
13120
13134
13135
13130
13135
13146
13145
13142
13136
13140
13136
13131
13138
13136
13124
13133
13134
13133
13136
13138
13132
13128
13124
13123
13127
13133
13138
13142
13136
13138
13145
13139
13140
13141
13142
13144
13141
13140
13132
13132
13133
13140
13133
13137
13133
13129
13134
13137
13132
13139
13131
13135
13140
13132
13133
13136
13131
13129
13131
13126
13126
13130
13140
13132
13127
13132
13131
13139
13140
13136
13145
13140
13138
13139
13139
13136
13130
13125
13130
13129
13128
13132
13128
13129
13129
13129
13129
13130
13126
13131
13127
13126
13124
13119
13118
13131
13132
13131
13131
13131
13134
13133
13135
13132
13133
13129
13130
13135
13134
13138
13140
13132
13131
13129
13133
13136
13129
13123
13129
13134
13129
13129
13123
13124
13128
13133
13130
13126
13127
13135
13132
13134
13136
13132
13130
13135
13134
13130
13132
13126
13129
13132
13123
13121
13127
13130
13124
13130
13126
13123
13125
13123
13125
13125
13127
13124
13124
13128
13134
13134
13128
13140
13139
13145
13150
13137
13135
13127
13134
13134
13132
13123
13129
13125
13118
13127
13124
13123
13124
13129
13130
13132
13132
13132
13136
13137
13130
13129
13129
13135
13152
13141
13148
13142
13136
13147
13141
13142
13135
13132
13135
13138
13137
13144
13143
13138
13145
13139
13140
13135
13130
13126
13127
13124
13127
13130
13124
13127
13126
13127
13127
13125
13132
13130
13139
13140
13139
13131
13127
13124
13129
13129
13132
13132
13125
13129
13125
13130
13136
13138
13135
13129
13125
13126
13131
13134
13142
13133
13139
13146
13133
13133
13137
13134
13130
13133
13133
13134
13138
13136
13137
13135
13137
13133
13134
13138
13142
13142
13143
13141
13142
13137
13138
13145
13138
13137
13137
13138
13139
13134
13132
13136
13126
13129
13130
13136
13140
13138
13133
13137
13125
13124
13132
13133
13132
13140
13141
13135
13138
13137
13132
13130
13133
13134
13143
13138
13131
13129
13133
13137
13142
13135
13142
13138
13133
13137
13138
13138
13136
13138
13135
13147
13126
13126
13123
13123
13124
13117
13115
13124
13127
13121
13128
13121
13129
13137
13136
13137
13134
13133
13142
13141
13145
13146
13143
13147
13148
13143
13138
13133
13138
13129
