13132
13130
13126
13129
13135
13127
13130
13138
13133
13137
13142
13140
13142
13137
13129
13132
13130
13132
13133
13129
13139
13137
13139
13143
13144
13158
13151
13139
13151
13140
13142
13141
13141
13131
13131
13128
13134
13136
13133
13133
13140
13139
13135
13132
13142
13145
13150
13144
13149
13142
13140
13138
13142
13138
13137
13136
13134
13139
13136
13138
13140
13144
13142
13142
13132
13138
13138
13140
13137
13136
13134
13136
13130
13136
13142
13138
13135
13141
13140
13139
13145
13142
13139
13137
13138
13129
13135
13131
13105
12982
12910
12862
12843
12825
12821
12831
12834
12789
12768
12767
12777
12781
12766
12758
12758
12767
12786
12791
12806
12821
12837
12860
12875
12890
12917
12914
12934
12951
12961
12968
12985
13000
13004
13020
13025
13032
13040
13046
13052
13048
13056
13063
13072
13067
13069
13072
13069
13074
13076
13084
13092
13099
13100
13102
13093
13103
13110
13105
13113
13124
13120
13122
13124
13123
13124
13113
13110
13115
13113
13111
13109
13115
13115
13115
13111
13107
13118
13121
13119
13125
13126
13120
13132
13124
13125
13133
13141
13147
13142
13135
13148
13155
13147
13150
13146
13138
13139
13131
13129
13137
13132
13138
13142
13138
13146
13132
13123
13122
13119
13122
13118
13120
13123
13127
13136
13141
13140
13146
13143
13142
13136
13143
13147
13132
13134
13138
13129
13123
13118
13117
13107
13111
13112
13115
13110
13116
13124
13117
13116
13119
13119
13130
13118
13105
13113
13112
13117
13121
13125
13121
13127
13135
13137
13132
13138
13143
13146
13146
13146
13138
13129
13133
13136
13134
13136
13139
13137
13137
13129
13132
13138
13128
13126
13126
13120
13131
13137
13135
13136
13138
13138
13137
13136
13134
13145
13143
13137
13143
13140
13137
13136
13133
13133
13125
13120
13117
13123
13127
13126
13128
13123
13124
13129
13129
13132
13135
13139
13144
13136
13138
13138
13136
13135
13143
13132
13139
13137
13135
13138
13136
13133
13140
13131
13133
13137
13136
13140
13140
13131
13133
13141
13139
13143
13142
13143
13147
13144
13151
13151
13135
13130
13120
13126
13118
13115
13121
13120
13127
13131
13127
13129
13132
13130
13137
13133
13144
13153
13143
13149
13151
13152
13146
13134
13137
13138
13139
13142
13140
13140
13139
13143
13144
13145
13146
13149
13142
13143
13148
13148
13142
13144
13145
13154
13142
13135
13140
13137
13134
13126
13127
13131
13136
13132
13137
13136
13145
13143
13135
13135
13138
13134
13146
13145
13143
13144
13144
13146
13145
13142
13138
13134
13138
13139
13139
13140
13138
13146
13141
13137
13141
13141
13135
13134
13127
13132
13132
13117
13117
13118
13116
13125
13126
13127
13136
13132
13138
13146
13142
13147
13140
13136
13140
13142
13136
13137
13131
13129
13132
13137
13138
13137
13134
13125
13121
13129
13121
13122
13121
13120
13125
13126
13126
13141
13133
13136
13138
13140
13129
13131
13133
13135
13139
13140
13147
13147
13150
13150
13145
13141
13142
13140
13145
13143
13131
13137
13132
13133
13147
13141
13138
13140
13142
13133
13136
13138
13134
13145
13143
13142
13133
13135
13132
13137
13141
13139
13144
13145
13135
13128
13133
13136
13130
13127
13125
13119
13124
13126
13091
12947
12566
12238
11949
11745
11623
11592
11580
11592
11622
11667
11723
11796
11870
11949
12014
12083
12142
12211
12267
12324
12376
12431
12469
12526
12559
12589
12627
12659
12684
12716
12744
12771
12793
12817
12834
12848
12869
12878
12894
12914
12931
12936
12951
12956
12961
12976
12976
12984
12994
13010
13026
13039
13047
13051
13052
13056
13068
13076
13067
13072
13074
13070
13072
13081
13082
13089
13096
13092
13095
13099
13099
13101
13104
13106
13118
13122
13130
13137
13132
13141
13136
13134
13138
13135
13129
13133
13128
13122
13125
13121
13124
13134
13127
13135
13137
13141
13137
13138
13138
13139
13136
13130
13131
13131
13126
13119
13116
13123
13122
13122
13121
13123
13115
13110
13115
13110
13111
13120
13121
13130
13128
13128
13133
13127
13122
13131
13122
13123
13121
13121
13123
13119
13123
13130
13133
13131
13129
13134
13137
13141
13142
13137
13137
13144
13137
13135
13135
13130
13134
13125
13125
13119
13119
13116
13125
13122
13122
13125
13123
13129
13130
13129
13127
13123
13119
13127
13124
13123
13131
13133
13137
13139
13133
13133
13127
13133
13120
13123
13126
13120
13123
13122
13129
13128
13121
13126
13125
13129
13132
13140
13140
13147
13147
13149
13149
13138
13140
13141
13134
13131
13131
13133
13139
13140
13131
13138
13130
13126
13132
13127
13133
13146
13145
13146
13137
13139
13133
13137
13138
13142
13138
13129
13134
13137
13134
13134
13136
13134
13138
13144
13137
13140
13135
13141
13142
13134
13136
13134
13133
13134
13139
13142
13150
13149
13147
13156
13157
13158
13154
13144
13141
13141
13138
13130
13127
13126
13128
13133
13137
13138
13132
13133
13128
13136
13138
13135
13142
13143
13148
13149
13148
13150
13147
13150
13151
13142
13145
13148
13142
13142
13141
13132
13139
13142
13141
13147
13139
13135
13136
13133
13131
13140
13138
13136
13135
13134
13127
13129
13128
13134
13139
13144
13140
13142
13135
13128
13140
13148
13153
13156
13154
13151
13143
13142
13145
13135
13143
13142
13136
13135
13135
13130
13139
13134
13138
13146
13133
13126
13126
13118
13122
13130
13134
13140
13144
13144
13140
13139
13132
13128
13128
13128
13125
13136
13134
13131
13136
13135
13135
13139
13136
13140
13135
13127
13133
13123
13129
13136
13135
13135
13138
13132
13138
13137
13132
13127
13132
13140
13146
13143
13138
13142
13136
13135
13134
13139
13133
13134
13136
13129
13131
13125
13127
13130
13126
13134
13137
13138
13136
13133
13134
13137
13139
13140
13138
13139
13149
13150
13150
13151
13155
13144
13144
13133
13128
13133
13132
13132
13134
13133
13133
13133
13137
13129
13131
13132
13124
13131
13132
13120
13123
13129
13125
13128
13128
13129
13125
13125
13129
13129
13127
13137
13135
13137
13141
13144
13147
13145
13145
13148
13146
13146
13149
13141
13132
13139
13129
13128
13128
13127
13132
13130
13133
13128
13135
13135
13128
13131
13134
13131
13133
13129
13121
13129
13124
13122
13118
13118
13120
13119
13127
13132
13136
13134
13133
13129
13131
13137
13138
13146
13144
13140
13144
13140
13137
13137
13129
13126
13122
13126
13132
13134
13142
13144
13147
13147
13139
13148
13148
13147
13144
13143
13137
13140
13135
13133
13133
13126
13129
13132
13126
13136
13135
13132
13142
13137
13140
13142
13139
13139
13139
