13132
13128
13134
13134
13132
13130
13129
13124
13126
13132
13134
13132
13135
13133
13127
13129
13133
13133
13136
13135
13140
13138
13142
13147
13141
13138
13144
13136
13139
13134
13136
13140
13136
13128
13134
13129
13136
13132
13123
13132
13130
13138
13135
13138
13144
13137
13138
13141
13144
13140
13139
13139
13143
13130
13129
13123
13116
13120
13121
13121
13123
13127
13121
13132
13128
13134
13138
13137
13141
13142
13142
13139
13130
13127
13137
13128
13130
13126
13125
13124
13122
13122
13123
13122
13123
13123
13133
13129
13131
13135
13135
13138
13137
13129
13123
13130
13126
13129
13125
13129
13130
13132
13134
13133
13126
13137
13140
13139
13139
13142
13136
13141
13137
13136
13137
13127
13128
13128
13127
13130
13138
13132
13135
13134
13140
13127
13132
13130
13131
13128
13119
13119
13126
13132
13131
13131
13134
13135
13138
13134
13137
13139
13140
13143
13139
13142
13146
13140
13134
13138
13131
13138
13130
13132
13135
13132
13130
13131
13129
13129
13125
13120
13121
13120
13117
13117
13127
13136
13140
13138
13134
13138
13151
13145
13148
13143
13144
13146
13147
13142
13139
13138
13133
13133
13130
13134
13141
13136
13139
13141
13131
13140
13133
13139
13139
13134
13139
13144
13139
13140
13144
13146
13140
13143
13138
13131
13128
13137
13133
13139
13130
13132
13131
13132
13134
13143
13141
13138
13135
13134
13138
13141
13140
13144
13130
13136
13133
13127
13127
13129
13134
13143
13137
13135
13131
13131
13129
13130
13128
13127
13130
13132
13127
13132
13139
13134
13140
13135
13124
13129
13119
13118
13133
13125
13124
13131
13121
13118
13123
13130
13134
13135
13137
13135
13134
13132
13137
13130
13128
13132
13136
13137
13138
13140
13146
13147
13142
13147
13140
13142
13150
13144
13148
13138
13141
13141
13142
13146
13151
13147
13135
13141
13138
13133
13137
13139
13141
13132
13122
13125
13133
13132
13140
13142
13136
13132
13135
13127
13132
13130
13135
13138
13127
13126
13136
13138
13143
13141
13137
13141
13143
13144
13137
13133
13133
13133
13131
13130
13128
13130
13130
13132
13137
13133
13128
13129
13126
13132
13134
13131
13134
13133
13131
13132
13139
13141
13142
13138
13139
13139
13130
13130
13124
13119
13127
13123
13122
13122
13116
13126
13127
13131
13130
13130
13136
13135
13139
13137
13131
13139
13142
13139
13138
13131
13126
13128
13130
13126
13131
13132
13139
13135
13136
13138
13135
13134
13137
13131
13139
13142
13145
13137
13139
13137
13144
13135
13140
13138
13134
13141
13138
13134
13132
13129
13130
13126
13123
13127
13129
13122
13131
13129
13132
13124
13122
13125
13128
13133
13136
13138
13141
13134
13134
13134
13131
13133
13140
13141
13151
13154
13154
13159
13154
13151
13157
13145
13138
13140
13137
13135
13134
13138
13142
13135
13139
13138
13138
13135
13140
13133
13137
13132
13134
13138
13141
13144
13154
13151
13156
13147
13156
13159
13152
13149
13138
13137
13131
13131
13134
13129
13134
13138
13135
13137
13144
13141
13140
13142
13130
13128
13132
13134
13135
13138
13133
13138
13141
13144
13147
13145
13145
13142
13145
13130
13121
13119
13118
13127
13132
13128
13126
13136
13140
13136
12986
12494
11617
10944
10573
10363
10299
10289
10363
10435
10513
10588
10697
10803
10935
11045
11174
11289
11416
11511
11618
11705
11806
11890
11960
11917
11889
11889
11925
11948
12005
12058
12112
12170
12233
12284
12342
12397
12438
12475
12509
12545
12582
12608
12649
12675
12705
12733
12753
12769
12801
12819
12843
12860
12872
12895
12910
12930
12941
12953
12968
12980
12993
13002
13002
13011
13020
13014
13023
13026
13030
13048
13059
13074
13077
13078
13086
13087
13089
13090
13083
13090
13100
13104
13107
13104
13104
13115
13111
13111
13112
13103
13102
13117
13119
13122
13123
13128
13126
13126
13130
13120
13122
13123
13121
13125
13120
13120
13123
13126
13132
13131
13140
13131
13133
13132
13136
13138
13138
13140
13139
13132
13139
13138
13138
13140
13140
13151
13148
13140
13141
13133
13129
13137
13132
13125
13120
13124
13119
13121
13122
13127
13130
13132
13128
13137
13140
13135
13139
13131
13126
13123
13126
13138
13132
13125
13124
13124
13131
13128
13128
13131
13133
13124
13125
13125
13137
13141
13137
13134
13129
13129
13123
13137
13125
13136
13137
13134
13143
13139
13135
13132
13140
13137
13133
13129
13130
13134
13135
13132
13130
13132
13132
13135
13134
13130
13134
13141
13142
13147
13132
13136
13143
13133
13126
13122
13117
13131
13132
13132
13137
13132
13131
13138
13133
13132
13135
13135
13143
13143
13139
13139
13144
13141
13136
13134
13137
13127
13137
13134
13126
13131
13132
13137
13137
13142
13141
13143
13144
13142
13134
13129
13128
13127
13124
13124
13119
13130
13125
13124
13128
13128
13123
13117
13120
13131
13134
13135
13134
13140
13141
13138
13141
13140
13131
13136
13134
13136
13139
13131
13130
13136
13139
13140
13138
13144
13147
13145
13140
13139
13131
13140
13138
13131
13129
13132
13131
13132
13132
13133
13134
13135
13136
13139
13136
13137
13134
13141
13148
13143
13139
13142
13135
13146
13142
13140
13141
13146
13147
13141
13141
13141
13138
13138
13134
13140
13142
13138
13134
13137
13139
13147
13145
13137
13139
13135
13138
13144
13130
13126
13130
13124
13126
13138
13133
13135
13142
13143
13142
13140
13131
13132
13129
13131
13133
13135
13141
13140
13143
13135
13133
13138
13133
13137
13133
13136
13131
13126
13126
13130
13122
13128
13127
13123
13123
13129
13131
13141
13132
13127
13136
13134
13127
13137
13135
13127
13135
13131
13140
13138
13135
13134
13137
13138
13139
13134
13130
13124
13134
13135
13133
13136
13139
13141
13142
13143
13142
13140
13136
13144
13146
13144
13152
13151
13153
13142
13145
13139
13127
13126
13129
13135
13145
13145
13143
13146
13145
13147
13142
13146
13142
13148
13147
13150
13141
13141
13135
13134
13139
13132
13128
13138
13142
13140
13132
13132
13133
13128
13123
13135
13126
13130
13135
13131
13132
13132
13130
13135
13130
13128
13138
13141
13137
13138
13124
13131
13130
13136
13135
13129
13134
13125
13122
13131
13131
13131
13125
13127
13137
13127
13125
13129
13128
13133
13119
13134
13131
13136
13130
13138
13125
13130
13137
13141
13142
13145
13146
13146
13135
13134
13141
13132
13134
13137
13131
13132
13133
13132
13139
13149
13141
13138
13140
13138
13137
13139
13133
13133
13137
13134
13131
13133
13125
13125
13126
13123
13124
13127
13126
13129
13128
13132
13132
13133
13142
13138
