13140
13137
13132
13136
13136
13135
13136
13142
13137
13143
13136
13141
13138
13138
13142
13143
13147
13140
13133
13133
13130
13132
13132
13126
13125
13132
13135
13132
13130
13134
13132
13138
13129
13131
13131
13124
13132
13139
13136
13134
13135
13138
13136
13129
13126
13133
13132
13127
13131
13132
13129
13132
13140
13138
13141
13150
13142
13144
13145
13142
13136
13139
13128
13137
13135
13133
13138
13131
13135
13138
13142
13142
13137
13135
13142
13140
13131
13136
13132
13129
13130
13134
13130
13132
13133
13137
13143
13147
13145
13140
13144
13145
13150
13141
13139
13134
13135
13137
13134
13132
13129
13130
13135
13137
13136
13139
13139
13136
13140
13139
13139
13140
13133
13137
13136
13133
13135
13142
13141
13143
13145
13146
13149
13146
13144
13133
13133
13133
13128
13134
13125
13129
13135
13137
13134
13138
13138
13142
13140
13137
13130
13135
13137
13142
13140
13145
13150
13141
13145
13140
13140
13134
13128
13129
13141
13137
13135
13138
13133
13138
13137
13138
13134
13141
13141
13140
13143
13142
13151
13147
13152
13148
13156
13145
13140
13141
13133
13134
13133
13137
13137
13144
13140
13143
13134
13134
13139
13139
13143
13134
13135
13134
13134
13131
13141
13136
13132
13137
13139
13141
13145
13140
13152
13147
13147
13140
13135
13140
13142
13133
13132
13129
13134
13128
13126
13124
13128
13137
13137
13145
13151
13147
13152
13150
13136
13135
13141
13134
13130
13125
13128
13134
13137
13139
13145
13140
13145
13143
13145
13141
13139
13133
13134
13132
13131
13136
13134
13130
13126
13122
13127
13125
13125
13123
13121
13121
13126
13132
13132
13134
13131
13128
13134
13135
13137
13140
13143
13136
13139
13140
13143
13143
13146
13148
13146
13141
13142
13141
13142
13133
13135
13133
13134
13136
13134
13136
13132
13139
13134
13138
13140
13138
13142
13137
13134
13140
13123
13122
13126
13126
13136
13139
13139
13139
13134
13143
13149
13150
13147
13146
13140
13141
13137
13130
13133
13124
13134
13138
13130
13138
13139
13139
13141
13140
13143
13145
13142
13142
13142
13138
13134
13134
13142
13135
13137
13131
13133
13136
13130
13131
13131
13139
13138
13140
13134
13133
13130
13128
13128
13133
13129
13131
13129
13127
13138
13126
13125
13133
13130
13130
13136
13135
13134
13132
13133
13132
13135
13142
13138
13138
13140
13139
13139
13135
13133
13138
13142
13136
13133
13130
13132
13136
13136
13138
13128
13132
13140
13134
13136
13131
13132
13138
13128
13127
13138
13136
13133
13144
13136
13140
13140
13139
13139
13141
13140
13139
13136
13130
13133
13132
13140
13132
13134
13129
13128
13136
13139
13135
13128
13123
13128
13132
13132
13137
13128
13135
13140
13142
13134
13134
13130
13135
13131
13130
13134
13124
13120
13123
13115
13118
13126
13132
13133
13135
13133
13127
13127
13127
13130
13130
13127
13124
13130
13125
13121
13132
13131
13134
13126
13136
13134
13141
13142
13136
13131
13134
13133
13122
13115
13122
13127
13131
13127
13130
13137
13138
13145
13149
13140
13142
13134
13128
13130
13127
13124
13117
13123
13125
13132
13136
13136
13137
13140
13133
13133
13140
13140
13155
13146
13142
13146
13147
13148
13148
13142
13146
13149
13145
13050
12684
12197
11875
11687
11584
11562
11559
11609
11656
11726
11790
11870
11933
12012
12072
12143
12201
12261
12310
12362
12413
12464
12502
12553
12577
12613
12650
12678
12699
12721
12742
12771
12791
12809
12830
12857
12882
12903
12914
12929
12945
12961
12976
12992
12990
13005
13007
13010
13024
13029
13037
13047
13056
13061
13059
13062
13064
13071
13079
13079
13078
13077
13080
13099
13099
13096
13100
13101
13106
13095
13094
13099
13103
13108
13115
13113
13115
13110
13113
13115
13123
13130
13138
13136
13131
13136
13129
13126
13124
13113
13121
13127
13131
13139
13134
13140
13135
13141
13141
13135
13134
13129
13134
13135
13127
13120
13123
13115
13117
13115
13118
13118
13125
13124
13131
13129
13133
13127
13125
13128
13132
13132
13131
13133
13136
13145
13140
13133
13137
13132
13128
13132
13131
13124
13125
13118
13119
13122
13127
13119
13129
13129
13127
13135
13128
13125
13124
13119
13132
13130
13134
13131
13127
13127
13129
13132
13134
13131
13127
13133
13130
13136
13140
13130
13131
13141
13138
13139
13139
13136
13131
13137
13136
13137
13139
13136
13133
13127
13129
13127
13125
13117
13124
13135
13137
13140
13143
13143
13146
13137
13135
13134
13133
13136
13147
13138
13142
13143
13142
13144
13138
13135
13138
13128
13131
13139
13137
13136
13135
13128
13127
13130
13132
13136
13128
13134
13135
13139
13142
13139
13142
13145
13145
13149
13146
13147
13147
13145
13148
13149
13144
13143
13141
13139
13138
13129
13134
13127
13134
13135
13141
13140
13147
13147
13154
13157
13148
13138
13133
13126
13126
13125
13131
13125
13126
13125
13120
13121
13132
13121
13122
13132
13138
13137
13136
13125
13134
13134
13139
13141
13137
13135
13140
13137
13135
13127
13133
13127
13135
13147
13141
13137
13149
13145
13148
13148
13147
13142
13144
13147
13143
13136
13141
13137
13139
13138
13138
13133
13132
13134
13144
13145
13138
13139
13136
13135
13134
13134
13133
13134
13139
13127
13124
13126
13129
13123
13129
13125
13125
13128
13133
13137
13143
13140
13137
13131
13130
13133
13138
13140
13140
13140
13136
13130
13129
13128
13120
13121
13122
13126
13128
13123
13125
13139
13132
13133
13139
13133
13149
13145
13148
13142
13144
13138
13138
13124
13129
13126
13129
13126
13123
13126
13133
13129
13129
13128
13119
13124
13134
13133
13132
13139
13135
13132
13134
13126
13125
13125
13132
13129
13134
13138
13133
13147
13140
13140
13146
13142
13138
13138
13132
13130
13130
13132
13131
13123
13134
13131
13130
13133
13133
13130
13140
13134
13127
13131
13130
13130
13131
13136
13139
13137
13134
13136
13130
13125
13121
13120
13127
13128
13125
13122
13128
13133
13133
13132
13134
13128
13138
13138
13135
13134
13136
13127
13138
13139
13141
13141
13140
13147
13146
13142
13138
13139
13130
13136
13133
13127
13138
13145
13138
13142
13135
13132
13129
13130
13121
13126
13123
13128
13129
13128
13125
13129
13133
13130
13141
13138
13134
13134
13133
13135
13140
13140
13137
13126
13138
13140
13139
13143
13146
13145
13148
13142
13132
13138
13129
13134
13135
13130
13134
13133
13138
13139
13136
13134
13138
13133
13126
13127
13126
13126
13121
13122
13114
13118
13125
13126
13136
13133
13130
13126
13135
13132
13126
13118
13121
13122
13124
13115
13123
