13126
13128
13122
13119
13123
13119
13113
13117
13118
13123
13125
13124
13132
13132
13133
13141
13132
13129
13134
13134
13135
13142
13137
13139
13137
13134
13131
13133
13135
13138
13137
13135
13134
13136
13140
13135
13142
13132
13131
13131
13130
13133
13136
13132
13126
13132
13137
13136
13134
13132
13128
13127
13124
13126
13126
13128
13121
13113
13126
13125
13115
13132
13118
13123
13127
13133
13131
13129
13129
13128
13130
13141
13143
13138
13144
13145
13146
13132
13129
13130
13125
13125
13123
13126
13125
13116
13122
13132
13125
13126
13132
13133
13131
13125
13121
13133
13130
13129
13138
13132
13127
13130
13126
13130
13129
13129
13133
13133
13137
13134
13140
13137
13129
13131
13130
13126
13132
13127
13127
13137
13142
13148
13147
13143
13150
13146
13150
13148
13139
13139
13137
13129
13133
13135
13131
13134
13130
13122
13129
13126
13131
13133
13131
13123
13125
13115
13116
13124
13125
13122
13124
13127
13131
13135
13135
13129
13133
13136
13143
13146
13150
13146
13149
13142
13145
13138
13134
13136
13131
13133
13141
13134
13137
13136
13134
13136
13137
13126
13138
13132
13132
13139
13134
13135
13138
13130
13141
13137
13132
13121
13124
13124
13135
13127
13126
13124
13133
13129
13132
13132
13136
13139
13150
13149
13149
13150
13150
13145
13138
13136
13139
13132
13133
13130
13129
13137
13139
13129
13136
13125
13131
13134
13140
13132
13142
13143
13139
13137
13144
13137
13136
13136
13134
13130
13129
13134
13135
13135
13131
13125
13127
13132
13134
13130
13131
13127
13127
13129
13125
13123
13133
13132
13132
13129
13127
13129
13135
13127
13127
13120
13125
13129
13129
13136
13143
13141
13146
13145
13148
13132
13140
13146
13144
13141
13141
13143
13147
13140
13137
13135
13126
13129
13130
13124
13135
13130
13130
13134
13132
13131
13136
13134
13138
13135
13129
13138
13139
13136
13137
13135
13122
13128
13125
13126
13131
13138
13134
13136
13142
13139
13141
13146
13146
13140
13136
13138
13144
13135
13125
13133
13135
13129
13127
13121
13129
13137
13127
13132
13124
13132
13135
13137
13138
13139
13130
13136
13132
13128
13127
13121
13118
13129
13128
13132
13130
13134
13133
13135
13131
13134
13133
13138
13140
13140
13139
13140
13148
13141
13136
13134
13135
13133
13131
13129
13134
13132
13133
13139
13134
13142
13145
13138
13147
13154
13153
13158
13160
13152
13155
13147
13143
13147
13148
13143
13140
13138
13137
13138
13142
13140
13145
13142
13136
13138
13131
13132
13135
13138
13142
13139
13132
13127
13126
13130
13127
13126
13129
13129
13129
13127
13134
13132
13125
13125
13127
13135
13141
13138
13141
13136
13131
13140
13134
13138
13137
13136
13136
13140
13137
13132
13139
13138
13134
13139
13137
13138
13132
13133
13130
13130
13134
13134
13133
13133
13127
13135
13131
13128
13125
13127
13131
13129
13132
13132
13136
13141
13135
13138
13144
13145
13147
13146
13144
13145
13147
13146
13147
13148
13137
13133
13131
13133
13129
13124
13123
13124
13129
13121
13125
13127
13127
13135
13136
13136
13131
13126
13121
13130
13127
13130
13132
13137
13145
13135
13135
13137
13130
13125
13128
13132
13129
12980
12134
11188
10570
10083
9835
9714
9726
9776
9901
10014
10137
10228
10371
10491
10643
10767
10918
11040
11176
11287
11405
11503
11611
11702
11806
11891
11977
12046
12123
12179
12242
12293
12347
12401
12441
12479
12525
12554
12594
12635
12663
12689
12720
12745
12775
12794
12809
12827
12850
12870
12886
12908
12922
12932
12950
12958
12966
12972
12973
12987
12998
13005
13013
13019
13035
13049
13049
13057
13056
13056
13072
13075
13077
13082
13074
13077
13087
13090
13095
13097
13103
13100
13105
13103
13106
13109
13109
13107
13113
13106
13107
13103
13102
13105
13102
13102
13101
13102
13111
13121
13129
13130
13126
13128
13136
13144
13141
13139
13146
13148
13148
13138
13136
13138
13138
13141
13150
13136
13130
13131
13121
13117
13123
13125
13124
13122
13125
13120
13122
13126
13128
13129
13132
13127
13134
13132
13134
13133
13132
13127
13125
13125
13124
13130
13129
13135
13134
13134
13133
13122
13130
13140
13134
13135
13135
13138
13143
13142
13143
13147
13155
13149
13148
13140
13138
13137
13131
13120
13123
13131
13125
13121
13118
13124
13135
13127
13129
13118
13116
13121
13117
13124
13129
13125
13126
13130
13129
13127
13125
13126
13138
13134
13126
13134
13132
13128
13144
13134
13134
13136
13140
13135
13134
13134
13131
13132
13132
13127
13136
13136
13140
13137
13142
13140
13138
13139
13133
13140
13138
13139
13143
13137
13136
13136
13138
13138
13134
13127
13129
13127
13129
13114
13108
13114
13115
13117
13117
13123
13121
13127
13135
13141
13143
13138
13140
13144
13142
13142
13142
13140
13136
13140
13136
13133
13133
13129
13128
13125
13120
13122
13124
13122
13123
13123
13125
13128
13122
13124
13127
13135
13134
13139
13140
13142
13143
13144
13148
13146
13147
13144
13142
13137
13132
13137
13136
13138
13141
13142
13141
13146
13138
13136
13130
13131
13136
13136
13137
13140
13137
13135
13128
13122
13116
13121
13116
13119
13114
13117
13121
13111
13106
13115
13117
13125
13119
13128
13137
13137
13140
13136
13138
13134
13139
13137
13131
13133
13131
13134
13131
13133
13128
13127
13127
13127
13138
13139
13140
13142
13144
13146
13138
13136
13133
13137
13135
13142
13133
13142
13134
13129
13132
13133
13136
13137
13137
13134
13142
13140
13135
13140
13137
13138
13141
13141
13141
13136
13138
13135
13137
13138
13140
13146
13146
13152
13145
13135
13128
13129
13131
13130
13122
13124
13135
13140
13139
13143
13137
13143
13147
13143
13145
13141
13138
13142
13137
13134
13142
13143
13140
13145
13147
13148
13148
13148
13136
13138
13146
13142
13137
13135
13124
13130
13120
13126
13130
13127
13128
13136
13132
13136
13129
13133
13136
13135
13129
13138
13131
13139
13137
13135
13137
13134
13134
13134
13137
13133
13139
13132
13128
13127
13126
13129
13130
13136
13132
13135
13133
13129
13125
13134
13141
13138
13137
13137
13140
13138
13127
13134
13127
13131
13129
13126
13133
13132
13135
13137
13135
13136
13135
13134
13128
13135
13133
13134
13131
13131
13132
13124
13119
13129
13132
13130
13128
13136
13135
13142
13144
13132
13134
13136
13132
13136
13131
13129
13128
13129
13139
13149
13143
13144
13148
13147
13147
13146
13139
13144
13141
13151
13147
13141
13138
13138
13137
13147
13146
13141
13142
13138
13139
13142
13140
13138
13137
13141
13134
13140
13137
13135
