13131
13131
13142
13138
13145
13142
13139
13129
13134
13138
13133
13135
13131
13132
13135
13134
13141
13139
13141
13132
13135
13125
13122
13127
13126
13135
13135
13135
13134
13137
13136
13137
13134
13127
13122
13124
13125
13122
13128
13131
13134
13136
13141
13137
13138
13137
13141
13138
13141
13140
13136
13137
13137
13136
13133
13139
13133
13135
13132
13131
13133
13130
13127
13137
13135
13138
13135
13142
13146
13148
13150
13154
13154
13153
13148
13144
13150
13140
13136
13141
13138
13134
13137
13139
13140
13141
13131
13132
13134
13134
13131
13130
13131
13132
13134
13134
13128
13131
13134
13132
13132
13125
13127
13138
13136
13139
13139
13140
13142
13140
13140
13141
13143
13147
13143
13134
13131
13127
13129
13132
13131
13131
13140
13135
13130
13133
13131
13134
13143
13141
13146
13145
13146
13148
13149
13148
13145
13138
13139
13137
13138
13137
13130
13130
13124
13131
13125
13131
13134
13140
13139
13141
13141
13145
13144
13139
13139
13139
13137
13146
13134
13139
13142
13136
13130
13125
13124
13124
13129
13127
13123
13129
13126
13125
13123
13136
13134
13138
13137
13137
13138
13131
13131
13137
13134
13139
13144
13142
13142
13140
13136
13140
13130
13141
13143
13144
13147
13148
13145
13148
13142
13134
13135
13135
13135
13135
13126
13127
13134
13133
13134
13136
13143
13142
13148
13149
13142
13145
13139
13132
13140
13137
13136
13139
13135
13134
13139
13142
13142
13147
13148
13144
13140
13139
13138
13134
13135
13134
13128
13136
13133
13134
13138
13136
13137
13139
13137
13140
13144
13138
13138
13141
13141
13147
13146
13145
13141
13137
13132
13133
13129
13127
13132
13134
13138
13136
13133
13128
13128
13133
13130
13130
13127
13127
13125
13130
13138
13141
13144
13150
13149
13140
13140
13133
13135
13140
13143
13147
13147
13143
13136
13136
13135
13127
13133
13133
13131
13130
13129
13132
13135
13132
13132
13136
13136
13133
13132
13132
13126
13125
13134
13128
13125
13126
13128
13126
13137
13136
13137
13139
13138
13139
13152
13144
13142
13141
13135
13129
13137
13139
13134
13131
13133
13128
13135
13136
13133
13135
13135
13138
13142
13134
13134
13138
13145
13138
13146
13144
13140
13143
13148
13152
13140
13140
13147
13150
13145
13139
13134
13136
13139
13132
13141
13135
13139
13145
13142
13138
13142
13138
13137
13135
13137
13138
13138
13138
13140
13132
13144
13139
13148
13139
13142
13145
13146
13148
13140
13139
13137
13141
13133
13138
13134
13138
13140
13139
13141
13133
13140
13137
13136
13134
13136
13137
13140
13141
13151
13151
13152
13142
13140
13134
13132
13133
13131
13134
13134
13129
13128
13138
13142
13133
13129
13135
13132
13131
13128
13129
13129
13128
13128
13127
13125
13125
13122
13126
13128
13127
13133
13140
13137
13127
13131
13123
13122
13137
13137
13132
13134
13131
13131
13124
13130
13137
13129
13134
13128
13125
13124
13124
13129
13120
13118
13131
13128
13129
13126
13126
13132
13133
13132
13130
13126
13123
13125
13124
13135
13134
13138
13146
13144
13138
13141
13135
13129
13134
13136
13137
13143
13135
13137
13136
13135
13127
13128
13135
13128
13131
13127
13121
13130
13127
13132
13133
13132
13131
13132
12967
12082
11241
10641
10001
9580
9373
9325
9340
9440
9558
9731
9890
10074
10231
10419
10563
10732
10874
11018
11140
11282
11392
11513
11612
11715
11795
11890
11960
12032
12092
12165
12219
12280
12322
12377
12428
12481
12520
12555
12593
12634
12658
12682
12712
12735
12762
12786
12807
12830
12848
12865
12889
12904
12915
12933
12941
12954
12975
12974
12985
12991
12995
13012
13015
13018
13024
13029
13034
13047
13048
13047
13050
13057
13059
13070
13078
13084
13089
13084
13090
13094
13100
13100
13102
13094
13098
13101
13102
13109
13110
13111
13115
13115
13113
13121
13115
13114
13115
13119
13117
13126
13125
13134
13131
13128
13116
13121
13130
13127
13123
13129
13121
13133
13127
13126
13123
13123
13122
13118
13113
13123
13129
13131
13139
13141
13138
13143
13141
13141
13142
13137
13136
13131
13125
13138
13138
13141
13145
13140
13138
13141
13138
13131
13132
13133
13137
13135
13140
13144
13146
13147
13139
13142
13134
13130
13130
13133
13137
13134
13132
13140
13142
13141
13139
13140
13144
13144
13141
13139
13139
13137
13141
13128
13125
13127
13120
13119
13122
13122
13129
13137
13135
13126
13123
13128
13125
13136
13132
13133
13139
13137
13140
13143
13141
13143
13145
13149
13149
13148
13148
13144
13137
13127
13124
13121
13130
13134
13131
13137
13135
13134
13138
13140
13132
13147
13139
13144
13150
13146
13142
13142
13138
13140
13134
13133
13131
13134
13132
13134
13142
13149
13151
13154
13149
13146
13143
13138
13139
13147
13147
13142
13135
13139
13142
13134
13136
13132
13132
13134
13141
13137
13136
13129
13127
13128
13125
13132
13134
13128
13134
13141
13141
13139
13138
13140
13143
13146
13143
13141
13129
13128
13133
13137
13125
13124
13124
13126
13124
13128
13122
13119
13119
13131
13136
13130
13134
13137
13140
13146
13148
13144
13147
13128
13124
13135
13130
13136
13142
13136
13142
13143
13138
13137
13134
13140
13134
13137
13143
13140
13135
13136
13132
13146
13135
13135
13135
13134
13137
13133
13132
13129
13127
13129
13138
13134
13131
13139
13138
13145
13136
13135
13135
13140
13136
13140
13137
13133
13137
13134
13142
13147
13148
13139
13139
13143
13139
13142
13153
13154
13147
13144
13139
13152
13143
13142
13134
13138
13143
13146
13146
13142
13141
13137
13152
13137
13134
13133
13130
13120
13122
13120
13124
13129
13131
13143
13138
13147
13142
13135
13136
13134
13139
13142
13139
13139
13139
13146
13149
13145
13144
13146
13136
13145
13139
13136
13133
13126
13121
13122
13128
13127
13131
13134
13138
13131
13133
13139
13137
13146
13148
13154
13158
13146
13142
13143
13131
13132
13128
13135
13134
13134
13133
13140
13137
13138
13137
13135
13132
13129
13124
13126
13123
13129
13128
13126
13136
13138
13138
13129
13140
13135
13136
13140
13139
13127
13127
13127
13126
13131
13139
13132
13134
13124
13123
13130
13131
13141
13152
13150
13147
13142
13137
13136
13135
13132
13130
13126
13131
13138
13136
13135
13137
13145
13140
13138
13137
13135
13135
13135
13135
13131
13131
13129
13128
13124
13126
13130
13129
13130
13128
13131
13137
13133
13123
13123
13115
13107
13115
13113
13121
13124
13124
13132
13128
13129
13126
13135
13134
13138
13138
13137
13135
13139
13138
13143
13141
13144
13149
13152
13151
13146
13144
