13142
13138
13146
13147
13147
13136
13129
13134
13135
13131
13132
13131
13128
13128
13132
13138
13141
13147
13145
13140
13142
13145
13145
13142
13136
13136
13144
13138
13139
13144
13142
13138
13142
13136
13132
13133
13134
13135
13136
13134
13134
13130
13134
13130
13146
13139
13136
13140
13136
13138
13135
13135
13140
13138
13144
13141
13142
13140
13143
13133
13136
13130
13134
13140
13129
13127
13137
13136
13139
13147
13140
13136
13137
13139
13128
13127
13132
13132
13136
13136
13138
13133
13134
13132
13138
13131
13124
13131
13133
13132
13133
13134
13132
13129
13132
13132
13127
13128
13126
13121
13124
13122
13123
13132
13134
13128
13129
13128
13126
13130
13131
13138
13134
13134
13134
13135
13139
13143
13143
13146
13140
13146
13140
13134
13146
13135
13136
13139
13136
13133
13129
13125
13138
13138
13137
13139
13132
13133
13132
13130
13127
13130
13133
13137
13131
13133
13138
13133
13133
13138
13139
13138
13141
13140
13132
13136
13140
13134
13133
13134
13130
13132
13131
13126
13132
13123
13131
13136
13132
13127
13127
13122
13129
13131
13130
13126
13117
13120
13128
13131
13136
13138
13139
13144
13137
13130
13138
13128
13129
13129
13125
13133
13130
13132
13126
13128
13118
13116
13121
13126
13126
13130
13129
13133
13124
13122
13123
13128
13131
13127
13126
13125
13133
13131
13128
13126
13123
13129
13128
13128
13126
13123
13128
13133
13130
13133
13131
13128
13135
13133
13131
13140
13146
13142
13151
13153
13147
13142
13137
13135
13132
13134
13133
13126
13137
13133
13136
13133
13131
13126
13125
13134
13140
13136
13139
13139
13143
13142
13151
13148
13150
13138
13144
13137
13137
13132
13143
13141
13143
13142
13135
13139
13143
13144
13146
13136
13138
13130
13132
13133
13131
13128
13135
13140
13149
13146
13149
13141
13142
13140
13133
13132
13134
13132
13126
13126
13122
13127
13127
13120
13130
13129
13136
13137
13137
13137
13135
13136
13135
13139
13131
13123
13121
13130
13121
13120
13121
13123
13124
13131
13134
13131
13123
13123
13128
13120
13128
13124
13120
13124
13126
13126
13131
13129
13134
13134
13138
13145
13142
13135
13136
13132
13136
13138
13134
13135
13137
13130
13129
13128
13123
13123
13126
13130
13130
13128
13125
13123
13131
13134
13124
13129
13128
13127
13135
13144
13140
13142
13141
13142
13139
13147
13142
13139
13139
13143
13133
13137
13133
13132
13131
13137
13143
13143
13140
13136
13145
13142
13145
13150
13149
13143
13140
13141
13142
13142
13137
13135
13132
13132
13125
13123
13123
13123
13131
13122
13126
13116
13126
13126
13130
13124
13122
13129
13133
13125
13129
13133
13132
13128
13134
13131
13127
13138
13138
13135
13140
13137
13133
13131
13128
13126
13126
13131
13126
13123
13133
13125
13132
13133
13134
13141
13134
13128
13133
13126
13133
13136
13137
13139
13139
13135
13133
13138
13135
13130
13132
13131
13127
13130
13125
13129
13131
13143
13136
13137
13139
13135
13135
13138
13140
13138
13134
13140
13147
13145
13143
13136
13142
13142
13142
13135
13133
13136
13137
13130
13131
13133
13129
13124
13121
13125
13124
13125
13131
13135
13134
13130
13127
13126
13135
13138
13140
13142
13143
13051
12479
11798
11371
11109
10985
10908
10913
10939
11017
11095
11194
11283
11400
11496
11610
11693
11790
11862
11953
12025
12096
12155
12219
12275
12338
12384
12444
12483
12522
12566
12603
12638
12669
12695
12719
12748
12782
12798
12821
12843
12867
12883
12894
12907
12918
12927
12934
12942
12958
12969
12976
12988
13007
13022
13026
13031
13040
13050
13059
13055
13055
13060
13071
13075
13078
13082
13082
13087
13099
13098
13095
13102
13103
13111
13105
13103
13103
13108
13110
13114
13119
13122
13118
13124
13114
13117
13124
13124
13122
13123
13123
13125
13120
13121
13121
13118
13125
13134
13143
13138
13139
13146
13146
13147
13144
13134
13133
13141
13132
13138
13133
13136
13129
13132
13128
13123
13116
13119
13112
13111
13126
13118
13120
13127
13124
13131
13126
13126
13125
13118
13121
13123
13126
13130
13125
13124
13125
13125
13129
13124
13120
13126
13129
13126
13128
13127
13126
13126
13126
13130
13123
13130
13130
13131
13135
13130
13128
13130
13128
13132
13132
13129
13123
13131
13130
13138
13139
13141
13142
13140
13142
13137
13142
13141
13132
13131
13140
13138
13149
13139
13134
13137
13140
13138
13138
13139
13148
13151
13154
13153
13137
13137
13142
13135
13138
13136
13133
13135
13131
13122
13134
13124
13120
13131
13132
13134
13139
13134
13136
13132
13133
13130
13132
13129
13132
13137
13137
13137
13140
13132
13131
13136
13127
13131
13133
13131
13133
13122
13128
13131
13123
13129
13138
13137
13142
13144
13157
13152
13150
13145
13150
13147
13143
13144
13138
13134
13131
13136
13139
13128
13135
13134
13139
13139
13134
13130
13129
13129
13125
13126
13128
13127
13130
13130
13132
13130
13128
13124
13126
13133
13125
13133
13141
13136
13141
13136
13136
13147
13145
13144
13148
13139
13133
13140
13137
13134
13139
13140
13138
13141
13130
13130
13134
13135
13131
13138
13144
13139
13142
13139
13140
13147
13148
13141
13141
13134
13136
13132
13128
13137
13138
13138
13142
13139
13144
13136
13128
13137
13135
13138
13145
13134
13131
13138
13129
13131
13126
13123
13128
13132
13130
13131
13129
13128
13132
13128
13126
13122
13126
13128
13131
13130
13133
13137
13128
13133
13133
13135
13139
13145
13140
13137
13141
13135
13132
13132
13132
13142
13132
13128
13137
13135
13137
13141
13130
13123
13121
13126
13136
13143
13140
13139
13144
13153
13148
13148
13140
13137
13136
13128
13123
13125
13127
13123
13128
13132
13134
13143
13140
13142
13132
13133
13130
13132
13127
13130
13127
13133
13127
13120
13128
13122
13117
13126
13115
13123
13119
13126
13126
13122
13119
13120
13116
13123
13126
13132
13129
13126
13138
13136
13131
13132
13130
13133
13131
13138
13139
13145
13147
13148
13155
13154
13150
13143
13136
13135
13140
13136
13137
13137
13140
13129
13131
13130
13133
13132
13129
13137
13134
13134
13142
13139
13139
13147
13140
13138
13138
13134
13135
13133
13130
13132
13130
13134
13135
13133
13129
13131
13124
13127
13124
13129
13128
13125
13127
13138
13133
13138
13133
13129
13124
13130
13127
13140
13140
13146
13143
13138
13138
13142
13144
13138
13140
13148
13150
13150
13145
13145
13145
13136
13137
13139
13127
13125
13126
13125
13119
13122
13124
13132
13123
13125
13125
13131
13127
13130
13126
13132
13121
13124
13132
13126
13126
13134
