13132
13131
13128
13123
13132
13124
13130
13130
13129
13132
13126
13123
13119
13123
13124
13128
13117
13123
13120
13123
13132
13131
13133
13132
13129
13134
13139
13134
13136
13136
13138
13133
13128
13132
13126
13124
13122
13126
13135
13134
13130
13125
13129
13128
13138
13134
13134
13129
13125
13123
13131
13125
13124
13122
13131
13130
13119
13126
13133
13131
13129
13132
13135
13147
13142
13135
13138
13127
13121
13122
13121
13117
13123
13128
13129
13123
13130
13133
13134
13138
13144
13145
13149
13139
13140
13135
13136
13136
13133
13135
13134
13136
13126
13128
13125
13131
13127
13137
13129
13123
13122
13127
13128
13138
13132
13131
13134
13133
13137
13138
13135
13132
13126
13120
13134
13127
13130
13134
13132
13127
13128
13130
13131
13133
13143
13136
13133
13138
13138
13137
13134
13131
13131
13131
13132
13131
13123
13125
13131
13130
13138
13135
13136
13137
13129
13132
13140
13135
13133
13146
13146
13145
13139
13128
13129
13129
13133
13129
13122
13128
13126
13134
13138
13136
13146
13144
13141
13140
13141
13135
13130
13126
13123
13129
13131
13132
13122
13126
13129
13122
13128
13129
13129
13128
13127
13120
13133
13132
13131
13135
13141
13143
13137
13133
13133
13128
13131
13122
13121
13122
13125
13122
13115
13118
13126
13117
13119
13126
13130
13128
13130
13127
13123
13120
13119
13123
13119
13121
13124
13120
13128
13137
13144
13147
13146
13142
13148
13135
13126
13133
13130
13129
13132
13128
13128
13130
13133
13128
13131
13132
13129
13129
13120
13118
13124
13121
13123
13124
13121
13130
13133
13137
13133
13135
13132
13133
13124
13128
13136
13136
13147
13147
13147
13154
13150
13145
13150
13148
13150
13151
13153
13153
13156
13153
13154
13148
13141
13133
13132
13135
13138
13138
13135
13138
13153
13145
13140
13138
13129
13134
13129
13134
13131
13124
13129
13135
13127
13142
13132
13142
13147
13146
13139
13142
13135
13131
13139
13132
13131
13129
13132
13144
13145
13141
13138
13139
13144
13136
13141
13138
13136
13139
13137
13138
13147
13138
13132
13137
13137
13137
13132
13132
13134
13138
13143
13148
13148
13153
13156
13149
13153
13147
13151
13150
13148
13142
13150
13139
13131
13129
13129
13132
13128
13130
13131
13129
13133
13136
13136
13138
13143
13147
13144
13144
13153
13143
13136
13139
13143
13146
13147
13145
13147
13142
13148
13144
13133
13136
13134
13130
13137
13136
13134
13140
13131
13132
13135
13126
13132
13138
13140
13142
13144
13138
13147
13149
13149
13148
13157
13154
13150
13139
13134
13133
13143
13132
13130
13136
13133
13139
13135
13131
13125
13124
13137
13135
13122
13124
13132
13135
13137
13138
13132
13142
13139
13138
13143
13139
13133
13141
13131
13137
13124
13121
13128
13124
13130
13125
13126
13131
13130
13128
13131
13122
13132
13130
13134
13135
13132
13134
13136
13138
13134
13133
13131
13135
13133
13135
13142
13134
13138
13138
13134
13141
13142
13141
13141
13132
13120
13125
13126
13127
13124
13132
13139
13131
13131
13120
13123
13129
13129
13123
13132
13132
13139
13133
13135
13138
13137
13139
13136
13134
13133
13137
13137
13135
13127
13128
13134
13134
13141
13138
13137
13136
13127
13135
13143
13136
12989
12676
12356
12116
11992
11921
11903
11882
11893
11916
11960
12008
12070
12126
12190
12244
12307
12346
12398
12445
12494
12532
12576
12604
12647
12679
12705
12729
12754
12781
12806
12822
12841
12850
12867
12892
12901
12911
12931
12936
12949
12965
12967
12979
12992
13000
13008
13019
13030
13038
13046
13053
13054
13062
13067
13070
13080
13085
13087
13088
13086
13084
13080
13058
12931
12853
12809
12791
12776
12786
12793
12800
12818
12838
12849
12871
12881
12892
12910
12923
12935
12940
12952
12966
12975
12992
13005
13010
13014
13028
13035
13046
13049
13059
13061
13069
13073
13065
13064
13072
13068
13072
13070
13076
13087
13095
13096
13100
13099
13102
13108
13107
13112
13111
13115
13120
13120
13119
13122
13116
13121
13131
13128
13132
13128
13134
13140
13135
13128
13125
13125
13122
13120
13125
13136
13134
13135
13126
13122
13132
13133
13129
13126
13133
13133
13137
13140
13135
13126
13132
13133
13135
13136
13140
13140
13147
13140
13131
13133
13133
13131
13137
13133
13140
13135
13141
13142
13143
13142
13135
13140
13137
13135
13137
13127
13120
13130
13126
13132
13136
13140
13140
13141
13139
13133
13134
13119
13126
13123
13127
13128
13119
13129
13133
13129
13140
13132
13133
13144
13145
13141
13144
13134
13137
13141
13136
13140
13136
13134
13122
13113
13116
13111
13112
13113
13115
13129
13133
13135
13142
13146
13141
13141
13141
13140
13140
13137
13143
13141
13146
13150
13142
13146
13149
13151
13152
13152
13139
13144
13136
13134
13135
13130
13134
13134
13135
13136
13137
13132
13128
13132
13127
13133
13126
13136
13132
13137
13129
13124
13129
13125
13132
13129
13133
13126
13118
13123
13124
13120
13126
13126
13132
13144
13141
13147
13150
13145
13140
13145
13141
13141
13140
13141
13134
13139
13131
13126
13123
13120
13110
13110
13110
13117
13110
13116
13118
13133
13130
13131
13136
13137
13134
13139
13136
13130
13133
13128
13136
13132
13140
13142
13143
13151
13149
13148
13150
13147
13144
13157
13148
13141
13134
13134
13140
13144
13142
13140
13139
13134
13126
13131
13122
13126
13121
13125
13126
13139
13135
13137
13141
13142
13138
13138
13134
13134
13134
13133
13129
13121
13126
13132
13123
13126
13128
13129
13136
13131
13136
13141
13132
13133
13128
13126
13136
13133
13132
13139
13138
13143
13136
13133
13135
13140
13132
13141
13139
13142
13130
13130
13132
13142
13142
13142
13133
13133
13139
13139
13135
13135
13138
13138
13135
13138
13133
13127
13126
13125
13128
13130
13121
13119
13122
13121
13122
13119
13122
13120
13124
13127
13126
13131
13132
13138
13137
13140
13140
13147
13141
13132
13142
13139
13142
13145
13141
13144
13141
13138
13139
13138
13143
13141
13138
13144
13142
13132
13131
13126
13122
13131
13127
13128
13135
13137
13139
13136
13134
13134
13136
13140
13137
13140
13141
13138
13139
13139
13139
13141
13131
13131
13133
13132
13137
13130
13134
13123
13130
13131
13139
13138
13141
13136
13134
13147
13141
13142
13148
13135
13130
13135
13133
13131
13139
13126
13136
13138
13128
13130
13130
13136
13133
13138
13139
13134
13135
13137
13135
13143
13131
13132
13128
13129
13132
13136
13132
13133
13135
13141
13139
13130
13130
13126
13123
13129
13131
13134
13138
13129
13135
13134
13135
13137
13143
