13145
13142
13142
13138
13137
13131
13126
13127
13135
13134
13139
13134
13133
13137
13137
13136
13124
13125
13124
13112
13127
13122
13122
13131
13132
13135
13141
13137
13135
13147
13149
13145
13149
13139
13144
13138
13144
13139
13139
13140
13139
13137
13136
13136
13145
13137
13135
13138
13134
13132
13131
13130
13131
13129
13126
13124
13121
13126
13129
13122
13126
13127
13131
13136
13134
13134
13141
13125
13124
13130
13130
13130
13135
13135
13140
13138
13145
13137
13132
13141
13139
13134
13127
13125
13133
13134
13136
13138
13134
13138
13134
13137
13134
13137
13134
13133
13129
13131
13127
13125
13125
13132
13145
13141
13137
13137
13141
13134
13139
13142
13144
13141
13137
13144
13145
13141
13143
13139
13143
13143
13146
13139
13138
13132
13135
13132
13135
13136
13137
13138
13142
13152
13147
13136
13134
13137
13128
13134
13133
13130
13136
13131
13139
13149
13147
13143
13149
13142
13139
13145
13143
13145
13143
13150
13149
13143
13136
13138
13138
13142
13139
13136
13140
13139
13140
13137
13141
13139
13147
13140
13145
13138
13135
13135
13141
13137
13128
13136
13134
13129
13130
13129
13134
13138
13133
13131
13137
13131
13133
13139
13130
13125
13135
13134
13135
13133
13133
13136
13134
13140
13141
13142
13143
13134
13134
13128
13123
13127
13125
13129
13128
13123
13125
13130
13132
13141
13137
13137
13137
13131
13135
13130
13137
13134
13134
13136
13142
13138
13133
13136
13127
13130
13141
13133
13126
13124
13123
13124
13126
13123
13124
13124
13124
13128
13138
13131
13135
13139
13146
13144
13143
13139
13141
13134
13135
13136
13137
13140
13133
13130
13122
13129
13128
13128
13123
13125
13130
13123
13125
13129
13125
13125
13132
13123
13125
13124
13129
13134
13133
13140
13133
13137
13126
13122
13127
13126
13128
13132
13135
13140
13142
13140
13143
13149
13152
13155
13151
13149
13151
13146
13141
13141
13142
13141
13136
13133
13138
13129
13117
13122
13122
13116
13121
13126
13134
13135
13135
13133
13134
13136
13138
13135
13135
13135
13140
13128
13128
13132
13136
13142
13139
13134
13134
13136
13141
13146
13144
13147
13141
13136
13135
13139
13143
13143
13141
13133
13141
13137
13139
13139
13133
13136
13148
13144
13147
13143
13143
13141
13134
13138
13123
13125
13121
13119
13130
13119
13121
13129
13128
13129
13125
13120
13116
13122
13125
13134
13134
13138
13141
13137
13128
13128
13129
13133
13129
13133
13142
13138
13143
13138
13139
13141
13137
13140
13144
13139
13141
13139
13144
13140
13146
13144
13144
13138
13140
13130
13132
13133
13142
13140
13143
13137
13139
13135
13137
13138
13134
13134
13134
13128
13126
13125
13121
13130
13122
13114
13123
13114
13116
13125
13123
13119
13129
13129
13132
13133
13132
13128
13132
13131
13123
13132
13132
13131
13141
13134
13141
13141
13136
13144
13147
13151
13145
13149
13149
13150
13149
13143
13148
13139
13135
13148
13149
13146
13132
13136
13143
13136
13131
13137
13134
13136
13142
13141
13139
13140
13143
13145
13146
13148
13146
13139
13145
13143
13146
13138
13132
13145
13144
13138
13132
13130
13127
13127
13130
13118
13116
13118
13122
13118
13125
13127
13133
13137
13132
12896
12587
12396
12283
12223
12200
12199
12225
12253
12296
12329
12374
12410
12458
12490
12534
12570
12608
12638
12672
12692
12721
12749
12777
12773
12674
12612
12579
12568
12576
12583
12597
12621
12604
12580
12589
12608
12635
12654
12668
12685
12715
12733
12758
12780
12801
12818
12838
12854
12876
12896
12918
12936
12951
12955
12962
12969
12981
12988
13003
13000
13010
13020
13028
13035
13039
13046
13055
13065
13064
13071
13069
13079
13081
13088
13087
13100
13103
13116
13112
13107
13115
13112
13120
13124
13122
13124
13128
13124
13119
13115
13120
13122
13126
13134
13132
13134
13135
13131
13140
13134
13140
13146
13148
13137
13130
13134
13134
13141
13145
13140
13134
13133
13140
13137
13135
13129
13132
13136
13124
13120
13124
13122
13117
13118
13119
13120
13124
13131
13140
13135
13140
13135
13136
13129
13130
13136
13128
13119
13126
13126
13124
13132
13136
13134
13142
13146
13151
13148
13149
13149
13141
13144
13136
13141
13142
13142
13150
13148
13140
13133
13136
13132
13134
13131
13126
13128
13130
13125
13128
13126
13134
13127
13130
13128
13127
13136
13134
13127
13136
13131
13135
13145
13144
13140
13138
13139
13132
13128
13123
13127
13123
13136
13139
13140
13140
13140
13145
13147
13134
13137
13137
13135
13142
13142
13136
13142
13143
13140
13138
13137
13135
13133
13135
13136
13139
13138
13139
13141
13150
13138
13132
13134
13135
13135
13129
13135
13133
13134
13133
13138
13136
13137
13140
13139
13143
13143
13138
13142
13139
13138
13147
13138
13133
13137
13134
13137
13139
13133
13131
13130
13129
13127
13130
13123
13129
13129
13126
13127
13135
13120
13118
13125
13129
13132
13130
13131
13130
13135
13143
13140
13128
13143
13142
13138
13142
13136
13132
13143
13136
13131
13140
13130
13132
13139
13145
13152
13151
13151
13157
13154
13151
13147
13147
13153
13151
13155
13151
13148
13153
13146
13140
13138
13136
13132
13130
13126
13135
13139
13134
13140
13134
13134
13134
13137
13141
13137
13138
13142
13148
13143
13143
13137
13137
13138
13134
13135
13139
13137
13142
13137
13134
13126
13128
13134
13134
13138
13142
13133
13138
13136
13129
13138
13139
13142
13148
13138
13136
13137
13130
13130
13121
13123
13123
13132
13124
13127
13128
13138
13134
13130
13128
13127
13123
13130
13131
13133
13124
13134
13127
13129
13134
13133
13131
13135
13136
13138
13142
13139
13143
13137
13131
13131
13135
13136
13139
13139
13141
13136
13134
13132
13127
13132
13128
13133
13129
13132
13134
13139
13147
13140
13137
13129
13129
13138
13137
13139
13133
13138
13142
13140
13140
13137
13134
13139
13135
13138
13135
13136
13141
13130
13130
13133
13123
13132
13133
13137
13133
13135
13134
13139
13131
13135
13129
13127
13125
13130
13131
13140
13138
13134
13143
13142
13134
13134
13130
13129
13128
13129
13127
13120
13119
13121
13117
13119
13118
13114
13114
13117
13124
13126
13124
13132
13135
13139
13135
13134
13123
13121
13124
13130
13124
13128
13129
13131
13133
13132
13139
13138
13132
13131
13137
13138
13147
13147
13147
13147
13146
13140
13132
13125
13124
13124
13124
13135
13125
13124
13125
13135
13138
13134
13138
13144
13142
13143
13146
13140
13148
13149
13149
13141
13136
13139
13142
13138
13136
13134
13133
13129
13124
13132
13137
13133
13131
13139
