13129
13131
13135
13135
13137
13139
13134
13145
13142
13135
13136
13120
13120
13122
13126
13130
13132
13127
13129
13128
13134
13132
13134
13138
13140
13138
13135
13129
13137
13138
13136
13137
13135
13137
13132
13131
13121
13117
13120
13124
13134
13136
13138
13135
13135
13136
13139
13142
13137
13133
13142
13138
13132
13140
13138
13135
13139
13143
13143
13133
13136
13132
13130
13129
13121
13115
13111
13118
13136
13132
13133
13131
13121
13119
13125
13125
13125
13122
13130
13133
13130
13129
13132
13130
13141
13141
13140
13141
13137
13138
13140
13129
13127
13131
13129
13129
13122
13130
13136
13140
13137
13140
13138
13139
13143
13147
13143
13140
13145
13137
13129
13131
13123
13130
13130
13127
13121
13121
13122
13132
13130
13133
13142
13141
13136
13138
13130
13132
13135
13125
13127
13118
13119
13131
13136
13130
13138
13131
13133
13137
13131
13122
13123
13121
13122
13122
13124
13125
13136
13129
13135
13128
13126
13123
13124
13125
13126
13126
13127
13138
13131
13133
13133
13133
13141
13136
13139
13145
13137
13142
13146
13144
13141
13140
13130
13133
13138
13133
13128
13131
13127
13127
13122
13124
13122
13124
13124
13132
13135
13126
13123
13128
13133
13135
13135
13131
13129
13130
13139
13142
13133
13134
13133
13142
13144
13142
13142
13144
13140
13134
13140
13123
13126
13131
13123
13131
13130
13124
13124
13125
13122
13123
13130
13132
13133
13140
13139
13134
13141
13129
13130
13134
13133
13138
13139
13135
13131
13130
13126
13135
13135
13140
13138
13139
13148
13149
13148
13148
13149
13139
13146
13142
13134
13140
13135
13140
13142
13140
13142
13143
13135
13130
13130
13135
13139
13147
13147
13142
13153
13149
13146
13142
13134
13134
13131
13130
13134
13131
13128
13127
13122
13125
13127
13130
13134
13132
13137
13141
13142
13132
13136
13126
13124
13130
13119
13127
13118
13126
13123
13123
13122
13124
13127
13131
13132
13128
13124
13125
13136
13135
13138
13140
13133
13140
13135
13138
13134
13134
13135
13134
13129
13135
13128
13128
13125
13123
13122
13129
13122
13121
13120
13120
13119
13128
13120
13117
13121
13122
13123
13123
13133
13127
13124
13132
13124
13130
13124
13125
13135
13134
13136
13134
13133
13134
13134
13131
13133
13138
13136
13137
13130
13132
13136
13133
13134
13140
13139
13142
13136
13134
13141
13136
13130
13135
13129
13126
13129
13128
13129
13133
13133
13137
13139
13128
13131
13133
13128
13127
13128
13123
13127
13128
13128
13129
13119
13121
13124
13128
13126
13133
13132
13134
13135
13129
13129
13133
13132
13140
13133
13130
13133
13128
13126
13136
13134
13137
13136
13138
13144
13150
13153
13152
13150
13151
13148
13148
13143
13144
13141
13133
13126
13134
13127
13135
13135
13133
13134
13133
13132
13126
13123
13129
13129
13127
13128
13131
13131
13133
13135
13138
13143
13139
13138
13140
13141
13142
13139
13139
13135
13133
13132
13133
13133
13137
13140
13141
13136
13132
13126
13117
13122
13125
13120
13118
13119
13117
13121
13126
13131
13138
13135
13138
13134
13133
13134
13127
13123
13136
13126
13130
13138
13135
13132
13140
13134
13137
13139
13138
13142
13144
13142
13138
13134
13139
13115
12557
11523
10505
9742
9281
9086
9005
9059
9137
9307
9460
9657
9829
10027
10200
10368
10460
10594
10710
10848
10968
11041
11079
11149
11225
11333
11413
11515
11598
11690
11767
11858
11927
12003
12065
12137
12188
12252
12310
12367
12418
12465
12505
12551
12578
12615
12658
12683
12717
12749
12766
12790
12809
12830
12855
12865
12887
12906
12912
12929
12933
12954
12961
12964
12971
12991
12991
13000
13009
13022
13030
13035
13041
13038
13040
13045
13054
13055
13063
13069
13070
13072
13077
13089
13087
13091
13094
13088
13096
13100
13098
13104
13112
13110
13121
13114
13124
13123
13122
13129
13125
13126
13134
13125
13127
13130
13122
13121
13124
13117
13115
13119
13124
13128
13134
13138
13126
13129
13134
13133
13133
13132
13130
13128
13116
13115
13117
13115
13123
13125
13125
13127
13129
13127
13135
13136
13137
13140
13137
13141
13136
13134
13133
13128
13126
13138
13133
13135
13137
13133
13137
13134
13138
13138
13137
13135
13135
13136
13138
13140
13140
13142
13140
13148
13144
13142
13142
13141
13140
13136
13137
13130
13127
13126
13132
13129
13124
13124
13122
13126
13127
13124
13130
13125
13122
13131
13123
13124
13121
13120
13121
13123
13124
13117
13121
13120
13124
13117
13123
13119
13124
13118
13128
13134
13130
13129
13129
13130
13131
13132
13125
13128
13132
13131
13137
13125
13131
13127
13131
13130
13132
13131
13133
13127
13122
13125
13118
13119
13123
13120
13129
13126
13127
13133
13131
13129
13125
13122
13129
13123
13125
13121
13120
13124
13117
13117
13118
13122
13128
13129
13134
13134
13136
13133
13129
13125
13132
13134
13132
13138
13134
13125
13128
13127
13129
13132
13132
13119
13115
13117
13122
13136
13131
13132
13136
13138
13135
13126
13134
13133
13140
13142
13142
13149
13138
13140
13142
13141
13136
13136
13137
13140
13138
13131
13138
13139
13145
13147
13144
13138
13139
13139
13149
13145
13140
13142
13134
13138
13137
13126
13127
13136
13137
13137
13132
13134
13129
13126
13128
13124
13132
13142
13144
13152
13145
13146
13150
13153
13144
13139
13140
13139
13135
13138
13145
13141
13141
13132
13136
13133
13130
13126
13129
13128
13132
13134
13129
13134
13138
13139
13134
13130
13129
13128
13123
13124
13122
13124
13127
13122
13120
13122
13117
13122
13118
13111
13130
13127
13128
13128
13131
13136
13136
13137
13146
13141
13143
13142
13139
13138
13135
13132
13133
13127
13125
13130
13126
13131
13134
13133
13133
13135
13134
13131
13127
13131
13129
13132
13137
13138
13132
13138
13136
13140
13135
13130
13138
13138
13142
13137
13140
13141
13138
13137
13142
13125
13132
13134
13128
13128
13132
13136
13137
13130
13130
13134
13132
13130
13130
13130
13136
13134
13144
13140
13134
13134
13138
13137
13141
13134
13137
13139
13141
13146
13137
13134
13137
13131
13133
13126
13133
13133
13132
13130
13134
13127
13130
13139
13131
13134
13130
13136
13134
13139
13133
13146
13141
13140
13141
13135
13131
13128
13131
13127
13126
13127
13128
13123
13130
13127
13121
13124
13124
13132
13137
13135
13144
13142
13141
13135
13141
13144
13140
13142
13147
13141
13137
13137
13136
13127
13123
13118
13126
13128
13123
13127
13133
13134
13139
13137
13136
13136
13134
13122
13130
13127
13129
13119
13121
13121
13131
13126
13127
13132
13131
