13128
13121
13126
13128
13126
13128
13125
13128
13128
13131
13119
13127
13121
13123
13121
13127
13126
13131
13136
13136
13143
13132
13127
13129
13133
13130
13133
13132
13137
13138
13136
13140
13128
13138
13140
13136
13141
13139
13127
13135
13127
13133
13143
13137
13143
13152
13152
13150
13149
13146
13140
13140
13145
13134
13126
13133
13125
13122
13118
13129
13133
13128
13127
13132
13135
13136
13142
13146
13145
13142
13135
13128
13122
13126
13125
13119
13123
13120
13127
13130
13126
13126
13134
13134
13130
13141
13144
13144
13144
13139
13142
13143
13141
13140
13143
13141
13142
13138
13142
13138
13142
13136
13131
13135
13133
13131
13132
13133
13135
13137
13135
13131
13125
13130
13132
13133
13129
13131
13127
13133
13126
13113
13120
13109
13103
13113
13116
13114
13116
13128
13135
13133
13136
13127
13126
13132
13131
13125
13128
13124
13131
13129
13123
13127
13126
13126
13132
13139
13138
13137
13131
13140
13138
13142
13145
13140
13142
13139
13142
13152
13153
13149
13147
13138
13141
13147
13142
13150
13149
13141
13142
13139
13130
13133
13132
13144
13142
13132
13135
13132
13141
13137
13134
13137
13140
13139
13139
13140
13136
13134
13127
13126
13125
13128
13125
13130
13126
13128
13127
13136
13135
13138
13145
13145
13150
13152
13148
13150
13151
13150
13145
13144
13137
13138
13141
13147
13142
13137
13122
13121
13130
13125
13122
13134
13136
13140
13137
13130
13124
13123
13124
13121
13116
13125
13131
13133
13130
13135
13128
13129
13127
13116
13126
13122
13119
13129
13126
13122
13125
13115
13124
13128
13131
13124
13127
13132
13135
13134
13126
13122
13124
13117
13111
13120
13123
13136
13131
13137
13131
13138
13133
13139
13128
13130
13126
13123
13133
13132
13131
13136
13133
13129
13138
13135
13142
13146
13143
13148
13144
13144
13153
13150
13151
13139
13142
13138
13131
13130
13128
13131
13134
13132
13134
13139
13139
13139
13135
13132
13136
13130
13129
13133
13131
13138
13139
13134
13133
13133
13137
13139
13138
13134
13141
13136
13129
13134
13135
13136
13139
13145
13145
13143
13144
13136
13133
13132
13128
13133
13132
13130
13135
13132
13130
13130
13128
13138
13137
13142
13148
13139
13138
13139
13135
13136
13132
13130
13133
13139
13140
13141
13137
13132
13138
13135
13135
13145
13143
13135
13137
13138
13136
13135
13135
13127
13133
13138
13126
13126
13134
13129
13136
13136
13127
13126
13126
13132
13139
13133
13131
13129
13134
13139
13130
13138
13136
13138
13143
13150
13151
13155
13151
13143
13141
13137
13135
13132
13126
13132
13132
13135
13132
13134
13130
13133
13126
13145
13135
13140
13138
13143
13153
13143
13148
13144
13141
13133
13130
13128
13125
13126
13123
13133
13134
13144
13147
13143
13150
13146
13145
13141
13133
13127
13139
13135
13130
13133
13126
13127
13128
13129
13126
13127
13121
13123
13128
13136
13133
13135
13130
13132
13142
13145
13139
13143
13141
13139
13137
13139
13144
13149
13150
13148
13139
13138
13133
13138
13140
13141
13142
13144
13146
13141
13151
13141
13141
13139
13133
13138
13140
13138
13129
13132
13130
13125
13118
13115
13110
13111
13117
13122
13134
13134
13137
13115
12478
11647
11057
10375
9990
9783
9729
9742
9832
9936
10084
10219
10325
10429
10565
10680
10828
10948
11087
11192
11317
11419
11411
11420
11474
11521
11590
11663
11753
11815
11895
11957
12043
12099
12172
12219
12287
12327
12387
12431
12473
12511
12546
12581
12625
12647
12675
12701
12730
12754
12787
12802
12828
12848
12866
12881
12896
12909
12925
12930
12944
12961
12964
12976
12993
12994
13011
13021
13027
13029
13037
13046
13045
13057
13064
13067
13072
13078
13074
13086
13075
13083
13090
13098
13099
13099
13101
13106
13096
13098
13099
13099
13107
13110
13110
13124
13119
13126
13126
13123
13125
13132
13127
13128
13125
13125
13119
13117
13119
13107
13113
13121
13118
13122
13128
13122
13129
13120
13117
13129
13128
13125
13126
13138
13145
13142
13135
13145
13133
13133
13132
13136
13135
13132
13128
13137
13059
12957
12902
12855
12829
12824
12820
12836
12853
12862
12874
12888
12901
12909
12918
12929
12939
12955
12972
12976
12993
12995
13004
13024
13026
13037
13040
13049
13059
13066
13075
13082
13073
13073
13070
13072
13083
13093
13093
13108
13106
13098
13104
13091
13091
13098
13098
13115
13111
13114
13114
13111
13103
13101
13107
13110
13115
13110
13118
13116
13117
13117
13116
13119
13120
13134
13127
13135
13137
13135
13132
13137
13126
13125
13120
13120
13124
13131
13132
13137
13132
13127
13133
13128
13124
13134
13126
13131
13137
13133
13135
13135
13141
13133
13130
13134
13133
13132
13125
13130
13134
13129
13129
13135
13134
13135
13135
13139
13139
13134
13133
13136
13125
13130
13140
13137
13133
13138
13136
13137
13131
13131
13137
13135
13131
13134
13127
13128
13134
13134
13135
13138
13139
13130
13130
13129
13127
13133
13126
13128
13135
13131
13129
13129
13129
13127
13134
13134
13135
13136
13131
13134
13134
13133
13136
13129
13128
13126
13126
13125
13124
13127
13128
13127
13128
13132
13121
13129
13130
13128
13126
13125
13124
13120
13121
13119
13122
13133
13132
13131
13140
13134
13136
13142
13137
13137
13130
13133
13138
13139
13142
13144
13138
13143
13151
13142
13145
13146
13143
13146
13141
13134
13132
13132
13130
13137
13137
13138
13135
13137
13132
13131
13134
13129
13126
13128
13127
13131
13126
13124
13136
13130
13126
13129
13134
13136
13131
13131
13131
13138
13131
13142
13137
13141
13138
13138
13144
13137
13133
13143
13142
13137
13135
13122
13122
13132
13122
13125
13128
13120
13124
13120
13124
13124
13125
13134
13133
13130
13124
13121
13124
13122
13118
13117
13111
13119
13125
13125
13129
13135
13131
13142
13135
13142
13144
13138
13134
13137
13134
13140
13134
13124
13132
13131
13132
13135
13130
13136
13134
13133
13129
13125
13130
13125
13132
13132
13133
13138
13130
13121
13125
13124
13126
13131
13136
13140
13145
13146
13146
13138
13134
13141
13137
13136
13139
13135
13135
13146
13143
13148
13148
13138
13142
13137
13131
13135
13138
13138
13146
13145
13142
13137
13134
13128
13137
13140
13139
13137
13132
13129
13133
13127
13124
13123
13125
13130
13123
13134
13125
13126
13125
13130
13124
13134
13132
13133
13133
13132
13125
13130
13130
13129
13134
13127
13124
13125
13129
13129
13129
13134
13132
13136
13126
13131
13130
13138
13139
13137
13140
13135
13135
13139
13137
13136
13140
13138
13134
13134
13133
13132
