13145
13144
13139
13135
13131
13126
13121
13126
13119
13115
13117
13115
13118
13115
13108
13119
13123
13131
13125
13129
13129
13133
13138
13143
13140
13136
13137
13135
13132
13140
13139
13135
13143
13140
13144
13139
13135
13133
13130
13131
13128
13125
13128
13130
13142
13137
13139
13132
13129
13126
13128
13126
13122
13121
13121
13123
13126
13130
13117
13122
13125
13125
13129
13133
13135
13137
13144
13139
13137
13137
13134
13128
13136
13132
13131
13129
13126
13125
13132
13132
13134
13134
13129
13135
13141
13134
13133
13137
13132
13134
13130
13127
13127
13134
13133
13137
13134
13138
13137
13135
13139
13142
13139
13138
13132
13130
13134
13128
13128
13132
13132
13132
13136
13132
13136
13133
13129
13126
13131
13138
13139
13140
13135
13132
13137
13127
13125
13127
13120
13122
13125
13120
13114
13121
13120
13118
13115
13123
13123
13127
13130
13135
13132
13137
13133
13131
13134
13137
13128
13132
13119
13122
13126
13134
13134
13133
13129
13122
13123
13120
13125
13119
13120
13123
13137
13133
13134
13139
13137
13134
13142
13138
13137
13144
13139
13140
13142
13143
13146
13140
13144
13136
13131
13134
13123
13123
13134
13129
13129
13137
13146
13137
13143
13139
13136
13137
13133
13126
13131
13132
13128
13130
13130
13128
13139
13134
13137
13136
13134
13131
13131
13135
13140
13134
13126
13132
13134
13138
13140
13141
13145
13142
13137
13143
13140
13132
13142
13132
13132
13135
13135
13129
13138
13142
13135
13135
13133
13130
13130
13127
13124
13128
13125
13126
13140
13138
13137
13134
13131
13137
13136
13136
13137
13137
13135
13146
13137
13145
13147
13146
13149
13150
13141
13139
13136
13123
13133
13131
13124
13134
13128
13132
13130
13132
13135
13133
13137
13129
13136
13132
13134
13132
13133
13126
13138
13137
13142
13148
13142
13138
13137
13135
13133
13130
13128
13129
13125
13128
13127
13129
13134
13138
13130
13136
13136
13131
13134
13128
13135
13143
13137
13137
13142
13144
13134
13132
13130
13129
13134
13134
13139
13140
13136
13135
13139
13133
13134
13136
13134
13140
13137
13138
13141
13136
13136
13140
13127
13129
13130
13127
13128
13132
13138
13140
13133
13133
13137
13137
13137
13145
13134
13135
13134
13141
13133
13134
13136
13136
13140
13137
13133
13130
13121
13128
13136
13136
13139
13133
13131
13138
13130
13129
13126
13128
13131
13139
13135
13130
13130
13134
13140
13135
13134
13136
13128
13129
13143
13138
13136
13139
13135
13137
13130
13125
13124
13122
13128
13122
13125
13132
13131
13134
13130
13132
13137
13132
13138
13140
13136
13134
13138
13143
13143
13143
13144
13140
13129
13132
13130
13137
13140
13142
13141
13143
13143
13137
13142
13141
13134
13134
13133
13136
13143
13138
13138
13135
13132
13133
13141
13141
13138
13135
13133
13136
13145
13134
13135
13138
13139
13145
13144
13141
13139
13145
13145
13150
13140
13137
13137
13138
13138
13138
13134
13132
13131
13124
13130
13133
13129
13134
13133
13130
13131
13133
13125
13124
13123
13127
13119
13125
13126
13124
13125
13122
13125
13125
13129
13132
13131
13133
13134
13132
13134
13136
13135
13137
13132
13133
13142
13138
13146
13143
13147
13127
12792
11679
10558
9646
9120
8833
8758
8762
8876
9006
9210
9384
9604
9778
9996
10166
10361
10523
10700
10846
11007
11135
11272
11377
11499
11590
11701
11782
11870
11942
12021
12094
12158
12224
12281
12333
12388
12431
12477
12514
12551
12587
12623
12646
12674
12700
12729
12762
12784
12807
12821
12842
12869
12889
12904
12919
12928
12936
12947
12950
12966
12972
12980
12986
12998
13000
13005
13011
13027
13028
13032
13043
13042
13049
13062
13067
13075
13078
13077
13089
13091
13089
13098
13091
13092
13101
13102
13103
13104
13099
13103
13104
13106
13106
13112
13114
13116
13118
13118
13122
13125
13118
13117
13120
13112
13116
13117
13120
13123
13122
13124
13121
13122
13121
13124
13124
13128
13132
13135
13141
13135
13130
13131
13129
13117
13119
13115
13117
13120
13124
13125
13132
13135
13133
13134
13141
13141
13144
13141
13137
13146
13144
13142
13143
13137
13139
13125
13127
13130
13135
13141
13132
13125
13129
13132
13126
13126
13128
13126
13139
13137
13137
13140
13139
13137
13140
13138
13140
13140
13139
13137
13135
13136
13137
13138
13139
13133
13130
13128
13127
13121
13112
13116
13125
13126
13134
13131
13141
13149
13151
13138
13140
13128
13129
13127
13124
13126
13126
13120
13137
13129
13122
13134
13123
13122
13137
13127
13136
13136
13134
13138
13136
13137
13135
13137
13138
13136
13141
13141
13147
13150
13138
13140
13144
13141
13138
13130
13132
13134
13131
13135
13136
13134
13138
13138
13137
13136
13138
13132
13141
13138
13126
13133
13133
13131
13136
13136
13138
13141
13144
13137
13138
13139
13135
13128
13126
13127
13132
13125
13122
13128
13123
13128
13133
13134
13134
13132
13129
13138
13137
13135
13133
13130
13137
13135
13130
13130
13132
13131
13140
13136
13129
13136
13136
13133
13138
13134
13134
13130
13135
13135
13133
13133
13125
13124
13126
13131
13135
13130
13124
13133
13130
13138
13136
13134
13136
13137
13140
13145
13143
13141
13142
13139
13145
13154
13151
13148
13146
13140
13140
13127
13126
13135
13135
13135
13132
13119
13122
13125
13130
13130
13127
13132
13123
13133
13135
13145
13146
13145
13139
13137
13140
13137
13146
13138
13138
13143
13141
13145
13143
13142
13150
13143
13141
13137
13132
13125
13134
13134
13138
13130
13126
13130
13129
13116
13127
13127
13127
13134
13137
13141
13140
13142
13136
13136
13137
13131
13133
13134
13134
13145
13130
13129
13124
13120
13120
13123
13130
13134
13139
13136
13137
13133
13140
13145
13139
13138
13136
13127
13128
13127
13126
13136
13131
13126
13127
13125
13118
13125
13132
13137
13142
13144
13141
13145
13148
13141
13137
13133
13130
13132
13123
13119
13122
13128
13132
13137
13134
13134
13133
13130
13134
13132
13135
13139
13137
13140
13152
13150
13153
13149
13140
13144
13135
13134
13142
13143
13140
13138
13133
13137
13133
13137
13137
13142
13137
13140
13140
13142
13142
13143
13135
13134
13138
13134
13133
13131
13125
13129
13135
13128
13131
13128
13131
13123
13125
13128
13128
13129
13130
13129
13127
13134
13127
13117
13130
13128
13124
13125
13132
13135
13133
13135
13123
13129
13132
13128
13130
13133
13134
13139
13135
13129
13138
13137
13133
13132
13135
13144
13140
13142
13143
13135
13138
13141
13134
13134
13133
13139
13138
13134
13124
13128
13127
13133
13135
