13129
13128
13126
13120
13120
13123
13119
13121
13110
13118
13124
13128
13127
13130
13128
13135
13129
13123
13137
13130
13136
13140
13145
13143
13140
13134
13129
13131
13125
13125
13125
13131
13127
13131
13135
13126
13137
13128
13124
13125
13132
13131
13130
13132
13138
13139
13141
13145
13137
13141
13149
13147
13154
13148
13145
13147
13147
13136
13138
13127
13124
13125
13127
13131
13133
13133
13135
13135
13136
13129
13135
13133
13133
13136
13136
13133
13140
13132
13129
13129
13135
13139
13134
13133
13137
13131
13135
13140
13137
13145
13146
13152
13153
13145
13144
13144
13141
13133
13136
13125
13129
13135
13127
13122
13130
13132
13132
13129
13131
13130
13126
13130
13133
13137
13135
13133
13135
13130
13129
13131
13130
13130
13130
13126
13131
13133
13134
13138
13130
13129
13127
13123
13129
13128
13128
13141
13140
13139
13136
13130
13124
13131
13131
13132
13143
13152
13147
13149
13150
13151
13148
13151
13150
13144
13141
13142
13147
13132
13127
13125
13125
13128
13125
13130
13130
13125
13124
13127
13125
13132
13131
13132
13131
13132
13131
13137
13135
13133
13139
13128
13125
13133
13123
13124
13126
13126
13125
13127
13126
13127
13124
13124
13125
13123
13125
13118
13122
13122
13120
13120
13123
13122
13125
13129
13133
13130
13134
13137
13132
13135
13141
13134
13138
13145
13139
13150
13144
13134
13137
13128
13126
13125
13131
13128
13134
13135
13131
13125
13130
13128
13128
13130
13131
13130
13140
13138
13145
13140
13139
13139
13140
13140
13139
13133
13137
13134
13132
13143
13134
13137
13132
13122
13122
13126
13128
13122
13115
13110
13125
13122
13124
13130
13124
13129
13129
13138
13136
13144
13150
13139
13141
13147
13138
13136
13136
13143
13154
13143
13140
13139
13135
13141
13140
13132
13132
13134
13140
13141
13135
13137
13143
13132
13137
13138
13128
13133
13129
13128
13129
13128
13126
13130
13128
13131
13135
13128
13130
13137
13141
13134
13139
13136
13134
13136
13126
13131
13129
13118
13116
13117
13125
13125
13126
13126
13132
13133
13126
13127
13123
13131
13128
13126
13126
13131
13129
13138
13137
13139
13140
13129
13131
13134
13131
13133
13142
13138
13139
13137
13132
13133
13134
13145
13144
13150
13139
13128
13135
13132
13133
13137
13131
13132
13124
13122
13120
13122
13123
13122
13119
13128
13126
13132
13135
13136
13141
13149
13142
13135
13145
13139
13131
13137
13128
13125
13128
13127
13132
13138
13148
13142
13141
13138
13137
13138
13136
13144
13145
13141
13137
13139
13139
13139
13135
13143
13147
13145
13148
13144
13139
13141
13140
13135
13138
13134
13131
13137
13138
13134
13134
13132
13132
13136
13135
13132
13126
13128
13133
13134
13122
13119
13117
13131
13129
13121
13122
13123
13138
13134
13137
13138
13146
13146
13145
13142
13143
13135
13140
13139
13133
13141
13137
13133
13133
13134
13132
13137
13129
13122
13133
13135
13133
13140
13133
13132
13126
13131
13131
13130
13124
13125
13141
13140
13133
13136
13134
13134
13138
13136
13129
13132
13133
13134
13138
13137
13135
13134
13138
13145
13136
13141
13145
13141
13140
13141
13142
13147
13143
13132
13135
13128
13130
13133
13130
13131
13133
13135
13140
13140
13029
12619
11869
11238
10757
10389
10152
10046
10047
10042
10127
10221
10358
10475
10617
10749
10896
11027
11167
11278
11397
11505
11617
11704
11807
11881
11958
12034
12104
12152
12225
12274
12330
12377
12419
12467
12518
12561
12598
12632
12669
12687
12729
12757
12776
12794
12808
12826
12852
12860
12875
12896
12910
12924
12940
12951
12960
12968
12979
12991
12987
12997
13009
13026
13027
13034
13042
13050
13059
13056
13065
13066
13063
13068
13065
13071
13072
13076
13079
13092
13088
13093
13097
13109
13112
13113
13107
13106
13114
13106
13107
13108
13110
13112
13113
13119
13117
13123
13121
13127
13115
13118
13116
13123
13123
13128
13121
13133
13126
13124
13126
13115
13114
13111
13109
13107
13110
13106
13107
13111
13113
13112
13115
13119
13129
13130
13123
13130
13138
13131
13133
13135
13133
13132
13125
13128
13131
13129
13131
13124
13124
13129
13132
13124
13135
13132
13124
13125
13133
13126
13139
13134
13129
13131
13133
13135
13138
13133
13137
13131
13127
13123
13134
13139
13136
13134
13135
13130
13133
13121
13118
13126
13126
13133
13130
13132
13128
13136
13138
13139
13134
13132
13135
13138
13141
13135
13139
13145
13147
13147
13153
13145
13134
13130
13135
13137
13142
13143
13137
13136
13130
13126
13133
13130
13129
13137
13142
13139
13143
13141
13148
13146
13143
13146
13142
13148
13138
13138
13125
13129
13118
13120
13125
13121
13126
13129
13127
13137
13134
13128
13130
13138
13137
13139
13128
13126
13126
13130
13126
13116
13117
13116
13119
13118
13127
13127
13124
13127
13140
13135
13139
13142
13141
13141
13138
13142
13140
13142
13139
13137
13132
13139
13141
13133
13139
13136
13137
13138
13143
13136
13143
13138
13127
13134
13130
13125
13131
13136
13136
13143
13145
13143
13143
13144
13148
13143
13136
13144
13149
13139
13138
13136
13134
13138
13134
13133
13131
13135
13134
13131
13129
13137
13136
13140
13133
13133
13132
13134
13130
13125
13135
13124
13124
13127
13122
13132
13128
13129
13133
13129
13127
13122
13120
13128
13129
13125
13120
13124
13138
13137
13145
13140
13137
13145
13140
13138
13133
13138
13138
13143
13141
13137
13134
13139
13142
13146
13134
13132
13121
13118
13122
13116
13117
13116
13114
13124
13130
13131
13125
13125
13131
13125
13128
13134
13127
13125
13133
13129
13134
13132
13134
13133
13126
13137
13139
13139
13131
13135
13138
13143
13137
13146
13147
13136
13129
13124
13121
13125
13122
13117
13121
13119
13116
13125
13133
13134
13134
13136
13136
13130
13128
13127
13126
13129
13127
13130
13135
13133
13129
13122
13121
13121
13121
13128
13129
13134
13131
13135
13126
13131
13127
13132
13137
13139
13140
13138
13133
13132
13136
13138
13139
13131
13126
13130
13132
13137
13143
13140
13143
13139
13138
13130
13129
13132
13130
13120
13118
13117
13123
13123
13125
13128
13135
13132
13134
13128
13132
13132
13127
13134
13127
13132
13133
13131
13130
13128
13124
13126
13125
13119
13134
13130
13128
13135
13144
13139
13141
13138
13141
13140
13142
13135
13133
13132
13133
13132
13127
13126
13132
13134
13129
13132
13130
13132
13129
13128
13130
13134
13132
13133
13127
13131
13133
13134
13131
13137
13127
13131
13126
13128
13128
13126
13124
13123
13126
13125
13122
13127
13126
13127
13124
13119
