13133
13131
13139
13128
13127
13140
13130
13130
13131
13137
13140
13132
13130
13128
13124
13124
13121
13121
13120
13121
13126
13123
13119
13124
13120
13124
13131
13131
13137
13130
13131
13128
13121
13127
13127
13132
13140
13137
13142
13153
13147
13146
13147
13148
13138
13137
13133
13137
13136
13140
13136
13137
13132
13130
13136
13146
13138
13129
13135
13132
13144
13137
13137
13135
13141
13141
13138
13140
13144
13145
13151
13147
13145
13148
13142
13138
13141
13140
13136
13135
13131
13132
13141
13131
13123
13124
13125
13128
13127
13125
13132
13131
13127
13134
13147
13145
13142
13138
13142
13142
13144
13128
13123
13124
13126
13129
13128
13124
13127
13138
13139
13142
13142
13136
13137
13134
13133
13138
13134
13144
13140
13142
13148
13139
13143
13145
13138
13141
13133
13131
13138
13133
13138
13142
13145
13140
13142
13140
13143
13142
13141
13135
13140
13149
13145
13138
13144
13138
13142
13138
13133
13138
13128
13135
13141
13142
13143
13140
13147
13145
13140
13137
13148
13138
13134
13132
13134
13138
13142
13139
13140
13132
13130
13124
13122
13123
13129
13128
13132
13130
13141
13136
13142
13140
13137
13134
13138
13138
13139
13140
13137
13137
13136
13141
13139
13141
13145
13142
13137
13133
13129
13125
13128
13122
13124
13128
13122
13122
13122
13128
13126
13120
13126
13127
13119
13118
13120
13123
13129
13124
13127
13126
13125
13129
13130
13130
13129
13127
13132
13130
13134
13136
13134
13138
13139
13136
13131
13124
13128
13128
13125
13120
13128
13126
13129
13126
13125
13133
13138
13127
13127
13136
13138
13133
13135
13133
13131
13137
13141
13135
13145
13142
13130
13133
13144
13139
13130
13125
13122
13131
13130
13136
13134
13137
13139
13138
13135
13143
13148
13142
13140
13139
13141
13139
13146
13147
13141
13139
13141
13141
13143
13144
13146
13145
13153
13151
13153
13151
13149
13137
13136
13127
13128
13130
13124
13129
13126
13128
13134
13135
13135
13137
13134
13136
13134
13131
13133
13130
13141
13150
13149
13138
13136
13127
13127
13131
13129
13123
13132
13130
13142
13134
13135
13138
13139
13143
13144
13142
13136
13132
13134
13134
13130
13131
13127
13128
13126
13119
13120
13118
13120
13124
13123
13129
13133
13133
13132
13137
13138
13147
13143
13131
13130
13125
13131
13135
13137
13146
13146
13142
13136
13133
13129
13122
13126
13122
13119
13125
13125
13129
13138
13125
13128
13133
13136
13137
13137
13137
13141
13138
13135
13137
13130
13137
13139
13134
13131
13133
13131
13139
13135
13130
13136
13134
13133
13138
13133
13132
13128
13128
13129
13137
13144
13146
13156
13157
13151
13140
13149
13143
13146
13141
13137
13135
13130
13129
13130
13117
13115
13126
13125
13124
13118
13116
13119
13125
13120
13121
13130
13138
13134
13139
13151
13140
13141
13147
13136
13138
13138
13136
13136
13135
13136
13133
13136
13136
13134
13133
13126
13132
13135
13136
13131
13129
13138
13134
13126
13134
13136
13141
13147
13142
13134
13136
13134
13131
13134
13137
13137
13136
13132
13122
13133
13126
13129
13131
13121
13128
13126
13131
13134
13138
13142
13148
13141
13138
13135
13138
13142
13133
13140
13135
13139
13139
13001
12590
12270
12069
11969
11907
11896
11906
11938
11982
12037
12085
12149
12203
12264
12320
12363
12406
12454
12490
12532
12572
12611
12646
12683
12714
12739
12764
12790
12808
12830
12857
12864
12879
12895
12911
12934
12948
12966
12983
12979
12989
12990
12999
13008
13013
13012
13026
13036
13043
13051
13053
13056
13069
13070
13085
13082
13083
13090
13087
13085
13087
13083
13081
13090
13090
13090
13087
13099
13102
13104
13115
13118
13123
13118
13119
13127
13124
13121
13125
13129
13134
13130
13132
13130
13118
13119
13126
13112
13114
13117
13118
13123
13121
13124
13130
13128
13129
13137
13129
13130
13131
13126
13121
13129
13118
12989
12910
12847
12818
12806
12809
12813
12819
12831
12843
12862
12870
12884
12904
12919
12931
12948
12953
12969
12979
12984
12994
12998
13012
13025
13026
13038
13048
13054
13063
13051
13050
13064
13068
13083
13095
13093
13103
13112
13117
13117
13118
13107
13107
13106
13113
13105
13105
13103
13107
13111
13106
13091
13096
13094
13096
13101
13105
13103
13106
13111
13115
13115
13121
13123
13115
13123
13120
13121
13128
13128
13125
13128
13129
13123
13128
13128
13119
13122
13118
13117
13115
13119
13122
13138
13138
13144
13138
13141
13137
13143
13129
13135
13132
13130
13127
13124
13125
13121
13125
13134
13136
13131
13136
13139
13144
13141
13133
13131
13134
13132
13128
13137
13120
13002
12930
12871
12835
12801
12784
12776
12778
12790
12802
12814
12833
12848
12865
12887
12901
12919
12927
12935
12946
12958
12970
12973
12982
12990
12999
13005
13019
12946
12846
12789
12755
12747
12734
12742
12758
12772
12783
12808
12822
12836
12857
12872
12883
12909
12926
12948
12953
12967
12975
12985
12993
12998
13010
13022
13023
13032
13031
13038
13049
13063
13069
13075
13081
13079
13083
13086
13093
13084
13088
13102
13098
13109
13108
13108
13122
13110
13107
13118
13107
13114
13118
13115
13117
13115
13115
13112
13114
13122
13126
13133
13138
13136
13136
13131
13127
13137
13132
13134
13132
13129
13129
13125
13116
13110
13111
13115
13116
13115
13129
13126
13125
13133
13134
13127
13130
13128
13129
13138
13131
13132
13132
13133
13137
13142
13134
13137
13133
13138
13136
13141
13138
13142
13140
13141
13138
13139
13127
13127
13124
13117
13122
13122
13125
13125
13127
13133
13135
13123
13126
13133
13132
13133
13136
13134
13125
13128
13124
13127
13122
13122
13128
13125
13127
13127
13133
13138
13138
13141
13135
13149
13146
13145
13140
13138
13136
13136
13135
13129
13134
13131
13131
13126
13122
13121
13128
13127
13134
13130
13134
13135
13135
13137
13133
13130
13134
13129
13129
13128
13122
13118
13122
13118
13128
13124
13127
13128
13133
13139
13138
13133
13137
13128
13130
13126
13126
13140
13134
13134
13139
13141
13136
13136
13131
13132
13141
13141
13136
13131
13127
13131
13120
13124
13124
13130
13138
13131
13134
13128
13121
13127
13135
13129
13128
13130
13129
13129
13137
13142
13142
13140
13137
13133
13138
13133
13137
13134
13123
13125
13133
13125
13125
13121
13125
13133
13134
13132
13131
13127
13126
13127
13126
13129
13131
13129
13139
13129
13124
13135
13129
13131
13138
13133
13132
13133
13136
13135
13132
13133
13128
13119
13120
13122
13130
13125
13122
13135
13129
13138
13143
13136
13138
13142
13145
13145
13146
