13136
13139
13143
13131
13133
13127
13137
13133
13133
13124
13124
13126
13128
13127
13127
13125
13130
13133
13130
13121
13122
13126
13133
13132
13131
13135
13132
13130
13144
13138
13143
13146
13148
13144
13138
13139
13135
13138
13133
13132
13129
13133
13135
13134
13133
13126
13121
13124
13123
13128
13141
13138
13134
13137
13134
13136
13139
13136
13140
13138
13134
13136
13138
13138
13131
13134
13130
13122
13130
13123
13127
13136
13138
13140
13138
13139
13143
13149
13142
13140
13133
13137
13136
13123
13123
13131
13136
13142
13143
13139
13138
13139
13142
13134
13122
13122
13131
13131
13129
13126
13133
13133
13137
13139
13137
13137
13140
13136
13139
13135
13137
13138
13135
13138
13135
13138
13135
13137
13136
13133
13129
13132
13135
13129
13133
13138
13137
13142
13141
13134
13141
13135
13135
13139
13141
13138
13137
13142
13141
13142
13134
13131
13126
13130
13132
13132
13130
13125
13128
13122
13124
13124
13125
13134
13132
13131
13140
13144
13150
13148
13143
13151
13147
13142
13146
13142
13145
13151
13146
13146
13155
13142
13145
13143
13134
13134
13140
13143
13137
13133
13132
13139
13144
13145
13149
13138
13136
13132
13142
13132
13131
13133
13134
13134
13132
13137
13140
13142
13143
13148
13149
13149
13153
13145
13149
13138
13143
13144
13139
13139
13146
13129
13125
13131
13137
13141
13142
13127
13126
13130
13137
13142
13140
13139
13140
13141
13140
13143
13138
13126
13133
13140
13136
13140
13141
13139
13136
13138
13133
13131
13122
13127
13133
13126
13137
13138
13140
13145
13153
13142
13147
13136
13129
13133
13133
13130
13130
13128
13123
13125
13125
13120
13124
13127
13123
13122
13122
13127
13138
13126
13131
13134
13133
13135
13140
13138
13138
13138
13140
13143
13140
13146
13139
13141
13147
13142
13142
13144
13137
13130
13137
13132
13131
13134
13133
13135
13137
13137
13138
13138
13143
13141
13149
13151
13151
13151
13142
13141
13143
13136
13133
13133
13135
13134
13133
13136
13141
13137
13133
13138
13125
13126
13128
13128
13134
13136
13136
13137
13132
13130
13136
13134
13133
13139
13141
13135
13136
13138
13132
13130
13131
13132
13135
13137
13140
13141
13137
13136
13144
13136
13138
13141
13138
13136
13131
13132
13131
13132
13132
13129
13127
13125
13128
13130
13131
13129
13130
13137
13133
13130
13142
13133
13131
13135
13133
13128
13130
13131
13136
13133
13141
13131
13145
13143
13137
13138
13144
13139
13148
13141
13138
13140
13140
13142
13148
13141
13140
13140
13141
13139
13133
13133
13133
13128
13132
13129
13131
13141
13139
13140
13153
13147
13144
13143
13142
13140
13141
13140
13138
13131
13127
13125
13126
13126
13123
13129
13128
13128
13130
13132
13125
13128
13130
13134
13133
13134
13138
13137
13138
13149
13147
13147
13151
13151
13158
13161
13155
13157
13153
13144
13152
13147
13153
13152
13142
13143
13142
13140
13147
13145
13151
13143
13147
13139
13136
13127
13120
13122
13134
13129
13124
13133
13133
13134
13130
13129
13132
13133
13139
13143
13142
13141
13142
13130
13131
13125
13133
13140
13141
13137
13137
13132
13139
13144
13139
13140
13142
13141
13141
13135
13134
13135
13143
13142
13121
12887
12245
11620
11141
10831
10694
10621
10606
10634
10720
10800
10913
11019
11140
11243
11366
11467
11574
11663
11762
11843
11926
12002
12073
12132
12208
12259
12323
12377
12424
12472
12524
12559
12598
12627
12657
12684
12720
12742
12769
12789
12812
12830
12858
12867
12886
12907
12921
12932
12945
12960
12971
12975
12990
12995
13014
13024
13035
13037
13032
13032
13038
13054
13054
13058
13072
13066
13073
13088
13077
13086
13096
13100
13101
13102
13103
13102
13111
13111
13104
13106
13109
13111
13119
13112
13102
13108
13117
13121
13115
13113
13111
13115
13116
13119
13125
13127
13137
13140
13138
13139
13143
13148
13145
13139
13137
13127
13131
13124
13115
13112
13121
13122
13124
13120
13121
13115
13128
13128
13134
13138
13139
13144
13156
13151
13143
13143
13144
13134
13133
13137
13132
13139
13147
13153
13147
13141
13143
13137
13138
13139
13139
13146
13147
13135
13133
13123
13121
13127
13125
13129
13131
13124
13123
13116
13118
13104
13107
13111
13116
13114
13115
13111
13127
13125
13129
13140
13148
13141
13148
13144
13143
13145
13146
13142
13138
13135
13131
13126
13121
13122
13120
13125
13116
13122
13130
13118
13122
13125
13127
13131
13135
13137
13136
13140
13142
13138
13139
13138
13132
13129
13130
13130
13133
13131
13142
13152
13148
13153
13151
13144
13150
13148
13148
13152
13145
13143
13151
13145
13142
13144
13142
13137
13143
13137
13149
13147
13148
13156
13147
13146
13146
13142
13139
13132
13124
13122
13126
13132
13136
13136
13140
13137
13147
13138
13139
13139
13139
13145
13139
13149
13143
13136
13141
13139
13134
13133
13134
13133
13127
13127
13128
13130
13136
13128
13133
13125
13114
13121
13119
13122
13123
13131
13138
13141
13144
13136
13141
13141
13139
13136
13132
13129
13137
13133
13137
13136
13141
13133
13133
13124
13118
13127
13128
13138
13130
13131
13131
13131
13138
13137
13136
13139
13134
13135
13138
13135
13129
13133
13134
13137
13134
13129
13129
13138
13146
13143
13139
13141
13136
13136
13140
13138
13146
13137
13136
13137
13136
13123
13129
13119
13122
13125
13124
13125
13114
13118
13120
13125
13124
13122
13131
13133
13135
13132
13132
13126
13127
13129
13129
13128
13126
13130
13136
13137
13135
13127
13132
13135
13133
13136
13140
13140
13146
13140
13137
13134
13134
13132
13132
13135
13141
13142
13142
13137
13134
13138
13131
13137
13137
13135
13133
13135
13137
13135
13138
13136
13132
13130
13137
13135
13133
13132
13130
13133
13137
13126
13128
13133
13141
13142
13147
13142
13153
13147
13143
13147
13142
13151
13150
13146
13146
13147
13143
13145
13143
13143
13146
13150
13155
13150
13158
13158
13149
13143
13150
13139
13136
13142
13139
13142
13141
13145
13147
13151
13149
13140
13136
13131
13134
13138
13142
13137
13139
13132
13139
13138
13141
13147
13146
13141
13143
13138
13134
13138
13139
13137
13142
13145
13144
13140
13141
13142
13135
13130
13130
13127
13124
13133
13131
13136
13132
13138
13143
13138
13140
13136
13131
13129
13131
13128
13131
13125
13132
13130
13134
13134
13133
13142
13145
13146
13133
13132
13133
13127
13127
13132
13130
13135
13141
13139
13140
13139
13142
13144
13145
13145
13145
13142
13142
13138
13137
13133
13130
13132
13130
13129
13131
13130
13134
13147
13144
13139
13144
13140
