13130
13130
13130
13133
13135
13133
13141
13149
13144
13139
13152
13140
13145
13141
13133
13133
13135
13136
13137
13137
13140
13137
13140
13138
13137
13135
13133
13136
13142
13134
13135
13135
13133
13135
13142
13138
13139
13137
13137
13134
13137
13139
13142
13138
13144
13135
13135
13140
13134
13133
13134
13122
13124
13117
13118
13115
13128
13123
13131
13132
13128
13122
13128
13125
13125
13126
13128
13130
13131
13125
13126
13122
13121
13119
13128
13129
13134
13133
13146
13143
13134
13135
13139
13130
13138
13144
13142
13140
13131
13129
13134
13131
13127
13135
13133
13132
13137
13128
13133
13129
13140
13128
13129
13133
13128
13128
13133
13130
13135
13131
13133
13138
13142
13142
13146
13141
13135
13135
13129
13131
13125
13125
13130
13126
13132
13125
13129
13127
13122
13124
13133
13134
13135
13137
13139
13141
13143
13137
13148
13146
13141
13138
13139
13138
13138
13139
13140
13136
13143
13130
13132
13133
13139
13137
13143
13144
13143
13150
13144
13149
13138
13139
13138
13129
13124
13127
13134
13133
13134
13135
13140
13131
13122
13124
13120
13122
13120
13118
13123
13120
13117
13115
13113
13115
13119
13120
13117
13113
13117
13113
13120
13121
13126
13124
13124
13127
13132
13133
13132
13126
13120
13129
13140
13137
13134
13131
13134
13141
13131
13133
13138
13133
13134
13140
13140
13146
13158
13147
13146
13152
13151
13141
13142
13136
13131
13133
13137
13133
13140
13129
13125
13122
13124
13123
13126
13130
13131
13134
13134
13137
13134
13136
13141
13139
13135
13135
13138
13129
13123
13118
13127
13121
13120
13126
13124
13125
13133
13135
13133
13130
13135
13130
13131
13127
13122
13122
13130
13129
13136
13127
13126
13133
13135
13133
13136
13132
13133
13129
13130
13132
13129
13130
13132
13134
13139
13143
13145
13143
13139
13134
13135
13131
13131
13136
13135
13136
13141
13136
13137
13138
13141
13143
13143
13137
13134
13133
13135
13136
13145
13131
13131
13136
13137
13130
13129
13131
13129
13134
13129
13135
13135
13138
13138
13141
13145
13143
13144
13145
13137
13125
13129
13122
13134
13136
13129
13129
13129
13125
13133
13132
13133
13135
13133
13132
13131
13131
13134
13124
13132
13129
13125
13132
13133
13133
13137
13138
13131
13133
13128
13135
13131
13133
13135
13132
13133
13135
13135
13134
13128
13126
13135
13124
13121
13123
13118
13125
13129
13131
13133
13132
13133
13137
13136
13137
13134
13129
13133
13134
13137
13124
13127
13132
13134
13134
13129
13130
13129
13124
13128
13133
13129
13133
13134
13133
13126
13125
13125
13122
13122
13117
13123
13117
13120
13124
13123
13119
13127
13122
13127
13131
13132
13132
13137
13138
13134
13136
13130
13130
13137
13137
13135
13139
13134
13131
13128
13125
13125
13124
13119
13124
13119
13122
13123
13119
13124
13124
13125
13128
13120
13113
13117
13119
13113
13120
13122
13119
13125
13134
13136
13136
13139
13136
13138
13144
13138
13140
13142
13146
13153
13146
13144
13148
13147
13147
13140
13142
13144
13145
13141
13138
13130
13138
13137
13138
13138
13134
13134
13138
13130
13127
13132
13127
13126
13126
13129
13132
13128
13130
13140
13133
13137
13139
13134
13139
13142
13138
13045
12579
12129
11671
11305
11079
10989
10953
10981
11029
11069
11012
10922
10890
10924
10965
11054
11138
11250
11343
11446
11544
11644
11730
11827
11901
11981
12055
12117
12174
12238
12292
12349
12404
12446
12486
12527
12563
12599
12632
12666
12691
12725
12745
12766
12784
12799
12817
12840
12853
12876
12894
12908
12921
12934
12954
12958
12958
12973
12981
12989
13000
12999
13004
13011
13013
13021
13038
13042
13044
13051
13059
13056
13065
13071
13070
13078
13087
13095
13100
13102
13104
13110
13111
13105
13111
13106
13105
13108
13107
13111
13115
13116
13111
13110
13119
13121
13118
13122
13117
13119
13116
13110
13114
13122
13121
13126
13133
13130
13131
13129
13127
13126
13126
13121
13120
13128
13134
13140
13134
13135
13136
13148
13142
13136
13132
13123
13129
13135
13137
13136
13135
13130
13134
13135
13138
13136
13127
13133
13132
13138
13135
13136
13133
13140
13136
13136
13138
13138
13140
13141
13130
13120
13114
13119
13115
13129
13128
13130
13133
13129
13123
13132
13122
13122
13125
13127
13128
13133
13132
13133
13130
13138
13136
13134
13136
13139
13138
13138
13139
13143
13143
13139
13135
13142
13133
13138
13138
13131
13130
13133
13139
13138
13136
13142
13135
13139
13141
13145
13133
13137
13131
13136
13127
13129
13133
13141
13138
13136
13134
13132
13135
13129
13129
13135
13137
13142
13145
13144
13147
13151
13146
13141
13127
13133
13123
13118
13122
13120
13113
13117
13124
13128
13126
13127
13132
13133
13136
13138
13131
13132
13129
13140
13135
13134
13140
13138
13142
13134
13132
13132
13137
13138
13140
13140
13140
13142
13141
13146
13141
13135
13140
13137
13139
13146
13131
13131
13137
13130
13136
13137
13137
13134
13133
13129
13125
13123
13123
13126
13123
13132
13124
13124
13111
13110
13118
13116
13121
13132
13128
13136
13141
13136
13132
13121
13122
13127
13125
13124
13124
13125
13126
13121
13117
13122
13118
13114
13121
13122
13122
13125
13126
13133
13127
13133
13127
13130
13126
13127
13129
13124
13124
13133
13123
13131
13132
13134
13132
13127
13128
13129
13132
13119
13125
13119
13130
13129
13125
13122
13122
13125
13132
13129
13129
13129
13123
13125
13127
13122
13122
13127
13131
13133
13128
13120
13122
13112
13112
13103
13107
13110
13110
13124
13123
13128
13135
13136
13131
13126
13119
13123
13121
13127
13129
13127
13129
13133
13129
13134
13132
13132
13131
13126
13123
13132
13126
13115
13124
13128
13134
13139
13133
13129
13133
13134
13135
13130
13136
13130
13133
13130
13128
13135
13132
13134
13139
13132
13123
13118
13118
13128
13133
13125
13124
13125
13129
13131
13129
13124
13058
12947
12881
12831
12800
12809
12800
12809
12822
12840
12859
12880
12889
12902
12914
12916
12929
12942
12956
12970
12983
12994
13001
13013
13019
13022
13029
13040
13046
13051
13059
13071
13083
13090
13098
13097
13103
13106
13095
13096
13090
13094
13105
13106
13106
13112
13105
13104
13110
13111
13107
13106
13100
13111
13105
13104
13107
13110
13116
13119
13120
13116
13110
13121
13117
13117
13119
13121
13122
13124
13126
13131
13128
13120
13124
13115
13113
13113
13121
13117
13122
13118
13126
13122
13123
13137
13129
13124
13133
13118
13113
13111
13114
13125
13129
13128
13121
13126
13134
13141
13137
13138
13134
13139
13139
