13122
13125
13135
13131
13129
13136
13136
13138
13142
13144
13144
13137
13134
13131
13130
13134
13136
13131
13125
13123
13131
13127
13129
13127
13126
13124
13124
13134
13131
13133
13134
13137
13126
13133
13132
13134
13137
13145
13150
13158
13153
13144
13154
13148
13139
13139
13135
13138
13144
13143
13140
13135
13136
13131
13131
13138
13139
13137
13137
13138
13146
13135
13132
13133
13129
13137
13134
13130
13126
13125
13133
13133
13130
13130
13133
13137
13143
13137
13140
13140
13129
13124
13130
13122
13117
13128
13125
13125
13127
13124
13130
13123
13125
13125
13135
13140
13138
13134
13128
13130
13142
13137
13130
13134
13134
13134
13131
13125
13129
13135
13134
13135
13127
13137
13129
13129
13128
13132
13126
13133
13131
13127
13138
13131
13128
13134
13134
13132
13139
13134
13139
13133
13146
13144
13147
13145
13145
13144
13148
13146
13146
13146
13147
13146
13149
13144
13147
13138
13141
13140
13142
13133
13129
13135
13142
13144
13145
13145
13147
13139
13145
13142
13149
13141
13136
13138
13133
13124
13124
13116
13126
13132
13141
13136
13139
13141
13134
13138
13141
13153
13155
13144
13141
13149
13147
13141
13142
13141
13133
13137
13141
13142
13143
13142
13142
13143
13142
13139
13140
13142
13139
13138
13147
13135
13135
13145
13138
13139
13138
13138
13140
13137
13138
13127
13124
13123
13124
13124
13125
13123
13135
13127
13124
13134
13124
13125
13129
13120
13119
13120
13122
13127
13125
13122
13121
13123
13132
13131
13133
13141
13147
13147
13153
13144
13146
13150
13139
13138
13133
13132
13135
13130
13135
13129
13126
13123
13127
13126
13121
13124
13136
13134
13135
13137
13140
13133
13133
13137
13139
13134
13132
13135
13133
13134
13134
13132
13125
13133
13140
13144
13142
13140
13150
13145
13143
13141
13135
13133
13134
13132
13128
13129
13130
13135
13145
13145
13144
13140
13139
13139
13145
13132
13130
13134
13132
13131
13129
13131
13132
13138
13136
13140
13138
13143
13137
13138
13138
13145
13137
13146
13137
13132
13135
13136
13132
13130
13136
13133
13139
13138
13139
13140
13140
13140
13147
13143
13137
13133
13134
13135
13143
13137
13130
13134
13138
13142
13142
13134
13136
13134
13134
13136
13130
13135
13142
13141
13136
13138
13133
13136
13127
13131
13134
13132
13132
13133
13128
13137
13124
13132
13130
13130
13130
13128
13122
13126
13129
13130
13138
13138
13143
13139
13137
13138
13131
13126
13125
13125
13121
13123
13038
12931
12867
12830
12813
12799
12798
12810
12822
12848
12857
12871
12884
12898
12913
12936
12943
12959
12972
12986
12993
12997
13000
13004
13015
13029
13033
13045
13052
13060
13064
13075
13077
13082
13077
13074
13075
13078
13077
13085
13087
13089
13090
13091
13101
13105
13107
13110
13108
13112
13113
13112
13120
13121
13120
13122
13116
13111
13116
13111
13114
13118
13124
13122
13118
13118
13121
13123
13125
13123
13129
13129
13137
13134
13131
13138
13134
13137
13134
13134
13143
13147
13141
13145
13143
13139
13134
13137
13137
13139
13140
13138
13147
13140
13142
13146
13140
13136
13137
13132
13133
13136
13137
13131
13139
13137
13132
13141
13136
13134
13133
13126
13130
13128
13125
13132
13141
13154
13053
12292
11453
10873
10546
10352
10291
10283
10353
10434
10564
10689
10830
10941
11087
11192
11322
11427
11530
11624
11733
11816
11908
11981
12066
12130
12200
12255
12316
12365
12406
12456
12500
12529
12565
12606
12644
12686
12718
12739
12763
12783
12796
12810
12825
12836
12857
12876
12894
12914
12932
12952
12967
12975
12992
12996
12998
13009
13009
13010
13009
13016
13024
13036
13041
13044
13049
13061
13064
13078
13082
13090
13100
13092
13102
13100
13095
13095
13097
13093
13098
13099
13099
13105
13101
13102
13103
13100
13106
13106
13098
13110
13111
13116
13121
13123
13123
13131
13134
13129
13129
13126
13131
13133
13135
13137
13137
13141
13141
13138
13128
13133
13142
13138
13134
13130
13127
13135
13137
13132
13135
13133
13131
13132
13134
13141
13137
13139
13138
13142
13139
13138
13131
13130
13133
13126
13134
13132
13120
13121
13123
13130
13132
13131
13126
13127
13135
13137
13140
13143
13135
13134
13142
13137
13129
13132
13123
13122
13125
13122
13119
13116
13118
13128
13117
13125
13122
13128
13128
13132
13127
13132
13126
13128
13137
13131
13138
13140
13133
13134
13134
13142
13138
13139
13137
13133
13134
13137
13134
13134
13131
13130
13130
13129
13124
13129
13131
13139
13134
13135
13127
13136
13132
13133
13125
13129
13126
13131
13134
13128
13123
13121
13121
13120
13122
13126
13128
13136
13140
13138
13137
13137
13145
13145
13140
13135
13136
13138
13140
13134
13141
13141
13144
13140
13138
13138
13138
13137
13134
13133
13132
13138
13139
13144
13140
13144
13139
13131
13129
13134
13133
13132
13130
13126
13131
13129
13119
13129
13124
13132
13126
13135
13140
13144
13145
13145
13138
13141
13139
13139
13137
13137
13136
13132
13131
13136
13134
13137
13143
13144
13140
13138
13134
13135
13129
13132
13133
13140
13139
13136
13131
13146
13138
13132
13136
13136
13128
13132
13130
13129
13130
13133
13130
13138
13137
13132
13128
13124
13119
13126
13131
13136
13144
13144
13142
13136
13132
13129
13131
13128
13122
13126
13134
13134
13126
13134
13134
13138
13137
13134
13134
13131
13127
13132
13135
13129
13125
13129
13130
13136
13140
13139
13136
13132
13133
13133
13125
13128
13132
13136
13141
13138
13138
13135
13137
13146
13145
13147
13142
13144
13141
13140
13136
13144
13135
13141
13135
13132
13129
13133
13130
13126
13129
13141
13138
13134
13133
13136
13131
13132
13121
13120
13131
13134
13140
13143
13136
13146
13148
13139
13134
13134
13132
13124
13125
13129
13132
13132
13128
13119
13119
13122
13121
13127
13122
13125
13123
13125
13125
13124
13118
13122
13122
13135
13146
13141
13143
13149
13146
13143
13142
13139
13138
13138
13137
13135
13130
13133
13121
13118
13125
13133
13137
13135
13135
13138
13141
13140
13138
13137
13137
13139
13129
13136
13127
13133
13133
13139
13139
13138
13135
13141
13144
13147
13153
13139
13141
13136
13135
13135
13141
13151
13158
13152
13150
13142
13138
13137
13132
13132
13134
13130
13135
13134
13137
13142
13139
13142
13137
13139
13146
13148
13149
13147
13142
13144
13144
13145
13143
13137
13133
13144
13135
13134
13138
13130
13127
13136
13135
13129
13127
13133
13135
13135
13132
13134
13128
13133
13131
13132
13127
13135
13140
13132
13136
13141
13145
13147
13138
13126
13127
13131
