13119
13118
13127
13124
13128
13124
13134
13137
13133
13134
13131
13138
13142
13135
13133
13137
13127
13134
13131
13138
13140
13141
13149
13151
13142
13147
13143
13147
13151
13150
13139
13149
13139
13139
13141
13137
13141
13138
13138
13140
13149
13148
13145
13144
13143
13141
13145
13148
13145
13145
13141
13136
13145
13140
13147
13151
13142
13135
13132
13131
13129
13136
13134
13139
13131
13135
13133
13133
13135
13134
13131
13141
13135
13132
13136
13123
13125
13123
13121
13120
13122
13128
13128
13131
13137
13128
13128
13127
13124
13122
13118
13121
13118
13122
13121
13131
13128
13132
13139
13134
13139
13143
13142
13141
13144
13141
13139
13129
13123
13123
13118
13125
13122
13114
13120
13120
13126
13130
13136
13140
13133
13131
13129
13128
13130
13121
13117
13116
13115
13116
13120
13121
13132
13120
13126
13132
13129
13136
13137
13138
13144
13144
13141
13142
13134
13146
13149
13146
13147
13141
13140
13144
13142
13145
13155
13140
13138
13140
13136
13139
13146
13139
13135
13137
13140
13131
13136
13133
13128
13131
13131
13131
13126
13122
13123
13122
13119
13118
13120
13122
13122
13125
13125
13137
13132
13138
13143
13132
13134
13135
13125
13130
13127
13125
13134
13136
13131
13134
13131
13130
13125
13135
13131
13128
13132
13130
13130
13134
13134
13132
13132
13130
13131
13127
13126
13131
13139
13136
13133
13138
13135
13136
13131
13133
13130
13132
13133
13123
13123
13127
13131
13143
13142
13140
13144
13132
13132
13137
13126
13121
13129
13126
13129
13132
13131
13127
13134
13132
13133
13129
13134
13130
13127
13128
13134
13140
13142
13139
13130
13138
13137
13138
13141
13137
13134
13133
13135
13131
13136
13134
13135
13138
13138
13138
13152
13151
13151
13150
13137
13140
13147
13144
13139
13147
13150
13149
13151
13146
13146
13138
13136
13132
13135
13129
13123
13127
13125
13116
13126
13127
13132
13133
13136
13141
13140
13145
13141
13139
13142
13135
13135
13142
13134
13129
13134
13131
13134
13138
13133
13141
13139
13142
13138
13140
13139
13139
13150
13149
13145
13146
13148
13142
13146
13147
13146
13148
13148
13147
13145
13142
13144
13139
13138
13142
13146
13147
13151
13139
13139
13139
13148
13147
13148
13139
13148
13146
13140
13143
13145
13148
13148
13145
13151
13151
13152
13139
13141
13145
13140
13142
13138
13133
13137
13134
13133
13132
13121
13120
13118
13122
13127
13124
13136
13146
13148
13154
13156
13148
13152
13142
13146
13147
13144
13139
13154
13147
13143
13155
13145
13147
13145
13143
13151
13139
13138
13142
13138
13143
13142
13139
13145
13138
13143
13132
13137
13141
13148
13150
13146
13147
13145
13138
13133
13131
13118
13119
13118
13121
13121
13129
13123
13127
13132
13123
13135
13134
13134
13147
13148
13146
13148
13152
13151
13141
13137
13133
13125
13124
13124
13119
13119
13126
13120
13121
13123
13121
13118
13115
13114
13119
13123
13129
13132
13134
13137
13137
13141
13138
13142
13144
13142
13145
13133
13124
13132
13130
13129
13132
13124
13131
13139
13136
13137
13133
13133
13128
13132
13138
13142
13141
13137
13138
13140
13136
13139
13137
13130
13134
13134
13129
13133
13137
13145
13142
13126
12859
12562
12378
12270
12159
12004
11924
11898
11892
11933
11963
12008
12058
12121
12173
12239
12289
12348
12389
12443
12490
12535
12571
12600
12633
12673
12705
12739
12754
12776
12799
12820
12839
12865
12877
12887
12902
12913
12931
12944
12959
12964
12972
12984
12993
13000
13012
13019
13027
13030
13035
13037
13056
13058
13063
13068
13069
13075
13085
13082
13077
13080
13088
13085
13087
13092
13102
13112
13111
13120
13119
13118
13124
13124
13120
13123
13127
13121
13127
13128
13129
13129
13124
13124
13119
13117
13123
13119
13121
13131
13124
13123
13129
13118
13122
13132
13129
13131
13126
13127
13134
13138
13133
13133
13135
13141
13139
13142
13139
13132
13131
13126
13128
13128
13127
13130
13131
13134
13143
13139
13143
13146
13144
13144
13139
13135
13139
13138
13133
13139
13133
13139
13145
13144
13146
13144
13133
13129
13125
13132
13121
13129
13131
13134
13132
13142
13137
13147
13140
13134
13140
13140
13144
13144
13144
13155
13149
13139
13141
13127
13125
13134
13128
13126
13130
13128
13132
13129
13122
13131
13128
13127
13127
13123
13118
13123
13128
13133
13135
13140
13139
13139
13137
13135
13127
13131
13133
13144
13140
13139
13138
13137
13134
13129
13128
13126
13127
13133
13132
13134
13134
13141
13139
13143
13138
13135
13139
13137
13127
13130
13125
13133
13138
13132
13127
13131
13133
13133
13134
13132
13130
13132
13131
13135
13138
13145
13140
13146
13141
13142
13137
13134
13137
13129
13129
13128
13128
13129
13129
13131
13133
13135
13135
13138
13137
13131
13131
13129
13125
13135
13136
13141
13141
13135
13130
13135
13139
13132
13125
13126
13124
13121
13128
13123
13127
13129
13131
13133
13128
13126
13131
13130
13129
13128
13136
13134
13139
13134
13138
13124
13132
13131
13128
13139
13135
13130
13132
13120
13121
13129
13122
13124
13127
13126
13130
13126
13123
13131
13135
13143
13135
13138
13131
13127
13119
13118
13114
13125
13125
13134
13138
13145
13147
13142
13138
13133
13128
13128
13134
13126
13124
13131
13132
13137
13134
13128
13135
13128
13119
13122
13117
13120
13132
13145
13142
13147
13145
13141
13137
13132
13123
13122
13124
13121
13115
13126
13119
13135
13132
13132
13127
13126
13131
13124
13124
13125
13121
13124
13130
13128
13131
13136
13137
13134
13137
13137
13143
13149
13140
13154
13145
13143
13146
13138
13138
13142
13146
13143
13146
13147
13140
13135
13136
13132
13128
13135
13130
13147
13136
13140
13140
13133
13137
13140
13131
13129
13124
13127
13132
13132
13130
13138
13127
13132
13128
13131
13130
13124
13114
13117
13113
13117
13128
13129
13130
13139
13132
13131
13126
13131
13129
13129
13136
13136
13142
13142
13133
13139
13131
13130
13126
13119
13126
13119
13121
13125
13127
13126
13121
13118
13125
13134
13128
13131
13137
13136
13138
13138
13125
13128
13124
13125
13128
13122
13129
13124
13129
13132
13132
13130
13129
13129
13135
13137
13135
13138
13132
13140
13135
13141
13135
13134
13136
13131
13139
13129
13127
13133
13143
13141
13144
13134
13136
13133
13135
13131
13142
13137
13133
13146
13142
13138
13141
13134
13137
13134
13136
13133
13137
13141
13142
13146
13152
13146
13152
13154
13151
13152
13139
13134
13134
13131
13129
13132
13132
13140
13136
13135
13138
13132
13136
13133
13136
13138
13133
