13136
13133
13140
13136
13136
13138
13142
13137
13138
13125
13127
13129
13120
13128
13126
13123
13128
13135
13136
13134
13137
13123
13121
13127
13127
13133
13137
13141
13145
13138
13134
13132
13124
13126
13129
13130
13137
13142
13145
13148
13141
13144
13144
13142
13149
13143
13136
13142
13139
13128
13137
13131
13129
13131
13134
13131
13141
13139
13142
13146
13150
13138
13137
13134
13131
13128
13132
13128
13134
13136
13138
13147
13139
13147
13150
13147
13149
13147
13139
13138
13131
13135
13135
13135
13138
13134
13133
13136
13140
13138
13148
13147
13151
13158
13151
13152
13146
13142
13138
13136
13129
13119
13121
13131
13134
13128
13131
13139
13142
13138
13137
13140
13129
13127
13129
13131
13130
13129
13131
13142
13144
13140
13134
13126
13127
13128
13127
13131
13126
13122
13132
13135
13132
13133
13126
13125
13130
13130
13125
13122
13116
13128
13129
13130
13130
13131
13131
13132
13142
13130
13137
13133
13126
13134
13135
13137
13134
13138
13133
13139
13130
13135
13135
13125
13125
13125
13131
13133
13124
13124
13129
13121
13125
13132
13137
13143
13144
13142
13147
13145
13141
13144
13139
13137
13134
13137
13134
13140
13141
13133
13134
13138
13138
13140
13146
13140
13142
13144
13139
13142
13137
13136
13132
13137
13137
13137
13133
13138
13133
13131
13134
13130
13125
13127
13128
13131
13133
13141
13138
13142
13137
13139
13144
13143
13143
13146
13141
13141
13145
13136
13130
13128
13131
13126
13126
13128
13133
13129
13130
13129
13122
13131
13143
13138
13135
13136
13137
13141
13140
13133
13136
13122
13120
13125
13121
13126
13124
13132
13132
13129
13134
13134
13138
13141
13141
13135
13139
13134
13137
13130
13129
13134
13129
13132
13130
13128
13133
13132
13132
13137
13139
13133
13136
13136
13136
13144
13145
13143
13142
13141
13148
13146
13139
13146
13139
13139
13144
13144
13134
13135
13135
13134
13130
13127
13126
13128
13137
13133
13137
13128
13134
13135
13131
13120
13128
13131
13130
13138
13134
13139
13137
13135
13131
13131
13130
13138
13139
13146
13129
13123
13130
13121
13128
13143
13132
13136
13146
13145
13134
13134
13131
13127
13132
13135
13123
13126
13125
13116
13125
13112
13113
13119
13121
13121
13124
13132
13139
13135
13142
13146
13140
13141
13146
13139
13140
13140
13143
13143
13137
13131
13131
13128
13125
13132
13129
13128
13137
13137
13135
13132
13135
13133
13132
13131
13129
13134
13136
13138
13138
13133
13134
13131
13126
13122
13126
13128
13130
13136
13141
13142
13133
13138
13137
13130
13127
13130
13124
13125
13118
13121
13127
13121
13119
13126
13119
13127
13126
13126
13127
13132
13137
13135
13138
13142
13137
13144
13145
13139
13144
13133
13132
13135
13125
13129
13120
13120
13134
13137
13132
13133
13126
13127
13122
13124
13121
13122
13126
13134
13133
13129
13136
13128
13125
13130
13118
13119
13120
13122
13125
13127
13130
13131
13135
13138
13134
13144
13139
13132
13132
13127
13127
13126
13120
13127
13127
13130
13138
13151
13144
13148
13141
13142
13146
13143
13145
13146
13149
13149
13136
13129
13142
13137
13134
13144
13136
13136
13142
13133
13132
13132
13131
13128
13138
13139
13010
12589
12081
11559
11100
10817
10688
10633
10664
10713
10814
10906
11025
11130
11248
11355
11466
11562
11662
11745
11842
11922
12009
12073
12136
12200
12266
12313
12363
12412
12459
12497
12535
12565
12604
12631
12666
12697
12736
12759
12687
12614
12578
12564
12571
12570
12589
12616
12643
12658
12687
12717
12743
12763
12778
12802
12819
12847
12859
12874
12891
12909
12926
12937
12946
12955
12977
12980
12993
13010
13011
13024
13031
13038
13042
13050
13055
13053
13061
13072
13073
13078
13072
13080
13087
13080
13075
13083
13079
13085
13086
13095
13097
13094
13096
13102
13086
13100
13104
13102
13104
13110
13112
13118
13118
13113
13117
13116
13117
13129
13126
13132
13137
13142
13146
13140
13142
13142
13132
13137
13125
13126
13121
13121
13127
13124
13120
13126
13128
13131
13125
13129
13129
13139
13138
13139
13127
13130
13131
13130
13129
13127
13124
13130
13123
13115
13130
13127
13123
13137
13135
13137
13147
13142
13139
13140
13136
13132
13131
13129
13136
13132
13125
13120
13124
13118
13122
13121
13119
13125
13124
13121
13128
13132
13129
13138
13141
13143
13145
13147
13150
13150
13149
13140
13138
13138
13137
13136
13131
13132
13126
13132
13135
13139
13132
13135
13129
13129
13129
13135
13140
13126
13134
13132
13140
13130
13132
13136
13133
13124
13123
13120
13123
13125
13120
13134
13123
13126
13137
13134
13131
13133
13126
13138
13139
13141
13149
13141
13143
13135
13129
13131
13132
13139
13140
13140
13133
13135
13142
13142
13144
13140
13134
13133
13138
13126
13121
13120
13120
13126
13125
13122
13130
13131
13131
13132
13124
13126
13125
13130
13131
13131
13134
13145
13142
13138
13141
13138
13140
13138
13130
13125
13134
13138
13147
13151
13154
13142
13140
13142
13139
13138
13138
13142
13151
13144
13141
13145
13141
13138
13130
13131
13132
13132
13133
13141
13141
13147
13143
13145
13150
13151
13147
13148
13143
13131
13132
13127
13125
13136
13138
13142
13140
13138
13137
13138
13140
13132
13127
13126
13123
13123
13125
13125
13128
13121
13125
13131
13128
13124
13127
13130
13132
13133
13131
13144
13143
13148
13149
13153
13151
13147
13144
13146
13142
13132
13134
13130
13134
13136
13133
13131
13132
13138
13135
13138
13138
13139
13144
13153
13143
13150
13142
13139
13142
13140
13139
13140
13143
13150
13143
13141
13138
13136
13133
13139
13130
13138
13134
13129
13133
13137
13135
13145
13148
13138
13141
13136
13134
13136
13130
13132
13135
13134
13133
13126
13127
13128
13127
13126
13132
13129
13127
13131
13137
13129
13129
13132
13130
13133
13134
13132
13139
13132
13131
13135
13129
13124
13131
13133
13134
13138
13133
13135
13137
13138
13145
13135
13134
13136
13131
13126
13138
13137
13136
13131
13140
13131
13127
13132
13129
13128
13132
13127
13136
13134
13133
13132
13134
13131
13131
13131
13130
13132
13126
13129
13122
13136
13136
13132
13135
13135
13136
13140
13134
13127
13140
13135
13141
13139
13131
13129
13125
13123
13119
13114
13116
13121
13124
13123
13120
13128
13125
13126
13130
13127
13134
13137
13136
13143
13139
13138
13133
13128
13126
13130
13120
13120
13123
13118
13121
13132
13134
13138
13136
13131
13136
13127
13121
13125
13117
13128
13133
13135
13137
13136
13141
13139
13132
13138
13134
13133
13135
13134
13133
13126
