13030
13035
13046
13051
13061
13055
13061
13077
13069
13076
13082
13087
13087
13093
13088
13088
13092
13098
13100
13097
13104
13109
13118
13122
13121
13122
13113
13117
13119
13120
13115
13112
13111
13120
13121
13122
13123
13116
13121
13121
13119
13122
13118
13123
13130
13122
13122
13129
13124
13127
13132
13133
13133
13138
13135
13134
13130
13139
13144
13139
13142
13146
13143
13144
13134
13136
13140
13133
13126
13130
13122
13123
13133
13130
13124
13128
13125
13130
13137
13136
13136
13135
13135
13131
13134
13124
13122
13123
13124
13125
13123
13129
13129
13133
13136
13131
13124
13136
13137
13134
13140
13145
13148
13146
13142
13136
13142
13141
13138
13142
13142
13136
13136
13132
13131
13134
13133
13132
13133
13137
13130
13134
13137
13134
13142
13140
13140
13141
13148
13151
13141
13139
13142
13137
13139
13137
13127
13135
13146
13138
13137
13139
13142
13148
13144
13139
13141
13136
13131
13133
13131
13128
13134
13132
13130
13137
13143
13144
13142
13140
13140
13140
13140
13133
13133
13133
13122
13123
13128
13134
13135
13138
13135
13132
13133
13141
13135
13139
13143
13142
13148
13142
13137
13140
13136
13135
13145
13147
13145
13146
13138
13141
13140
13140
13147
13139
13135
13132
13136
13135
13136
13134
13131
13131
13137
13135
13136
13143
13147
13144
13146
13146
13137
13132
13138
13137
13132
13138
13137
13141
13149
13149
13140
13148
13147
13144
13142
13139
13136
13140
13134
13132
13127
13133
13135
13134
13134
13130
13135
13138
13134
13139
13133
13136
13139
13138
13134
13138
13132
13129
13127
13126
13126
13130
13122
13126
13118
13118
13118
13122
13125
13132
13134
13130
13130
13133
13143
13138
13135
13136
13133
13130
13128
13128
13125
13127
13118
13122
13127
13131
13133
13127
13130
13130
13142
13134
13127
13136
13138
13142
13141
13147
13148
13142
13145
13139
13137
13141
13144
13127
13126
13131
13133
13140
13139
13136
13144
13135
13134
13136
13132
13132
13139
13141
13139
13131
13126
13128
13127
13132
13131
13132
13139
13138
13144
13137
13141
13134
13132
13132
13133
13130
13122
13125
13121
13127
13127
13130
13130
13134
13139
13135
13134
13137
13131
13132
13138
13131
13130
13131
13127
13130
13127
13127
13128
13128
13129
13133
13138
13140
13135
13134
13133
13130
13142
13136
13140
13140
13139
13137
13133
13130
13136
13140
13142
13146
13134
13134
13135
13137
13140
13132
13132
13133
13060
12947
12891
12845
12825
12832
12826
12830
12843
12852
12866
12878
12896
12909
12917
12929
12938
12946
12960
12970
12989
12992
12995
13005
13016
13028
13030
13043
13047
13058
13061
13069
13074
13080
13077
13080
13083
13082
13081
13089
13090
13092
13103
13105
13108
13108
13104
13110
13100
13106
13117
13112
13124
13116
13123
13127
13124
13126
13132
13134
13144
13139
13139
13144
13140
13145
13144
13139
13135
13134
13129
13136
13128
13132
13135
13138
13144
13144
13145
13151
13146
13143
13142
13128
13125
13130
13127
13129
13129
13133
13130
13128
13133
13131
13129
13133
13130
13133
13137
13137
13144
13141
13142
13147
13151
13146
13147
13138
13137
13138
13150
13143
13131
13122
13129
13123
13128
13129
13132
13104
12763
12359
11989
11740
11622
11555
11552
11567
11620
11679
11755
11813
11892
11953
11960
11910
11914
11930
11976
12018
12084
12129
12189
12241
12303
12345
12397
12428
12481
12516
12560
12595
12619
12652
12688
12710
12741
12762
12782
12804
12818
12838
12859
12872
12894
12914
12932
12939
12959
12969
12980
12987
13001
13005
13021
13019
13029
13036
13044
13043
13056
13049
13053
13066
13058
13068
13079
13083
13093
13092
13091
13096
13096
13104
13113
13110
13115
13108
13113
13119
13113
13113
13109
13108
13112
13117
13115
13122
13123
13127
13133
13135
13131
13129
13128
13127
13130
13128
13124
13117
13122
13119
13125
13135
13129
13125
13117
13119
13125
13132
13135
13137
13133
13126
13127
13113
13118
13117
13117
13122
13124
13121
13125
13118
13116
13130
13126
13123
13127
13136
13140
13138
13137
13129
13134
13139
13138
13140
13144
13142
13153
13144
13138
13142
13139
13138
13140
13135
13131
13133
13126
13133
13127
13130
13132
13129
13133
13134
13135
13141
13138
13122
13138
13132
13134
13134
13135
13137
13135
13132
13130
13131
13119
13119
13110
13120
13123
13122
13117
13121
13125
13118
13121
13128
13127
13132
13134
13139
13140
13136
13133
13138
13131
13129
13132
13134
13143
13136
13134
13137
13132
13128
13142
13084
12974
12920
12872
12854
12849
12839
12835
12844
12855
12866
12879
12899
12905
12924
12936
12949
12970
12983
12989
13001
12988
12885
12818
12776
12758
12753
12757
12765
12774
12787
12808
12815
12840
12855
12871
12881
12896
12913
12928
12931
12948
12961
12970
12980
12992
13000
13013
13017
13024
13019
13034
13044
13047
13066
13066
13068
13078
13078
13086
13092
13090
13093
13097
13097
13096
13100
13097
13101
13105
13112
13110
13108
13122
13130
13125
13130
13131
13129
13125
13119
13119
13126
13126
13132
13126
13131
13134
13133
13134
13124
13129
13126
13124
13123
13125
13116
13123
13121
13126
13124
13126
13123
13134
13134
13128
13131
13127
13135
13128
13131
13125
13124
13121
13118
13119
13127
13125
13123
13134
13133
13130
13124
13128
13134
13135
13134
13134
13135
13134
13131
13134
13127
13134
13135
13142
13133
13141
13140
13140
13141
13135
13139
13141
13137
13134
13128
13124
13130
13127
13125
13130
13123
13128
13131
13135
13140
13141
13139
13148
13145
13150
13152
13145
13148
13136
13132
13133
13132
13129
13125
13132
13128
13137
13134
13131
13131
13141
13139
13140
13139
13138
13137
13140
13135
13139
13133
13135
13140
13138
13142
13140
13139
13140
13139
13134
13133
13130
13116
13118
13118
13122
13132
13132
13129
13129
13127
13135
13132
13131
13133
13132
13138
13137
13140
13138
13131
13131
13135
13138
13140
13142
13137
13134
13129
13127
13128
13135
13139
13140
13139
13137
13137
13142
13138
13143
13150
13144
13137
13153
13146
13135
13137
13134
13143
13138
13135
13134
13133
13135
13139
13138
13143
13136
13134
13132
13135
13137
13128
13124
13125
13132
13127
13124
13126
13127
13128
13129
13125
13118
13128
13131
13137
13138
13134
13138
13139
13145
13145
13150
13143
13140
13147
13141
13144
13142
13137
13126
13132
13134
13132
13136
13129
13134
13133
13131
13123
13137
13137
13142
13147
13137
13134
13133
13137
13143
13141
13140
13138
13139
13142
13142
13134
13131
13132
13131
13135
13139
13142
13147
13139
13138
13138
