13142
13140
13138
13136
13139
13138
13143
13148
13152
13154
13151
13143
13147
13141
13140
13137
13132
13133
13128
13129
13136
13133
13135
13144
13139
13140
13140
13137
13136
13142
13136
13139
13136
13131
13136
13131
13130
13133
13128
13137
13138
13149
13151
13151
13150
13143
13141
13141
13146
13142
13143
13145
13150
13148
13144
13146
13143
13145
13142
13150
13151
13151
13153
13154
13146
13150
13147
13142
13144
13147
13145
13156
13150
13147
13144
13140
13135
13142
13140
13133
13141
13144
13144
13141
13146
13142
13143
13142
13134
13126
13130
13135
13141
13135
13134
13138
13136
13140
13134
13131
13132
13132
13131
13136
13125
13135
13139
13133
13138
13138
13139
13138
13136
13132
13136
13130
13126
13123
13123
13132
13137
13127
13133
13140
13134
13132
13134
13135
13135
13129
13138
13140
13148
13145
13138
13136
13128
13129
13131
13137
13135
13134
13133
13128
13125
13125
13124
13128
13122
13126
13122
13132
13128
13125
13130
13130
13128
13134
13133
13132
13133
13136
13135
13138
13143
13137
13138
13139
13132
13131
13134
13138
13137
13125
13129
13137
13146
13146
13149
13138
13145
13141
13135
13133
13120
13119
13124
13017
12920
12869
12832
12825
12821
12821
12832
12843
12863
12876
12879
12888
12901
12920
12933
12947
12961
12972
12978
12990
13000
13006
13012
13017
13032
13039
13042
13052
13055
13066
13066
13069
13074
13081
13076
13094
13092
13098
13099
13099
13106
13106
13105
13116
13105
13111
13121
13120
13116
13118
13118
13116
13117
13128
13120
13127
13133
13130
13129
13133
13131
13138
13137
13138
13135
13124
13122
13123
13127
13125
13128
13131
13135
13133
13134
13132
13122
13125
13121
13123
13133
13128
13131
13139
13133
13128
13137
13130
13129
13135
13134
13132
13136
13144
13143
13142
13140
13140
13129
13133
13135
13136
13134
13136
13142
13146
13138
13148
13142
13154
13147
13145
13144
13136
13131
13140
13130
13132
13134
13138
13136
13131
13134
13139
13138
13128
13123
13122
13135
13133
13136
13127
13129
13132
13136
13135
13132
13125
13135
13132
13132
13129
13125
13130
13134
13136
13142
13144
13142
13146
13143
13141
13139
13137
13134
13137
13122
13132
13129
13131
13134
13136
13136
13145
13143
13142
13149
13142
13138
13145
13140
13139
13134
13127
13134
13131
13129
13126
13136
13144
13145
13146
13146
13143
13145
13141
13142
13148
13149
13147
13140
13136
13144
13145
13143
13144
13135
13132
13131
13127
13121
13128
13140
13146
13143
13140
13150
13144
13146
13145
13136
13134
13139
13142
13149
13146
13143
13138
13141
13140
13141
13135
13136
13134
13140
13139
13140
13147
13142
13136
13137
13138
13139
13138
13138
13133
13132
13133
13134
13136
13138
13137
13139
13141
13127
13119
13128
13125
13131
13140
13132
13136
13137
13144
13151
13143
13143
13135
13139
13147
13144
13142
13133
13143
13145
13136
13131
13132
13130
13133
13133
13132
13134
13131
13142
13142
13138
13138
13138
13143
13151
13150
13143
13140
13139
13135
13147
13140
13146
13146
13145
13143
13140
13143
13137
13138
13141
13137
13142
13139
13139
13138
13137
13144
13149
13135
13134
13139
13143
13145
13138
13141
13149
13152
13154
13151
13144
13137
13005
12512
12205
12014
11910
11833
11702
11638
11651
11655
11708
11754
11817
11881
11965
12027
12093
12161
12170
12143
12156
12176
12212
12247
12299
12339
12399
12430
12474
12513
12555
12587
12632
12663
12691
12719
12748
12778
12800
12815
12842
12859
12881
12888
12900
12914
12924
12930
12952
12958
12970
12981
12989
13007
13016
13024
13036
13041
13047
13043
13044
13054
13060
13062
13059
13064
13075
13072
13080
13089
13088
13101
13097
13099
13099
13104
13101
13107
13102
13101
13108
13113
13119
13117
13108
13124
13121
13118
13124
13111
13104
13112
13097
13101
13103
13115
13119
13119
13127
13131
13131
13132
13127
13122
13125
13128
13129
13128
13128
13133
13124
13132
13129
13132
13132
13133
13128
13135
13131
13137
13139
13142
13142
13140
13138
13140
13136
13138
13149
13145
13149
13149
13143
13140
13146
13145
13145
13139
13146
13144
13150
13150
13140
13140
13138
13139
13142
13138
13137
13140
13140
13139
13129
13124
13132
13139
13142
13141
13132
13135
13139
13141
13140
13141
13141
13147
13146
13139
13142
13139
13137
13139
13138
13137
13132
13132
13134
13134
13134
13137
13137
13146
13146
13142
13141
13141
13144
13137
13136
13138
13136
13139
13134
13132
13131
13138
13134
13137
13126
13127
13136
13132
13143
13138
13138
13139
13139
13139
13147
13146
13145
13140
13138
13135
13132
13128
13135
13131
13129
13123
13130
13127
13129
13121
13129
13129
13135
13133
13134
13134
13141
13142
13143
13138
13133
13133
13138
13140
13136
13138
13139
13139
13139
13138
13145
13153
13143
13140
13148
13147
13139
13147
13136
13138
13134
13129
13118
13124
13130
13132
13126
13129
13129
13131
13134
13133
13141
13134
13133
13139
13141
13137
13141
13140
13134
13134
13133
13136
13129
13140
13144
13140
13129
13132
13127
13138
13137
13132
13142
13143
13135
13141
13131
13130
13131
13132
13140
13137
13131
13125
13132
13132
13138
13134
13143
13147
13153
13148
13146
13145
13139
13140
13136
13135
13138
13143
13143
13143
13138
13134
13136
13132
13136
13140
13132
13133
13127
13116
13129
13124
13127
13134
13134
13130
13131
13125
13123
13125
13133
13132
13135
13140
13139
13137
13132
13133
13139
13138
13139
13138
13138
13138
13142
13144
13142
13139
13135
13139
13133
13138
13134
13133
13136
13133
13133
13139
13137
13135
13137
13132
13134
13133
13132
13129
13131
13133
13130
13136
13135
13129
13126
13130
13136
13139
13142
13135
13135
13137
13134
13133
13135
13129
13124
13128
13134
13138
13142
13146
13137
13142
13151
13146
13147
13145
13137
13140
13129
13115
13128
13117
13123
13130
13131
13138
13133
13130
13134
13131
13138
13138
13142
13150
13146
13147
13140
13144
13148
13144
13140
13138
13135
13126
13127
13134
13133
13131
13134
13134
13131
13131
13127
13131
13127
13129
13128
13124
13115
13115
13124
13121
13117
13130
13131
13135
13138
13135
13129
13135
13143
13133
13136
13137
13137
13138
13139
13136
13143
13139
13134
13136
13139
13128
13134
13132
13133
13137
13131
13133
13129
13129
13135
13125
13129
13123
13122
13124
13122
13123
13133
13132
13136
13138
13142
13138
13139
13138
13136
13137
13134
13133
13131
13132
13125
13130
13136
13138
13142
13135
13140
13137
13131
13129
13130
13133
13136
13132
13135
13138
13130
13134
13128
13125
13133
13141
